TITLE = "0D Field KU"
VARIABLES = N ,"KU"
ZONE DATAPACKING = POINT
    0.200000000000E+001    0.224060554802E-036
    0.520000000000E+002    0.248032368984E-032
    0.102000000000E+003    0.975958823233E-026
    0.152000000000E+003    0.435731229248E-022
    0.202000000000E+003    0.128993781284E-019
    0.252000000000E+003    0.862859928072E-018
    0.302000000000E+003    0.224498340036E-016
    0.352000000000E+003    0.306587781237E-015
    0.402000000000E+003    0.263862919053E-014
    0.452000000000E+003    0.161126401844E-013
    0.502000000000E+003    0.756581116673E-013
    0.552000000000E+003    0.289098725492E-012
    0.602000000000E+003    0.936718648458E-012
    0.652000000000E+003    0.265381319440E-011
    0.702000000000E+003    0.672956389129E-011
    0.752000000000E+003    0.155540170366E-010
    0.802000000000E+003    0.332392015632E-010
    0.852000000000E+003    0.664315044965E-010
    0.902000000000E+003    0.125321845993E-009
    0.952000000000E+003    0.224849556971E-009
    0.100200000000E+004    0.386086410223E-009
    0.105200000000E+004    0.637779753975E-009
    0.110200000000E+004    0.101802850135E-008
    0.115200000000E+004    0.157606272741E-008
    0.120200000000E+004    0.237409620228E-008
    0.125200000000E+004    0.348922076190E-008
    0.130200000000E+004    0.501531192723E-008
    0.135200000000E+004    0.706491677845E-008
    0.140200000000E+004    0.977109772601E-008
    0.145200000000E+004    0.132892092650E-007
    0.150200000000E+004    0.177985887983E-007
    0.155200000000E+004    0.235041467988E-007
    0.160200000000E+004    0.306378451900E-007
    0.165200000000E+004    0.394600551760E-007
    0.170200000000E+004    0.502607871635E-007
    0.175200000000E+004    0.633607868912E-007
    0.180200000000E+004    0.791124939311E-007
    0.185200000000E+004    0.979008612313E-007
    0.190200000000E+004    0.120144037096E-006
    0.195200000000E+004    0.146293913697E-006
    0.200200000000E+004    0.176836548252E-006
    0.205200000000E+004    0.212292463467E-006
    0.210200000000E+004    0.253216832629E-006
    0.215200000000E+004    0.300199553320E-006
    0.220200000000E+004    0.353865213434E-006
    0.225200000000E+004    0.414872954138E-006
    0.230200000000E+004    0.483916236038E-006
    0.235200000000E+004    0.561722516721E-006
    0.240200000000E+004    0.649052849324E-006
    0.245200000000E+004    0.746701411941E-006
    0.250200000000E+004    0.855494975708E-006
    0.255200000000E+004    0.976292316223E-006
    0.260200000000E+004    0.110998357083E-005
    0.265200000000E+004    0.125748954429E-005
    0.270200000000E+004    0.141976096678E-005
    0.275200000000E+004    0.159777771032E-005
    0.280200000000E+004    0.179254797164E-005
    0.285200000000E+004    0.200510743034E-005
    0.290200000000E+004    0.223651838997E-005
    0.295200000000E+004    0.248786890599E-005
    0.300200000000E+004    0.276027190087E-005
    0.305200000000E+004    0.305486426524E-005
    0.310200000000E+004    0.337280594493E-005
    0.315200000000E+004    0.371527901663E-005
    0.320200000000E+004    0.408348675722E-005
    0.325200000000E+004    0.447865271415E-005
    0.330200000000E+004    0.490201978388E-005
    0.335200000000E+004    0.535484930287E-005
    0.340200000000E+004    0.583842015063E-005
    0.345200000000E+004    0.635402786129E-005
    0.350200000000E+004    0.690298374013E-005
    0.355200000000E+004    0.748661398356E-005
    0.360200000000E+004    0.810625880529E-005
    0.365200000000E+004    0.876327157385E-005
    0.370200000000E+004    0.945901796830E-005
    0.375200000000E+004    0.101948751576E-004
    0.380200000000E+004    0.109722310048E-004
    0.385200000000E+004    0.117924832916E-004
    0.390200000000E+004    0.126570389580E-004
    0.395200000000E+004    0.135673133515E-004
    0.400200000000E+004    0.145247294862E-004
    0.405200000000E+004    0.155307173139E-004
    0.410200000000E+004    0.165867130140E-004
    0.415200000000E+004    0.176941583094E-004
    0.420200000000E+004    0.188544998103E-004
    0.425200000000E+004    0.200691883850E-004
    0.430200000000E+004    0.213396785505E-004
    0.435200000000E+004    0.226674278760E-004
    0.440200000000E+004    0.240538963951E-004
    0.445200000000E+004    0.255005460269E-004
    0.450200000000E+004    0.270088400120E-004
    0.455200000000E+004    0.285802423696E-004
    0.460200000000E+004    0.302162173818E-004
    0.465200000000E+004    0.319182291060E-004
    0.470200000000E+004    0.336877409101E-004
    0.475200000000E+004    0.355262150231E-004
    0.480200000000E+004    0.374351120927E-004
    0.485200000000E+004    0.394158907486E-004
    0.490200000000E+004    0.414700071732E-004
    0.495200000000E+004    0.435989146871E-004
    0.500200000000E+004    0.458040633572E-004
    0.505200000000E+004    0.480868996297E-004
    0.510200000000E+004    0.504488659893E-004
    0.515200000000E+004    0.528914006343E-004
    0.520200000000E+004    0.554159371605E-004
    0.525200000000E+004    0.580239042466E-004
    0.530200000000E+004    0.607167253419E-004
    0.535200000000E+004    0.634958183607E-004
    0.540200000000E+004    0.663625953916E-004
    0.545200000000E+004    0.693184624286E-004
    0.550200000000E+004    0.723648191268E-004
    0.555200000000E+004    0.755030585768E-004
    0.560200000000E+004    0.787345670896E-004
    0.565200000000E+004    0.820607239832E-004
    0.570200000000E+004    0.854829013665E-004
    0.575200000000E+004    0.890024639234E-004
    0.580200000000E+004    0.926207687030E-004
    0.585200000000E+004    0.963391649263E-004
    0.590200000000E+004    0.100158993814E-003
    0.595200000000E+004    0.104081588435E-003
    0.600200000000E+004    0.108108273569E-003
    0.605200000000E+004    0.112240365570E-003
    0.610200000000E+004    0.116479172230E-003
    0.615200000000E+004    0.120825992633E-003
    0.620200000000E+004    0.125282117015E-003
    0.625200000000E+004    0.129848826619E-003
    0.630200000000E+004    0.134527393584E-003
    0.635200000000E+004    0.139319080841E-003
    0.640200000000E+004    0.144225142030E-003
    0.645200000000E+004    0.149246821426E-003
    0.650200000000E+004    0.154385353861E-003
    0.655200000000E+004    0.159641964634E-003
    0.660200000000E+004    0.165017869424E-003
    0.665200000000E+004    0.170514274190E-003
    0.670200000000E+004    0.176132375099E-003
    0.675200000000E+004    0.181873358451E-003
    0.680200000000E+004    0.187738400640E-003
    0.685200000000E+004    0.193728668113E-003
    0.690200000000E+004    0.199845317345E-003
    0.695200000000E+004    0.206089494788E-003
    0.700200000000E+004    0.212462336829E-003
    0.705200000000E+004    0.218964969726E-003
    0.710200000000E+004    0.225598509557E-003
    0.715200000000E+004    0.232364062177E-003
    0.720200000000E+004    0.239262723194E-003
    0.725200000000E+004    0.246295577958E-003
    0.730200000000E+004    0.253463701564E-003
    0.735200000000E+004    0.260768158838E-003
    0.740200000000E+004    0.268210004325E-003
    0.745200000000E+004    0.275790282260E-003
    0.750200000000E+004    0.283510026531E-003
    0.755200000000E+004    0.291370260657E-003
    0.760200000000E+004    0.299371997774E-003
    0.765200000000E+004    0.307516240637E-003
    0.770200000000E+004    0.315803981643E-003
    0.775200000000E+004    0.324236202841E-003
    0.780200000000E+004    0.332813875949E-003
    0.785200000000E+004    0.341537962340E-003
    0.790200000000E+004    0.350409413035E-003
    0.795200000000E+004    0.359429168688E-003
    0.800200000000E+004    0.368598159573E-003
    0.805200000000E+004    0.377917305603E-003
    0.810200000000E+004    0.387387516348E-003
    0.815200000000E+004    0.397009691069E-003
    0.820200000000E+004    0.406784718750E-003
    0.825200000000E+004    0.416713478108E-003
    0.830200000000E+004    0.426796837601E-003
    0.835200000000E+004    0.437035655420E-003
    0.840200000000E+004    0.447430779487E-003
    0.845200000000E+004    0.457983047465E-003
    0.850200000000E+004    0.468693286785E-003
    0.855200000000E+004    0.479562314684E-003
    0.860200000000E+004    0.490590938245E-003
    0.865200000000E+004    0.501779954430E-003
    0.870200000000E+004    0.513130150097E-003
    0.875200000000E+004    0.524642302008E-003
    0.880200000000E+004    0.536317176826E-003
    0.885200000000E+004    0.548155531129E-003
    0.890200000000E+004    0.560158111427E-003
    0.895200000000E+004    0.572325654202E-003
    0.900200000000E+004    0.584658885955E-003
    0.905200000000E+004    0.597158523248E-003
    0.910200000000E+004    0.609825272735E-003
    0.915200000000E+004    0.622659831182E-003
    0.920200000000E+004    0.635662885470E-003
    0.925200000000E+004    0.648835112605E-003
    0.930200000000E+004    0.662177179731E-003
    0.935200000000E+004    0.675689744166E-003
    0.940200000000E+004    0.689373453445E-003
    0.945200000000E+004    0.703228945368E-003
    0.950200000000E+004    0.717256848048E-003
    0.955200000000E+004    0.731457779934E-003
    0.960200000000E+004    0.745832349824E-003
    0.965200000000E+004    0.760381156879E-003
    0.970200000000E+004    0.775104790628E-003
    0.975200000000E+004    0.790003830995E-003
    0.980200000000E+004    0.805078848340E-003
    0.985200000000E+004    0.820330403506E-003
    0.990200000000E+004    0.835759047870E-003
    0.995200000000E+004    0.851365323381E-003
    0.100020000000E+005    0.867149762580E-003
    0.100520000000E+005    0.883112888619E-003
    0.101020000000E+005    0.899255215260E-003
    0.101520000000E+005    0.915577246899E-003
    0.102020000000E+005    0.932079478592E-003
    0.102520000000E+005    0.948762396104E-003
    0.103020000000E+005    0.965626475959E-003
    0.103520000000E+005    0.982672185483E-003
    0.104020000000E+005    0.999899982842E-003
    0.104520000000E+005    0.101731031705E-002
    0.105020000000E+005    0.103490362800E-002
    0.105520000000E+005    0.105268034645E-002
    0.106020000000E+005    0.107064089404E-002
    0.106520000000E+005    0.108878568336E-002
    0.107020000000E+005    0.110711511799E-002
    0.107520000000E+005    0.112562959252E-002
    0.108020000000E+005    0.114432949262E-002
    0.108520000000E+005    0.116321519507E-002
    0.109020000000E+005    0.118228706774E-002
    0.109520000000E+005    0.120154546965E-002
    0.110020000000E+005    0.122099075092E-002
    0.110520000000E+005    0.124062325284E-002
    0.111020000000E+005    0.126044330792E-002
    0.111520000000E+005    0.128045123990E-002
    0.112020000000E+005    0.130064736383E-002
    0.112520000000E+005    0.132103198609E-002
    0.113020000000E+005    0.134160540441E-002
    0.113520000000E+005    0.136236790788E-002
    0.114020000000E+005    0.138331977696E-002
    0.114520000000E+005    0.140446128351E-002
    0.115020000000E+005    0.142579269080E-002
    0.115520000000E+005    0.144731425355E-002
    0.116020000000E+005    0.146902621803E-002
    0.116520000000E+005    0.149092882204E-002
    0.117020000000E+005    0.151302229496E-002
    0.117520000000E+005    0.153530685778E-002
    0.118020000000E+005    0.155778272309E-002
    0.118520000000E+005    0.158045009509E-002
    0.119020000000E+005    0.160330916963E-002
    0.119520000000E+005    0.162636013423E-002
    0.120020000000E+005    0.164960316810E-002
    0.120520000000E+005    0.167303844227E-002
    0.121020000000E+005    0.169666611954E-002
    0.121520000000E+005    0.172048635452E-002
    0.122020000000E+005    0.174449929369E-002
    0.122520000000E+005    0.176870507535E-002
    0.123020000000E+005    0.179310382964E-002
    0.123520000000E+005    0.181769567860E-002
    0.124020000000E+005    0.184248073619E-002
    0.124520000000E+005    0.186745910833E-002
    0.125020000000E+005    0.189263089295E-002
    0.125520000000E+005    0.191799618001E-002
    0.126020000000E+005    0.194355505155E-002
    0.126520000000E+005    0.196930758164E-002
    0.127020000000E+005    0.199525383644E-002
    0.127520000000E+005    0.202139387418E-002
    0.128020000000E+005    0.204772774522E-002
    0.128520000000E+005    0.207425549206E-002
    0.129020000000E+005    0.210097714943E-002
    0.129520000000E+005    0.212789274429E-002
    0.130020000000E+005    0.215500229586E-002
    0.130520000000E+005    0.218230581564E-002
    0.131020000000E+005    0.220980330742E-002
    0.131520000000E+005    0.223749476725E-002
    0.132020000000E+005    0.226538018351E-002
    0.132520000000E+005    0.229345953695E-002
    0.133020000000E+005    0.232173280067E-002
    0.133520000000E+005    0.235019994022E-002
    0.134020000000E+005    0.237886091364E-002
    0.134520000000E+005    0.240771567142E-002
    0.135020000000E+005    0.243676415654E-002
    0.135520000000E+005    0.246600630447E-002
    0.136020000000E+005    0.249544204321E-002
    0.136520000000E+005    0.252507129326E-002
    0.137020000000E+005    0.255489396773E-002
    0.137520000000E+005    0.258490997230E-002
    0.138020000000E+005    0.261511920535E-002
    0.138520000000E+005    0.264552155790E-002
    0.139020000000E+005    0.267611691368E-002
    0.139520000000E+005    0.270690514911E-002
    0.140020000000E+005    0.273788613328E-002
    0.140520000000E+005    0.276905972804E-002
    0.141020000000E+005    0.280042578795E-002
    0.141520000000E+005    0.283198416040E-002
    0.142020000000E+005    0.286373468558E-002
    0.142520000000E+005    0.289567719655E-002
    0.143020000000E+005    0.292781151926E-002
    0.143520000000E+005    0.296013747252E-002
    0.144020000000E+005    0.299265486805E-002
    0.144520000000E+005    0.302536351048E-002
    0.145020000000E+005    0.305826319734E-002
    0.145520000000E+005    0.309135371912E-002
    0.146020000000E+005    0.312463485933E-002
    0.146520000000E+005    0.315810639449E-002
    0.147020000000E+005    0.319176809420E-002
    0.147520000000E+005    0.322561972112E-002
    0.148020000000E+005    0.325966103100E-002
    0.148520000000E+005    0.329389177264E-002
    0.149020000000E+005    0.332831168797E-002
    0.149520000000E+005    0.336292051202E-002
    0.150020000000E+005    0.339771797298E-002
    0.150520000000E+005    0.343270379226E-002
    0.151020000000E+005    0.346787768446E-002
    0.151520000000E+005    0.350323935747E-002
    0.152020000000E+005    0.353878851239E-002
    0.152520000000E+005    0.357452484362E-002
    0.153020000000E+005    0.361044803878E-002
    0.153520000000E+005    0.364655777879E-002
    0.154020000000E+005    0.368285373790E-002
    0.154520000000E+005    0.371933558369E-002
    0.155020000000E+005    0.375600297711E-002
    0.155520000000E+005    0.379285557254E-002
    0.156020000000E+005    0.382989301777E-002
    0.156520000000E+005    0.386711495402E-002
    0.157020000000E+005    0.390452101592E-002
    0.157520000000E+005    0.394211083155E-002
    0.158020000000E+005    0.397988402244E-002
    0.158520000000E+005    0.401784020360E-002
    0.159020000000E+005    0.405597898359E-002
    0.159520000000E+005    0.409429996450E-002
    0.160020000000E+005    0.413280274198E-002
    0.160520000000E+005    0.417148690529E-002
    0.161020000000E+005    0.421035203724E-002
    0.161520000000E+005    0.424939771424E-002
    0.162020000000E+005    0.428862350628E-002
    0.162520000000E+005    0.432802897697E-002
    0.163020000000E+005    0.436761368356E-002
    0.163520000000E+005    0.440737717700E-002
    0.164020000000E+005    0.444731900193E-002
    0.164520000000E+005    0.448743869671E-002
    0.165020000000E+005    0.452773579341E-002
    0.165520000000E+005    0.456820981781E-002
    0.166020000000E+005    0.460886028943E-002
    0.166520000000E+005    0.464968672150E-002
    0.167020000000E+005    0.469068862103E-002
    0.167520000000E+005    0.473186548880E-002
    0.168020000000E+005    0.477321681941E-002
    0.168520000000E+005    0.481474210131E-002
    0.169020000000E+005    0.485644081675E-002
    0.169520000000E+005    0.489831244185E-002
    0.170020000000E+005    0.494035644655E-002
    0.170520000000E+005    0.498257229462E-002
    0.171020000000E+005    0.502495944368E-002
    0.171520000000E+005    0.506751734524E-002
    0.172020000000E+005    0.511024544473E-002
    0.172520000000E+005    0.515314318147E-002
    0.173020000000E+005    0.519620998874E-002
    0.173520000000E+005    0.523944529376E-002
    0.174020000000E+005    0.528284851766E-002
    0.174520000000E+005    0.532641907551E-002
    0.175020000000E+005    0.537015637630E-002
    0.175520000000E+005    0.541405982298E-002
    0.176020000000E+005    0.545812881249E-002
    0.176520000000E+005    0.550236273576E-002
    0.177020000000E+005    0.554676097771E-002
    0.177520000000E+005    0.559132291730E-002
    0.178020000000E+005    0.563604792749E-002
    0.178520000000E+005    0.568093537524E-002
    0.179020000000E+005    0.572598462151E-002
    0.179520000000E+005    0.577119502128E-002
    0.180020000000E+005    0.581656592354E-002
    0.180520000000E+005    0.586209667135E-002
    0.181020000000E+005    0.590778660181E-002
    0.181520000000E+005    0.595363504613E-002
    0.182020000000E+005    0.599964132956E-002
    0.182520000000E+005    0.604580477142E-002
    0.183020000000E+005    0.609212468510E-002
    0.183520000000E+005    0.613860037802E-002
    0.184020000000E+005    0.618523115169E-002
    0.184520000000E+005    0.623201630169E-002
    0.185020000000E+005    0.627895511772E-002
    0.185520000000E+005    0.632604688359E-002
    0.186020000000E+005    0.637329087723E-002
    0.186520000000E+005    0.642068637068E-002
    0.187020000000E+005    0.646823263007E-002
    0.187520000000E+005    0.651592891566E-002
    0.188020000000E+005    0.656377448178E-002
    0.188520000000E+005    0.661176857689E-002
    0.189020000000E+005    0.665991044358E-002
    0.189520000000E+005    0.670819931860E-002
    0.190020000000E+005    0.675663443285E-002
    0.190520000000E+005    0.680521501139E-002
    0.191020000000E+005    0.685394027343E-002
    0.191520000000E+005    0.690280943233E-002
    0.192020000000E+005    0.695182169556E-002
    0.192520000000E+005    0.700097626479E-002
    0.193020000000E+005    0.705027233581E-002
    0.193520000000E+005    0.709970909864E-002
    0.194020000000E+005    0.714928573746E-002
    0.194520000000E+005    0.719900143070E-002
    0.195020000000E+005    0.724885535097E-002
    0.195520000000E+005    0.729884666510E-002
    0.196020000000E+005    0.734897453409E-002
    0.196520000000E+005    0.739923811316E-002
    0.197020000000E+005    0.744963655176E-002
    0.197520000000E+005    0.750016899358E-002
    0.198020000000E+005    0.755083457657E-002
    0.198520000000E+005    0.760163243295E-002
    0.199020000000E+005    0.765256168924E-002
    0.199520000000E+005    0.770362146626E-002
    0.200020000000E+005    0.775481087909E-002
    0.200520000000E+005    0.780612903712E-002
    0.201020000000E+005    0.785757504404E-002
    0.201520000000E+005    0.790914799791E-002
    0.202020000000E+005    0.796084699110E-002
    0.202520000000E+005    0.801267111040E-002
    0.203020000000E+005    0.806461943702E-002
    0.203520000000E+005    0.811669104657E-002
    0.204020000000E+005    0.816888500909E-002
    0.204520000000E+005    0.822120038907E-002
    0.205020000000E+005    0.827363624543E-002
    0.205520000000E+005    0.832619163159E-002
    0.206020000000E+005    0.837886559550E-002
    0.206520000000E+005    0.843165717966E-002
    0.207020000000E+005    0.848456542114E-002
    0.207520000000E+005    0.853758935165E-002
    0.208020000000E+005    0.859072799752E-002
    0.208520000000E+005    0.864398037974E-002
    0.209020000000E+005    0.869734551396E-002
    0.209520000000E+005    0.875082241057E-002
    0.210020000000E+005    0.880441007469E-002
    0.210520000000E+005    0.885810750624E-002
    0.211020000000E+005    0.891191369999E-002
    0.211520000000E+005    0.896582764561E-002
    0.212020000000E+005    0.901984832769E-002
    0.212520000000E+005    0.907397472576E-002
    0.213020000000E+005    0.912820581437E-002
    0.213520000000E+005    0.918254056307E-002
    0.214020000000E+005    0.923697793652E-002
    0.214520000000E+005    0.929151689449E-002
    0.215020000000E+005    0.934615639198E-002
    0.215520000000E+005    0.940089537923E-002
    0.216020000000E+005    0.945573280180E-002
    0.216520000000E+005    0.951066760062E-002
    0.217020000000E+005    0.956569871202E-002
    0.217520000000E+005    0.962082506779E-002
    0.218020000000E+005    0.967604559526E-002
    0.218520000000E+005    0.973135921732E-002
    0.219020000000E+005    0.978676485254E-002
    0.219520000000E+005    0.984226141523E-002
    0.220020000000E+005    0.989784781550E-002
    0.220520000000E+005    0.995352295937E-002
    0.221020000000E+005    0.100092857488E-001
    0.221520000000E+005    0.100651350817E-001
    0.222020000000E+005    0.101210698521E-001
    0.222520000000E+005    0.101770889502E-001
    0.223020000000E+005    0.102331912624E-001
    0.223520000000E+005    0.102893756715E-001
    0.224020000000E+005    0.103456410567E-001
    0.224520000000E+005    0.104019862936E-001
    0.225020000000E+005    0.104584102546E-001
    0.225520000000E+005    0.105149118087E-001
    0.226020000000E+005    0.105714898214E-001
    0.226520000000E+005    0.106281431555E-001
    0.227020000000E+005    0.106848706704E-001
    0.227520000000E+005    0.107416712226E-001
    0.228020000000E+005    0.107985436658E-001
    0.228520000000E+005    0.108554868509E-001
    0.229020000000E+005    0.109124996263E-001
    0.229520000000E+005    0.109695808376E-001
    0.230020000000E+005    0.110267293282E-001
    0.230520000000E+005    0.110839439389E-001
    0.231020000000E+005    0.111412235085E-001
    0.231520000000E+005    0.111985668733E-001
    0.232020000000E+005    0.112559728679E-001
    0.232520000000E+005    0.113134403249E-001
    0.233020000000E+005    0.113709680749E-001
    0.233520000000E+005    0.114285549472E-001
    0.234020000000E+005    0.114861997691E-001
    0.234520000000E+005    0.115439013668E-001
    0.235020000000E+005    0.116016585648E-001
    0.235520000000E+005    0.116594701867E-001
    0.236020000000E+005    0.117173350546E-001
    0.236520000000E+005    0.117752519898E-001
    0.237020000000E+005    0.118332198129E-001
    0.237520000000E+005    0.118912373435E-001
    0.238020000000E+005    0.119493034006E-001
    0.238520000000E+005    0.120074168027E-001
    0.239020000000E+005    0.120655763681E-001
    0.239520000000E+005    0.121237809144E-001
    0.240020000000E+005    0.121820292594E-001
    0.240520000000E+005    0.122403202207E-001
    0.241020000000E+005    0.122986526161E-001
    0.241520000000E+005    0.123570252636E-001
    0.242020000000E+005    0.124154369815E-001
    0.242520000000E+005    0.124738865887E-001
    0.243020000000E+005    0.125323729044E-001
    0.243520000000E+005    0.125908947490E-001
    0.244020000000E+005    0.126494509432E-001
    0.244520000000E+005    0.127080403090E-001
    0.245020000000E+005    0.127666616693E-001
    0.245520000000E+005    0.128253138486E-001
    0.246020000000E+005    0.128839956722E-001
    0.246520000000E+005    0.129427059673E-001
    0.247020000000E+005    0.130014435625E-001
    0.247520000000E+005    0.130602072881E-001
    0.248020000000E+005    0.131189959763E-001
    0.248520000000E+005    0.131778084611E-001
    0.249020000000E+005    0.132366435789E-001
    0.249520000000E+005    0.132955001678E-001
    0.250020000000E+005    0.133543770686E-001
    0.250520000000E+005    0.134132731245E-001
    0.251020000000E+005    0.134721871811E-001
    0.251520000000E+005    0.135311180867E-001
    0.252020000000E+005    0.135900646924E-001
    0.252520000000E+005    0.136490258523E-001
    0.253020000000E+005    0.137080004233E-001
    0.253520000000E+005    0.137669872655E-001
    0.254020000000E+005    0.138259852422E-001
    0.254520000000E+005    0.138849932202E-001
    0.255020000000E+005    0.139440100696E-001
    0.255520000000E+005    0.140030346641E-001
    0.256020000000E+005    0.140620658810E-001
    0.256520000000E+005    0.141211026014E-001
    0.257020000000E+005    0.141801437102E-001
    0.257520000000E+005    0.142391880965E-001
    0.258020000000E+005    0.142982346531E-001
    0.258520000000E+005    0.143572822772E-001
    0.259020000000E+005    0.144163298703E-001
    0.259520000000E+005    0.144753763382E-001
    0.260020000000E+005    0.145344205910E-001
    0.260520000000E+005    0.145934615435E-001
    0.261020000000E+005    0.146524981151E-001
    0.261520000000E+005    0.147115292299E-001
    0.262020000000E+005    0.147705538168E-001
    0.262520000000E+005    0.148295708096E-001
    0.263020000000E+005    0.148885791470E-001
    0.263520000000E+005    0.149475777728E-001
    0.264020000000E+005    0.150065656360E-001
    0.264520000000E+005    0.150655416908E-001
    0.265020000000E+005    0.151245048966E-001
    0.265520000000E+005    0.151834542181E-001
    0.266020000000E+005    0.152423886255E-001
    0.266520000000E+005    0.153013070946E-001
    0.267020000000E+005    0.153602086067E-001
    0.267520000000E+005    0.154190921485E-001
    0.268020000000E+005    0.154779567128E-001
    0.268520000000E+005    0.155368012979E-001
    0.269020000000E+005    0.155956249080E-001
    0.269520000000E+005    0.156544265531E-001
    0.270020000000E+005    0.157132052493E-001
    0.270520000000E+005    0.157719600185E-001
    0.271020000000E+005    0.158306898887E-001
    0.271520000000E+005    0.158893938940E-001
    0.272020000000E+005    0.159480710748E-001
    0.272520000000E+005    0.160067204774E-001
    0.273020000000E+005    0.160653411547E-001
    0.273520000000E+005    0.161239321657E-001
    0.274020000000E+005    0.161824925755E-001
    0.274520000000E+005    0.162410214560E-001
    0.275020000000E+005    0.162995178851E-001
    0.275520000000E+005    0.163579809475E-001
    0.276020000000E+005    0.164164097342E-001
    0.276520000000E+005    0.164748033428E-001
    0.277020000000E+005    0.165331608773E-001
    0.277520000000E+005    0.165914814485E-001
    0.278020000000E+005    0.166497641738E-001
    0.278520000000E+005    0.167080081769E-001
    0.279020000000E+005    0.167662125886E-001
    0.279520000000E+005    0.168243765462E-001
    0.280020000000E+005    0.168824991937E-001
    0.280520000000E+005    0.169405796820E-001
    0.281020000000E+005    0.169986171686E-001
    0.281520000000E+005    0.170566108178E-001
    0.282020000000E+005    0.171145598009E-001
    0.282520000000E+005    0.171724632958E-001
    0.283020000000E+005    0.172303204874E-001
    0.283520000000E+005    0.172881305673E-001
    0.284020000000E+005    0.173458927341E-001
    0.284520000000E+005    0.174036061932E-001
    0.285020000000E+005    0.174612701571E-001
    0.285520000000E+005    0.175188838450E-001
    0.286020000000E+005    0.175764464831E-001
    0.286520000000E+005    0.176339573045E-001
    0.287020000000E+005    0.176914155493E-001
    0.287520000000E+005    0.177488204644E-001
    0.288020000000E+005    0.178061713039E-001
    0.288520000000E+005    0.178634673286E-001
    0.289020000000E+005    0.179207078065E-001
    0.289520000000E+005    0.179778920123E-001
    0.290020000000E+005    0.180350192280E-001
    0.290520000000E+005    0.180920887423E-001
    0.291020000000E+005    0.181490998511E-001
    0.291520000000E+005    0.182060518569E-001
    0.292020000000E+005    0.182629440697E-001
    0.292520000000E+005    0.183197758060E-001
    0.293020000000E+005    0.183765463896E-001
    0.293520000000E+005    0.184332551511E-001
    0.294020000000E+005    0.184899014282E-001
    0.294520000000E+005    0.185464845655E-001
    0.295020000000E+005    0.186030039145E-001
    0.295520000000E+005    0.186594588338E-001
    0.296020000000E+005    0.187158486889E-001
    0.296520000000E+005    0.187721728522E-001
    0.297020000000E+005    0.188284307031E-001
    0.297520000000E+005    0.188846216280E-001
    0.298020000000E+005    0.189407450202E-001
    0.298520000000E+005    0.189968002799E-001
    0.299020000000E+005    0.190527868143E-001
    0.299520000000E+005    0.191087040374E-001
    0.300020000000E+005    0.191645513703E-001
    0.300520000000E+005    0.192203282408E-001
    0.301020000000E+005    0.192760340838E-001
    0.301520000000E+005    0.193316683410E-001
    0.302020000000E+005    0.193872304609E-001
    0.302520000000E+005    0.194427198990E-001
    0.303020000000E+005    0.194981361178E-001
    0.303520000000E+005    0.195534785864E-001
    0.304020000000E+005    0.196087467808E-001
    0.304520000000E+005    0.196639401840E-001
    0.305020000000E+005    0.197190582858E-001
    0.305520000000E+005    0.197741005826E-001
    0.306020000000E+005    0.198290665780E-001
    0.306520000000E+005    0.198839557821E-001
    0.307020000000E+005    0.199387677120E-001
    0.307520000000E+005    0.199935018915E-001
    0.308020000000E+005    0.200481578512E-001
    0.308520000000E+005    0.201027351286E-001
    0.309020000000E+005    0.201572332678E-001
    0.309520000000E+005    0.202116518196E-001
    0.310020000000E+005    0.202659903419E-001
    0.310520000000E+005    0.203202483989E-001
    0.311020000000E+005    0.203744255620E-001
    0.311520000000E+005    0.204285214090E-001
    0.312020000000E+005    0.204825355245E-001
    0.312520000000E+005    0.205364674998E-001
    0.313020000000E+005    0.205903169331E-001
    0.313520000000E+005    0.206440834289E-001
    0.314020000000E+005    0.206977665988E-001
    0.314520000000E+005    0.207513660608E-001
    0.315020000000E+005    0.208048814398E-001
    0.315520000000E+005    0.208583123671E-001
    0.316020000000E+005    0.209116584809E-001
    0.316520000000E+005    0.209649194259E-001
    0.317020000000E+005    0.210180948536E-001
    0.317520000000E+005    0.210711844219E-001
    0.318020000000E+005    0.211241877955E-001
    0.318520000000E+005    0.211771046457E-001
    0.319020000000E+005    0.212299346503E-001
    0.319520000000E+005    0.212826774940E-001
    0.320020000000E+005    0.213353328679E-001
    0.320520000000E+005    0.213879004695E-001
    0.321020000000E+005    0.214403800034E-001
    0.321520000000E+005    0.214927711802E-001
    0.322020000000E+005    0.215450737176E-001
    0.322520000000E+005    0.215972873396E-001
    0.323020000000E+005    0.216494117766E-001
    0.323520000000E+005    0.217014467661E-001
    0.324020000000E+005    0.217533920516E-001
    0.324520000000E+005    0.218052473835E-001
    0.325020000000E+005    0.218570125186E-001
    0.325520000000E+005    0.219086872203E-001
    0.326020000000E+005    0.219602712586E-001
    0.326520000000E+005    0.220117644098E-001
    0.327020000000E+005    0.220631664571E-001
    0.327520000000E+005    0.221144771898E-001
    0.328020000000E+005    0.221656964041E-001
    0.328520000000E+005    0.222168239026E-001
    0.329020000000E+005    0.222678594943E-001
    0.329520000000E+005    0.223188029948E-001
    0.330020000000E+005    0.223696542263E-001
    0.330520000000E+005    0.224204130173E-001
    0.331020000000E+005    0.224710792031E-001
    0.331520000000E+005    0.225216526252E-001
    0.332020000000E+005    0.225721331318E-001
    0.332520000000E+005    0.226225205775E-001
    0.333020000000E+005    0.226728148235E-001
    0.333520000000E+005    0.227230157374E-001
    0.334020000000E+005    0.227731231934E-001
    0.334520000000E+005    0.228231370720E-001
    0.335020000000E+005    0.228730572603E-001
    0.335520000000E+005    0.229228836519E-001
    0.336020000000E+005    0.229726161469E-001
    0.336520000000E+005    0.230222546520E-001
    0.337020000000E+005    0.230717990801E-001
    0.337520000000E+005    0.231212493507E-001
    0.338020000000E+005    0.231706053900E-001
    0.338520000000E+005    0.232198671303E-001
    0.339020000000E+005    0.232690345108E-001
    0.339520000000E+005    0.233181074767E-001
    0.340020000000E+005    0.233670859802E-001
    0.340520000000E+005    0.234159699795E-001
    0.341020000000E+005    0.234647594396E-001
    0.341520000000E+005    0.235134543319E-001
    0.342020000000E+005    0.235620546342E-001
    0.342520000000E+005    0.236105603308E-001
    0.343020000000E+005    0.236589714127E-001
    0.343520000000E+005    0.237072878769E-001
    0.344020000000E+005    0.237555097273E-001
    0.344520000000E+005    0.238036369742E-001
    0.345020000000E+005    0.238516696342E-001
    0.345520000000E+005    0.238996077304E-001
    0.346020000000E+005    0.239474512927E-001
    0.346520000000E+005    0.239952003570E-001
    0.347020000000E+005    0.240428549661E-001
    0.347520000000E+005    0.240904151689E-001
    0.348020000000E+005    0.241378810210E-001
    0.348520000000E+005    0.241852525844E-001
    0.349020000000E+005    0.242325299276E-001
    0.349520000000E+005    0.242797131256E-001
    0.350020000000E+005    0.243268022598E-001
    0.350520000000E+005    0.243737974181E-001
    0.351020000000E+005    0.244206986948E-001
    0.351520000000E+005    0.244675061908E-001
    0.352020000000E+005    0.245142200133E-001
    0.352520000000E+005    0.245608402761E-001
    0.353020000000E+005    0.246073670994E-001
    0.353520000000E+005    0.246538006098E-001
    0.354020000000E+005    0.247001409406E-001
    0.354520000000E+005    0.247463882312E-001
    0.355020000000E+005    0.247925426277E-001
    0.355520000000E+005    0.248386042826E-001
    0.356020000000E+005    0.248845733549E-001
    0.356520000000E+005    0.249304500097E-001
    0.357020000000E+005    0.249762344191E-001
    0.357520000000E+005    0.250219267611E-001
    0.358020000000E+005    0.250675272206E-001
    0.358520000000E+005    0.251130359885E-001
    0.359020000000E+005    0.251584532625E-001
    0.359520000000E+005    0.252037792464E-001
    0.360020000000E+005    0.252490141507E-001
    0.360520000000E+005    0.252941581921E-001
    0.361020000000E+005    0.253392115938E-001
    0.361520000000E+005    0.253841745853E-001
    0.362020000000E+005    0.254290474026E-001
    0.362520000000E+005    0.254738302881E-001
    0.363020000000E+005    0.255185234904E-001
    0.363520000000E+005    0.255631272648E-001
    0.364020000000E+005    0.256076418725E-001
    0.364520000000E+005    0.256520675815E-001
    0.365020000000E+005    0.256964046659E-001
    0.365520000000E+005    0.257406534061E-001
    0.366020000000E+005    0.257848140890E-001
    0.366520000000E+005    0.258288870077E-001
    0.367020000000E+005    0.258728724616E-001
    0.367520000000E+005    0.259167707565E-001
    0.368020000000E+005    0.259605822043E-001
    0.368520000000E+005    0.260043071235E-001
    0.369020000000E+005    0.260479458384E-001
    0.369520000000E+005    0.260914986798E-001
    0.370020000000E+005    0.261349659849E-001
    0.370520000000E+005    0.261783480967E-001
    0.371020000000E+005    0.262216453647E-001
    0.371520000000E+005    0.262648581447E-001
    0.372020000000E+005    0.263079867982E-001
    0.372520000000E+005    0.263510316933E-001
    0.373020000000E+005    0.263939932041E-001
    0.373520000000E+005    0.264368717108E-001
    0.374020000000E+005    0.264796675995E-001
    0.374520000000E+005    0.265223812628E-001
    0.375020000000E+005    0.265650130990E-001
    0.375520000000E+005    0.266075635127E-001
    0.376020000000E+005    0.266500329143E-001
    0.376520000000E+005    0.266924217203E-001
    0.377020000000E+005    0.267347303532E-001
    0.377520000000E+005    0.267769592415E-001
    0.378020000000E+005    0.268191088194E-001
    0.378520000000E+005    0.268611795272E-001
    0.379020000000E+005    0.269031718111E-001
    0.379520000000E+005    0.269450861230E-001
    0.380020000000E+005    0.269869229208E-001
    0.380520000000E+005    0.270286826680E-001
    0.381020000000E+005    0.270703658341E-001
    0.381520000000E+005    0.271119728940E-001
    0.382020000000E+005    0.271535043288E-001
    0.382520000000E+005    0.271949606248E-001
    0.383020000000E+005    0.272363422742E-001
    0.383520000000E+005    0.272776497747E-001
    0.384020000000E+005    0.273188836298E-001
    0.384520000000E+005    0.273600443482E-001
    0.385020000000E+005    0.274011324444E-001
    0.385520000000E+005    0.274421484383E-001
    0.386020000000E+005    0.274830928551E-001
    0.386520000000E+005    0.275239662255E-001
    0.387020000000E+005    0.275647690857E-001
    0.387520000000E+005    0.276055019770E-001
    0.388020000000E+005    0.276461654461E-001
    0.388520000000E+005    0.276867600448E-001
    0.389020000000E+005    0.277272863305E-001
    0.389520000000E+005    0.277677448651E-001
    0.390020000000E+005    0.278081362163E-001
    0.390520000000E+005    0.278484609564E-001
    0.391020000000E+005    0.278887196628E-001
    0.391520000000E+005    0.279289129181E-001
    0.392020000000E+005    0.279690413095E-001
    0.392520000000E+005    0.280091054294E-001
    0.393020000000E+005    0.280491058747E-001
    0.393520000000E+005    0.280890432475E-001
    0.394020000000E+005    0.281289181541E-001
    0.394520000000E+005    0.281687312060E-001
    0.395020000000E+005    0.282084830189E-001
    0.395520000000E+005    0.282481742134E-001
    0.396020000000E+005    0.282878054143E-001
    0.396520000000E+005    0.283273772511E-001
    0.397020000000E+005    0.283668903575E-001
    0.397520000000E+005    0.284063453719E-001
    0.398020000000E+005    0.284457429365E-001
    0.398520000000E+005    0.284850836981E-001
    0.399020000000E+005    0.285243683074E-001
    0.399520000000E+005    0.285635974195E-001
    0.400020000000E+005    0.286027716932E-001
    0.400520000000E+005    0.286418917916E-001
    0.401020000000E+005    0.286809583813E-001
    0.401520000000E+005    0.287199721333E-001
    0.402020000000E+005    0.287589337219E-001
    0.402520000000E+005    0.287978438254E-001
    0.403020000000E+005    0.288367031255E-001
    0.403520000000E+005    0.288755123077E-001
    0.404020000000E+005    0.289142720609E-001
    0.404520000000E+005    0.289529830775E-001
    0.405020000000E+005    0.289916460532E-001
    0.405520000000E+005    0.290302616870E-001
    0.406020000000E+005    0.290688306812E-001
    0.406520000000E+005    0.291073537411E-001
    0.407020000000E+005    0.291458315752E-001
    0.407520000000E+005    0.291842648949E-001
    0.408020000000E+005    0.292226544147E-001
    0.408520000000E+005    0.292610008517E-001
    0.409020000000E+005    0.292993049259E-001
    0.409520000000E+005    0.293375673600E-001
    0.410020000000E+005    0.293757888793E-001
    0.410520000000E+005    0.294139702115E-001
    0.411020000000E+005    0.294521120869E-001
    0.411520000000E+005    0.294902152382E-001
    0.412020000000E+005    0.295282804001E-001
    0.412520000000E+005    0.295663083098E-001
    0.413020000000E+005    0.296042997065E-001
    0.413520000000E+005    0.296422553314E-001
    0.414020000000E+005    0.296801759277E-001
    0.414520000000E+005    0.297180622405E-001
    0.415020000000E+005    0.297559150165E-001
    0.415520000000E+005    0.297937350042E-001
    0.416020000000E+005    0.298315229538E-001
    0.416520000000E+005    0.298692796167E-001
    0.417020000000E+005    0.299070057462E-001
    0.417520000000E+005    0.299447020964E-001
    0.418020000000E+005    0.299823694230E-001
    0.418520000000E+005    0.300200084828E-001
    0.419020000000E+005    0.300576200335E-001
    0.419520000000E+005    0.300952048340E-001
    0.420020000000E+005    0.301327636438E-001
    0.420520000000E+005    0.301702972235E-001
    0.421020000000E+005    0.302078063342E-001
    0.421520000000E+005    0.302452917375E-001
    0.422020000000E+005    0.302827541958E-001
    0.422520000000E+005    0.303201944716E-001
    0.423020000000E+005    0.303576133280E-001
    0.423520000000E+005    0.303950115281E-001
    0.424020000000E+005    0.304323898353E-001
    0.424520000000E+005    0.304697490130E-001
    0.425020000000E+005    0.305070898243E-001
    0.425520000000E+005    0.305444130325E-001
    0.426020000000E+005    0.305817194005E-001
    0.426520000000E+005    0.306190096907E-001
    0.427020000000E+005    0.306562846653E-001
    0.427520000000E+005    0.306935450859E-001
    0.428020000000E+005    0.307307917133E-001
    0.428520000000E+005    0.307680253078E-001
    0.429020000000E+005    0.308052466287E-001
    0.429520000000E+005    0.308424564344E-001
    0.430020000000E+005    0.308796554824E-001
    0.430520000000E+005    0.309168445289E-001
    0.431020000000E+005    0.309540243290E-001
    0.431520000000E+005    0.309911956366E-001
    0.432020000000E+005    0.310283592039E-001
    0.432520000000E+005    0.310655157817E-001
    0.433020000000E+005    0.311026661195E-001
    0.433520000000E+005    0.311398109647E-001
    0.434020000000E+005    0.311769510631E-001
    0.434520000000E+005    0.312140871585E-001
    0.435020000000E+005    0.312512199929E-001
    0.435520000000E+005    0.312883503061E-001
    0.436020000000E+005    0.313254788358E-001
    0.436520000000E+005    0.313626063172E-001
    0.437020000000E+005    0.313997334835E-001
    0.437520000000E+005    0.314368610653E-001
    0.438020000000E+005    0.314739897904E-001
    0.438520000000E+005    0.315111203844E-001
    0.439020000000E+005    0.315482535697E-001
    0.439520000000E+005    0.315853900663E-001
    0.440020000000E+005    0.316225305911E-001
    0.440520000000E+005    0.316596758578E-001
    0.441020000000E+005    0.316968265774E-001
    0.441520000000E+005    0.317339834573E-001
    0.442020000000E+005    0.317711472019E-001
    0.442520000000E+005    0.318083185122E-001
    0.443020000000E+005    0.318454980855E-001
    0.443520000000E+005    0.318826866158E-001
    0.444020000000E+005    0.319198847935E-001
    0.444520000000E+005    0.319570933050E-001
    0.445020000000E+005    0.319943128331E-001
    0.445520000000E+005    0.320315440568E-001
    0.446020000000E+005    0.320687876508E-001
    0.446520000000E+005    0.321060442861E-001
    0.447020000000E+005    0.321433146293E-001
    0.447520000000E+005    0.321805993428E-001
    0.448020000000E+005    0.322178990847E-001
    0.448520000000E+005    0.322552145090E-001
    0.449020000000E+005    0.322925462648E-001
    0.449520000000E+005    0.323298949968E-001
    0.450020000000E+005    0.323672613453E-001
    0.450520000000E+005    0.324046459455E-001
    0.451020000000E+005    0.324420494281E-001
    0.451520000000E+005    0.324794724189E-001
    0.452020000000E+005    0.325169155388E-001
    0.452520000000E+005    0.325543794035E-001
    0.453020000000E+005    0.325918646238E-001
    0.453520000000E+005    0.326293718054E-001
    0.454020000000E+005    0.326669015487E-001
    0.454520000000E+005    0.327044544487E-001
    0.455020000000E+005    0.327420310952E-001
    0.455520000000E+005    0.327796320726E-001
    0.456020000000E+005    0.328172579598E-001
    0.456520000000E+005    0.328549093299E-001
    0.457020000000E+005    0.328925867508E-001
    0.457520000000E+005    0.329302907844E-001
    0.458020000000E+005    0.329680219869E-001
    0.458520000000E+005    0.330057809090E-001
    0.459020000000E+005    0.330435680951E-001
    0.459520000000E+005    0.330813840839E-001
    0.460020000000E+005    0.331192294083E-001
    0.460520000000E+005    0.331571045948E-001
    0.461020000000E+005    0.331950101641E-001
    0.461520000000E+005    0.332329466307E-001
    0.462020000000E+005    0.332709145028E-001
    0.462520000000E+005    0.333089142825E-001
    0.463020000000E+005    0.333469464656E-001
    0.463520000000E+005    0.333850115415E-001
    0.464020000000E+005    0.334231099932E-001
    0.464520000000E+005    0.334612422974E-001
    0.465020000000E+005    0.334994089241E-001
    0.465520000000E+005    0.335376103371E-001
    0.466020000000E+005    0.335758469935E-001
    0.466520000000E+005    0.336141193436E-001
    0.467020000000E+005    0.336524278314E-001
    0.467520000000E+005    0.336907728941E-001
    0.468020000000E+005    0.337291549621E-001
    0.468520000000E+005    0.337675744591E-001
    0.469020000000E+005    0.338060318022E-001
    0.469520000000E+005    0.338445274014E-001
    0.470020000000E+005    0.338830616602E-001
    0.470520000000E+005    0.339216349748E-001
    0.471020000000E+005    0.339602477350E-001
    0.471520000000E+005    0.339989003233E-001
    0.472020000000E+005    0.340375931155E-001
    0.472520000000E+005    0.340763264802E-001
    0.473020000000E+005    0.341151007791E-001
    0.473520000000E+005    0.341539163671E-001
    0.474020000000E+005    0.341927735917E-001
    0.474520000000E+005    0.342316727937E-001
    0.475020000000E+005    0.342706143065E-001
    0.475520000000E+005    0.343095984566E-001
    0.476020000000E+005    0.343486255635E-001
    0.476520000000E+005    0.343876959393E-001
    0.477020000000E+005    0.344268098894E-001
    0.477520000000E+005    0.344659677115E-001
    0.478020000000E+005    0.345051696967E-001
    0.478520000000E+005    0.345444161287E-001
    0.479020000000E+005    0.345837072839E-001
    0.479520000000E+005    0.346230434319E-001
    0.480020000000E+005    0.346624248349E-001
    0.480520000000E+005    0.347018517479E-001
    0.481020000000E+005    0.347413244189E-001
    0.481520000000E+005    0.347808430885E-001
    0.482020000000E+005    0.348204079905E-001
    0.482520000000E+005    0.348600193511E-001
    0.483020000000E+005    0.348996773897E-001
    0.483520000000E+005    0.349393823184E-001
    0.484020000000E+005    0.349791343421E-001
    0.484520000000E+005    0.350189336587E-001
    0.485020000000E+005    0.350587804587E-001
    0.485520000000E+005    0.350986749259E-001
    0.486020000000E+005    0.351386172367E-001
    0.486520000000E+005    0.351786075605E-001
    0.487020000000E+005    0.352186460595E-001
    0.487520000000E+005    0.352587328890E-001
    0.488020000000E+005    0.352988681972E-001
    0.488520000000E+005    0.353390521253E-001
    0.489020000000E+005    0.353792848073E-001
    0.489520000000E+005    0.354195663705E-001
    0.490020000000E+005    0.354598969350E-001
    0.490520000000E+005    0.355002766141E-001
    0.491020000000E+005    0.355407055140E-001
    0.491520000000E+005    0.355811837342E-001
    0.492020000000E+005    0.356217113673E-001
    0.492520000000E+005    0.356622884988E-001
    0.493020000000E+005    0.357029152078E-001
    0.493520000000E+005    0.357435915661E-001
    0.494020000000E+005    0.357843176393E-001
    0.494520000000E+005    0.358250934858E-001
    0.495020000000E+005    0.358659191575E-001
    0.495520000000E+005    0.359067946997E-001
    0.496020000000E+005    0.359477201508E-001
    0.496520000000E+005    0.359886955429E-001
    0.497020000000E+005    0.360297209015E-001
    0.497520000000E+005    0.360707962453E-001
    0.498020000000E+005    0.361119215868E-001
    0.498520000000E+005    0.361530969319E-001
    0.499020000000E+005    0.361943222801E-001
    0.499520000000E+005    0.362355976245E-001
    0.500020000000E+005    0.362769229521E-001
    0.500520000000E+005    0.363182982432E-001
    0.501020000000E+005    0.363597234723E-001
    0.501520000000E+005    0.364011986072E-001
    0.502020000000E+005    0.364427236100E-001
    0.502520000000E+005    0.364842984363E-001
    0.503020000000E+005    0.365259230359E-001
    0.503520000000E+005    0.365675973525E-001
    0.504020000000E+005    0.366093213237E-001
    0.504520000000E+005    0.366510948813E-001
    0.505020000000E+005    0.366929179512E-001
    0.505520000000E+005    0.367347904533E-001
    0.506020000000E+005    0.367767123018E-001
    0.506520000000E+005    0.368186834054E-001
    0.507020000000E+005    0.368607036667E-001
    0.507520000000E+005    0.369027729829E-001
    0.508020000000E+005    0.369448912456E-001
    0.508520000000E+005    0.369870583408E-001
    0.509020000000E+005    0.370292741490E-001
    0.509520000000E+005    0.370715385454E-001
    0.510020000000E+005    0.371138513997E-001
    0.510520000000E+005    0.371562125762E-001
    0.511020000000E+005    0.371986219341E-001
    0.511520000000E+005    0.372410793272E-001
    0.512020000000E+005    0.372835846045E-001
    0.512520000000E+005    0.373261376093E-001
    0.513020000000E+005    0.373687381805E-001
    0.513520000000E+005    0.374113861515E-001
    0.514020000000E+005    0.374540813509E-001
    0.514520000000E+005    0.374968236026E-001
    0.515020000000E+005    0.375396127255E-001
    0.515520000000E+005    0.375824485337E-001
    0.516020000000E+005    0.376253308366E-001
    0.516520000000E+005    0.376682594392E-001
    0.517020000000E+005    0.377112341415E-001
    0.517520000000E+005    0.377542547392E-001
    0.518020000000E+005    0.377973210235E-001
    0.518520000000E+005    0.378404327811E-001
    0.519020000000E+005    0.378835897945E-001
    0.519520000000E+005    0.379267918416E-001
    0.520020000000E+005    0.379700386963E-001
    0.520520000000E+005    0.380133301282E-001
    0.521020000000E+005    0.380566659029E-001
    0.521520000000E+005    0.381000457817E-001
    0.522020000000E+005    0.381434695221E-001
    0.522520000000E+005    0.381869368775E-001
    0.523020000000E+005    0.382304475975E-001
    0.523520000000E+005    0.382740014278E-001
    0.524020000000E+005    0.383175981103E-001
    0.524520000000E+005    0.383612373833E-001
    0.525020000000E+005    0.384049189813E-001
    0.525520000000E+005    0.384486426353E-001
    0.526020000000E+005    0.384924080727E-001
    0.526520000000E+005    0.385362150174E-001
    0.527020000000E+005    0.385800631899E-001
    0.527520000000E+005    0.386239523074E-001
    0.528020000000E+005    0.386678820836E-001
    0.528520000000E+005    0.387118522291E-001
    0.529020000000E+005    0.387558624513E-001
    0.529520000000E+005    0.387999124545E-001
    0.530020000000E+005    0.388440019397E-001
    0.530520000000E+005    0.388881306051E-001
    0.531020000000E+005    0.389322981458E-001
    0.531520000000E+005    0.389765042540E-001
    0.532020000000E+005    0.390207486193E-001
    0.532520000000E+005    0.390650309281E-001
    0.533020000000E+005    0.391093508644E-001
    0.533520000000E+005    0.391537081092E-001
    0.534020000000E+005    0.391981023411E-001
    0.534520000000E+005    0.392425332361E-001
    0.535020000000E+005    0.392870004675E-001
    0.535520000000E+005    0.393315037065E-001
    0.536020000000E+005    0.393760426215E-001
    0.536520000000E+005    0.394206168787E-001
    0.537020000000E+005    0.394652261420E-001
    0.537520000000E+005    0.395098700730E-001
    0.538020000000E+005    0.395545483313E-001
    0.538520000000E+005    0.395992605740E-001
    0.539020000000E+005    0.396440064564E-001
    0.539520000000E+005    0.396887856316E-001
    0.540020000000E+005    0.397335977509E-001
    0.540520000000E+005    0.397784424633E-001
    0.541020000000E+005    0.398233194162E-001
    0.541520000000E+005    0.398682282551E-001
    0.542020000000E+005    0.399131686237E-001
    0.542520000000E+005    0.399581401640E-001
    0.543020000000E+005    0.400031425161E-001
    0.543520000000E+005    0.400481753187E-001
    0.544020000000E+005    0.400932382087E-001
    0.544520000000E+005    0.401383308217E-001
    0.545020000000E+005    0.401834527915E-001
    0.545520000000E+005    0.402286037506E-001
    0.546020000000E+005    0.402737833302E-001
    0.546520000000E+005    0.403189911598E-001
    0.547020000000E+005    0.403642268679E-001
    0.547520000000E+005    0.404094900815E-001
    0.548020000000E+005    0.404547804265E-001
    0.548520000000E+005    0.405000975276E-001
    0.549020000000E+005    0.405454410082E-001
    0.549520000000E+005    0.405908104908E-001
    0.550020000000E+005    0.406362055967E-001
    0.550520000000E+005    0.406816259462E-001
    0.551020000000E+005    0.407270711586E-001
    0.551520000000E+005    0.407725408523E-001
    0.552020000000E+005    0.408180346448E-001
    0.552520000000E+005    0.408635521526E-001
    0.553020000000E+005    0.409090929916E-001
    0.553520000000E+005    0.409546567767E-001
    0.554020000000E+005    0.410002431221E-001
    0.554520000000E+005    0.410458516415E-001
    0.555020000000E+005    0.410914819475E-001
    0.555520000000E+005    0.411371336525E-001
    0.556020000000E+005    0.411828063679E-001
    0.556520000000E+005    0.412284997049E-001
    0.557020000000E+005    0.412742132738E-001
    0.557520000000E+005    0.413199466847E-001
    0.558020000000E+005    0.413656995471E-001
    0.558520000000E+005    0.414114714700E-001
    0.559020000000E+005    0.414572620621E-001
    0.559520000000E+005    0.415030709316E-001
    0.560020000000E+005    0.415488976864E-001
    0.560520000000E+005    0.415947419343E-001
    0.561020000000E+005    0.416406032826E-001
    0.561520000000E+005    0.416864813382E-001
    0.562020000000E+005    0.417323757082E-001
    0.562520000000E+005    0.417782859991E-001
    0.563020000000E+005    0.418242118174E-001
    0.563520000000E+005    0.418701527696E-001
    0.564020000000E+005    0.419161084617E-001
    0.564520000000E+005    0.419620785001E-001
    0.565020000000E+005    0.420080624907E-001
    0.565520000000E+005    0.420540600397E-001
    0.566020000000E+005    0.421000707531E-001
    0.566520000000E+005    0.421460942369E-001
    0.567020000000E+005    0.421921300973E-001
    0.567520000000E+005    0.422381779404E-001
    0.568020000000E+005    0.422842373724E-001
    0.568520000000E+005    0.423303079997E-001
    0.569020000000E+005    0.423763894287E-001
    0.569520000000E+005    0.424224812662E-001
    0.570020000000E+005    0.424685831189E-001
    0.570520000000E+005    0.425146945937E-001
    0.571020000000E+005    0.425608152979E-001
    0.571520000000E+005    0.426069448390E-001
    0.572020000000E+005    0.426530828246E-001
    0.572520000000E+005    0.426992288626E-001
    0.573020000000E+005    0.427453825613E-001
    0.573520000000E+005    0.427915435294E-001
    0.574020000000E+005    0.428377113755E-001
    0.574520000000E+005    0.428838857090E-001
    0.575020000000E+005    0.429300661395E-001
    0.575520000000E+005    0.429762522768E-001
    0.576020000000E+005    0.430224437313E-001
    0.576520000000E+005    0.430686401138E-001
    0.577020000000E+005    0.431148410354E-001
    0.577520000000E+005    0.431610461077E-001
    0.578020000000E+005    0.432072549429E-001
    0.578520000000E+005    0.432534671532E-001
    0.579020000000E+005    0.432996823519E-001
    0.579520000000E+005    0.433459001523E-001
    0.580020000000E+005    0.433921201684E-001
    0.580520000000E+005    0.434383420147E-001
    0.581020000000E+005    0.434845653063E-001
    0.581520000000E+005    0.435307896587E-001
    0.582020000000E+005    0.435770146880E-001
    0.582520000000E+005    0.436232400108E-001
    0.583020000000E+005    0.436694652445E-001
    0.583520000000E+005    0.437156900068E-001
    0.584020000000E+005    0.437619139162E-001
    0.584520000000E+005    0.438081365917E-001
    0.585020000000E+005    0.438543576529E-001
    0.585520000000E+005    0.439005767200E-001
    0.586020000000E+005    0.439467934139E-001
    0.586520000000E+005    0.439930073563E-001
    0.587020000000E+005    0.440392181691E-001
    0.587520000000E+005    0.440854254752E-001
    0.588020000000E+005    0.441316288982E-001
    0.588520000000E+005    0.441778280621E-001
    0.589020000000E+005    0.442240225917E-001
    0.589520000000E+005    0.442702121127E-001
    0.590020000000E+005    0.443163962511E-001
    0.590520000000E+005    0.443625746338E-001
    0.591020000000E+005    0.444087468885E-001
    0.591520000000E+005    0.444549126434E-001
    0.592020000000E+005    0.445010715276E-001
    0.592520000000E+005    0.445472231708E-001
    0.593020000000E+005    0.445933672033E-001
    0.593520000000E+005    0.446395032566E-001
    0.594020000000E+005    0.446856309623E-001
    0.594520000000E+005    0.447317499532E-001
    0.595020000000E+005    0.447778598628E-001
    0.595520000000E+005    0.448239603250E-001
    0.596020000000E+005    0.448700509749E-001
    0.596520000000E+005    0.449161314481E-001
    0.597020000000E+005    0.449622013810E-001
    0.597520000000E+005    0.450082604108E-001
    0.598020000000E+005    0.450543081754E-001
    0.598520000000E+005    0.451003443135E-001
    0.599020000000E+005    0.451463684647E-001
    0.599520000000E+005    0.451923802691E-001
    0.600020000000E+005    0.452383793678E-001
    0.600520000000E+005    0.452843654026E-001
    0.601020000000E+005    0.453303380162E-001
    0.601520000000E+005    0.453762968519E-001
    0.602020000000E+005    0.454222415539E-001
    0.602520000000E+005    0.454681717671E-001
    0.603020000000E+005    0.455140871373E-001
    0.603520000000E+005    0.455599873110E-001
    0.604020000000E+005    0.456058719357E-001
    0.604520000000E+005    0.456517406594E-001
    0.605020000000E+005    0.456975931311E-001
    0.605520000000E+005    0.457434290005E-001
    0.606020000000E+005    0.457892479182E-001
    0.606520000000E+005    0.458350495356E-001
    0.607020000000E+005    0.458808335047E-001
    0.607520000000E+005    0.459265994786E-001
    0.608020000000E+005    0.459723471110E-001
    0.608520000000E+005    0.460180760565E-001
    0.609020000000E+005    0.460637859705E-001
    0.609520000000E+005    0.461094765092E-001
    0.610020000000E+005    0.461551473296E-001
    0.610520000000E+005    0.462007980896E-001
    0.611020000000E+005    0.462464284478E-001
    0.611520000000E+005    0.462920380635E-001
    0.612020000000E+005    0.463376265972E-001
    0.612520000000E+005    0.463831937099E-001
    0.613020000000E+005    0.464287390636E-001
    0.613520000000E+005    0.464742623208E-001
    0.614020000000E+005    0.465197631453E-001
    0.614520000000E+005    0.465652412013E-001
    0.615020000000E+005    0.466106961540E-001
    0.615520000000E+005    0.466561276695E-001
    0.616020000000E+005    0.467015354145E-001
    0.616520000000E+005    0.467469190568E-001
    0.617020000000E+005    0.467922782648E-001
    0.617520000000E+005    0.468376127078E-001
    0.618020000000E+005    0.468829220559E-001
    0.618520000000E+005    0.469282059801E-001
    0.619020000000E+005    0.469734641522E-001
    0.619520000000E+005    0.470186962448E-001
    0.620020000000E+005    0.470639019313E-001
    0.620520000000E+005    0.471090808859E-001
    0.621020000000E+005    0.471542327839E-001
    0.621520000000E+005    0.471993573010E-001
    0.622020000000E+005    0.472444541141E-001
    0.622520000000E+005    0.472895229008E-001
    0.623020000000E+005    0.473345633394E-001
    0.623520000000E+005    0.473795751093E-001
    0.624020000000E+005    0.474245578905E-001
    0.624520000000E+005    0.474695113640E-001
    0.625020000000E+005    0.475144352116E-001
    0.625520000000E+005    0.475593291158E-001
    0.626020000000E+005    0.476041927601E-001
    0.626520000000E+005    0.476490258289E-001
    0.627020000000E+005    0.476938280072E-001
    0.627520000000E+005    0.477385989811E-001
    0.628020000000E+005    0.477833384374E-001
    0.628520000000E+005    0.478280460637E-001
    0.629020000000E+005    0.478727215487E-001
    0.629520000000E+005    0.479173645816E-001
    0.630020000000E+005    0.479619748527E-001
    0.630520000000E+005    0.480065520532E-001
    0.631020000000E+005    0.480510958749E-001
    0.631520000000E+005    0.480956060107E-001
    0.632020000000E+005    0.481400821543E-001
    0.632520000000E+005    0.481845240001E-001
    0.633020000000E+005    0.482289312437E-001
    0.633520000000E+005    0.482733035812E-001
    0.634020000000E+005    0.483176407097E-001
    0.634520000000E+005    0.483619423274E-001
    0.635020000000E+005    0.484062081330E-001
    0.635520000000E+005    0.484504378264E-001
    0.636020000000E+005    0.484946311082E-001
    0.636520000000E+005    0.485387876799E-001
    0.637020000000E+005    0.485829072439E-001
    0.637520000000E+005    0.486269895036E-001
    0.638020000000E+005    0.486710341630E-001
    0.638520000000E+005    0.487150409274E-001
    0.639020000000E+005    0.487590095026E-001
    0.639520000000E+005    0.488029395956E-001
    0.640020000000E+005    0.488468309141E-001
    0.640520000000E+005    0.488906831669E-001
    0.641020000000E+005    0.489344960635E-001
    0.641520000000E+005    0.489782693144E-001
    0.642020000000E+005    0.490220026312E-001
    0.642520000000E+005    0.490656957261E-001
    0.643020000000E+005    0.491093483125E-001
    0.643520000000E+005    0.491529601045E-001
    0.644020000000E+005    0.491965308173E-001
    0.644520000000E+005    0.492400601670E-001
    0.645020000000E+005    0.492835478706E-001
    0.645520000000E+005    0.493269936460E-001
    0.646020000000E+005    0.493703972122E-001
    0.646520000000E+005    0.494137582891E-001
    0.647020000000E+005    0.494570765975E-001
    0.647520000000E+005    0.495003518592E-001
    0.648020000000E+005    0.495435837969E-001
    0.648520000000E+005    0.495867721343E-001
    0.649020000000E+005    0.496299165963E-001
    0.649520000000E+005    0.496730169084E-001
    0.650020000000E+005    0.497160727974E-001
    0.650520000000E+005    0.497590839910E-001
    0.651020000000E+005    0.498020502177E-001
    0.651520000000E+005    0.498449712073E-001
    0.652020000000E+005    0.498878466904E-001
    0.652520000000E+005    0.499306763988E-001
    0.653020000000E+005    0.499734600651E-001
    0.653520000000E+005    0.500161974231E-001
    0.654020000000E+005    0.500588882075E-001
    0.654520000000E+005    0.501015321541E-001
    0.655020000000E+005    0.501441289998E-001
    0.655520000000E+005    0.501866784825E-001
    0.656020000000E+005    0.502291803410E-001
    0.656520000000E+005    0.502716343155E-001
    0.657020000000E+005    0.503140401468E-001
    0.657520000000E+005    0.503563975772E-001
    0.658020000000E+005    0.503987063499E-001
    0.658520000000E+005    0.504409662091E-001
    0.659020000000E+005    0.504831769002E-001
    0.659520000000E+005    0.505253381697E-001
    0.660020000000E+005    0.505674497651E-001
    0.660520000000E+005    0.506095114352E-001
    0.661020000000E+005    0.506515229297E-001
    0.661520000000E+005    0.506934839996E-001
    0.662020000000E+005    0.507353943968E-001
    0.662520000000E+005    0.507772538746E-001
    0.663020000000E+005    0.508190621872E-001
    0.663520000000E+005    0.508608190901E-001
    0.664020000000E+005    0.509025243400E-001
    0.664520000000E+005    0.509441776946E-001
    0.665020000000E+005    0.509857789128E-001
    0.665520000000E+005    0.510273277548E-001
    0.666020000000E+005    0.510688239819E-001
    0.666520000000E+005    0.511102673566E-001
    0.667020000000E+005    0.511516576425E-001
    0.667520000000E+005    0.511929946046E-001
    0.668020000000E+005    0.512342780089E-001
    0.668520000000E+005    0.512755076228E-001
    0.669020000000E+005    0.513166832147E-001
    0.669520000000E+005    0.513578045546E-001
    0.670020000000E+005    0.513988714133E-001
    0.670520000000E+005    0.514398835632E-001
    0.671020000000E+005    0.514808407778E-001
    0.671520000000E+005    0.515217428318E-001
    0.672020000000E+005    0.515625895013E-001
    0.672520000000E+005    0.516033805636E-001
    0.673020000000E+005    0.516441157973E-001
    0.673520000000E+005    0.516847949823E-001
    0.674020000000E+005    0.517254178998E-001
    0.674520000000E+005    0.517659843323E-001
    0.675020000000E+005    0.518064940637E-001
    0.675520000000E+005    0.518469468790E-001
    0.676020000000E+005    0.518873425647E-001
    0.676520000000E+005    0.519276809086E-001
    0.677020000000E+005    0.519679616999E-001
    0.677520000000E+005    0.520081847290E-001
    0.678020000000E+005    0.520483497879E-001
    0.678520000000E+005    0.520884566697E-001
    0.679020000000E+005    0.521285051690E-001
    0.679520000000E+005    0.521684950817E-001
    0.680020000000E+005    0.522084262054E-001
    0.680520000000E+005    0.522482983387E-001
    0.681020000000E+005    0.522881112817E-001
    0.681520000000E+005    0.523278648362E-001
    0.682020000000E+005    0.523675588049E-001
    0.682520000000E+005    0.524071929925E-001
    0.683020000000E+005    0.524467672047E-001
    0.683520000000E+005    0.524862812489E-001
    0.684020000000E+005    0.525257349337E-001
    0.684520000000E+005    0.525651280694E-001
    0.685020000000E+005    0.526044604677E-001
    0.685520000000E+005    0.526437319417E-001
    0.686020000000E+005    0.526829423059E-001
    0.686520000000E+005    0.527220913766E-001
    0.687020000000E+005    0.527611789713E-001
    0.687520000000E+005    0.528002049091E-001
    0.688020000000E+005    0.528391690106E-001
    0.688520000000E+005    0.528780710979E-001
    0.689020000000E+005    0.529169109947E-001
    0.689520000000E+005    0.529556885262E-001
    0.690020000000E+005    0.529944035189E-001
    0.690520000000E+005    0.530330558013E-001
    0.691020000000E+005    0.530716452031E-001
    0.691520000000E+005    0.531101715556E-001
    0.692020000000E+005    0.531486346917E-001
    0.692520000000E+005    0.531870344460E-001
    0.693020000000E+005    0.532253706546E-001
    0.693520000000E+005    0.532636431550E-001
    0.694020000000E+005    0.533018517866E-001
    0.694520000000E+005    0.533399963901E-001
    0.695020000000E+005    0.533780768080E-001
    0.695520000000E+005    0.534160928844E-001
    0.696020000000E+005    0.534540444649E-001
    0.696520000000E+005    0.534919313969E-001
    0.697020000000E+005    0.535297535293E-001
    0.697520000000E+005    0.535675107126E-001
    0.698020000000E+005    0.536052027990E-001
    0.698520000000E+005    0.536428296425E-001
    0.699020000000E+005    0.536803910985E-001
    0.699520000000E+005    0.537178870242E-001
    0.700020000000E+005    0.537553172784E-001
    0.700520000000E+005    0.537926817217E-001
    0.701020000000E+005    0.538299802162E-001
    0.701520000000E+005    0.538672126258E-001
    0.702020000000E+005    0.539043788162E-001
    0.702520000000E+005    0.539414786545E-001
    0.703020000000E+005    0.539785120097E-001
    0.703520000000E+005    0.540154787525E-001
    0.704020000000E+005    0.540523787553E-001
    0.704520000000E+005    0.540892118922E-001
    0.705020000000E+005    0.541259780391E-001
    0.705520000000E+005    0.541626770734E-001
    0.706020000000E+005    0.541993088744E-001
    0.706520000000E+005    0.542358733233E-001
    0.707020000000E+005    0.542723703027E-001
    0.707520000000E+005    0.543087996973E-001
    0.708020000000E+005    0.543451613931E-001
    0.708520000000E+005    0.543814552784E-001
    0.709020000000E+005    0.544176812429E-001
    0.709520000000E+005    0.544538391780E-001
    0.710020000000E+005    0.544899289773E-001
    0.710520000000E+005    0.545259505357E-001
    0.711020000000E+005    0.545619037502E-001
    0.711520000000E+005    0.545977885194E-001
    0.712020000000E+005    0.546336047439E-001
    0.712520000000E+005    0.546693523257E-001
    0.713020000000E+005    0.547050311690E-001
    0.713520000000E+005    0.547406411797E-001
    0.714020000000E+005    0.547761822654E-001
    0.714520000000E+005    0.548116543354E-001
    0.715020000000E+005    0.548470573012E-001
    0.715520000000E+005    0.548823910758E-001
    0.716020000000E+005    0.549176555740E-001
    0.716520000000E+005    0.549528507126E-001
    0.717020000000E+005    0.549879764102E-001
    0.717520000000E+005    0.550230325871E-001
    0.718020000000E+005    0.550580191655E-001
    0.718520000000E+005    0.550929360694E-001
    0.719020000000E+005    0.551277832247E-001
    0.719520000000E+005    0.551625605591E-001
    0.720020000000E+005    0.551972680022E-001
    0.720520000000E+005    0.552319054853E-001
    0.721020000000E+005    0.552664729416E-001
    0.721520000000E+005    0.553009703064E-001
    0.722020000000E+005    0.553353975164E-001
    0.722520000000E+005    0.553697545104E-001
    0.723020000000E+005    0.554040412292E-001
    0.723520000000E+005    0.554382576152E-001
    0.724020000000E+005    0.554724036127E-001
    0.724520000000E+005    0.555064791680E-001
    0.725020000000E+005    0.555404842291E-001
    0.725520000000E+005    0.555744187459E-001
    0.726020000000E+005    0.556082826703E-001
    0.726520000000E+005    0.556420759560E-001
    0.727020000000E+005    0.556757985583E-001
    0.727520000000E+005    0.557094504349E-001
    0.728020000000E+005    0.557430315448E-001
    0.728520000000E+005    0.557765418493E-001
    0.729020000000E+005    0.558099813113E-001
    0.729520000000E+005    0.558433498958E-001
    0.730020000000E+005    0.558766475694E-001
    0.730520000000E+005    0.559098743009E-001
    0.731020000000E+005    0.559430300606E-001
    0.731520000000E+005    0.559761148210E-001
    0.732020000000E+005    0.560091285563E-001
    0.732520000000E+005    0.560420712425E-001
    0.733020000000E+005    0.560749428578E-001
    0.733520000000E+005    0.561077433819E-001
    0.734020000000E+005    0.561404727966E-001
    0.734520000000E+005    0.561731310855E-001
    0.735020000000E+005    0.562057182341E-001
    0.735520000000E+005    0.562382342297E-001
    0.736020000000E+005    0.562706790615E-001
    0.736520000000E+005    0.563030527206E-001
    0.737020000000E+005    0.563353552000E-001
    0.737520000000E+005    0.563675864946E-001
    0.738020000000E+005    0.563997466009E-001
    0.738520000000E+005    0.564318355176E-001
    0.739020000000E+005    0.564638532452E-001
    0.739520000000E+005    0.564957997858E-001
    0.740020000000E+005    0.565276751438E-001
    0.740520000000E+005    0.565594793250E-001
    0.741020000000E+005    0.565912123374E-001
    0.741520000000E+005    0.566228741908E-001
    0.742020000000E+005    0.566544648966E-001
    0.742520000000E+005    0.566859844684E-001
    0.743020000000E+005    0.567174329216E-001
    0.743520000000E+005    0.567488102731E-001
    0.744020000000E+005    0.567801165421E-001
    0.744520000000E+005    0.568113517495E-001
    0.745020000000E+005    0.568425159178E-001
    0.745520000000E+005    0.568736090717E-001
    0.746020000000E+005    0.569046312376E-001
    0.746520000000E+005    0.569355824436E-001
    0.747020000000E+005    0.569664627199E-001
    0.747520000000E+005    0.569972720983E-001
    0.748020000000E+005    0.570280106125E-001
    0.748520000000E+005    0.570586782981E-001
    0.749020000000E+005    0.570892751924E-001
    0.749520000000E+005    0.571198013347E-001
    0.750020000000E+005    0.571502567659E-001
    0.750520000000E+005    0.571806415289E-001
    0.751020000000E+005    0.572109556683E-001
    0.751520000000E+005    0.572411992306E-001
    0.752020000000E+005    0.572713722639E-001
    0.752520000000E+005    0.573014748183E-001
    0.753020000000E+005    0.573315069457E-001
    0.753520000000E+005    0.573614686997E-001
    0.754020000000E+005    0.573913601357E-001
    0.754520000000E+005    0.574211813109E-001
    0.755020000000E+005    0.574509322842E-001
    0.755520000000E+005    0.574806131166E-001
    0.756020000000E+005    0.575102238703E-001
    0.756520000000E+005    0.575397646099E-001
    0.757020000000E+005    0.575692354013E-001
    0.757520000000E+005    0.575986363123E-001
    0.758020000000E+005    0.576279674125E-001
    0.758520000000E+005    0.576572287733E-001
    0.759020000000E+005    0.576864204676E-001
    0.759520000000E+005    0.577155425703E-001
    0.760020000000E+005    0.577445951580E-001
    0.760520000000E+005    0.577735783088E-001
    0.761020000000E+005    0.578024921028E-001
    0.761520000000E+005    0.578313366217E-001
    0.762020000000E+005    0.578601119489E-001
    0.762520000000E+005    0.578888181695E-001
    0.763020000000E+005    0.579174553703E-001
    0.763520000000E+005    0.579460236399E-001
    0.764020000000E+005    0.579745230685E-001
    0.764520000000E+005    0.580029537480E-001
    0.765020000000E+005    0.580313157719E-001
    0.765520000000E+005    0.580596092355E-001
    0.766020000000E+005    0.580878342357E-001
    0.766520000000E+005    0.581159908712E-001
    0.767020000000E+005    0.581440792420E-001
    0.767520000000E+005    0.581720994501E-001
    0.768020000000E+005    0.582000515991E-001
    0.768520000000E+005    0.582279357940E-001
    0.769020000000E+005    0.582557521417E-001
    0.769520000000E+005    0.582835007505E-001
    0.770020000000E+005    0.583111817304E-001
    0.770520000000E+005    0.583387951932E-001
    0.771020000000E+005    0.583663412520E-001
    0.771520000000E+005    0.583938200216E-001
    0.772020000000E+005    0.584212316184E-001
    0.772520000000E+005    0.584485761605E-001
    0.773020000000E+005    0.584758537674E-001
    0.773520000000E+005    0.585030645601E-001
    0.774020000000E+005    0.585302086614E-001
    0.774520000000E+005    0.585572861956E-001
    0.775020000000E+005    0.585842972883E-001
    0.775520000000E+005    0.586112420669E-001
    0.776020000000E+005    0.586381206602E-001
    0.776520000000E+005    0.586649331985E-001
    0.777020000000E+005    0.586916798138E-001
    0.777520000000E+005    0.587183606393E-001
    0.778020000000E+005    0.587449758100E-001
    0.778520000000E+005    0.587715254621E-001
    0.779020000000E+005    0.587980097335E-001
    0.779520000000E+005    0.588244287634E-001
    0.780020000000E+005    0.588507826927E-001
    0.780520000000E+005    0.588770716634E-001
    0.781020000000E+005    0.589032958193E-001
    0.781520000000E+005    0.589294553054E-001
    0.782020000000E+005    0.589555502682E-001
    0.782520000000E+005    0.589815808557E-001
    0.783020000000E+005    0.590075472170E-001
    0.783520000000E+005    0.590334495031E-001
    0.784020000000E+005    0.590592878659E-001
    0.784520000000E+005    0.590850624589E-001
    0.785020000000E+005    0.591107734371E-001
    0.785520000000E+005    0.591364209566E-001
    0.786020000000E+005    0.591620051750E-001
    0.786520000000E+005    0.591875262512E-001
    0.787020000000E+005    0.592129843454E-001
    0.787520000000E+005    0.592383796192E-001
    0.788020000000E+005    0.592637122354E-001
    0.788520000000E+005    0.592889823584E-001
    0.789020000000E+005    0.593141901534E-001
    0.789520000000E+005    0.593393357872E-001
    0.790020000000E+005    0.593644194279E-001
    0.790520000000E+005    0.593894412448E-001
    0.791020000000E+005    0.594144014083E-001
    0.791520000000E+005    0.594393000902E-001
    0.792020000000E+005    0.594641374635E-001
    0.792520000000E+005    0.594889137025E-001
    0.793020000000E+005    0.595136289825E-001
    0.793520000000E+005    0.595382834801E-001
    0.794020000000E+005    0.595628773732E-001
    0.794520000000E+005    0.595874108408E-001
    0.795020000000E+005    0.596118840629E-001
    0.795520000000E+005    0.596362972208E-001
    0.796020000000E+005    0.596606504971E-001
    0.796520000000E+005    0.596849440751E-001
    0.797020000000E+005    0.597091781397E-001
    0.797520000000E+005    0.597333528766E-001
    0.798020000000E+005    0.597574684726E-001
    0.798520000000E+005    0.597815251158E-001
    0.799020000000E+005    0.598055229951E-001
    0.799520000000E+005    0.598294623007E-001
    0.800020000000E+005    0.598533432236E-001
    0.800520000000E+005    0.598771659561E-001
    0.801020000000E+005    0.599009306913E-001
    0.801520000000E+005    0.599246376235E-001
    0.802020000000E+005    0.599482869478E-001
    0.802520000000E+005    0.599718788605E-001
    0.803020000000E+005    0.599954135586E-001
    0.803520000000E+005    0.600188912404E-001
    0.804020000000E+005    0.600423121048E-001
    0.804520000000E+005    0.600656763520E-001
    0.805020000000E+005    0.600889841827E-001
    0.805520000000E+005    0.601122357989E-001
    0.806020000000E+005    0.601354314033E-001
    0.806520000000E+005    0.601585711996E-001
    0.807020000000E+005    0.601816553921E-001
    0.807520000000E+005    0.602046841863E-001
    0.808020000000E+005    0.602276577883E-001
    0.808520000000E+005    0.602505764052E-001
    0.809020000000E+005    0.602734402448E-001
    0.809520000000E+005    0.602962495158E-001
    0.810020000000E+005    0.603190044276E-001
    0.810520000000E+005    0.603417051904E-001
    0.811020000000E+005    0.603643520153E-001
    0.811520000000E+005    0.603869451138E-001
    0.812020000000E+005    0.604094846986E-001
    0.812520000000E+005    0.604319709827E-001
    0.813020000000E+005    0.604544041802E-001
    0.813520000000E+005    0.604767845055E-001
    0.814020000000E+005    0.604991121740E-001
    0.814520000000E+005    0.605213874016E-001
    0.815020000000E+005    0.605436104049E-001
    0.815520000000E+005    0.605657814011E-001
    0.816020000000E+005    0.605879006081E-001
    0.816520000000E+005    0.606099682444E-001
    0.817020000000E+005    0.606319845289E-001
    0.817520000000E+005    0.606539496814E-001
    0.818020000000E+005    0.606758639221E-001
    0.818520000000E+005    0.606977274716E-001
    0.819020000000E+005    0.607195405514E-001
    0.819520000000E+005    0.607413033831E-001
    0.820020000000E+005    0.607630161893E-001
    0.820520000000E+005    0.607846791925E-001
    0.821020000000E+005    0.608062926163E-001
    0.821520000000E+005    0.608278566842E-001
    0.822020000000E+005    0.608493716205E-001
    0.822520000000E+005    0.608708376499E-001
    0.823020000000E+005    0.608922549974E-001
    0.823520000000E+005    0.609136238884E-001
    0.824020000000E+005    0.609349445488E-001
    0.824520000000E+005    0.609562172049E-001
    0.825020000000E+005    0.609774420831E-001
    0.825520000000E+005    0.609986194104E-001
    0.826020000000E+005    0.610197494140E-001
    0.826520000000E+005    0.610408323215E-001
    0.827020000000E+005    0.610618683607E-001
    0.827520000000E+005    0.610828577597E-001
    0.828020000000E+005    0.611038007470E-001
    0.828520000000E+005    0.611246975512E-001
    0.829020000000E+005    0.611455484010E-001
    0.829520000000E+005    0.611663535257E-001
    0.830020000000E+005    0.611871131544E-001
    0.830520000000E+005    0.612078275168E-001
    0.831020000000E+005    0.612284968423E-001
    0.831520000000E+005    0.612491213608E-001
    0.832020000000E+005    0.612697013023E-001
    0.832520000000E+005    0.612902368968E-001
    0.833020000000E+005    0.613107283744E-001
    0.833520000000E+005    0.613311759654E-001
    0.834020000000E+005    0.613515799001E-001
    0.834520000000E+005    0.613719404090E-001
    0.835020000000E+005    0.613922577224E-001
    0.835520000000E+005    0.614125320708E-001
    0.836020000000E+005    0.614327636847E-001
    0.836520000000E+005    0.614529527946E-001
    0.837020000000E+005    0.614730996308E-001
    0.837520000000E+005    0.614932044238E-001
    0.838020000000E+005    0.615132674039E-001
    0.838520000000E+005    0.615332888015E-001
    0.839020000000E+005    0.615532688466E-001
    0.839520000000E+005    0.615732077695E-001
    0.840020000000E+005    0.615931058001E-001
    0.840520000000E+005    0.616129631682E-001
    0.841020000000E+005    0.616327801035E-001
    0.841520000000E+005    0.616525568356E-001
    0.842020000000E+005    0.616722935938E-001
    0.842520000000E+005    0.616919906072E-001
    0.843020000000E+005    0.617116481049E-001
    0.843520000000E+005    0.617312663154E-001
    0.844020000000E+005    0.617508454673E-001
    0.844520000000E+005    0.617703857887E-001
    0.845020000000E+005    0.617898875077E-001
    0.845520000000E+005    0.618093508517E-001
    0.846020000000E+005    0.618287760481E-001
    0.846520000000E+005    0.618481633240E-001
    0.847020000000E+005    0.618675129059E-001
    0.847520000000E+005    0.618868250201E-001
    0.848020000000E+005    0.619060998926E-001
    0.848520000000E+005    0.619253377488E-001
    0.849020000000E+005    0.619445388140E-001
    0.849520000000E+005    0.619637033127E-001
    0.850020000000E+005    0.619828314692E-001
    0.850520000000E+005    0.620019235074E-001
    0.851020000000E+005    0.620209796505E-001
    0.851520000000E+005    0.620400001215E-001
    0.852020000000E+005    0.620589851426E-001
    0.852520000000E+005    0.620779349357E-001
    0.853020000000E+005    0.620968497221E-001
    0.853520000000E+005    0.621157297225E-001
    0.854020000000E+005    0.621345751571E-001
    0.854520000000E+005    0.621533862455E-001
    0.855020000000E+005    0.621721632068E-001
    0.855520000000E+005    0.621909062592E-001
    0.856020000000E+005    0.622096156206E-001
    0.856520000000E+005    0.622282915081E-001
    0.857020000000E+005    0.622469341382E-001
    0.857520000000E+005    0.622655437266E-001
    0.858020000000E+005    0.622841204886E-001
    0.858520000000E+005    0.623026646383E-001
    0.859020000000E+005    0.623211763897E-001
    0.859520000000E+005    0.623396559556E-001
    0.860020000000E+005    0.623581035482E-001
    0.860520000000E+005    0.623765193790E-001
    0.861020000000E+005    0.623949036585E-001
    0.861520000000E+005    0.624132565968E-001
    0.862020000000E+005    0.624315784029E-001
    0.862520000000E+005    0.624498692849E-001
    0.863020000000E+005    0.624681294504E-001
    0.863520000000E+005    0.624863591058E-001
    0.864020000000E+005    0.625045584568E-001
    0.864520000000E+005    0.625227277082E-001
    0.865020000000E+005    0.625408670640E-001
    0.865520000000E+005    0.625589767271E-001
    0.866020000000E+005    0.625770568996E-001
    0.866520000000E+005    0.625951077826E-001
    0.867020000000E+005    0.626131295763E-001
    0.867520000000E+005    0.626311224799E-001
    0.868020000000E+005    0.626490866917E-001
    0.868520000000E+005    0.626670224089E-001
    0.869020000000E+005    0.626849298277E-001
    0.869520000000E+005    0.627028091433E-001
    0.870020000000E+005    0.627206605499E-001
    0.870520000000E+005    0.627384842407E-001
    0.871020000000E+005    0.627562804076E-001
    0.871520000000E+005    0.627740492416E-001
    0.872020000000E+005    0.627917909328E-001
    0.872520000000E+005    0.628095056697E-001
    0.873020000000E+005    0.628271936403E-001
    0.873520000000E+005    0.628448550308E-001
    0.874020000000E+005    0.628624900269E-001
    0.874520000000E+005    0.628800988128E-001
    0.875020000000E+005    0.628976815715E-001
    0.875520000000E+005    0.629152384849E-001
    0.876020000000E+005    0.629327697338E-001
    0.876520000000E+005    0.629502754977E-001
    0.877020000000E+005    0.629677559549E-001
    0.877520000000E+005    0.629852112825E-001
    0.878020000000E+005    0.630026416563E-001
    0.878520000000E+005    0.630200472509E-001
    0.879020000000E+005    0.630374282395E-001
    0.879520000000E+005    0.630547847944E-001
    0.880020000000E+005    0.630721170861E-001
    0.880520000000E+005    0.630894252843E-001
    0.881020000000E+005    0.631067095569E-001
    0.881520000000E+005    0.631239700710E-001
    0.882020000000E+005    0.631412069918E-001
    0.882520000000E+005    0.631584204838E-001
    0.883020000000E+005    0.631756107095E-001
    0.883520000000E+005    0.631927778305E-001
    0.884020000000E+005    0.632099220069E-001
    0.884520000000E+005    0.632270433973E-001
    0.885020000000E+005    0.632441421591E-001
    0.885520000000E+005    0.632612184480E-001
    0.886020000000E+005    0.632782724187E-001
    0.886520000000E+005    0.632953042240E-001
    0.887020000000E+005    0.633123140157E-001
    0.887520000000E+005    0.633293019439E-001
    0.888020000000E+005    0.633462681574E-001
    0.888520000000E+005    0.633632128033E-001
    0.889020000000E+005    0.633801360275E-001
    0.889520000000E+005    0.633970379742E-001
    0.890020000000E+005    0.634139187863E-001
    0.890520000000E+005    0.634307786051E-001
    0.891020000000E+005    0.634476175704E-001
    0.891520000000E+005    0.634644358204E-001
    0.892020000000E+005    0.634812334920E-001
    0.892520000000E+005    0.634980107203E-001
    0.893020000000E+005    0.635147676392E-001
    0.893520000000E+005    0.635315043806E-001
    0.894020000000E+005    0.635482210752E-001
    0.894520000000E+005    0.635649178520E-001
    0.895020000000E+005    0.635815948385E-001
    0.895520000000E+005    0.635982521605E-001
    0.896020000000E+005    0.636148899424E-001
    0.896520000000E+005    0.636315083068E-001
    0.897020000000E+005    0.636481073748E-001
    0.897520000000E+005    0.636646872659E-001
    0.898020000000E+005    0.636812480980E-001
    0.898520000000E+005    0.636977899874E-001
    0.899020000000E+005    0.637143130486E-001
    0.899520000000E+005    0.637308173947E-001
    0.900020000000E+005    0.637473031371E-001
    0.900520000000E+005    0.637637703854E-001
    0.901020000000E+005    0.637802192478E-001
    0.901520000000E+005    0.637966498306E-001
    0.902020000000E+005    0.638130622387E-001
    0.902520000000E+005    0.638294565750E-001
    0.903020000000E+005    0.638458329410E-001
    0.903520000000E+005    0.638621914366E-001
    0.904020000000E+005    0.638785321597E-001
    0.904520000000E+005    0.638948552067E-001
    0.905020000000E+005    0.639111606723E-001
    0.905520000000E+005    0.639274486496E-001
    0.906020000000E+005    0.639437192298E-001
    0.906520000000E+005    0.639599725025E-001
    0.907020000000E+005    0.639762085557E-001
    0.907520000000E+005    0.639924274755E-001
    0.908020000000E+005    0.640086293464E-001
    0.908520000000E+005    0.640248142512E-001
    0.909020000000E+005    0.640409822710E-001
    0.909520000000E+005    0.640571334850E-001
    0.910020000000E+005    0.640732679709E-001
    0.910520000000E+005    0.640893858045E-001
    0.911020000000E+005    0.641054870601E-001
    0.911520000000E+005    0.641215718099E-001
    0.912020000000E+005    0.641376401248E-001
    0.912520000000E+005    0.641536920737E-001
    0.913020000000E+005    0.641697277238E-001
    0.913520000000E+005    0.641857471405E-001
    0.914020000000E+005    0.642017503876E-001
    0.914520000000E+005    0.642177375271E-001
    0.915020000000E+005    0.642337086193E-001
    0.915520000000E+005    0.642496637226E-001
    0.916020000000E+005    0.642656028939E-001
    0.916520000000E+005    0.642815261882E-001
    0.917020000000E+005    0.642974336586E-001
    0.917520000000E+005    0.643133253569E-001
    0.918020000000E+005    0.643292013327E-001
    0.918520000000E+005    0.643450616341E-001
    0.919020000000E+005    0.643609063073E-001
    0.919520000000E+005    0.643767353970E-001
    0.920020000000E+005    0.643925489459E-001
    0.920520000000E+005    0.644083469952E-001
    0.921020000000E+005    0.644241295840E-001
    0.921520000000E+005    0.644398967500E-001
    0.922020000000E+005    0.644556485289E-001
    0.922520000000E+005    0.644713849550E-001
    0.923020000000E+005    0.644871060605E-001
    0.923520000000E+005    0.645028118761E-001
    0.924020000000E+005    0.645185024305E-001
    0.924520000000E+005    0.645341777510E-001
    0.925020000000E+005    0.645498378630E-001
    0.925520000000E+005    0.645654827901E-001
    0.926020000000E+005    0.645811125542E-001
    0.926520000000E+005    0.645967271757E-001
    0.927020000000E+005    0.646123266729E-001
    0.927520000000E+005    0.646279110627E-001
    0.928020000000E+005    0.646434803602E-001
    0.928520000000E+005    0.646590345786E-001
    0.929020000000E+005    0.646745737296E-001
    0.929520000000E+005    0.646900978231E-001
    0.930020000000E+005    0.647056068673E-001
    0.930520000000E+005    0.647211008688E-001
    0.931020000000E+005    0.647365798324E-001
    0.931520000000E+005    0.647520437612E-001
    0.932020000000E+005    0.647674926566E-001
    0.932520000000E+005    0.647829265184E-001
    0.933020000000E+005    0.647983453447E-001
    0.933520000000E+005    0.648137491318E-001
    0.934020000000E+005    0.648291378744E-001
    0.934520000000E+005    0.648445115657E-001
    0.935020000000E+005    0.648598701970E-001
    0.935520000000E+005    0.648752137580E-001
    0.936020000000E+005    0.648905422369E-001
    0.936520000000E+005    0.649058556200E-001
    0.937020000000E+005    0.649211538921E-001
    0.937520000000E+005    0.649364370364E-001
    0.938020000000E+005    0.649517050345E-001
    0.938520000000E+005    0.649669578661E-001
    0.939020000000E+005    0.649821955097E-001
    0.939520000000E+005    0.649974179418E-001
    0.940020000000E+005    0.650126251375E-001
    0.940520000000E+005    0.650278170703E-001
    0.941020000000E+005    0.650429937120E-001
    0.941520000000E+005    0.650581550329E-001
    0.942020000000E+005    0.650733010018E-001
    0.942520000000E+005    0.650884315857E-001
    0.943020000000E+005    0.651035467501E-001
    0.943520000000E+005    0.651186464591E-001
    0.944020000000E+005    0.651337306752E-001
    0.944520000000E+005    0.651487993591E-001
    0.945020000000E+005    0.651638524704E-001
    0.945520000000E+005    0.651788899667E-001
    0.946020000000E+005    0.651939118044E-001
    0.946520000000E+005    0.652089179382E-001
    0.947020000000E+005    0.652239083216E-001
    0.947520000000E+005    0.652388829061E-001
    0.948020000000E+005    0.652538416422E-001
    0.948520000000E+005    0.652687844785E-001
    0.949020000000E+005    0.652837113625E-001
    0.949520000000E+005    0.652986222400E-001
    0.950020000000E+005    0.653135170554E-001
    0.950520000000E+005    0.653283957516E-001
    0.951020000000E+005    0.653432582702E-001
    0.951520000000E+005    0.653581045511E-001
    0.952020000000E+005    0.653729345332E-001
    0.952520000000E+005    0.653877481535E-001
    0.953020000000E+005    0.654025453479E-001
    0.953520000000E+005    0.654173260509E-001
    0.954020000000E+005    0.654320901954E-001
    0.954520000000E+005    0.654468377132E-001
    0.955020000000E+005    0.654615685346E-001
    0.955520000000E+005    0.654762825883E-001
    0.956020000000E+005    0.654909798022E-001
    0.956520000000E+005    0.655056601023E-001
    0.957020000000E+005    0.655203234136E-001
    0.957520000000E+005    0.655349696597E-001
    0.958020000000E+005    0.655495987628E-001
    0.958520000000E+005    0.655642106440E-001
    0.959020000000E+005    0.655788052228E-001
    0.959520000000E+005    0.655933824178E-001
    0.960020000000E+005    0.656079421460E-001
    0.960520000000E+005    0.656224843233E-001
    0.961020000000E+005    0.656370088643E-001
    0.961520000000E+005    0.656515156823E-001
    0.962020000000E+005    0.656660046896E-001
    0.962520000000E+005    0.656804757971E-001
    0.963020000000E+005    0.656949289144E-001
    0.963520000000E+005    0.657093639501E-001
    0.964020000000E+005    0.657237808115E-001
    0.964520000000E+005    0.657381794048E-001
    0.965020000000E+005    0.657525596349E-001
    0.965520000000E+005    0.657669214057E-001
    0.966020000000E+005    0.657812646198E-001
    0.966520000000E+005    0.657955891788E-001
    0.967020000000E+005    0.658098949832E-001
    0.967520000000E+005    0.658241819322E-001
    0.968020000000E+005    0.658384499240E-001
    0.968520000000E+005    0.658526988559E-001
    0.969020000000E+005    0.658669286238E-001
    0.969520000000E+005    0.658811391227E-001
    0.970020000000E+005    0.658953302465E-001
    0.970520000000E+005    0.659095018881E-001
    0.971020000000E+005    0.659236539394E-001
    0.971520000000E+005    0.659377862912E-001
    0.972020000000E+005    0.659518988333E-001
    0.972520000000E+005    0.659659914545E-001
    0.973020000000E+005    0.659800640426E-001
    0.973520000000E+005    0.659941164846E-001
    0.974020000000E+005    0.660081486662E-001
    0.974520000000E+005    0.660221604724E-001
    0.975020000000E+005    0.660361517873E-001
    0.975520000000E+005    0.660501224938E-001
    0.976020000000E+005    0.660640724742E-001
    0.976520000000E+005    0.660780016096E-001
    0.977020000000E+005    0.660919097804E-001
    0.977520000000E+005    0.661057968661E-001
    0.978020000000E+005    0.661196627453E-001
    0.978520000000E+005    0.661335072957E-001
    0.979020000000E+005    0.661473303943E-001
    0.979520000000E+005    0.661611319169E-001
    0.980020000000E+005    0.661749117390E-001
    0.980520000000E+005    0.661886697348E-001
    0.981020000000E+005    0.662024057781E-001
    0.981520000000E+005    0.662161197416E-001
    0.982020000000E+005    0.662298114974E-001
    0.982520000000E+005    0.662434809169E-001
    0.983020000000E+005    0.662571278704E-001
    0.983520000000E+005    0.662707522279E-001
    0.984020000000E+005    0.662843538584E-001
    0.984520000000E+005    0.662979326302E-001
    0.985020000000E+005    0.663114884111E-001
    0.985520000000E+005    0.663250210679E-001
    0.986020000000E+005    0.663385304669E-001
    0.986520000000E+005    0.663520164738E-001
    0.987020000000E+005    0.663654789534E-001
    0.987520000000E+005    0.663789177702E-001
    0.988020000000E+005    0.663923327877E-001
    0.988520000000E+005    0.664057238690E-001
    0.989020000000E+005    0.664190908765E-001
    0.989520000000E+005    0.664324336722E-001
    0.990020000000E+005    0.664457521172E-001
    0.990520000000E+005    0.664590460722E-001
    0.991020000000E+005    0.664723153973E-001
    0.991520000000E+005    0.664855599522E-001
    0.992020000000E+005    0.664987795958E-001
    0.992520000000E+005    0.665119741866E-001
    0.993020000000E+005    0.665251435826E-001
    0.993520000000E+005    0.665382876414E-001
    0.994020000000E+005    0.665514062199E-001
    0.994520000000E+005    0.665644991745E-001
    0.995020000000E+005    0.665775663615E-001
    0.995520000000E+005    0.665906076362E-001
    0.996020000000E+005    0.666036228540E-001
    0.996520000000E+005    0.666166118694E-001
    0.997020000000E+005    0.666295745369E-001
    0.997520000000E+005    0.666425107101E-001
    0.998020000000E+005    0.666554202427E-001
    0.998520000000E+005    0.666683029877E-001
    0.999020000000E+005    0.666811587978E-001
    0.999520000000E+005    0.666939875254E-001
