TITLE = "0D Field KU"
VARIABLES = N ,"KU"
ZONE DATAPACKING = POINT
    0.200000000000E+001    0.560151387005E-039
    0.520000000000E+002    0.621478454359E-035
    0.102000000000E+003    0.245093059800E-028
    0.152000000000E+003    0.110564567805E-024
    0.202000000000E+003    0.331714332283E-022
    0.252000000000E+003    0.224980430405E-020
    0.302000000000E+003    0.593599234942E-019
    0.352000000000E+003    0.822298148995E-018
    0.402000000000E+003    0.718131167948E-017
    0.452000000000E+003    0.445154167598E-016
    0.502000000000E+003    0.212265797724E-015
    0.552000000000E+003    0.823951519689E-015
    0.602000000000E+003    0.271287338795E-014
    0.652000000000E+003    0.781215070346E-014
    0.702000000000E+003    0.201401058021E-013
    0.752000000000E+003    0.473332531933E-013
    0.802000000000E+003    0.102867711621E-012
    0.852000000000E+003    0.209096585485E-012
    0.902000000000E+003    0.401208606401E-012
    0.952000000000E+003    0.732185887746E-012
    0.100200000000E+004    0.127880957112E-011
    0.105200000000E+004    0.214873416924E-011
    0.110200000000E+004    0.348862644933E-011
    0.115200000000E+004    0.549334350886E-011
    0.120200000000E+004    0.841610663561E-011
    0.125200000000E+004    0.125796118959E-010
    0.130200000000E+004    0.183880056150E-010
    0.135200000000E+004    0.263396438662E-010
    0.140200000000E+004    0.370405499960E-010
    0.145200000000E+004    0.512184827264E-010
    0.150200000000E+004    0.697375289676E-010
    0.155200000000E+004    0.936131392109E-010
    0.160200000000E+004    0.124027527191E-009
    0.165200000000E+004    0.162345357401E-009
    0.170200000000E+004    0.210129644694E-009
    0.175200000000E+004    0.269157792052E-009
    0.180200000000E+004    0.341437696994E-009
    0.185200000000E+004    0.429223863587E-009
    0.190200000000E+004    0.535033464888E-009
    0.195200000000E+004    0.661662309258E-009
    0.200200000000E+004    0.812200671313E-009
    0.205200000000E+004    0.990048951848E-009
    0.210200000000E+004    0.119893313024E-008
    0.215200000000E+004    0.144291997158E-008
    0.220200000000E+004    0.172643195251E-008
    0.225200000000E+004    0.205426187524E-008
    0.230200000000E+004    0.243158714636E-008
    0.235200000000E+004    0.286398370537E-008
    0.240200000000E+004    0.335743959483E-008
    0.245200000000E+004    0.391836816777E-008
    0.250200000000E+004    0.455362092531E-008
    0.255200000000E+004    0.527049997129E-008
    0.260200000000E+004    0.607677006740E-008
    0.265200000000E+004    0.698067027415E-008
    0.270200000000E+004    0.799092516959E-008
    0.275200000000E+004    0.911675564561E-008
    0.280200000000E+004    0.103678892892E-007
    0.285200000000E+004    0.117545703607E-007
    0.290200000000E+004    0.132875693801E-007
    0.295200000000E+004    0.149781923233E-007
    0.300200000000E+004    0.168382894206E-007
    0.305200000000E+004    0.188802635508E-007
    0.310200000000E+004    0.211170782221E-007
    0.315200000000E+004    0.235622651462E-007
    0.320200000000E+004    0.262299314153E-007
    0.325200000000E+004    0.291347663032E-007
    0.330200000000E+004    0.322920477088E-007
    0.335200000000E+004    0.357176482559E-007
    0.340200000000E+004    0.394280410508E-007
    0.345200000000E+004    0.434403050875E-007
    0.350200000000E+004    0.477721302959E-007
    0.355200000000E+004    0.524418222293E-007
    0.360200000000E+004    0.574683064037E-007
    0.365200000000E+004    0.628711323074E-007
    0.370200000000E+004    0.686704771061E-007
    0.375200000000E+004    0.748871490630E-007
    0.380200000000E+004    0.815425906846E-007
    0.385200000000E+004    0.886588815864E-007
    0.390200000000E+004    0.962587410657E-007
    0.395200000000E+004    0.104365530377E-006
    0.400200000000E+004    0.113003254713E-006
    0.405200000000E+004    0.122196564903E-006
    0.410200000000E+004    0.131970758861E-006
    0.415200000000E+004    0.142351782803E-006
    0.420200000000E+004    0.153366232249E-006
    0.425200000000E+004    0.165041352824E-006
    0.430200000000E+004    0.177405040825E-006
    0.435200000000E+004    0.190485843560E-006
    0.440200000000E+004    0.204312959442E-006
    0.445200000000E+004    0.218916237853E-006
    0.450200000000E+004    0.234326178794E-006
    0.455200000000E+004    0.250573932346E-006
    0.460200000000E+004    0.267691297985E-006
    0.465200000000E+004    0.285710723726E-006
    0.470200000000E+004    0.304665305127E-006
    0.475200000000E+004    0.324588784106E-006
    0.480200000000E+004    0.345515547576E-006
    0.485200000000E+004    0.367480625884E-006
    0.490200000000E+004    0.390519691075E-006
    0.495200000000E+004    0.414669055008E-006
    0.500200000000E+004    0.439965667340E-006
    0.505200000000E+004    0.466447113415E-006
    0.510200000000E+004    0.494151612043E-006
    0.515200000000E+004    0.523118013161E-006
    0.520200000000E+004    0.553385795361E-006
    0.525200000000E+004    0.584995063256E-006
    0.530200000000E+004    0.617986544709E-006
    0.535200000000E+004    0.652401587929E-006
    0.540200000000E+004    0.688282158468E-006
    0.545200000000E+004    0.725670836148E-006
    0.550200000000E+004    0.764610811923E-006
    0.555200000000E+004    0.805145884670E-006
    0.560200000000E+004    0.847320457896E-006
    0.565200000000E+004    0.891179536323E-006
    0.570200000000E+004    0.936768722363E-006
    0.575200000000E+004    0.984134212478E-006
    0.580200000000E+004    0.103332279346E-005
    0.585200000000E+004    0.108438183863E-005
    0.590200000000E+004    0.113735930408E-005
    0.595200000000E+004    0.119230372477E-005
    0.600200000000E+004    0.124926421066E-005
    0.605200000000E+004    0.130829044276E-005
    0.610200000000E+004    0.136943266908E-005
    0.615200000000E+004    0.143274170044E-005
    0.620200000000E+004    0.149826890628E-005
    0.625200000000E+004    0.156606621040E-005
    0.630200000000E+004    0.163618608666E-005
    0.635200000000E+004    0.170868155465E-005
    0.640200000000E+004    0.178360617546E-005
    0.645200000000E+004    0.186101404726E-005
    0.650200000000E+004    0.194095980099E-005
    0.655200000000E+004    0.202349859578E-005
    0.660200000000E+004    0.210868611450E-005
    0.665200000000E+004    0.219657855911E-005
    0.670200000000E+004    0.228723264610E-005
    0.675200000000E+004    0.238070560187E-005
    0.680200000000E+004    0.247705515814E-005
    0.685200000000E+004    0.257633954742E-005
    0.690200000000E+004    0.267861749836E-005
    0.695200000000E+004    0.278394823107E-005
    0.700200000000E+004    0.289239145246E-005
    0.705200000000E+004    0.300400735144E-005
    0.710200000000E+004    0.311885659412E-005
    0.715200000000E+004    0.323700031907E-005
    0.720200000000E+004    0.335850013255E-005
    0.725200000000E+004    0.348341810383E-005
    0.730200000000E+004    0.361181676042E-005
    0.735200000000E+004    0.374375908338E-005
    0.740200000000E+004    0.387930850252E-005
    0.745200000000E+004    0.401852889154E-005
    0.750200000000E+004    0.416148456320E-005
    0.755200000000E+004    0.430824026446E-005
    0.760200000000E+004    0.445886117170E-005
    0.765200000000E+004    0.461341288586E-005
    0.770200000000E+004    0.477196142779E-005
    0.775200000000E+004    0.493457323344E-005
    0.780200000000E+004    0.510131514912E-005
    0.785200000000E+004    0.527225442667E-005
    0.790200000000E+004    0.544745871864E-005
    0.795200000000E+004    0.562699607343E-005
    0.800200000000E+004    0.581093493047E-005
    0.805200000000E+004    0.599934411547E-005
    0.810200000000E+004    0.619229283566E-005
    0.815200000000E+004    0.638985067516E-005
    0.820200000000E+004    0.659208759021E-005
    0.825200000000E+004    0.679907390449E-005
    0.830200000000E+004    0.701088030437E-005
    0.835200000000E+004    0.722757783408E-005
    0.840200000000E+004    0.744923789103E-005
    0.845200000000E+004    0.767593222104E-005
    0.850200000000E+004    0.790773291371E-005
    0.855200000000E+004    0.814471239781E-005
    0.860200000000E+004    0.838694343672E-005
    0.865200000000E+004    0.863449912376E-005
    0.870200000000E+004    0.888745287766E-005
    0.875200000000E+004    0.914587843785E-005
    0.880200000000E+004    0.940984985984E-005
    0.885200000000E+004    0.967944151061E-005
    0.890200000000E+004    0.995472806406E-005
    0.895200000000E+004    0.102357844965E-004
    0.900200000000E+004    0.105226860822E-004
    0.905200000000E+004    0.108155083891E-004
    0.910200000000E+004    0.111143272739E-004
    0.915200000000E+004    0.114192188782E-004
    0.920200000000E+004    0.117302596237E-004
    0.925200000000E+004    0.120475262075E-004
    0.930200000000E+004    0.123710955982E-004
    0.935200000000E+004    0.127010450310E-004
    0.940200000000E+004    0.130374520040E-004
    0.945200000000E+004    0.133803942732E-004
    0.950200000000E+004    0.137299498488E-004
    0.955200000000E+004    0.140861969910E-004
    0.960200000000E+004    0.144492142049E-004
    0.965200000000E+004    0.148190802372E-004
    0.970200000000E+004    0.151958740714E-004
    0.975200000000E+004    0.155796749234E-004
    0.980200000000E+004    0.159705622379E-004
    0.985200000000E+004    0.163686156839E-004
    0.990200000000E+004    0.167739151509E-004
    0.995200000000E+004    0.171865407446E-004
    0.100020000000E+005    0.176065727828E-004
    0.100520000000E+005    0.180340917915E-004
    0.101020000000E+005    0.184691785008E-004
    0.101520000000E+005    0.189119138407E-004
    0.102020000000E+005    0.193623789371E-004
    0.102520000000E+005    0.198206551080E-004
    0.103020000000E+005    0.202868238597E-004
    0.103520000000E+005    0.207609668829E-004
    0.104020000000E+005    0.212431660484E-004
    0.104520000000E+005    0.217335034041E-004
    0.105020000000E+005    0.222320611702E-004
    0.105520000000E+005    0.227389217360E-004
    0.106020000000E+005    0.232541676556E-004
    0.106520000000E+005    0.237778816445E-004
    0.107020000000E+005    0.243101465759E-004
    0.107520000000E+005    0.248510454769E-004
    0.108020000000E+005    0.254006615247E-004
    0.108520000000E+005    0.259590780435E-004
    0.109020000000E+005    0.265263785003E-004
    0.109520000000E+005    0.271026465014E-004
    0.110020000000E+005    0.276879657888E-004
    0.110520000000E+005    0.282824202366E-004
    0.111020000000E+005    0.288860938476E-004
    0.111520000000E+005    0.294990707497E-004
    0.112020000000E+005    0.301214351925E-004
    0.112520000000E+005    0.307532715442E-004
    0.113020000000E+005    0.313946642874E-004
    0.113520000000E+005    0.320456980165E-004
    0.114020000000E+005    0.327064574336E-004
    0.114520000000E+005    0.333770273455E-004
    0.115020000000E+005    0.340574926602E-004
    0.115520000000E+005    0.347479383839E-004
    0.116020000000E+005    0.354484496172E-004
    0.116520000000E+005    0.361591115525E-004
    0.117020000000E+005    0.368800094705E-004
    0.117520000000E+005    0.376112287371E-004
    0.118020000000E+005    0.383528547997E-004
    0.118520000000E+005    0.391049731848E-004
    0.119020000000E+005    0.398676694941E-004
    0.119520000000E+005    0.406410294017E-004
    0.120020000000E+005    0.414251386513E-004
    0.120520000000E+005    0.422200830528E-004
    0.121020000000E+005    0.430259484796E-004
    0.121520000000E+005    0.438428208652E-004
    0.122020000000E+005    0.446707862008E-004
    0.122520000000E+005    0.455099305316E-004
    0.123020000000E+005    0.463603399542E-004
    0.123520000000E+005    0.472221006137E-004
    0.124020000000E+005    0.480952987006E-004
    0.124520000000E+005    0.489800204484E-004
    0.125020000000E+005    0.498763521303E-004
    0.125520000000E+005    0.507843800567E-004
    0.126020000000E+005    0.517041905724E-004
    0.126520000000E+005    0.526358700536E-004
    0.127020000000E+005    0.535795049053E-004
    0.127520000000E+005    0.545351815583E-004
    0.128020000000E+005    0.555029864669E-004
    0.128520000000E+005    0.564830061057E-004
    0.129020000000E+005    0.574753269675E-004
    0.129520000000E+005    0.584800355606E-004
    0.130020000000E+005    0.594972184060E-004
    0.130520000000E+005    0.605269620348E-004
    0.131020000000E+005    0.615693529858E-004
    0.131520000000E+005    0.626244778026E-004
    0.132020000000E+005    0.636924230315E-004
    0.132520000000E+005    0.647732752185E-004
    0.133020000000E+005    0.658671209073E-004
    0.133520000000E+005    0.669740466366E-004
    0.134020000000E+005    0.680941389380E-004
    0.134520000000E+005    0.692274843331E-004
    0.135020000000E+005    0.703741693316E-004
    0.135520000000E+005    0.715342804286E-004
    0.136020000000E+005    0.727079041021E-004
    0.136520000000E+005    0.738951268110E-004
    0.137020000000E+005    0.750960349924E-004
    0.137520000000E+005    0.763107150599E-004
    0.138020000000E+005    0.775392534010E-004
    0.138520000000E+005    0.787817363748E-004
    0.139020000000E+005    0.800382503101E-004
    0.139520000000E+005    0.813088815030E-004
    0.140020000000E+005    0.825937162144E-004
    0.140520000000E+005    0.838928406681E-004
    0.141020000000E+005    0.852063410487E-004
    0.141520000000E+005    0.865343034995E-004
    0.142020000000E+005    0.878768141202E-004
    0.142520000000E+005    0.892339589652E-004
    0.143020000000E+005    0.906058240412E-004
    0.143520000000E+005    0.919924953055E-004
    0.144020000000E+005    0.933940586635E-004
    0.144520000000E+005    0.948105999669E-004
    0.145020000000E+005    0.962422050119E-004
    0.145520000000E+005    0.976889595366E-004
    0.146020000000E+005    0.991509492199E-004
    0.146520000000E+005    0.100628259679E-003
    0.147020000000E+005    0.102120976468E-003
    0.147520000000E+005    0.103629185076E-003
    0.148020000000E+005    0.105152970925E-003
    0.148520000000E+005    0.106692419366E-003
    0.149020000000E+005    0.108247615681E-003
    0.149520000000E+005    0.109818645080E-003
    0.150020000000E+005    0.111405592696E-003
    0.150520000000E+005    0.113008543587E-003
    0.151020000000E+005    0.114627582734E-003
    0.151520000000E+005    0.116262795037E-003
    0.152020000000E+005    0.117914265315E-003
    0.152520000000E+005    0.119582078303E-003
    0.153020000000E+005    0.121266318652E-003
    0.153520000000E+005    0.122967070926E-003
    0.154020000000E+005    0.124684419601E-003
    0.154520000000E+005    0.126418449063E-003
    0.155020000000E+005    0.128169243605E-003
    0.155520000000E+005    0.129936887429E-003
    0.156020000000E+005    0.131721464641E-003
    0.156520000000E+005    0.133523059252E-003
    0.157020000000E+005    0.135341755174E-003
    0.157520000000E+005    0.137177636220E-003
    0.158020000000E+005    0.139030786101E-003
    0.158520000000E+005    0.140901288426E-003
    0.159020000000E+005    0.142789226701E-003
    0.159520000000E+005    0.144694684326E-003
    0.160020000000E+005    0.146617744594E-003
    0.160520000000E+005    0.148558490689E-003
    0.161020000000E+005    0.150517005687E-003
    0.161520000000E+005    0.152493372551E-003
    0.162020000000E+005    0.154487674131E-003
    0.162520000000E+005    0.156499993165E-003
    0.163020000000E+005    0.158530412275E-003
    0.163520000000E+005    0.160579013964E-003
    0.164020000000E+005    0.162645880620E-003
    0.164520000000E+005    0.164731094509E-003
    0.165020000000E+005    0.166834737779E-003
    0.165520000000E+005    0.168956892453E-003
    0.166020000000E+005    0.171097640434E-003
    0.166520000000E+005    0.173257063496E-003
    0.167020000000E+005    0.175435243291E-003
    0.167520000000E+005    0.177632261343E-003
    0.168020000000E+005    0.179848199045E-003
    0.168520000000E+005    0.182083137664E-003
    0.169020000000E+005    0.184337158335E-003
    0.169520000000E+005    0.186610342059E-003
    0.170020000000E+005    0.188902769708E-003
    0.170520000000E+005    0.191214522016E-003
    0.171020000000E+005    0.193545679583E-003
    0.171520000000E+005    0.195896322872E-003
    0.172020000000E+005    0.198266532209E-003
    0.172520000000E+005    0.200656387779E-003
    0.173020000000E+005    0.203065969631E-003
    0.173520000000E+005    0.205495357670E-003
    0.174020000000E+005    0.207944631660E-003
    0.174520000000E+005    0.210413871220E-003
    0.175020000000E+005    0.212903155828E-003
    0.175520000000E+005    0.215412564814E-003
    0.176020000000E+005    0.217942177363E-003
    0.176520000000E+005    0.220492072513E-003
    0.177020000000E+005    0.223062329152E-003
    0.177520000000E+005    0.225653026021E-003
    0.178020000000E+005    0.228264241709E-003
    0.178520000000E+005    0.230896054656E-003
    0.179020000000E+005    0.233548543146E-003
    0.179520000000E+005    0.236221785315E-003
    0.180020000000E+005    0.238915859140E-003
    0.180520000000E+005    0.241630842446E-003
    0.181020000000E+005    0.244366812901E-003
    0.181520000000E+005    0.247123848018E-003
    0.182020000000E+005    0.249902025150E-003
    0.182520000000E+005    0.252701421492E-003
    0.183020000000E+005    0.255522114082E-003
    0.183520000000E+005    0.258364179795E-003
    0.184020000000E+005    0.261227695346E-003
    0.184520000000E+005    0.264112737288E-003
    0.185020000000E+005    0.267019382010E-003
    0.185520000000E+005    0.269947705741E-003
    0.186020000000E+005    0.272897784542E-003
    0.186520000000E+005    0.275869694311E-003
    0.187020000000E+005    0.278863510779E-003
    0.187520000000E+005    0.281879309512E-003
    0.188020000000E+005    0.284917165906E-003
    0.188520000000E+005    0.287977155191E-003
    0.189020000000E+005    0.291059352428E-003
    0.189520000000E+005    0.294163832506E-003
    0.190020000000E+005    0.297290670146E-003
    0.190520000000E+005    0.300439939899E-003
    0.191020000000E+005    0.303611716141E-003
    0.191520000000E+005    0.306806073077E-003
    0.192020000000E+005    0.310023084740E-003
    0.192520000000E+005    0.313262824988E-003
    0.193020000000E+005    0.316525367505E-003
    0.193520000000E+005    0.319810785800E-003
    0.194020000000E+005    0.323119153204E-003
    0.194520000000E+005    0.326450542876E-003
    0.195020000000E+005    0.329805027794E-003
    0.195520000000E+005    0.333182680761E-003
    0.196020000000E+005    0.336583574400E-003
    0.196520000000E+005    0.340007781157E-003
    0.197020000000E+005    0.343455373296E-003
    0.197520000000E+005    0.346926422904E-003
    0.198020000000E+005    0.350421001884E-003
    0.198520000000E+005    0.353939181962E-003
    0.199020000000E+005    0.357481034678E-003
    0.199520000000E+005    0.361046631394E-003
    0.200020000000E+005    0.364636043285E-003
    0.200520000000E+005    0.368249341346E-003
    0.201020000000E+005    0.371886596387E-003
    0.201520000000E+005    0.375547879034E-003
    0.202020000000E+005    0.379233259726E-003
    0.202520000000E+005    0.382942808719E-003
    0.203020000000E+005    0.386676596083E-003
    0.203520000000E+005    0.390434691701E-003
    0.204020000000E+005    0.394217165270E-003
    0.204520000000E+005    0.398024086298E-003
    0.205020000000E+005    0.401855524107E-003
    0.205520000000E+005    0.405711547830E-003
    0.206020000000E+005    0.409592226412E-003
    0.206520000000E+005    0.413497628608E-003
    0.207020000000E+005    0.417427822983E-003
    0.207520000000E+005    0.421382877915E-003
    0.208020000000E+005    0.425362861588E-003
    0.208520000000E+005    0.429367841998E-003
    0.209020000000E+005    0.433397886948E-003
    0.209520000000E+005    0.437453064050E-003
    0.210020000000E+005    0.441533440726E-003
    0.210520000000E+005    0.445639084202E-003
    0.211020000000E+005    0.449770061513E-003
    0.211520000000E+005    0.453926439503E-003
    0.212020000000E+005    0.458108284819E-003
    0.212520000000E+005    0.462315663916E-003
    0.213020000000E+005    0.466548643056E-003
    0.213520000000E+005    0.470807288305E-003
    0.214020000000E+005    0.475091665534E-003
    0.214520000000E+005    0.479401840419E-003
    0.215020000000E+005    0.483737878441E-003
    0.215520000000E+005    0.488099844885E-003
    0.216020000000E+005    0.492487804840E-003
    0.216520000000E+005    0.496901823199E-003
    0.217020000000E+005    0.501341964657E-003
    0.217520000000E+005    0.505808293714E-003
    0.218020000000E+005    0.510300874671E-003
    0.218520000000E+005    0.514819771632E-003
    0.219020000000E+005    0.519365048503E-003
    0.219520000000E+005    0.523936768991E-003
    0.220020000000E+005    0.528534996608E-003
    0.220520000000E+005    0.533159794664E-003
    0.221020000000E+005    0.537811226270E-003
    0.221520000000E+005    0.542489354341E-003
    0.222020000000E+005    0.547194241590E-003
    0.222520000000E+005    0.551925950531E-003
    0.223020000000E+005    0.556684543478E-003
    0.223520000000E+005    0.561470082546E-003
    0.224020000000E+005    0.566282629647E-003
    0.224520000000E+005    0.571122246497E-003
    0.225020000000E+005    0.575988994607E-003
    0.225520000000E+005    0.580882935290E-003
    0.226020000000E+005    0.585804129657E-003
    0.226520000000E+005    0.590752638616E-003
    0.227020000000E+005    0.595728522877E-003
    0.227520000000E+005    0.600731842944E-003
    0.228020000000E+005    0.605762659124E-003
    0.228520000000E+005    0.610821031517E-003
    0.229020000000E+005    0.615907020026E-003
    0.229520000000E+005    0.621020684347E-003
    0.230020000000E+005    0.626162083977E-003
    0.230520000000E+005    0.631331278208E-003
    0.231020000000E+005    0.636528326131E-003
    0.231520000000E+005    0.641753286632E-003
    0.232020000000E+005    0.647006218396E-003
    0.232520000000E+005    0.652287179903E-003
    0.233020000000E+005    0.657596229432E-003
    0.233520000000E+005    0.662933425056E-003
    0.234020000000E+005    0.668298824645E-003
    0.234520000000E+005    0.673692485868E-003
    0.235020000000E+005    0.679114466186E-003
    0.235520000000E+005    0.684564822858E-003
    0.236020000000E+005    0.690043612941E-003
    0.236520000000E+005    0.695550893284E-003
    0.237020000000E+005    0.701086720534E-003
    0.237520000000E+005    0.706651151133E-003
    0.238020000000E+005    0.712244241321E-003
    0.238520000000E+005    0.717866047130E-003
    0.239020000000E+005    0.723516624389E-003
    0.239520000000E+005    0.729196028722E-003
    0.240020000000E+005    0.734904315550E-003
    0.240520000000E+005    0.740641540087E-003
    0.241020000000E+005    0.746407757342E-003
    0.241520000000E+005    0.752203022122E-003
    0.242020000000E+005    0.758027389026E-003
    0.242520000000E+005    0.763880912450E-003
    0.243020000000E+005    0.769763646583E-003
    0.243520000000E+005    0.775675645411E-003
    0.244020000000E+005    0.781616962714E-003
    0.244520000000E+005    0.787587652066E-003
    0.245020000000E+005    0.793587766837E-003
    0.245520000000E+005    0.799617360191E-003
    0.246020000000E+005    0.805676485088E-003
    0.246520000000E+005    0.811765194281E-003
    0.247020000000E+005    0.817883540319E-003
    0.247520000000E+005    0.824031575545E-003
    0.248020000000E+005    0.830209352097E-003
    0.248520000000E+005    0.836416921908E-003
    0.249020000000E+005    0.842654336704E-003
    0.249520000000E+005    0.848921648008E-003
    0.250020000000E+005    0.855218907137E-003
    0.250520000000E+005    0.861546165200E-003
    0.251020000000E+005    0.867903473106E-003
    0.251520000000E+005    0.874290881553E-003
    0.252020000000E+005    0.880708441038E-003
    0.252520000000E+005    0.887156201851E-003
    0.253020000000E+005    0.893634214076E-003
    0.253520000000E+005    0.900142527594E-003
    0.254020000000E+005    0.906681192077E-003
    0.254520000000E+005    0.913250256996E-003
    0.255020000000E+005    0.919849771615E-003
    0.255520000000E+005    0.926479784993E-003
    0.256020000000E+005    0.933140345983E-003
    0.256520000000E+005    0.939831503234E-003
    0.257020000000E+005    0.946553305191E-003
    0.257520000000E+005    0.953305800093E-003
    0.258020000000E+005    0.960089035973E-003
    0.258520000000E+005    0.966903060660E-003
    0.259020000000E+005    0.973747921780E-003
    0.259520000000E+005    0.980623666751E-003
    0.260020000000E+005    0.987530342790E-003
    0.260520000000E+005    0.994467996907E-003
    0.261020000000E+005    0.100143667591E-002
    0.261520000000E+005    0.100843642639E-002
    0.262020000000E+005    0.101546729476E-002
    0.262520000000E+005    0.102252932720E-002
    0.263020000000E+005    0.102962256971E-002
    0.263520000000E+005    0.103674706806E-002
    0.264020000000E+005    0.104390286785E-002
    0.264520000000E+005    0.105109001444E-002
    0.265020000000E+005    0.105830855300E-002
    0.265520000000E+005    0.106555852852E-002
    0.266020000000E+005    0.107283998574E-002
    0.266520000000E+005    0.108015296924E-002
    0.267020000000E+005    0.108749752337E-002
    0.267520000000E+005    0.109487369228E-002
    0.268020000000E+005    0.110228151993E-002
    0.268520000000E+005    0.110972105006E-002
    0.269020000000E+005    0.111719232622E-002
    0.269520000000E+005    0.112469539175E-002
    0.270020000000E+005    0.113223028979E-002
    0.270520000000E+005    0.113979706327E-002
    0.271020000000E+005    0.114739575493E-002
    0.271520000000E+005    0.115502640730E-002
    0.272020000000E+005    0.116268906271E-002
    0.272520000000E+005    0.117038376328E-002
    0.273020000000E+005    0.117811055093E-002
    0.273520000000E+005    0.118586946740E-002
    0.274020000000E+005    0.119366055419E-002
    0.274520000000E+005    0.120148385263E-002
    0.275020000000E+005    0.120933940383E-002
    0.275520000000E+005    0.121722724871E-002
    0.276020000000E+005    0.122514742798E-002
    0.276520000000E+005    0.123309998214E-002
    0.277020000000E+005    0.124108495152E-002
    0.277520000000E+005    0.124910237623E-002
    0.278020000000E+005    0.125715229616E-002
    0.278520000000E+005    0.126523475103E-002
    0.279020000000E+005    0.127334978035E-002
    0.279520000000E+005    0.128149742342E-002
    0.280020000000E+005    0.128967771935E-002
    0.280520000000E+005    0.129789070704E-002
    0.281020000000E+005    0.130613642521E-002
    0.281520000000E+005    0.131441491236E-002
    0.282020000000E+005    0.132272620680E-002
    0.282520000000E+005    0.133107034663E-002
    0.283020000000E+005    0.133944736976E-002
    0.283520000000E+005    0.134785731390E-002
    0.284020000000E+005    0.135630021656E-002
    0.284520000000E+005    0.136477611506E-002
    0.285020000000E+005    0.137328504650E-002
    0.285520000000E+005    0.138182704780E-002
    0.286020000000E+005    0.139040215567E-002
    0.286520000000E+005    0.139901040664E-002
    0.287020000000E+005    0.140765183701E-002
    0.287520000000E+005    0.141632648291E-002
    0.288020000000E+005    0.142503438027E-002
    0.288520000000E+005    0.143377556481E-002
    0.289020000000E+005    0.144255007206E-002
    0.289520000000E+005    0.145135793735E-002
    0.290020000000E+005    0.146019919582E-002
    0.290520000000E+005    0.146907388239E-002
    0.291020000000E+005    0.147798203183E-002
    0.291520000000E+005    0.148692367866E-002
    0.292020000000E+005    0.149589885724E-002
    0.292520000000E+005    0.150490760171E-002
    0.293020000000E+005    0.151394994605E-002
    0.293520000000E+005    0.152302592400E-002
    0.294020000000E+005    0.153213556913E-002
    0.294520000000E+005    0.154127891482E-002
    0.295020000000E+005    0.155045599424E-002
    0.295520000000E+005    0.155966684036E-002
    0.296020000000E+005    0.156891148597E-002
    0.296520000000E+005    0.157818996367E-002
    0.297020000000E+005    0.158750230584E-002
    0.297520000000E+005    0.159684854470E-002
    0.298020000000E+005    0.160622871225E-002
    0.298520000000E+005    0.161564284031E-002
    0.299020000000E+005    0.162509096049E-002
    0.299520000000E+005    0.163457310423E-002
    0.300020000000E+005    0.164408930275E-002
    0.300520000000E+005    0.165363958711E-002
    0.301020000000E+005    0.166322398814E-002
    0.301520000000E+005    0.167284253652E-002
    0.302020000000E+005    0.168249526269E-002
    0.302520000000E+005    0.169218219694E-002
    0.303020000000E+005    0.170190336934E-002
    0.303520000000E+005    0.171165880978E-002
    0.304020000000E+005    0.172144854797E-002
    0.304520000000E+005    0.173127261340E-002
    0.305020000000E+005    0.174113103539E-002
    0.305520000000E+005    0.175102384306E-002
    0.306020000000E+005    0.176095106536E-002
    0.306520000000E+005    0.177091273102E-002
    0.307020000000E+005    0.178090886859E-002
    0.307520000000E+005    0.179093950645E-002
    0.308020000000E+005    0.180100467276E-002
    0.308520000000E+005    0.181110439551E-002
    0.309020000000E+005    0.182123870249E-002
    0.309520000000E+005    0.183140762131E-002
    0.310020000000E+005    0.184161117938E-002
    0.310520000000E+005    0.185184940394E-002
    0.311020000000E+005    0.186212232202E-002
    0.311520000000E+005    0.187242996049E-002
    0.312020000000E+005    0.188277234599E-002
    0.312520000000E+005    0.189314950501E-002
    0.313020000000E+005    0.190356146384E-002
    0.313520000000E+005    0.191400824858E-002
    0.314020000000E+005    0.192448988514E-002
    0.314520000000E+005    0.193500639925E-002
    0.315020000000E+005    0.194555781646E-002
    0.315520000000E+005    0.195614416212E-002
    0.316020000000E+005    0.196676546140E-002
    0.316520000000E+005    0.197742173928E-002
    0.317020000000E+005    0.198811302057E-002
    0.317520000000E+005    0.199883932986E-002
    0.318020000000E+005    0.200960069160E-002
    0.318520000000E+005    0.202039713003E-002
    0.319020000000E+005    0.203122866919E-002
    0.319520000000E+005    0.204209533298E-002
    0.320020000000E+005    0.205299714507E-002
    0.320520000000E+005    0.206393412897E-002
    0.321020000000E+005    0.207490630801E-002
    0.321520000000E+005    0.208591370531E-002
    0.322020000000E+005    0.209695634385E-002
    0.322520000000E+005    0.210803424639E-002
    0.323020000000E+005    0.211914743552E-002
    0.323520000000E+005    0.213029593365E-002
    0.324020000000E+005    0.214147976300E-002
    0.324520000000E+005    0.215269894562E-002
    0.325020000000E+005    0.216395350337E-002
    0.325520000000E+005    0.217524345792E-002
    0.326020000000E+005    0.218656883079E-002
    0.326520000000E+005    0.219792964328E-002
    0.327020000000E+005    0.220932591653E-002
    0.327520000000E+005    0.222075767150E-002
    0.328020000000E+005    0.223222492897E-002
    0.328520000000E+005    0.224372770953E-002
    0.329020000000E+005    0.225526603360E-002
    0.329520000000E+005    0.226683992142E-002
    0.330020000000E+005    0.227844939304E-002
    0.330520000000E+005    0.229009446834E-002
    0.331020000000E+005    0.230177516703E-002
    0.331520000000E+005    0.231349150863E-002
    0.332020000000E+005    0.232524351247E-002
    0.332520000000E+005    0.233703119774E-002
    0.333020000000E+005    0.234885458340E-002
    0.333520000000E+005    0.236071368828E-002
    0.334020000000E+005    0.237260853101E-002
    0.334520000000E+005    0.238453913003E-002
    0.335020000000E+005    0.239650550365E-002
    0.335520000000E+005    0.240850766995E-002
    0.336020000000E+005    0.242054564686E-002
    0.336520000000E+005    0.243261945214E-002
    0.337020000000E+005    0.244472910336E-002
    0.337520000000E+005    0.245687461792E-002
    0.338020000000E+005    0.246905601304E-002
    0.338520000000E+005    0.248127330578E-002
    0.339020000000E+005    0.249352651301E-002
    0.339520000000E+005    0.250581565143E-002
    0.340020000000E+005    0.251814073757E-002
    0.340520000000E+005    0.253050178778E-002
    0.341020000000E+005    0.254289881824E-002
    0.341520000000E+005    0.255533184495E-002
    0.342020000000E+005    0.256780088376E-002
    0.342520000000E+005    0.258030595031E-002
    0.343020000000E+005    0.259284706010E-002
    0.343520000000E+005    0.260542422844E-002
    0.344020000000E+005    0.261803747047E-002
    0.344520000000E+005    0.263068680118E-002
    0.345020000000E+005    0.264337223534E-002
    0.345520000000E+005    0.265609378760E-002
    0.346020000000E+005    0.266885147242E-002
    0.346520000000E+005    0.268164530407E-002
    0.347020000000E+005    0.269447529667E-002
    0.347520000000E+005    0.270734146418E-002
    0.348020000000E+005    0.272024382036E-002
    0.348520000000E+005    0.273318237883E-002
    0.349020000000E+005    0.274615715301E-002
    0.349520000000E+005    0.275916815618E-002
    0.350020000000E+005    0.277221540144E-002
    0.350520000000E+005    0.278529890172E-002
    0.351020000000E+005    0.279841866977E-002
    0.351520000000E+005    0.281157471820E-002
    0.352020000000E+005    0.282476705943E-002
    0.352520000000E+005    0.283799570571E-002
    0.353020000000E+005    0.285126066914E-002
    0.353520000000E+005    0.286456196164E-002
    0.354020000000E+005    0.287789959496E-002
    0.354520000000E+005    0.289127358071E-002
    0.355020000000E+005    0.290468393030E-002
    0.355520000000E+005    0.291813065500E-002
    0.356020000000E+005    0.293161376589E-002
    0.356520000000E+005    0.294513327390E-002
    0.357020000000E+005    0.295868918979E-002
    0.357520000000E+005    0.297228152416E-002
    0.358020000000E+005    0.298591028745E-002
    0.358520000000E+005    0.299957548992E-002
    0.359020000000E+005    0.301327714167E-002
    0.359520000000E+005    0.302701525265E-002
    0.360020000000E+005    0.304078983263E-002
    0.360520000000E+005    0.305460089122E-002
    0.361020000000E+005    0.306844843788E-002
    0.361520000000E+005    0.308233248189E-002
    0.362020000000E+005    0.309625303237E-002
    0.362520000000E+005    0.311021009830E-002
    0.363020000000E+005    0.312420368846E-002
    0.363520000000E+005    0.313823381150E-002
    0.364020000000E+005    0.315230047590E-002
    0.364520000000E+005    0.316640368996E-002
    0.365020000000E+005    0.318054346186E-002
    0.365520000000E+005    0.319471979957E-002
    0.366020000000E+005    0.320893271094E-002
    0.366520000000E+005    0.322318220363E-002
    0.367020000000E+005    0.323746828517E-002
    0.367520000000E+005    0.325179096290E-002
    0.368020000000E+005    0.326615024403E-002
    0.368520000000E+005    0.328054613558E-002
    0.369020000000E+005    0.329497864444E-002
    0.369520000000E+005    0.330944777732E-002
    0.370020000000E+005    0.332395354079E-002
    0.370520000000E+005    0.333849594124E-002
    0.371020000000E+005    0.335307498492E-002
    0.371520000000E+005    0.336769067793E-002
    0.372020000000E+005    0.338234302618E-002
    0.372520000000E+005    0.339703203545E-002
    0.373020000000E+005    0.341175771136E-002
    0.373520000000E+005    0.342652005937E-002
    0.374020000000E+005    0.344131908479E-002
    0.374520000000E+005    0.345615479275E-002
    0.375020000000E+005    0.347102718826E-002
    0.375520000000E+005    0.348593627615E-002
    0.376020000000E+005    0.350088206110E-002
    0.376520000000E+005    0.351586454764E-002
    0.377020000000E+005    0.353088374015E-002
    0.377520000000E+005    0.354593964283E-002
    0.378020000000E+005    0.356103225977E-002
    0.378520000000E+005    0.357616159486E-002
    0.379020000000E+005    0.359132765187E-002
    0.379520000000E+005    0.360653043440E-002
    0.380020000000E+005    0.362176994589E-002
    0.380520000000E+005    0.363704618966E-002
    0.381020000000E+005    0.365235916885E-002
    0.381520000000E+005    0.366770888644E-002
    0.382020000000E+005    0.368309534529E-002
    0.382520000000E+005    0.369851854808E-002
    0.383020000000E+005    0.371397849736E-002
    0.383520000000E+005    0.372947519551E-002
    0.384020000000E+005    0.374500864476E-002
    0.384520000000E+005    0.376057884722E-002
    0.385020000000E+005    0.377618580481E-002
    0.385520000000E+005    0.379182951932E-002
    0.386020000000E+005    0.380750999239E-002
    0.386520000000E+005    0.382322722550E-002
    0.387020000000E+005    0.383898122000E-002
    0.387520000000E+005    0.385477197707E-002
    0.388020000000E+005    0.387059949776E-002
    0.388520000000E+005    0.388646378296E-002
    0.389020000000E+005    0.390236483341E-002
    0.389520000000E+005    0.391830264971E-002
    0.390020000000E+005    0.393427723231E-002
    0.390520000000E+005    0.395028858150E-002
    0.391020000000E+005    0.396633669746E-002
    0.391520000000E+005    0.398242158017E-002
    0.392020000000E+005    0.399854322951E-002
    0.392520000000E+005    0.401470164519E-002
    0.393020000000E+005    0.403089682678E-002
    0.393520000000E+005    0.404712877369E-002
    0.394020000000E+005    0.406339748522E-002
    0.394520000000E+005    0.407970296049E-002
    0.395020000000E+005    0.409604519848E-002
    0.395520000000E+005    0.411242419805E-002
    0.396020000000E+005    0.412883995789E-002
    0.396520000000E+005    0.414529247656E-002
    0.397020000000E+005    0.416178175246E-002
    0.397520000000E+005    0.417830778386E-002
    0.398020000000E+005    0.419487056889E-002
    0.398520000000E+005    0.421147010553E-002
    0.399020000000E+005    0.422810639160E-002
    0.399520000000E+005    0.424477942482E-002
    0.400020000000E+005    0.426148920272E-002
    0.400520000000E+005    0.427823572273E-002
    0.401020000000E+005    0.429501898210E-002
    0.401520000000E+005    0.431183897798E-002
    0.402020000000E+005    0.432869570733E-002
    0.402520000000E+005    0.434558916701E-002
    0.403020000000E+005    0.436251935372E-002
    0.403520000000E+005    0.437948626403E-002
    0.404020000000E+005    0.439648989435E-002
    0.404520000000E+005    0.441353024097E-002
    0.405020000000E+005    0.443060730004E-002
    0.405520000000E+005    0.444772106755E-002
    0.406020000000E+005    0.446487153938E-002
    0.406520000000E+005    0.448205871125E-002
    0.407020000000E+005    0.449928257874E-002
    0.407520000000E+005    0.451654313730E-002
    0.408020000000E+005    0.453384038225E-002
    0.408520000000E+005    0.455117430875E-002
    0.409020000000E+005    0.456854491185E-002
    0.409520000000E+005    0.458595218644E-002
    0.410020000000E+005    0.460339612727E-002
    0.410520000000E+005    0.462087672898E-002
    0.411020000000E+005    0.463839398605E-002
    0.411520000000E+005    0.465594789283E-002
    0.412020000000E+005    0.467353844353E-002
    0.412520000000E+005    0.469116563224E-002
    0.413020000000E+005    0.470882945289E-002
    0.413520000000E+005    0.472652989929E-002
    0.414020000000E+005    0.474426696512E-002
    0.414520000000E+005    0.476204064391E-002
    0.415020000000E+005    0.477985092907E-002
    0.415520000000E+005    0.479769781386E-002
    0.416020000000E+005    0.481558129142E-002
    0.416520000000E+005    0.483350135475E-002
    0.417020000000E+005    0.485145799672E-002
    0.417520000000E+005    0.486945121005E-002
    0.418020000000E+005    0.488748098736E-002
    0.418520000000E+005    0.490554732110E-002
    0.419020000000E+005    0.492365020362E-002
    0.419520000000E+005    0.494178962711E-002
    0.420020000000E+005    0.495996558365E-002
    0.420520000000E+005    0.497817806518E-002
    0.421020000000E+005    0.499642706350E-002
    0.421520000000E+005    0.501471257029E-002
    0.422020000000E+005    0.503303457710E-002
    0.422520000000E+005    0.505139307534E-002
    0.423020000000E+005    0.506978805629E-002
    0.423520000000E+005    0.508821951110E-002
    0.424020000000E+005    0.510668743081E-002
    0.424520000000E+005    0.512519180630E-002
    0.425020000000E+005    0.514373262833E-002
    0.425520000000E+005    0.516230988755E-002
    0.426020000000E+005    0.518092357446E-002
    0.426520000000E+005    0.519957367943E-002
    0.427020000000E+005    0.521826019272E-002
    0.427520000000E+005    0.523698310444E-002
    0.428020000000E+005    0.525574240458E-002
    0.428520000000E+005    0.527453808301E-002
    0.429020000000E+005    0.529337012947E-002
    0.429520000000E+005    0.531223853357E-002
    0.430020000000E+005    0.533114328477E-002
    0.430520000000E+005    0.535008437246E-002
    0.431020000000E+005    0.536906178584E-002
    0.431520000000E+005    0.538807551402E-002
    0.432020000000E+005    0.540712554599E-002
    0.432520000000E+005    0.542621187058E-002
    0.433020000000E+005    0.544533447652E-002
    0.433520000000E+005    0.546449335242E-002
    0.434020000000E+005    0.548368848675E-002
    0.434520000000E+005    0.550291986785E-002
    0.435020000000E+005    0.552218748396E-002
    0.435520000000E+005    0.554149132316E-002
    0.436020000000E+005    0.556083137344E-002
    0.436520000000E+005    0.558020762266E-002
    0.437020000000E+005    0.559962005853E-002
    0.437520000000E+005    0.561906866866E-002
    0.438020000000E+005    0.563855344054E-002
    0.438520000000E+005    0.565807436152E-002
    0.439020000000E+005    0.567763141884E-002
    0.439520000000E+005    0.569722459961E-002
    0.440020000000E+005    0.571685389083E-002
    0.440520000000E+005    0.573651927937E-002
    0.441020000000E+005    0.575622075196E-002
    0.441520000000E+005    0.577595829525E-002
    0.442020000000E+005    0.579573189572E-002
    0.442520000000E+005    0.581554153978E-002
    0.443020000000E+005    0.583538721367E-002
    0.443520000000E+005    0.585526890355E-002
    0.444020000000E+005    0.587518659543E-002
    0.444520000000E+005    0.589514027521E-002
    0.445020000000E+005    0.591512992868E-002
    0.445520000000E+005    0.593515554151E-002
    0.446020000000E+005    0.595521709923E-002
    0.446520000000E+005    0.597531458726E-002
    0.447020000000E+005    0.599544799092E-002
    0.447520000000E+005    0.601561729539E-002
    0.448020000000E+005    0.603582248573E-002
    0.448520000000E+005    0.605606354690E-002
    0.449020000000E+005    0.607634046373E-002
    0.449520000000E+005    0.609665322093E-002
    0.450020000000E+005    0.611700180310E-002
    0.450520000000E+005    0.613738619471E-002
    0.451020000000E+005    0.615780638013E-002
    0.451520000000E+005    0.617826234361E-002
    0.452020000000E+005    0.619875406927E-002
    0.452520000000E+005    0.621928154112E-002
    0.453020000000E+005    0.623984474306E-002
    0.453520000000E+005    0.626044365888E-002
    0.454020000000E+005    0.628107827223E-002
    0.454520000000E+005    0.630174856666E-002
    0.455020000000E+005    0.632245452561E-002
    0.455520000000E+005    0.634319613239E-002
    0.456020000000E+005    0.636397337021E-002
    0.456520000000E+005    0.638478622217E-002
    0.457020000000E+005    0.640563467122E-002
    0.457520000000E+005    0.642651870024E-002
    0.458020000000E+005    0.644743829197E-002
    0.458520000000E+005    0.646839342905E-002
    0.459020000000E+005    0.648938409399E-002
    0.459520000000E+005    0.651041026920E-002
    0.460020000000E+005    0.653147193697E-002
    0.460520000000E+005    0.655256907949E-002
    0.461020000000E+005    0.657370167883E-002
    0.461520000000E+005    0.659486971693E-002
    0.462020000000E+005    0.661607317565E-002
    0.462520000000E+005    0.663731203672E-002
    0.463020000000E+005    0.665858628175E-002
    0.463520000000E+005    0.667989589225E-002
    0.464020000000E+005    0.670124084963E-002
    0.464520000000E+005    0.672262113517E-002
    0.465020000000E+005    0.674403673005E-002
    0.465520000000E+005    0.676548761532E-002
    0.466020000000E+005    0.678697377196E-002
    0.466520000000E+005    0.680849518079E-002
    0.467020000000E+005    0.683005182257E-002
    0.467520000000E+005    0.685164367790E-002
    0.468020000000E+005    0.687327072732E-002
    0.468520000000E+005    0.689493295121E-002
    0.469020000000E+005    0.691663032990E-002
    0.469520000000E+005    0.693836284355E-002
    0.470020000000E+005    0.696013047226E-002
    0.470520000000E+005    0.698193319599E-002
    0.471020000000E+005    0.700377099461E-002
    0.471520000000E+005    0.702564384787E-002
    0.472020000000E+005    0.704755173542E-002
    0.472520000000E+005    0.706949463681E-002
    0.473020000000E+005    0.709147253147E-002
    0.473520000000E+005    0.711348539871E-002
    0.474020000000E+005    0.713553321777E-002
    0.474520000000E+005    0.715761596775E-002
    0.475020000000E+005    0.717973362767E-002
    0.475520000000E+005    0.720188617641E-002
    0.476020000000E+005    0.722407359278E-002
    0.476520000000E+005    0.724629585545E-002
    0.477020000000E+005    0.726855294303E-002
    0.477520000000E+005    0.729084483397E-002
    0.478020000000E+005    0.731317150666E-002
    0.478520000000E+005    0.733553293936E-002
    0.479020000000E+005    0.735792911023E-002
    0.479520000000E+005    0.738035999733E-002
    0.480020000000E+005    0.740282557861E-002
    0.480520000000E+005    0.742532583193E-002
    0.481020000000E+005    0.744786073502E-002
    0.481520000000E+005    0.747043026552E-002
    0.482020000000E+005    0.749303440099E-002
    0.482520000000E+005    0.751567311884E-002
    0.483020000000E+005    0.753834639641E-002
    0.483520000000E+005    0.756105421093E-002
    0.484020000000E+005    0.758379653952E-002
    0.484520000000E+005    0.760657335921E-002
    0.485020000000E+005    0.762938464692E-002
    0.485520000000E+005    0.765223037946E-002
    0.486020000000E+005    0.767511053355E-002
    0.486520000000E+005    0.769802508581E-002
    0.487020000000E+005    0.772097401275E-002
    0.487520000000E+005    0.774395729078E-002
    0.488020000000E+005    0.776697489621E-002
    0.488520000000E+005    0.779002680526E-002
    0.489020000000E+005    0.781311299402E-002
    0.489520000000E+005    0.783623343851E-002
    0.490020000000E+005    0.785938811464E-002
    0.490520000000E+005    0.788257699821E-002
    0.491020000000E+005    0.790580006494E-002
    0.491520000000E+005    0.792905729042E-002
    0.492020000000E+005    0.795234865018E-002
    0.492520000000E+005    0.797567411961E-002
    0.493020000000E+005    0.799903367404E-002
    0.493520000000E+005    0.802242728866E-002
    0.494020000000E+005    0.804585493860E-002
    0.494520000000E+005    0.806931659886E-002
    0.495020000000E+005    0.809281224436E-002
    0.495520000000E+005    0.811634184992E-002
    0.496020000000E+005    0.813990539026E-002
    0.496520000000E+005    0.816350284000E-002
    0.497020000000E+005    0.818713417366E-002
    0.497520000000E+005    0.821079936567E-002
    0.498020000000E+005    0.823449839035E-002
    0.498520000000E+005    0.825823122195E-002
    0.499020000000E+005    0.828199783459E-002
    0.499520000000E+005    0.830579820231E-002
    0.500020000000E+005    0.832963229905E-002
    0.500520000000E+005    0.835350009867E-002
    0.501020000000E+005    0.837740157490E-002
    0.501520000000E+005    0.840133670141E-002
    0.502020000000E+005    0.842530545175E-002
    0.502520000000E+005    0.844930779938E-002
    0.503020000000E+005    0.847334371767E-002
    0.503520000000E+005    0.849741317989E-002
    0.504020000000E+005    0.852151615922E-002
    0.504520000000E+005    0.854565262873E-002
    0.505020000000E+005    0.856982256142E-002
    0.505520000000E+005    0.859402593018E-002
    0.506020000000E+005    0.861826270781E-002
    0.506520000000E+005    0.864253286700E-002
    0.507020000000E+005    0.866683638038E-002
    0.507520000000E+005    0.869117322045E-002
    0.508020000000E+005    0.871554335965E-002
    0.508520000000E+005    0.873994677029E-002
    0.509020000000E+005    0.876438342462E-002
    0.509520000000E+005    0.878885329477E-002
    0.510020000000E+005    0.881335635281E-002
    0.510520000000E+005    0.883789257069E-002
    0.511020000000E+005    0.886246192026E-002
    0.511520000000E+005    0.888706437331E-002
    0.512020000000E+005    0.891169990152E-002
    0.512520000000E+005    0.893636847647E-002
    0.513020000000E+005    0.896107006967E-002
    0.513520000000E+005    0.898580465251E-002
    0.514020000000E+005    0.901057219631E-002
    0.514520000000E+005    0.903537267230E-002
    0.515020000000E+005    0.906020605160E-002
    0.515520000000E+005    0.908507230526E-002
    0.516020000000E+005    0.910997140423E-002
    0.516520000000E+005    0.913490331936E-002
    0.517020000000E+005    0.915986802142E-002
    0.517520000000E+005    0.918486548110E-002
    0.518020000000E+005    0.920989566898E-002
    0.518520000000E+005    0.923495855556E-002
    0.519020000000E+005    0.926005411126E-002
    0.519520000000E+005    0.928518230638E-002
    0.520020000000E+005    0.931034311115E-002
    0.520520000000E+005    0.933553649573E-002
    0.521020000000E+005    0.936076243016E-002
    0.521520000000E+005    0.938602088441E-002
    0.522020000000E+005    0.941131182834E-002
    0.522520000000E+005    0.943663523175E-002
    0.523020000000E+005    0.946199106433E-002
    0.523520000000E+005    0.948737929569E-002
    0.524020000000E+005    0.951279989535E-002
    0.524520000000E+005    0.953825283275E-002
    0.525020000000E+005    0.956373807723E-002
    0.525520000000E+005    0.958925559804E-002
    0.526020000000E+005    0.961480536436E-002
    0.526520000000E+005    0.964038734527E-002
    0.527020000000E+005    0.966600150977E-002
    0.527520000000E+005    0.969164782677E-002
    0.528020000000E+005    0.971732626508E-002
    0.528520000000E+005    0.974303679345E-002
    0.529020000000E+005    0.976877938052E-002
    0.529520000000E+005    0.979455399486E-002
    0.530020000000E+005    0.982036060494E-002
    0.530520000000E+005    0.984619917915E-002
    0.531020000000E+005    0.987206968581E-002
    0.531520000000E+005    0.989797209312E-002
    0.532020000000E+005    0.992390636922E-002
    0.532520000000E+005    0.994987248216E-002
    0.533020000000E+005    0.997587039991E-002
    0.533520000000E+005    0.100019000903E-001
    0.534020000000E+005    0.100279615212E-001
    0.534520000000E+005    0.100540546603E-001
    0.535020000000E+005    0.100801794752E-001
    0.535520000000E+005    0.101063359335E-001
    0.536020000000E+005    0.101325240025E-001
    0.536520000000E+005    0.101587436498E-001
    0.537020000000E+005    0.101849948425E-001
    0.537520000000E+005    0.102112775478E-001
    0.538020000000E+005    0.102375917329E-001
    0.538520000000E+005    0.102639373649E-001
    0.539020000000E+005    0.102903144107E-001
    0.539520000000E+005    0.103167228370E-001
    0.540020000000E+005    0.103431626109E-001
    0.540520000000E+005    0.103696336988E-001
    0.541020000000E+005    0.103961360675E-001
    0.541520000000E+005    0.104226696835E-001
    0.542020000000E+005    0.104492345133E-001
    0.542520000000E+005    0.104758305232E-001
    0.543020000000E+005    0.105024576795E-001
    0.543520000000E+005    0.105291159484E-001
    0.544020000000E+005    0.105558052961E-001
    0.544520000000E+005    0.105825256886E-001
    0.545020000000E+005    0.106092770918E-001
    0.545520000000E+005    0.106360594717E-001
    0.546020000000E+005    0.106628727941E-001
    0.546520000000E+005    0.106897170246E-001
    0.547020000000E+005    0.107165921289E-001
    0.547520000000E+005    0.107434980726E-001
    0.548020000000E+005    0.107704348211E-001
    0.548520000000E+005    0.107974023399E-001
    0.549020000000E+005    0.108244005942E-001
    0.549520000000E+005    0.108514295494E-001
    0.550020000000E+005    0.108784891705E-001
    0.550520000000E+005    0.109055794226E-001
    0.551020000000E+005    0.109327002707E-001
    0.551520000000E+005    0.109598516798E-001
    0.552020000000E+005    0.109870336146E-001
    0.552520000000E+005    0.110142460400E-001
    0.553020000000E+005    0.110414889206E-001
    0.553520000000E+005    0.110687622210E-001
    0.554020000000E+005    0.110960659058E-001
    0.554520000000E+005    0.111233999393E-001
    0.555020000000E+005    0.111507642859E-001
    0.555520000000E+005    0.111781589100E-001
    0.556020000000E+005    0.112055837757E-001
    0.556520000000E+005    0.112330388471E-001
    0.557020000000E+005    0.112605240884E-001
    0.557520000000E+005    0.112880394634E-001
    0.558020000000E+005    0.113155849360E-001
    0.558520000000E+005    0.113431604702E-001
    0.559020000000E+005    0.113707660295E-001
    0.559520000000E+005    0.113984015777E-001
    0.560020000000E+005    0.114260670784E-001
    0.560520000000E+005    0.114537624950E-001
    0.561020000000E+005    0.114814877910E-001
    0.561520000000E+005    0.115092429297E-001
    0.562020000000E+005    0.115370278744E-001
    0.562520000000E+005    0.115648425883E-001
    0.563020000000E+005    0.115926870345E-001
    0.563520000000E+005    0.116205611761E-001
    0.564020000000E+005    0.116484649760E-001
    0.564520000000E+005    0.116763983972E-001
    0.565020000000E+005    0.117043614023E-001
    0.565520000000E+005    0.117323539543E-001
    0.566020000000E+005    0.117603760156E-001
    0.566520000000E+005    0.117884275490E-001
    0.567020000000E+005    0.118165085169E-001
    0.567520000000E+005    0.118446188817E-001
    0.568020000000E+005    0.118727586059E-001
    0.568520000000E+005    0.119009276516E-001
    0.569020000000E+005    0.119291259812E-001
    0.569520000000E+005    0.119573535567E-001
    0.570020000000E+005    0.119856103402E-001
    0.570520000000E+005    0.120138962937E-001
    0.571020000000E+005    0.120422113791E-001
    0.571520000000E+005    0.120705555582E-001
    0.572020000000E+005    0.120989287928E-001
    0.572520000000E+005    0.121273310446E-001
    0.573020000000E+005    0.121557622751E-001
    0.573520000000E+005    0.121842224460E-001
    0.574020000000E+005    0.122127115186E-001
    0.574520000000E+005    0.122412294545E-001
    0.575020000000E+005    0.122697762148E-001
    0.575520000000E+005    0.122983517608E-001
    0.576020000000E+005    0.123269560537E-001
    0.576520000000E+005    0.123555890547E-001
    0.577020000000E+005    0.123842507246E-001
    0.577520000000E+005    0.124129410245E-001
    0.578020000000E+005    0.124416599153E-001
    0.578520000000E+005    0.124704073577E-001
    0.579020000000E+005    0.124991833124E-001
    0.579520000000E+005    0.125279877402E-001
    0.580020000000E+005    0.125568206016E-001
    0.580520000000E+005    0.125856818571E-001
    0.581020000000E+005    0.126145714672E-001
    0.581520000000E+005    0.126434893922E-001
    0.582020000000E+005    0.126724355924E-001
    0.582520000000E+005    0.127014100281E-001
    0.583020000000E+005    0.127304126594E-001
    0.583520000000E+005    0.127594434463E-001
    0.584020000000E+005    0.127885023489E-001
    0.584520000000E+005    0.128175893272E-001
    0.585020000000E+005    0.128467043409E-001
    0.585520000000E+005    0.128758473499E-001
    0.586020000000E+005    0.129050183140E-001
    0.586520000000E+005    0.129342171926E-001
    0.587020000000E+005    0.129634439455E-001
    0.587520000000E+005    0.129926985322E-001
    0.588020000000E+005    0.130219809120E-001
    0.588520000000E+005    0.130512910443E-001
    0.589020000000E+005    0.130806288885E-001
    0.589520000000E+005    0.131099944038E-001
    0.590020000000E+005    0.131393875493E-001
    0.590520000000E+005    0.131688082841E-001
    0.591020000000E+005    0.131982565672E-001
    0.591520000000E+005    0.132277323576E-001
    0.592020000000E+005    0.132572356141E-001
    0.592520000000E+005    0.132867662956E-001
    0.593020000000E+005    0.133163243608E-001
    0.593520000000E+005    0.133459097683E-001
    0.594020000000E+005    0.133755224768E-001
    0.594520000000E+005    0.134051624447E-001
    0.595020000000E+005    0.134348296306E-001
    0.595520000000E+005    0.134645239928E-001
    0.596020000000E+005    0.134942454896E-001
    0.596520000000E+005    0.135239940794E-001
    0.597020000000E+005    0.135537697202E-001
    0.597520000000E+005    0.135835723701E-001
    0.598020000000E+005    0.136134019874E-001
    0.598520000000E+005    0.136432585298E-001
    0.599020000000E+005    0.136731419553E-001
    0.599520000000E+005    0.137030522218E-001
    0.600020000000E+005    0.137329892870E-001
    0.600520000000E+005    0.137629531086E-001
    0.601020000000E+005    0.137929436443E-001
    0.601520000000E+005    0.138229608515E-001
    0.602020000000E+005    0.138530046880E-001
    0.602520000000E+005    0.138830751109E-001
    0.603020000000E+005    0.139131720778E-001
    0.603520000000E+005    0.139432955459E-001
    0.604020000000E+005    0.139734454724E-001
    0.604520000000E+005    0.140036218145E-001
    0.605020000000E+005    0.140338245293E-001
    0.605520000000E+005    0.140640535737E-001
    0.606020000000E+005    0.140943089049E-001
    0.606520000000E+005    0.141245904796E-001
    0.607020000000E+005    0.141548982548E-001
    0.607520000000E+005    0.141852321870E-001
    0.608020000000E+005    0.142155922331E-001
    0.608520000000E+005    0.142459783496E-001
    0.609020000000E+005    0.142763904932E-001
    0.609520000000E+005    0.143068286203E-001
    0.610020000000E+005    0.143372926872E-001
    0.610520000000E+005    0.143677826505E-001
    0.611020000000E+005    0.143982984664E-001
    0.611520000000E+005    0.144288400911E-001
    0.612020000000E+005    0.144594074807E-001
    0.612520000000E+005    0.144900005914E-001
    0.613020000000E+005    0.145206193792E-001
    0.613520000000E+005    0.145512638001E-001
    0.614020000000E+005    0.145819338099E-001
    0.614520000000E+005    0.146126293644E-001
    0.615020000000E+005    0.146433504196E-001
    0.615520000000E+005    0.146740969310E-001
    0.616020000000E+005    0.147048688543E-001
    0.616520000000E+005    0.147356661450E-001
    0.617020000000E+005    0.147664887587E-001
    0.617520000000E+005    0.147973366508E-001
    0.618020000000E+005    0.148282097767E-001
    0.618520000000E+005    0.148591080917E-001
    0.619020000000E+005    0.148900315511E-001
    0.619520000000E+005    0.149209801099E-001
    0.620020000000E+005    0.149519537234E-001
    0.620520000000E+005    0.149829523466E-001
    0.621020000000E+005    0.150139759345E-001
    0.621520000000E+005    0.150450244420E-001
    0.622020000000E+005    0.150760978240E-001
    0.622520000000E+005    0.151071960353E-001
    0.623020000000E+005    0.151383190305E-001
    0.623520000000E+005    0.151694667644E-001
    0.624020000000E+005    0.152006391916E-001
    0.624520000000E+005    0.152318362666E-001
    0.625020000000E+005    0.152630579440E-001
    0.625520000000E+005    0.152943041780E-001
    0.626020000000E+005    0.153255749231E-001
    0.626520000000E+005    0.153568701335E-001
    0.627020000000E+005    0.153881897636E-001
    0.627520000000E+005    0.154195337673E-001
    0.628020000000E+005    0.154509020989E-001
    0.628520000000E+005    0.154822947124E-001
    0.629020000000E+005    0.155137115618E-001
    0.629520000000E+005    0.155451526009E-001
    0.630020000000E+005    0.155766177836E-001
    0.630520000000E+005    0.156081070637E-001
    0.631020000000E+005    0.156396203949E-001
    0.631520000000E+005    0.156711577309E-001
    0.632020000000E+005    0.157027190252E-001
    0.632520000000E+005    0.157343042315E-001
    0.633020000000E+005    0.157659133032E-001
    0.633520000000E+005    0.157975461936E-001
    0.634020000000E+005    0.158292028562E-001
    0.634520000000E+005    0.158608832443E-001
    0.635020000000E+005    0.158925873110E-001
    0.635520000000E+005    0.159243150095E-001
    0.636020000000E+005    0.159560662930E-001
    0.636520000000E+005    0.159878411144E-001
    0.637020000000E+005    0.160196394268E-001
    0.637520000000E+005    0.160514611831E-001
    0.638020000000E+005    0.160833063361E-001
    0.638520000000E+005    0.161151748386E-001
    0.639020000000E+005    0.161470666433E-001
    0.639520000000E+005    0.161789817031E-001
    0.640020000000E+005    0.162109199703E-001
    0.640520000000E+005    0.162428813977E-001
    0.641020000000E+005    0.162748659376E-001
    0.641520000000E+005    0.163068735426E-001
    0.642020000000E+005    0.163389041650E-001
    0.642520000000E+005    0.163709577571E-001
    0.643020000000E+005    0.164030342711E-001
    0.643520000000E+005    0.164351336593E-001
    0.644020000000E+005    0.164672558738E-001
    0.644520000000E+005    0.164994008666E-001
    0.645020000000E+005    0.165315685898E-001
    0.645520000000E+005    0.165637589953E-001
    0.646020000000E+005    0.165959720350E-001
    0.646520000000E+005    0.166282076607E-001
    0.647020000000E+005    0.166604658242E-001
    0.647520000000E+005    0.166927464773E-001
    0.648020000000E+005    0.167250495715E-001
    0.648520000000E+005    0.167573750584E-001
    0.649020000000E+005    0.167897228896E-001
    0.649520000000E+005    0.168220930166E-001
    0.650020000000E+005    0.168544853908E-001
    0.650520000000E+005    0.168868999635E-001
    0.651020000000E+005    0.169193366860E-001
    0.651520000000E+005    0.169517955096E-001
    0.652020000000E+005    0.169842763855E-001
    0.652520000000E+005    0.170167792647E-001
    0.653020000000E+005    0.170493040983E-001
    0.653520000000E+005    0.170818508374E-001
    0.654020000000E+005    0.171144194328E-001
    0.654520000000E+005    0.171470098355E-001
    0.655020000000E+005    0.171796219963E-001
    0.655520000000E+005    0.172122558659E-001
    0.656020000000E+005    0.172449113951E-001
    0.656520000000E+005    0.172775885346E-001
    0.657020000000E+005    0.173102872349E-001
    0.657520000000E+005    0.173430074465E-001
    0.658020000000E+005    0.173757491200E-001
    0.658520000000E+005    0.174085122057E-001
    0.659020000000E+005    0.174412966541E-001
    0.659520000000E+005    0.174741024154E-001
    0.660020000000E+005    0.175069294399E-001
    0.660520000000E+005    0.175397776777E-001
    0.661020000000E+005    0.175726470791E-001
    0.661520000000E+005    0.176055375941E-001
    0.662020000000E+005    0.176384491727E-001
    0.662520000000E+005    0.176713817649E-001
    0.663020000000E+005    0.177043353206E-001
    0.663520000000E+005    0.177373097896E-001
    0.664020000000E+005    0.177703051218E-001
    0.664520000000E+005    0.178033212668E-001
    0.665020000000E+005    0.178363581745E-001
    0.665520000000E+005    0.178694157943E-001
    0.666020000000E+005    0.179024940758E-001
    0.666520000000E+005    0.179355929686E-001
    0.667020000000E+005    0.179687124222E-001
    0.667520000000E+005    0.180018523859E-001
    0.668020000000E+005    0.180350128090E-001
    0.668520000000E+005    0.180681936409E-001
    0.669020000000E+005    0.181013948308E-001
    0.669520000000E+005    0.181346163279E-001
    0.670020000000E+005    0.181678580813E-001
    0.670520000000E+005    0.182011200400E-001
    0.671020000000E+005    0.182344021531E-001
    0.671520000000E+005    0.182677043696E-001
    0.672020000000E+005    0.183010266382E-001
    0.672520000000E+005    0.183343689080E-001
    0.673020000000E+005    0.183677311276E-001
    0.673520000000E+005    0.184011132458E-001
    0.674020000000E+005    0.184345152113E-001
    0.674520000000E+005    0.184679369727E-001
    0.675020000000E+005    0.185013784786E-001
    0.675520000000E+005    0.185348396775E-001
    0.676020000000E+005    0.185683205179E-001
    0.676520000000E+005    0.186018209482E-001
    0.677020000000E+005    0.186353409166E-001
    0.677520000000E+005    0.186688803716E-001
    0.678020000000E+005    0.187024392614E-001
    0.678520000000E+005    0.187360175341E-001
    0.679020000000E+005    0.187696151380E-001
    0.679520000000E+005    0.188032320210E-001
    0.680020000000E+005    0.188368681312E-001
    0.680520000000E+005    0.188705234167E-001
    0.681020000000E+005    0.189041978253E-001
    0.681520000000E+005    0.189378913048E-001
    0.682020000000E+005    0.189716038032E-001
    0.682520000000E+005    0.190053352681E-001
    0.683020000000E+005    0.190390856473E-001
    0.683520000000E+005    0.190728548885E-001
    0.684020000000E+005    0.191066429392E-001
    0.684520000000E+005    0.191404497470E-001
    0.685020000000E+005    0.191742752594E-001
    0.685520000000E+005    0.192081194238E-001
    0.686020000000E+005    0.192419821877E-001
    0.686520000000E+005    0.192758634983E-001
    0.687020000000E+005    0.193097633030E-001
    0.687520000000E+005    0.193436815490E-001
    0.688020000000E+005    0.193776181835E-001
    0.688520000000E+005    0.194115731537E-001
    0.689020000000E+005    0.194455464065E-001
    0.689520000000E+005    0.194795378890E-001
    0.690020000000E+005    0.195135475483E-001
    0.690520000000E+005    0.195475753312E-001
    0.691020000000E+005    0.195816211846E-001
    0.691520000000E+005    0.196156850554E-001
    0.692020000000E+005    0.196497668902E-001
    0.692520000000E+005    0.196838666359E-001
    0.693020000000E+005    0.197179842391E-001
    0.693520000000E+005    0.197521196463E-001
    0.694020000000E+005    0.197862728043E-001
    0.694520000000E+005    0.198204436594E-001
    0.695020000000E+005    0.198546321583E-001
    0.695520000000E+005    0.198888382471E-001
    0.696020000000E+005    0.199230618725E-001
    0.696520000000E+005    0.199573029805E-001
    0.697020000000E+005    0.199915615176E-001
    0.697520000000E+005    0.200258374300E-001
    0.698020000000E+005    0.200601306637E-001
    0.698520000000E+005    0.200944411649E-001
    0.699020000000E+005    0.201287688798E-001
    0.699520000000E+005    0.201631137542E-001
    0.700020000000E+005    0.201974757341E-001
    0.700520000000E+005    0.202318547655E-001
    0.701020000000E+005    0.202662507943E-001
    0.701520000000E+005    0.203006637662E-001
    0.702020000000E+005    0.203350936270E-001
    0.702520000000E+005    0.203695403225E-001
    0.703020000000E+005    0.204040037982E-001
    0.703520000000E+005    0.204384839999E-001
    0.704020000000E+005    0.204729808731E-001
    0.704520000000E+005    0.205074943632E-001
    0.705020000000E+005    0.205420244159E-001
    0.705520000000E+005    0.205765709765E-001
    0.706020000000E+005    0.206111339904E-001
    0.706520000000E+005    0.206457134029E-001
    0.707020000000E+005    0.206803091593E-001
    0.707520000000E+005    0.207149212048E-001
    0.708020000000E+005    0.207495494847E-001
    0.708520000000E+005    0.207841939440E-001
    0.709020000000E+005    0.208188545279E-001
    0.709520000000E+005    0.208535311813E-001
    0.710020000000E+005    0.208882238493E-001
    0.710520000000E+005    0.209229324769E-001
    0.711020000000E+005    0.209576570089E-001
    0.711520000000E+005    0.209923973902E-001
    0.712020000000E+005    0.210271535655E-001
    0.712520000000E+005    0.210619254797E-001
    0.713020000000E+005    0.210967130775E-001
    0.713520000000E+005    0.211315163035E-001
    0.714020000000E+005    0.211663351023E-001
    0.714520000000E+005    0.212011694186E-001
    0.715020000000E+005    0.212360191968E-001
    0.715520000000E+005    0.212708843814E-001
    0.716020000000E+005    0.213057649169E-001
    0.716520000000E+005    0.213406607476E-001
    0.717020000000E+005    0.213755718179E-001
    0.717520000000E+005    0.214104980721E-001
    0.718020000000E+005    0.214454394544E-001
    0.718520000000E+005    0.214803959091E-001
    0.719020000000E+005    0.215153673803E-001
    0.719520000000E+005    0.215503538121E-001
    0.720020000000E+005    0.215853551486E-001
    0.720520000000E+005    0.216203713338E-001
    0.721020000000E+005    0.216554023117E-001
    0.721520000000E+005    0.216904480263E-001
    0.722020000000E+005    0.217255084213E-001
    0.722520000000E+005    0.217605834408E-001
    0.723020000000E+005    0.217956730284E-001
    0.723520000000E+005    0.218307771279E-001
    0.724020000000E+005    0.218658956831E-001
    0.724520000000E+005    0.219010286376E-001
    0.725020000000E+005    0.219361759350E-001
    0.725520000000E+005    0.219713375190E-001
    0.726020000000E+005    0.220065133331E-001
    0.726520000000E+005    0.220417033207E-001
    0.727020000000E+005    0.220769074253E-001
    0.727520000000E+005    0.221121255903E-001
    0.728020000000E+005    0.221473577592E-001
    0.728520000000E+005    0.221826038751E-001
    0.729020000000E+005    0.222178638815E-001
    0.729520000000E+005    0.222531377215E-001
    0.730020000000E+005    0.222884253383E-001
    0.730520000000E+005    0.223237266751E-001
    0.731020000000E+005    0.223590416750E-001
    0.731520000000E+005    0.223943702811E-001
    0.732020000000E+005    0.224297124363E-001
    0.732520000000E+005    0.224650680838E-001
    0.733020000000E+005    0.225004371663E-001
    0.733520000000E+005    0.225358196269E-001
    0.734020000000E+005    0.225712154084E-001
    0.734520000000E+005    0.226066244536E-001
    0.735020000000E+005    0.226420467052E-001
    0.735520000000E+005    0.226774821061E-001
    0.736020000000E+005    0.227129305989E-001
    0.736520000000E+005    0.227483921263E-001
    0.737020000000E+005    0.227838666309E-001
    0.737520000000E+005    0.228193540552E-001
    0.738020000000E+005    0.228548543418E-001
    0.738520000000E+005    0.228903674332E-001
    0.739020000000E+005    0.229258932719E-001
    0.739520000000E+005    0.229614318002E-001
    0.740020000000E+005    0.229969829606E-001
    0.740520000000E+005    0.230325466953E-001
    0.741020000000E+005    0.230681229467E-001
    0.741520000000E+005    0.231037116570E-001
    0.742020000000E+005    0.231393127684E-001
    0.742520000000E+005    0.231749262232E-001
    0.743020000000E+005    0.232105519635E-001
    0.743520000000E+005    0.232461899312E-001
    0.744020000000E+005    0.232818400687E-001
    0.744520000000E+005    0.233175023177E-001
    0.745020000000E+005    0.233531766204E-001
    0.745520000000E+005    0.233888629186E-001
    0.746020000000E+005    0.234245611544E-001
    0.746520000000E+005    0.234602712695E-001
    0.747020000000E+005    0.234959932058E-001
    0.747520000000E+005    0.235317269051E-001
    0.748020000000E+005    0.235674723091E-001
    0.748520000000E+005    0.236032293596E-001
    0.749020000000E+005    0.236389979982E-001
    0.749520000000E+005    0.236747781666E-001
    0.750020000000E+005    0.237105698065E-001
    0.750520000000E+005    0.237463728593E-001
    0.751020000000E+005    0.237821872667E-001
    0.751520000000E+005    0.238180129701E-001
    0.752020000000E+005    0.238538499109E-001
    0.752520000000E+005    0.238896980307E-001
    0.753020000000E+005    0.239255572708E-001
    0.753520000000E+005    0.239614275726E-001
    0.754020000000E+005    0.239973088773E-001
    0.754520000000E+005    0.240332011264E-001
    0.755020000000E+005    0.240691042609E-001
    0.755520000000E+005    0.241050182222E-001
    0.756020000000E+005    0.241409429515E-001
    0.756520000000E+005    0.241768783898E-001
    0.757020000000E+005    0.242128244783E-001
    0.757520000000E+005    0.242487811581E-001
    0.758020000000E+005    0.242847483701E-001
    0.758520000000E+005    0.243207260555E-001
    0.759020000000E+005    0.243567141552E-001
    0.759520000000E+005    0.243927126101E-001
    0.760020000000E+005    0.244287213612E-001
    0.760520000000E+005    0.244647403493E-001
    0.761020000000E+005    0.245007695153E-001
    0.761520000000E+005    0.245368087999E-001
    0.762020000000E+005    0.245728581440E-001
    0.762520000000E+005    0.246089174883E-001
    0.763020000000E+005    0.246449867735E-001
    0.763520000000E+005    0.246810659402E-001
    0.764020000000E+005    0.247171549292E-001
    0.764520000000E+005    0.247532536810E-001
    0.765020000000E+005    0.247893621363E-001
    0.765520000000E+005    0.248254802355E-001
    0.766020000000E+005    0.248616079192E-001
    0.766520000000E+005    0.248977451279E-001
    0.767020000000E+005    0.249338918020E-001
    0.767520000000E+005    0.249700478820E-001
    0.768020000000E+005    0.250062133082E-001
    0.768520000000E+005    0.250423880211E-001
    0.769020000000E+005    0.250785719609E-001
    0.769520000000E+005    0.251147650679E-001
    0.770020000000E+005    0.251509672825E-001
    0.770520000000E+005    0.251871785449E-001
    0.771020000000E+005    0.252233987952E-001
    0.771520000000E+005    0.252596279737E-001
    0.772020000000E+005    0.252958660205E-001
    0.772520000000E+005    0.253321128758E-001
    0.773020000000E+005    0.253683684796E-001
    0.773520000000E+005    0.254046327719E-001
    0.774020000000E+005    0.254409056930E-001
    0.774520000000E+005    0.254771871827E-001
    0.775020000000E+005    0.255134771810E-001
    0.775520000000E+005    0.255497756279E-001
    0.776020000000E+005    0.255860824633E-001
    0.776520000000E+005    0.256223976271E-001
    0.777020000000E+005    0.256587210592E-001
    0.777520000000E+005    0.256950526994E-001
    0.778020000000E+005    0.257313924875E-001
    0.778520000000E+005    0.257677403634E-001
    0.779020000000E+005    0.258040962667E-001
    0.779520000000E+005    0.258404601372E-001
    0.780020000000E+005    0.258768319147E-001
    0.780520000000E+005    0.259132115387E-001
    0.781020000000E+005    0.259495989490E-001
    0.781520000000E+005    0.259859940852E-001
    0.782020000000E+005    0.260223968869E-001
    0.782520000000E+005    0.260588072936E-001
    0.783020000000E+005    0.260952252449E-001
    0.783520000000E+005    0.261316506804E-001
    0.784020000000E+005    0.261680835395E-001
    0.784520000000E+005    0.262045237618E-001
    0.785020000000E+005    0.262409712866E-001
    0.785520000000E+005    0.262774260534E-001
    0.786020000000E+005    0.263138880016E-001
    0.786520000000E+005    0.263503570706E-001
    0.787020000000E+005    0.263868331998E-001
    0.787520000000E+005    0.264233163284E-001
    0.788020000000E+005    0.264598063957E-001
    0.788520000000E+005    0.264963033412E-001
    0.789020000000E+005    0.265328071039E-001
    0.789520000000E+005    0.265693176233E-001
    0.790020000000E+005    0.266058348384E-001
    0.790520000000E+005    0.266423586885E-001
    0.791020000000E+005    0.266788891127E-001
    0.791520000000E+005    0.267154260503E-001
    0.792020000000E+005    0.267519694402E-001
    0.792520000000E+005    0.267885192217E-001
    0.793020000000E+005    0.268250753339E-001
    0.793520000000E+005    0.268616377157E-001
    0.794020000000E+005    0.268982063062E-001
    0.794520000000E+005    0.269347810445E-001
    0.795020000000E+005    0.269713618695E-001
    0.795520000000E+005    0.270079487202E-001
    0.796020000000E+005    0.270445415357E-001
    0.796520000000E+005    0.270811402547E-001
    0.797020000000E+005    0.271177448164E-001
    0.797520000000E+005    0.271543551594E-001
    0.798020000000E+005    0.271909712228E-001
    0.798520000000E+005    0.272275929454E-001
    0.799020000000E+005    0.272642202661E-001
    0.799520000000E+005    0.273008531236E-001
    0.800020000000E+005    0.273374914568E-001
    0.800520000000E+005    0.273741352044E-001
    0.801020000000E+005    0.274107843053E-001
    0.801520000000E+005    0.274474386981E-001
    0.802020000000E+005    0.274840983217E-001
    0.802520000000E+005    0.275207631147E-001
    0.803020000000E+005    0.275574330158E-001
    0.803520000000E+005    0.275941079637E-001
    0.804020000000E+005    0.276307878971E-001
    0.804520000000E+005    0.276674727546E-001
    0.805020000000E+005    0.277041624749E-001
    0.805520000000E+005    0.277408569966E-001
    0.806020000000E+005    0.277775562582E-001
    0.806520000000E+005    0.278142601984E-001
    0.807020000000E+005    0.278509687557E-001
    0.807520000000E+005    0.278876818687E-001
    0.808020000000E+005    0.279243994759E-001
    0.808520000000E+005    0.279611215158E-001
    0.809020000000E+005    0.279978479270E-001
    0.809520000000E+005    0.280345786479E-001
    0.810020000000E+005    0.280713136171E-001
    0.810520000000E+005    0.281080527729E-001
    0.811020000000E+005    0.281447960539E-001
    0.811520000000E+005    0.281815433984E-001
    0.812020000000E+005    0.282182947449E-001
    0.812520000000E+005    0.282550500319E-001
    0.813020000000E+005    0.282918091976E-001
    0.813520000000E+005    0.283285721806E-001
    0.814020000000E+005    0.283653389191E-001
    0.814520000000E+005    0.284021093516E-001
    0.815020000000E+005    0.284388834163E-001
    0.815520000000E+005    0.284756610516E-001
    0.816020000000E+005    0.285124421959E-001
    0.816520000000E+005    0.285492267874E-001
    0.817020000000E+005    0.285860147645E-001
    0.817520000000E+005    0.286228060654E-001
    0.818020000000E+005    0.286596006285E-001
    0.818520000000E+005    0.286963983919E-001
    0.819020000000E+005    0.287331992941E-001
    0.819520000000E+005    0.287700032731E-001
    0.820020000000E+005    0.288068102672E-001
    0.820520000000E+005    0.288436202148E-001
    0.821020000000E+005    0.288804330540E-001
    0.821520000000E+005    0.289172487229E-001
    0.822020000000E+005    0.289540671599E-001
    0.822520000000E+005    0.289908883031E-001
    0.823020000000E+005    0.290277120907E-001
    0.823520000000E+005    0.290645384609E-001
    0.824020000000E+005    0.291013673518E-001
    0.824520000000E+005    0.291381987017E-001
    0.825020000000E+005    0.291750324486E-001
    0.825520000000E+005    0.292118685307E-001
    0.826020000000E+005    0.292487068862E-001
    0.826520000000E+005    0.292855474531E-001
    0.827020000000E+005    0.293223901697E-001
    0.827520000000E+005    0.293592349740E-001
    0.828020000000E+005    0.293960818042E-001
    0.828520000000E+005    0.294329305984E-001
    0.829020000000E+005    0.294697812946E-001
    0.829520000000E+005    0.295066338309E-001
    0.830020000000E+005    0.295434881456E-001
    0.830520000000E+005    0.295803441766E-001
    0.831020000000E+005    0.296172018620E-001
    0.831520000000E+005    0.296540611399E-001
    0.832020000000E+005    0.296909219484E-001
    0.832520000000E+005    0.297277842256E-001
    0.833020000000E+005    0.297646479095E-001
    0.833520000000E+005    0.298015129381E-001
    0.834020000000E+005    0.298383792497E-001
    0.834520000000E+005    0.298752467821E-001
    0.835020000000E+005    0.299121154735E-001
    0.835520000000E+005    0.299489852619E-001
    0.836020000000E+005    0.299858560854E-001
    0.836520000000E+005    0.300227278820E-001
    0.837020000000E+005    0.300596005897E-001
    0.837520000000E+005    0.300964741467E-001
    0.838020000000E+005    0.301333484909E-001
    0.838520000000E+005    0.301702235604E-001
    0.839020000000E+005    0.302070992932E-001
    0.839520000000E+005    0.302439756274E-001
    0.840020000000E+005    0.302808525011E-001
    0.840520000000E+005    0.303177298522E-001
    0.841020000000E+005    0.303546076187E-001
    0.841520000000E+005    0.303914857389E-001
    0.842020000000E+005    0.304283641506E-001
    0.842520000000E+005    0.304652427919E-001
    0.843020000000E+005    0.305021216009E-001
    0.843520000000E+005    0.305390005156E-001
    0.844020000000E+005    0.305758794741E-001
    0.844520000000E+005    0.306127584144E-001
    0.845020000000E+005    0.306496372745E-001
    0.845520000000E+005    0.306865159926E-001
    0.846020000000E+005    0.307233945067E-001
    0.846520000000E+005    0.307602727547E-001
    0.847020000000E+005    0.307971506749E-001
    0.847520000000E+005    0.308340282053E-001
    0.848020000000E+005    0.308709052838E-001
    0.848520000000E+005    0.309077818487E-001
    0.849020000000E+005    0.309446578380E-001
    0.849520000000E+005    0.309815331897E-001
    0.850020000000E+005    0.310184078420E-001
    0.850520000000E+005    0.310552817329E-001
    0.851020000000E+005    0.310921548006E-001
    0.851520000000E+005    0.311290269831E-001
    0.852020000000E+005    0.311658982186E-001
    0.852520000000E+005    0.312027684451E-001
    0.853020000000E+005    0.312396376008E-001
    0.853520000000E+005    0.312765056239E-001
    0.854020000000E+005    0.313133724523E-001
    0.854520000000E+005    0.313502380244E-001
    0.855020000000E+005    0.313871022782E-001
    0.855520000000E+005    0.314239651519E-001
    0.856020000000E+005    0.314608265836E-001
    0.856520000000E+005    0.314976865115E-001
    0.857020000000E+005    0.315345448739E-001
    0.857520000000E+005    0.315714016088E-001
    0.858020000000E+005    0.316082566545E-001
    0.858520000000E+005    0.316451099492E-001
    0.859020000000E+005    0.316819614311E-001
    0.859520000000E+005    0.317188110384E-001
    0.860020000000E+005    0.317556587093E-001
    0.860520000000E+005    0.317925043822E-001
    0.861020000000E+005    0.318293479952E-001
    0.861520000000E+005    0.318661894866E-001
    0.862020000000E+005    0.319030287947E-001
    0.862520000000E+005    0.319398658578E-001
    0.863020000000E+005    0.319767006141E-001
    0.863520000000E+005    0.320135330020E-001
    0.864020000000E+005    0.320503629598E-001
    0.864520000000E+005    0.320871904259E-001
    0.865020000000E+005    0.321240153385E-001
    0.865520000000E+005    0.321608376360E-001
    0.866020000000E+005    0.321976572569E-001
    0.866520000000E+005    0.322344741394E-001
    0.867020000000E+005    0.322712882220E-001
    0.867520000000E+005    0.323080994431E-001
    0.868020000000E+005    0.323449077411E-001
    0.868520000000E+005    0.323817130544E-001
    0.869020000000E+005    0.324185153216E-001
    0.869520000000E+005    0.324553144810E-001
    0.870020000000E+005    0.324921104711E-001
    0.870520000000E+005    0.325289032305E-001
    0.871020000000E+005    0.325656926977E-001
    0.871520000000E+005    0.326024788111E-001
    0.872020000000E+005    0.326392615094E-001
    0.872520000000E+005    0.326760407310E-001
    0.873020000000E+005    0.327128164146E-001
    0.873520000000E+005    0.327495884988E-001
    0.874020000000E+005    0.327863569221E-001
    0.874520000000E+005    0.328231216232E-001
    0.875020000000E+005    0.328598825407E-001
    0.875520000000E+005    0.328966396133E-001
    0.876020000000E+005    0.329333927797E-001
    0.876520000000E+005    0.329701419786E-001
    0.877020000000E+005    0.330068871486E-001
    0.877520000000E+005    0.330436282286E-001
    0.878020000000E+005    0.330803651573E-001
    0.878520000000E+005    0.331170978734E-001
    0.879020000000E+005    0.331538263157E-001
    0.879520000000E+005    0.331905504231E-001
    0.880020000000E+005    0.332272701344E-001
    0.880520000000E+005    0.332639853885E-001
    0.881020000000E+005    0.333006961241E-001
    0.881520000000E+005    0.333374022803E-001
    0.882020000000E+005    0.333741037959E-001
    0.882520000000E+005    0.334108006099E-001
    0.883020000000E+005    0.334474926612E-001
    0.883520000000E+005    0.334841798888E-001
    0.884020000000E+005    0.335208622317E-001
    0.884520000000E+005    0.335575396289E-001
    0.885020000000E+005    0.335942120196E-001
    0.885520000000E+005    0.336308793427E-001
    0.886020000000E+005    0.336675415373E-001
    0.886520000000E+005    0.337041985426E-001
    0.887020000000E+005    0.337408502977E-001
    0.887520000000E+005    0.337774967418E-001
    0.888020000000E+005    0.338141378140E-001
    0.888520000000E+005    0.338507734536E-001
    0.889020000000E+005    0.338874035998E-001
    0.889520000000E+005    0.339240281919E-001
    0.890020000000E+005    0.339606471692E-001
    0.890520000000E+005    0.339972604710E-001
    0.891020000000E+005    0.340338680366E-001
    0.891520000000E+005    0.340704698054E-001
    0.892020000000E+005    0.341070657167E-001
    0.892520000000E+005    0.341436557101E-001
    0.893020000000E+005    0.341802397249E-001
    0.893520000000E+005    0.342168177007E-001
    0.894020000000E+005    0.342533895768E-001
    0.894520000000E+005    0.342899552930E-001
    0.895020000000E+005    0.343265147886E-001
    0.895520000000E+005    0.343630680033E-001
    0.896020000000E+005    0.343996148768E-001
    0.896520000000E+005    0.344361553486E-001
    0.897020000000E+005    0.344726893584E-001
    0.897520000000E+005    0.345092168460E-001
    0.898020000000E+005    0.345457377510E-001
    0.898520000000E+005    0.345822520132E-001
    0.899020000000E+005    0.346187595724E-001
    0.899520000000E+005    0.346552603684E-001
    0.900020000000E+005    0.346917543411E-001
    0.900520000000E+005    0.347282414304E-001
    0.901020000000E+005    0.347647215761E-001
    0.901520000000E+005    0.348011947182E-001
    0.902020000000E+005    0.348376607967E-001
    0.902520000000E+005    0.348741197516E-001
    0.903020000000E+005    0.349105715230E-001
    0.903520000000E+005    0.349470160508E-001
    0.904020000000E+005    0.349834532752E-001
    0.904520000000E+005    0.350198831364E-001
    0.905020000000E+005    0.350563055745E-001
    0.905520000000E+005    0.350927205297E-001
    0.906020000000E+005    0.351291279423E-001
    0.906520000000E+005    0.351655277524E-001
    0.907020000000E+005    0.352019199005E-001
    0.907520000000E+005    0.352383043269E-001
    0.908020000000E+005    0.352746809719E-001
    0.908520000000E+005    0.353110497759E-001
    0.909020000000E+005    0.353474106794E-001
    0.909520000000E+005    0.353837636229E-001
    0.910020000000E+005    0.354201085469E-001
    0.910520000000E+005    0.354564453919E-001
    0.911020000000E+005    0.354927740986E-001
    0.911520000000E+005    0.355290946075E-001
    0.912020000000E+005    0.355654068593E-001
    0.912520000000E+005    0.356017107947E-001
    0.913020000000E+005    0.356380063544E-001
    0.913520000000E+005    0.356742934793E-001
    0.914020000000E+005    0.357105721101E-001
    0.914520000000E+005    0.357468421876E-001
    0.915020000000E+005    0.357831036528E-001
    0.915520000000E+005    0.358193564466E-001
    0.916020000000E+005    0.358556005099E-001
    0.916520000000E+005    0.358918357838E-001
    0.917020000000E+005    0.359280622093E-001
    0.917520000000E+005    0.359642797274E-001
    0.918020000000E+005    0.360004882794E-001
    0.918520000000E+005    0.360366878063E-001
    0.919020000000E+005    0.360728782493E-001
    0.919520000000E+005    0.361090595497E-001
    0.920020000000E+005    0.361452316489E-001
    0.920520000000E+005    0.361813944880E-001
    0.921020000000E+005    0.362175480085E-001
    0.921520000000E+005    0.362536921517E-001
    0.922020000000E+005    0.362898268592E-001
    0.922520000000E+005    0.363259520725E-001
    0.923020000000E+005    0.363620677329E-001
    0.923520000000E+005    0.363981737822E-001
    0.924020000000E+005    0.364342701620E-001
    0.924520000000E+005    0.364703568138E-001
    0.925020000000E+005    0.365064336795E-001
    0.925520000000E+005    0.365425007007E-001
    0.926020000000E+005    0.365785578192E-001
    0.926520000000E+005    0.366146049770E-001
    0.927020000000E+005    0.366506421158E-001
    0.927520000000E+005    0.366866691776E-001
    0.928020000000E+005    0.367226861044E-001
    0.928520000000E+005    0.367586928382E-001
    0.929020000000E+005    0.367946893210E-001
    0.929520000000E+005    0.368306754950E-001
    0.930020000000E+005    0.368666513023E-001
    0.930520000000E+005    0.369026166850E-001
    0.931020000000E+005    0.369385715856E-001
    0.931520000000E+005    0.369745159461E-001
    0.932020000000E+005    0.370104497090E-001
    0.932520000000E+005    0.370463728167E-001
    0.933020000000E+005    0.370822852116E-001
    0.933520000000E+005    0.371181868361E-001
    0.934020000000E+005    0.371540776329E-001
    0.934520000000E+005    0.371899575444E-001
    0.935020000000E+005    0.372258265133E-001
    0.935520000000E+005    0.372616844823E-001
    0.936020000000E+005    0.372975313941E-001
    0.936520000000E+005    0.373333671915E-001
    0.937020000000E+005    0.373691918172E-001
    0.937520000000E+005    0.374050052142E-001
    0.938020000000E+005    0.374408073254E-001
    0.938520000000E+005    0.374765980937E-001
    0.939020000000E+005    0.375123774622E-001
    0.939520000000E+005    0.375481453739E-001
    0.940020000000E+005    0.375839017720E-001
    0.940520000000E+005    0.376196465996E-001
    0.941020000000E+005    0.376553797999E-001
    0.941520000000E+005    0.376911013163E-001
    0.942020000000E+005    0.377268110920E-001
    0.942520000000E+005    0.377625090704E-001
    0.943020000000E+005    0.377981951950E-001
    0.943520000000E+005    0.378338694093E-001
    0.944020000000E+005    0.378695316567E-001
    0.944520000000E+005    0.379051818808E-001
    0.945020000000E+005    0.379408200254E-001
    0.945520000000E+005    0.379764460341E-001
    0.946020000000E+005    0.380120598506E-001
    0.946520000000E+005    0.380476614187E-001
    0.947020000000E+005    0.380832506824E-001
    0.947520000000E+005    0.381188275855E-001
    0.948020000000E+005    0.381543920719E-001
    0.948520000000E+005    0.381899440858E-001
    0.949020000000E+005    0.382254835711E-001
    0.949520000000E+005    0.382610104721E-001
    0.950020000000E+005    0.382965247328E-001
    0.950520000000E+005    0.383320262975E-001
    0.951020000000E+005    0.383675151106E-001
    0.951520000000E+005    0.384029911163E-001
    0.952020000000E+005    0.384384542592E-001
    0.952520000000E+005    0.384739044836E-001
    0.953020000000E+005    0.385093417341E-001
    0.953520000000E+005    0.385447659552E-001
    0.954020000000E+005    0.385801770916E-001
    0.954520000000E+005    0.386155750880E-001
    0.955020000000E+005    0.386509598892E-001
    0.955520000000E+005    0.386863314399E-001
    0.956020000000E+005    0.387216896850E-001
    0.956520000000E+005    0.387570345695E-001
    0.957020000000E+005    0.387923660383E-001
    0.957520000000E+005    0.388276840365E-001
    0.958020000000E+005    0.388629885092E-001
    0.958520000000E+005    0.388982794016E-001
    0.959020000000E+005    0.389335566588E-001
    0.959520000000E+005    0.389688202261E-001
    0.960020000000E+005    0.390040700490E-001
    0.960520000000E+005    0.390393060727E-001
    0.961020000000E+005    0.390745282429E-001
    0.961520000000E+005    0.391097365049E-001
    0.962020000000E+005    0.391449308044E-001
    0.962520000000E+005    0.391801110870E-001
    0.963020000000E+005    0.392152772984E-001
    0.963520000000E+005    0.392504293844E-001
    0.964020000000E+005    0.392855672909E-001
    0.964520000000E+005    0.393206909637E-001
    0.965020000000E+005    0.393558003487E-001
    0.965520000000E+005    0.393908953921E-001
    0.966020000000E+005    0.394259760398E-001
    0.966520000000E+005    0.394610422380E-001
    0.967020000000E+005    0.394960939330E-001
    0.967520000000E+005    0.395311310710E-001
    0.968020000000E+005    0.395661535982E-001
    0.968520000000E+005    0.396011614613E-001
    0.969020000000E+005    0.396361546064E-001
    0.969520000000E+005    0.396711329804E-001
    0.970020000000E+005    0.397060965296E-001
    0.970520000000E+005    0.397410452007E-001
    0.971020000000E+005    0.397759789406E-001
    0.971520000000E+005    0.398108976959E-001
    0.972020000000E+005    0.398458014135E-001
    0.972520000000E+005    0.398806900403E-001
    0.973020000000E+005    0.399155635233E-001
    0.973520000000E+005    0.399504218096E-001
    0.974020000000E+005    0.399852648462E-001
    0.974520000000E+005    0.400200925804E-001
    0.975020000000E+005    0.400549049593E-001
    0.975520000000E+005    0.400897019304E-001
    0.976020000000E+005    0.401244834409E-001
    0.976520000000E+005    0.401592494384E-001
    0.977020000000E+005    0.401939998702E-001
    0.977520000000E+005    0.402287346841E-001
    0.978020000000E+005    0.402634538277E-001
    0.978520000000E+005    0.402981572486E-001
    0.979020000000E+005    0.403328448947E-001
    0.979520000000E+005    0.403675167138E-001
    0.980020000000E+005    0.404021726538E-001
    0.980520000000E+005    0.404368126628E-001
    0.981020000000E+005    0.404714366888E-001
    0.981520000000E+005    0.405060446798E-001
    0.982020000000E+005    0.405406365842E-001
    0.982520000000E+005    0.405752123501E-001
    0.983020000000E+005    0.406097719260E-001
    0.983520000000E+005    0.406443152602E-001
    0.984020000000E+005    0.406788423012E-001
    0.984520000000E+005    0.407133529975E-001
    0.985020000000E+005    0.407478472977E-001
    0.985520000000E+005    0.407823251507E-001
    0.986020000000E+005    0.408167865050E-001
    0.986520000000E+005    0.408512313095E-001
    0.987020000000E+005    0.408856595132E-001
    0.987520000000E+005    0.409200710651E-001
    0.988020000000E+005    0.409544659140E-001
    0.988520000000E+005    0.409888440092E-001
    0.989020000000E+005    0.410232052999E-001
    0.989520000000E+005    0.410575497353E-001
    0.990020000000E+005    0.410918772648E-001
    0.990520000000E+005    0.411261878377E-001
    0.991020000000E+005    0.411604814035E-001
    0.991520000000E+005    0.411947579119E-001
    0.992020000000E+005    0.412290173123E-001
    0.992520000000E+005    0.412632595546E-001
    0.993020000000E+005    0.412974845884E-001
    0.993520000000E+005    0.413316923636E-001
    0.994020000000E+005    0.413658828302E-001
    0.994520000000E+005    0.414000559382E-001
    0.995020000000E+005    0.414342116375E-001
    0.995520000000E+005    0.414683498784E-001
    0.996020000000E+005    0.415024706110E-001
    0.996520000000E+005    0.415365737857E-001
    0.997020000000E+005    0.415706593528E-001
    0.997520000000E+005    0.416047272627E-001
    0.998020000000E+005    0.416387774661E-001
    0.998520000000E+005    0.416728099134E-001
    0.999020000000E+005    0.417068245553E-001
    0.999520000000E+005    0.417408213426E-001
