TITLE = "0D Field KU"
VARIABLES = N ,"KU"
ZONE DATAPACKING = POINT
    0.200000000000E+001    0.560151387005E-041
    0.520000000000E+002    0.439203468337E-038
    0.102000000000E+003    0.154611365332E-037
    0.152000000000E+003    0.334221139963E-037
    0.202000000000E+003    0.565014595300E-037
    0.252000000000E+003    0.860139907546E-037
    0.302000000000E+003    0.120177333743E-036
    0.352000000000E+003    0.199911648092E-036
    0.402000000000E+003    0.122564786844E-035
    0.452000000000E+003    0.146357433641E-034
    0.502000000000E+003    0.179035286185E-033
    0.552000000000E+003    0.175899044724E-032
    0.602000000000E+003    0.134652265217E-031
    0.652000000000E+003    0.853649985375E-031
    0.702000000000E+003    0.466699333388E-030
    0.752000000000E+003    0.224491025236E-029
    0.802000000000E+003    0.967071239519E-029
    0.852000000000E+003    0.378413092630E-028
    0.902000000000E+003    0.135995976997E-027
    0.952000000000E+003    0.452995630308E-027
    0.100200000000E+004    0.140934240957E-026
    0.105200000000E+004    0.412251052885E-026
    0.110200000000E+004    0.114023749278E-025
    0.115200000000E+004    0.299672827445E-025
    0.120200000000E+004    0.751594055530E-025
    0.125200000000E+004    0.180571467421E-024
    0.130200000000E+004    0.416967658459E-024
    0.135200000000E+004    0.928193709894E-024
    0.140200000000E+004    0.199717341036E-023
    0.145200000000E+004    0.416363433689E-023
    0.150200000000E+004    0.842839270577E-023
    0.155200000000E+004    0.165988594315E-022
    0.160200000000E+004    0.318595894210E-022
    0.165200000000E+004    0.596937118632E-022
    0.170200000000E+004    0.109340303400E-021
    0.175200000000E+004    0.196054932210E-021
    0.180200000000E+004    0.344552361214E-021
    0.185200000000E+004    0.594160295992E-021
    0.190200000000E+004    0.100641074313E-020
    0.195200000000E+004    0.167605261334E-020
    0.200200000000E+004    0.274679943264E-020
    0.205200000000E+004    0.443354396189E-020
    0.210200000000E+004    0.705329520356E-020
    0.215200000000E+004    0.110677410007E-019
    0.220200000000E+004    0.171411329401E-019
    0.225200000000E+004    0.262181515272E-019
    0.230200000000E+004    0.396275635265E-019
    0.235200000000E+004    0.592188555876E-019
    0.240200000000E+004    0.875406457152E-019
    0.245200000000E+004    0.128071564653E-018
    0.250200000000E+004    0.185516491327E-018
    0.255200000000E+004    0.266183549530E-018
    0.260200000000E+004    0.378460155768E-018
    0.265200000000E+004    0.533409675428E-018
    0.270200000000E+004    0.745513931655E-018
    0.275200000000E+004    0.103359093489E-017
    0.280200000000E+004    0.142192179201E-017
    0.285200000000E+004    0.194162583427E-017
    0.290200000000E+004    0.263232858740E-017
    0.295200000000E+004    0.354417332237E-017
    0.300200000000E+004    0.474023357483E-017
    0.305200000000E+004    0.629939122458E-017
    0.310200000000E+004    0.831975248880E-017
    0.315200000000E+004    0.109226825029E-016
    0.320200000000E+004    0.142575480500E-016
    0.325200000000E+004    0.185072674439E-016
    0.330200000000E+004    0.238947765624E-016
    0.335200000000E+004    0.306905305655E-016
    0.340200000000E+004    0.392211718815E-016
    0.345200000000E+004    0.498795066085E-016
    0.350200000000E+004    0.631359435191E-016
    0.355200000000E+004    0.795515623468E-016
    0.360200000000E+004    0.997929909519E-016
    0.365200000000E+004    0.124649284270E-015
    0.370200000000E+004    0.155051011612E-015
    0.375200000000E+004    0.192091772859E-015
    0.380200000000E+004    0.237052378356E-015
    0.385200000000E+004    0.291427941786E-015
    0.390200000000E+004    0.356958149991E-015
    0.395200000000E+004    0.435660988514E-015
    0.400200000000E+004    0.529870216565E-015
    0.405200000000E+004    0.642276900058E-015
    0.410200000000E+004    0.775975326342E-015
    0.415200000000E+004    0.934513639172E-015
    0.420200000000E+004    0.112194954727E-014
    0.425200000000E+004    0.134291147453E-014
    0.430200000000E+004    0.160266553438E-014
    0.435200000000E+004    0.190718872516E-014
    0.440200000000E+004    0.226324875718E-014
    0.445200000000E+004    0.267849093605E-014
    0.450200000000E+004    0.316153253995E-014
    0.455200000000E+004    0.372206514149E-014
    0.460200000000E+004    0.437096533732E-014
    0.465200000000E+004    0.512041436057E-014
    0.470200000000E+004    0.598402706289E-014
    0.475200000000E+004    0.697699076334E-014
    0.480200000000E+004    0.811621447249E-014
    0.485200000000E+004    0.942048900916E-014
    0.490200000000E+004    0.109106585370E-013
    0.495200000000E+004    0.126098040563E-013
    0.500200000000E+004    0.145434393945E-013
    0.505200000000E+004    0.167397202461E-013
    0.510200000000E+004    0.192296668189E-013
    0.515200000000E+004    0.220474006504E-013
    0.520200000000E+004    0.252303961613E-013
    0.525200000000E+004    0.288197475207E-013
    0.530200000000E+004    0.328604513970E-013
    0.535200000000E+004    0.374017061761E-013
    0.540200000000E+004    0.424972282278E-013
    0.545200000000E+004    0.482055858029E-013
    0.550200000000E+004    0.545905511471E-013
    0.555200000000E+004    0.617214714142E-013
    0.560200000000E+004    0.696736589636E-013
    0.565200000000E+004    0.785288016241E-013
    0.570200000000E+004    0.883753935054E-013
    0.575200000000E+004    0.993091869348E-013
    0.580200000000E+004    0.111433666094E-012
    0.585200000000E+004    0.124860542928E-012
    0.590200000000E+004    0.139710275890E-012
    0.595200000000E+004    0.156112612089E-012
    0.600200000000E+004    0.174207153390E-012
    0.605200000000E+004    0.194143947019E-012
    0.610200000000E+004    0.216084101215E-012
    0.615200000000E+004    0.240200426463E-012
    0.620200000000E+004    0.266678102839E-012
    0.625200000000E+004    0.295715373984E-012
    0.630200000000E+004    0.327524268210E-012
    0.635200000000E+004    0.362331347247E-012
    0.640200000000E+004    0.400378483127E-012
    0.645200000000E+004    0.441923663664E-012
    0.650200000000E+004    0.487241827023E-012
    0.655200000000E+004    0.536625725826E-012
    0.660200000000E+004    0.590386821238E-012
    0.665200000000E+004    0.648856207478E-012
    0.670200000000E+004    0.712385567180E-012
    0.675200000000E+004    0.781348157995E-012
    0.680200000000E+004    0.856139830864E-012
    0.685200000000E+004    0.937180080316E-012
    0.690200000000E+004    0.102491312719E-011
    0.695200000000E+004    0.111980903413E-011
    0.700200000000E+004    0.122236485418E-011
    0.705200000000E+004    0.133310581285E-011
    0.710200000000E+004    0.145258652392E-011
    0.715200000000E+004    0.158139223935E-011
    0.720200000000E+004    0.172014013356E-011
    0.725200000000E+004    0.186948062226E-011
    0.730200000000E+004    0.203009871630E-011
    0.735200000000E+004    0.220271541054E-011
    0.740200000000E+004    0.238808910822E-011
    0.745200000000E+004    0.258701708082E-011
    0.750200000000E+004    0.280033696380E-011
    0.755200000000E+004    0.302892828821E-011
    0.760200000000E+004    0.327371404861E-011
    0.765200000000E+004    0.353566230719E-011
    0.770200000000E+004    0.381578783438E-011
    0.775200000000E+004    0.411515378609E-011
    0.780200000000E+004    0.443487341762E-011
    0.785200000000E+004    0.477611183437E-011
    0.790200000000E+004    0.514008777946E-011
    0.795200000000E+004    0.552807545836E-011
    0.800200000000E+004    0.594140640043E-011
    0.805200000000E+004    0.638147135767E-011
    0.810200000000E+004    0.684972224045E-011
    0.815200000000E+004    0.734767409039E-011
    0.820200000000E+004    0.787690709042E-011
    0.825200000000E+004    0.843906861183E-011
    0.830200000000E+004    0.903587529849E-011
    0.835200000000E+004    0.966911518808E-011
    0.840200000000E+004    0.103406498703E-010
    0.845200000000E+004    0.110524166820E-010
    0.850200000000E+004    0.118064309391E-010
    0.855200000000E+004    0.126047882055E-010
    0.860200000000E+004    0.134496665984E-010
    0.865200000000E+004    0.143433291302E-010
    0.870200000000E+004    0.152881260869E-010
    0.875200000000E+004    0.162864974424E-010
    0.880200000000E+004    0.173409753100E-010
    0.885200000000E+004    0.184541864282E-010
    0.890200000000E+004    0.196288546839E-010
    0.895200000000E+004    0.208678036700E-010
    0.900200000000E+004    0.221739592791E-010
    0.905200000000E+004    0.235503523321E-010
    0.910200000000E+004    0.250001212421E-010
    0.915200000000E+004    0.265265147124E-010
    0.920200000000E+004    0.281328944697E-010
    0.925200000000E+004    0.298227380313E-010
    0.930200000000E+004    0.315996415062E-010
    0.935200000000E+004    0.334673224301E-010
    0.940200000000E+004    0.354296226337E-010
    0.945200000000E+004    0.374905111444E-010
    0.950200000000E+004    0.396540871210E-010
    0.955200000000E+004    0.419245828202E-010
    0.960200000000E+004    0.443063665965E-010
    0.965200000000E+004    0.468039459333E-010
    0.970200000000E+004    0.494219705057E-010
    0.975200000000E+004    0.521652352750E-010
    0.980200000000E+004    0.550386836136E-010
    0.985200000000E+004    0.580474104611E-010
    0.990200000000E+004    0.611966655102E-010
    0.995200000000E+004    0.644918564225E-010
    0.100020000000E+005    0.679385520744E-010
    0.100520000000E+005    0.715424858311E-010
    0.101020000000E+005    0.753095588505E-010
    0.101520000000E+005    0.792458434147E-010
    0.102020000000E+005    0.833575862898E-010
    0.102520000000E+005    0.876512121134E-010
    0.103020000000E+005    0.921333268086E-010
    0.103520000000E+005    0.968107210259E-010
    0.104020000000E+005    0.101690373611E-009
    0.104520000000E+005    0.106779455096E-009
    0.105020000000E+005    0.112085331223E-009
    0.105520000000E+005    0.117615566486E-009
    0.106020000000E+005    0.123377927696E-009
    0.106520000000E+005    0.129380387581E-009
    0.107020000000E+005    0.135631128399E-009
    0.107520000000E+005    0.142138545579E-009
    0.108020000000E+005    0.148911251382E-009
    0.108520000000E+005    0.155958078591E-009
    0.109020000000E+005    0.163288084215E-009
    0.109520000000E+005    0.170910553220E-009
    0.110020000000E+005    0.178835002278E-009
    0.110520000000E+005    0.187071183539E-009
    0.111020000000E+005    0.195629088423E-009
    0.111520000000E+005    0.204518951427E-009
    0.112020000000E+005    0.213751253959E-009
    0.112520000000E+005    0.223336728184E-009
    0.113020000000E+005    0.233286360896E-009
    0.113520000000E+005    0.243611397396E-009
    0.114020000000E+005    0.254323345399E-009
    0.114520000000E+005    0.265433978954E-009
    0.115020000000E+005    0.276955342375E-009
    0.115520000000E+005    0.288899754198E-009
    0.116020000000E+005    0.301279811144E-009
    0.116520000000E+005    0.314108392106E-009
    0.117020000000E+005    0.327398662141E-009
    0.117520000000E+005    0.341164076481E-009
    0.118020000000E+005    0.355418384563E-009
    0.118520000000E+005    0.370175634059E-009
    0.119020000000E+005    0.385450174931E-009
    0.119520000000E+005    0.401256663493E-009
    0.120020000000E+005    0.417610066483E-009
    0.120520000000E+005    0.434525665149E-009
    0.121020000000E+005    0.452019059347E-009
    0.121520000000E+005    0.470106171644E-009
    0.122020000000E+005    0.488803251438E-009
    0.122520000000E+005    0.508126879077E-009
    0.123020000000E+005    0.528093970002E-009
    0.123520000000E+005    0.548721778882E-009
    0.124020000000E+005    0.570027903771E-009
    0.124520000000E+005    0.592030290259E-009
    0.125020000000E+005    0.614747235645E-009
    0.125520000000E+005    0.638197393101E-009
    0.126020000000E+005    0.662399775858E-009
    0.126520000000E+005    0.687373761381E-009
    0.127020000000E+005    0.713139095563E-009
    0.127520000000E+005    0.739715896919E-009
    0.128020000000E+005    0.767124660778E-009
    0.128520000000E+005    0.795386263492E-009
    0.129020000000E+005    0.824521966632E-009
    0.129520000000E+005    0.854553421204E-009
    0.130020000000E+005    0.885502671856E-009
    0.130520000000E+005    0.917392161088E-009
    0.131020000000E+005    0.950244733469E-009
    0.131520000000E+005    0.984083639850E-009
    0.132020000000E+005    0.101893254158E-008
    0.132520000000E+005    0.105481551474E-008
    0.133020000000E+005    0.109175705430E-008
    0.133520000000E+005    0.112978207843E-008
    0.134020000000E+005    0.116891593262E-008
    0.134520000000E+005    0.120918439395E-008
    0.135020000000E+005    0.125061367529E-008
    0.135520000000E+005    0.129323042949E-008
    0.136020000000E+005    0.133706175363E-008
    0.136520000000E+005    0.138213519316E-008
    0.137020000000E+005    0.142847874616E-008
    0.137520000000E+005    0.147612086750E-008
    0.138020000000E+005    0.152509047305E-008
    0.138520000000E+005    0.157541694386E-008
    0.139020000000E+005    0.162713013035E-008
    0.139520000000E+005    0.168026035647E-008
    0.140020000000E+005    0.173483842388E-008
    0.140520000000E+005    0.179089561613E-008
    0.141020000000E+005    0.184846370281E-008
    0.141520000000E+005    0.190757494369E-008
    0.142020000000E+005    0.196826209287E-008
    0.142520000000E+005    0.203055840293E-008
    0.143020000000E+005    0.209449762904E-008
    0.143520000000E+005    0.216011403310E-008
    0.144020000000E+005    0.222744238785E-008
    0.144520000000E+005    0.229651798093E-008
    0.145020000000E+005    0.236737661906E-008
    0.145520000000E+005    0.244005463202E-008
    0.146020000000E+005    0.251458887682E-008
    0.146520000000E+005    0.259101674170E-008
    0.147020000000E+005    0.266937615021E-008
    0.147520000000E+005    0.274970556524E-008
    0.148020000000E+005    0.283204399305E-008
    0.148520000000E+005    0.291643098730E-008
    0.149020000000E+005    0.300290665306E-008
    0.149520000000E+005    0.309151165077E-008
    0.150020000000E+005    0.318228720027E-008
    0.150520000000E+005    0.327527508473E-008
    0.151020000000E+005    0.337051765463E-008
    0.151520000000E+005    0.346805783168E-008
    0.152020000000E+005    0.356793911277E-008
    0.152520000000E+005    0.367020557385E-008
    0.153020000000E+005    0.377490187389E-008
    0.153520000000E+005    0.388207325871E-008
    0.154020000000E+005    0.399176556484E-008
    0.154520000000E+005    0.410402522345E-008
    0.155020000000E+005    0.421889926411E-008
    0.155520000000E+005    0.433643531865E-008
    0.156020000000E+005    0.445668162495E-008
    0.156520000000E+005    0.457968703076E-008
    0.157020000000E+005    0.470550099745E-008
    0.157520000000E+005    0.483417360376E-008
    0.158020000000E+005    0.496575554957E-008
    0.158520000000E+005    0.510029815960E-008
    0.159020000000E+005    0.523785338711E-008
    0.159520000000E+005    0.537847381761E-008
    0.160020000000E+005    0.552221267251E-008
    0.160520000000E+005    0.566912381280E-008
    0.161020000000E+005    0.581926174265E-008
    0.161520000000E+005    0.597268161301E-008
    0.162020000000E+005    0.612943922528E-008
    0.162520000000E+005    0.628959103480E-008
    0.163020000000E+005    0.645319415447E-008
    0.163520000000E+005    0.662030635823E-008
    0.164020000000E+005    0.679098608465E-008
    0.164520000000E+005    0.696529244034E-008
    0.165020000000E+005    0.714328520350E-008
    0.165520000000E+005    0.732502482736E-008
    0.166020000000E+005    0.751057244358E-008
    0.166520000000E+005    0.769998986570E-008
    0.167020000000E+005    0.789333959254E-008
    0.167520000000E+005    0.809068481153E-008
    0.168020000000E+005    0.829208940213E-008
    0.168520000000E+005    0.849761793909E-008
    0.169020000000E+005    0.870733569580E-008
    0.169520000000E+005    0.892130864759E-008
    0.170020000000E+005    0.913960347494E-008
    0.170520000000E+005    0.936228756678E-008
    0.171020000000E+005    0.958942902368E-008
    0.171520000000E+005    0.982109666107E-008
    0.172020000000E+005    0.100573600124E-007
    0.172520000000E+005    0.102982893322E-007
    0.173020000000E+005    0.105439555996E-007
    0.173520000000E+005    0.107944305207E-007
    0.174020000000E+005    0.110497865325E-007
    0.174520000000E+005    0.113100968054E-007
    0.175020000000E+005    0.115754352463E-007
    0.175520000000E+005    0.118458765019E-007
    0.176020000000E+005    0.121214959614E-007
    0.176520000000E+005    0.124023697595E-007
    0.177020000000E+005    0.126885747796E-007
    0.177520000000E+005    0.129801886564E-007
    0.178020000000E+005    0.132772897789E-007
    0.178520000000E+005    0.135799572934E-007
    0.179020000000E+005    0.138882711062E-007
    0.179520000000E+005    0.142023118864E-007
    0.180020000000E+005    0.145221610689E-007
    0.180520000000E+005    0.148479008569E-007
    0.181020000000E+005    0.151796142249E-007
    0.181520000000E+005    0.155173849212E-007
    0.182020000000E+005    0.158612974707E-007
    0.182520000000E+005    0.162114371777E-007
    0.183020000000E+005    0.165678901283E-007
    0.183520000000E+005    0.169307431933E-007
    0.184020000000E+005    0.173000840304E-007
    0.184520000000E+005    0.176760010874E-007
    0.185020000000E+005    0.180585836039E-007
    0.185520000000E+005    0.184479216148E-007
    0.186020000000E+005    0.188441059518E-007
    0.186520000000E+005    0.192472282466E-007
    0.187020000000E+005    0.196573809332E-007
    0.187520000000E+005    0.200746572500E-007
    0.188020000000E+005    0.204991512426E-007
    0.188520000000E+005    0.209309577658E-007
    0.189020000000E+005    0.213701724864E-007
    0.189520000000E+005    0.218168918849E-007
    0.190020000000E+005    0.222712132584E-007
    0.190520000000E+005    0.227332347226E-007
    0.191020000000E+005    0.232030552138E-007
    0.191520000000E+005    0.236807744916E-007
    0.192020000000E+005    0.241664931406E-007
    0.192520000000E+005    0.246603125731E-007
    0.193020000000E+005    0.251623350308E-007
    0.193520000000E+005    0.256726635868E-007
    0.194020000000E+005    0.261914021483E-007
    0.194520000000E+005    0.267186554580E-007
    0.195020000000E+005    0.272545290966E-007
    0.195520000000E+005    0.277991294845E-007
    0.196020000000E+005    0.283525638839E-007
    0.196520000000E+005    0.289149404008E-007
    0.197020000000E+005    0.294863679867E-007
    0.197520000000E+005    0.300669564408E-007
    0.198020000000E+005    0.306568164118E-007
    0.198520000000E+005    0.312560593994E-007
    0.199020000000E+005    0.318647977568E-007
    0.199520000000E+005    0.324831446917E-007
    0.200020000000E+005    0.331112142686E-007
    0.200520000000E+005    0.337491214105E-007
    0.201020000000E+005    0.343969819004E-007
    0.201520000000E+005    0.350549123831E-007
    0.202020000000E+005    0.357230303669E-007
    0.202520000000E+005    0.364014542251E-007
    0.203020000000E+005    0.370903031978E-007
    0.203520000000E+005    0.377896973933E-007
    0.204020000000E+005    0.384997577897E-007
    0.204520000000E+005    0.392206062368E-007
    0.205020000000E+005    0.399523654568E-007
    0.205520000000E+005    0.406951590464E-007
    0.206020000000E+005    0.414491114783E-007
    0.206520000000E+005    0.422143481023E-007
    0.207020000000E+005    0.429909951466E-007
    0.207520000000E+005    0.437791797197E-007
    0.208020000000E+005    0.445790298113E-007
    0.208520000000E+005    0.453906742938E-007
    0.209020000000E+005    0.462142429234E-007
    0.209520000000E+005    0.470498663418E-007
    0.210020000000E+005    0.478976760768E-007
    0.210520000000E+005    0.487578045442E-007
    0.211020000000E+005    0.496303850486E-007
    0.211520000000E+005    0.505155517844E-007
    0.212020000000E+005    0.514134398374E-007
    0.212520000000E+005    0.523241851857E-007
    0.213020000000E+005    0.532479247005E-007
    0.213520000000E+005    0.541847961476E-007
    0.214020000000E+005    0.551349381885E-007
    0.214520000000E+005    0.560984903806E-007
    0.215020000000E+005    0.570755931793E-007
    0.215520000000E+005    0.580663879381E-007
    0.216020000000E+005    0.590710169100E-007
    0.216520000000E+005    0.600896232481E-007
    0.217020000000E+005    0.611223510068E-007
    0.217520000000E+005    0.621693451424E-007
    0.218020000000E+005    0.632307515139E-007
    0.218520000000E+005    0.643067168842E-007
    0.219020000000E+005    0.653973889204E-007
    0.219520000000E+005    0.665029161948E-007
    0.220020000000E+005    0.676234481857E-007
    0.220520000000E+005    0.687591352778E-007
    0.221020000000E+005    0.699101287633E-007
    0.221520000000E+005    0.710765808422E-007
    0.222020000000E+005    0.722586446231E-007
    0.222520000000E+005    0.734564741237E-007
    0.223020000000E+005    0.746702242715E-007
    0.223520000000E+005    0.759000509045E-007
    0.224020000000E+005    0.771461107712E-007
    0.224520000000E+005    0.784085615316E-007
    0.225020000000E+005    0.796875617578E-007
    0.225520000000E+005    0.809832709336E-007
    0.226020000000E+005    0.822958494562E-007
    0.226520000000E+005    0.836254586354E-007
    0.227020000000E+005    0.849722606947E-007
    0.227520000000E+005    0.863364187717E-007
    0.228020000000E+005    0.877180969180E-007
    0.228520000000E+005    0.891174600996E-007
    0.229020000000E+005    0.905346741977E-007
    0.229520000000E+005    0.919699060084E-007
    0.230020000000E+005    0.934233232430E-007
    0.230520000000E+005    0.948950945287E-007
    0.231020000000E+005    0.963853894080E-007
    0.231520000000E+005    0.978943783399E-007
    0.232020000000E+005    0.994222326989E-007
    0.232520000000E+005    0.100969124776E-006
    0.233020000000E+005    0.102535227779E-006
    0.233520000000E+005    0.104120715830E-006
    0.234020000000E+005    0.105725763971E-006
    0.234520000000E+005    0.107350548158E-006
    0.235020000000E+005    0.108995245263E-006
    0.235520000000E+005    0.110660033077E-006
    0.236020000000E+005    0.112345090305E-006
    0.236520000000E+005    0.114050596570E-006
    0.237020000000E+005    0.115776732410E-006
    0.237520000000E+005    0.117523679280E-006
    0.238020000000E+005    0.119291619551E-006
    0.238520000000E+005    0.121080736511E-006
    0.239020000000E+005    0.122891214360E-006
    0.239520000000E+005    0.124723238219E-006
    0.240020000000E+005    0.126576994120E-006
    0.240520000000E+005    0.128452669011E-006
    0.241020000000E+005    0.130350450758E-006
    0.241520000000E+005    0.132270528136E-006
    0.242020000000E+005    0.134213090840E-006
    0.242520000000E+005    0.136178329475E-006
    0.243020000000E+005    0.138166435561E-006
    0.243520000000E+005    0.140177601532E-006
    0.244020000000E+005    0.142212020734E-006
    0.244520000000E+005    0.144269887425E-006
    0.245020000000E+005    0.146351396775E-006
    0.245520000000E+005    0.148456744868E-006
    0.246020000000E+005    0.150586128696E-006
    0.246520000000E+005    0.152739746163E-006
    0.247020000000E+005    0.154917796084E-006
    0.247520000000E+005    0.157120478182E-006
    0.248020000000E+005    0.159347993089E-006
    0.248520000000E+005    0.161600542348E-006
    0.249020000000E+005    0.163878328406E-006
    0.249520000000E+005    0.166181554620E-006
    0.250020000000E+005    0.168510425254E-006
    0.250520000000E+005    0.170865145475E-006
    0.251020000000E+005    0.173245921359E-006
    0.251520000000E+005    0.175652959884E-006
    0.252020000000E+005    0.178086468932E-006
    0.252520000000E+005    0.180546657290E-006
    0.253020000000E+005    0.183033734645E-006
    0.253520000000E+005    0.185547911588E-006
    0.254020000000E+005    0.188089399610E-006
    0.254520000000E+005    0.190658411101E-006
    0.255020000000E+005    0.193255159350E-006
    0.255520000000E+005    0.195879858548E-006
    0.256020000000E+005    0.198532723779E-006
    0.256520000000E+005    0.201213971026E-006
    0.257020000000E+005    0.203923817167E-006
    0.257520000000E+005    0.206662479975E-006
    0.258020000000E+005    0.209430178117E-006
    0.258520000000E+005    0.212227131153E-006
    0.259020000000E+005    0.215053559535E-006
    0.259520000000E+005    0.217909684604E-006
    0.260020000000E+005    0.220795728595E-006
    0.260520000000E+005    0.223711914627E-006
    0.261020000000E+005    0.226658466711E-006
    0.261520000000E+005    0.229635609742E-006
    0.262020000000E+005    0.232643569501E-006
    0.262520000000E+005    0.235682572656E-006
    0.263020000000E+005    0.238752846756E-006
    0.263520000000E+005    0.241854620232E-006
    0.264020000000E+005    0.244988122399E-006
    0.264520000000E+005    0.248153583449E-006
    0.265020000000E+005    0.251351234454E-006
    0.265520000000E+005    0.254581307364E-006
    0.266020000000E+005    0.257844035005E-006
    0.266520000000E+005    0.261139651077E-006
    0.267020000000E+005    0.264468390157E-006
    0.267520000000E+005    0.267830487692E-006
    0.268020000000E+005    0.271226180000E-006
    0.268520000000E+005    0.274655704271E-006
    0.269020000000E+005    0.278119298562E-006
    0.269520000000E+005    0.281617201799E-006
    0.270020000000E+005    0.285149653772E-006
    0.270520000000E+005    0.288716895137E-006
    0.271020000000E+005    0.292319167414E-006
    0.271520000000E+005    0.295956712983E-006
    0.272020000000E+005    0.299629775086E-006
    0.272520000000E+005    0.303338597823E-006
    0.273020000000E+005    0.307083426151E-006
    0.273520000000E+005    0.310864505886E-006
    0.274020000000E+005    0.314682083695E-006
    0.274520000000E+005    0.318536407101E-006
    0.275020000000E+005    0.322427724477E-006
    0.275520000000E+005    0.326356285046E-006
    0.276020000000E+005    0.330322338881E-006
    0.276520000000E+005    0.334326136901E-006
    0.277020000000E+005    0.338367930871E-006
    0.277520000000E+005    0.342447973398E-006
    0.278020000000E+005    0.346566517936E-006
    0.278520000000E+005    0.350723818773E-006
    0.279020000000E+005    0.354920131042E-006
    0.279520000000E+005    0.359155710710E-006
    0.280020000000E+005    0.363430814582E-006
    0.280520000000E+005    0.367745700294E-006
    0.281020000000E+005    0.372100626318E-006
    0.281520000000E+005    0.376495851954E-006
    0.282020000000E+005    0.380931637334E-006
    0.282520000000E+005    0.385408243413E-006
    0.283020000000E+005    0.389925931975E-006
    0.283520000000E+005    0.394484965628E-006
    0.284020000000E+005    0.399085607800E-006
    0.284520000000E+005    0.403728122740E-006
    0.285020000000E+005    0.408412775516E-006
    0.285520000000E+005    0.413139832014E-006
    0.286020000000E+005    0.417909558931E-006
    0.286520000000E+005    0.422722223782E-006
    0.287020000000E+005    0.427578094889E-006
    0.287520000000E+005    0.432477441387E-006
    0.288020000000E+005    0.437420533215E-006
    0.288520000000E+005    0.442407641121E-006
    0.289020000000E+005    0.447439036655E-006
    0.289520000000E+005    0.452514992169E-006
    0.290020000000E+005    0.457635780815E-006
    0.290520000000E+005    0.462801676545E-006
    0.291020000000E+005    0.468012954103E-006
    0.291520000000E+005    0.473269889032E-006
    0.292020000000E+005    0.478572757663E-006
    0.292520000000E+005    0.483921837121E-006
    0.293020000000E+005    0.489317405316E-006
    0.293520000000E+005    0.494759740947E-006
    0.294020000000E+005    0.500249123497E-006
    0.294520000000E+005    0.505785833228E-006
    0.295020000000E+005    0.511370151188E-006
    0.295520000000E+005    0.517002359197E-006
    0.296020000000E+005    0.522682739857E-006
    0.296520000000E+005    0.528411576540E-006
    0.297020000000E+005    0.534189153392E-006
    0.297520000000E+005    0.540015755329E-006
    0.298020000000E+005    0.545891668034E-006
    0.298520000000E+005    0.551817177956E-006
    0.299020000000E+005    0.557792572309E-006
    0.299520000000E+005    0.563818139068E-006
    0.300020000000E+005    0.569894166967E-006
    0.300520000000E+005    0.576020945498E-006
    0.301020000000E+005    0.582198764906E-006
    0.301520000000E+005    0.588427916194E-006
    0.302020000000E+005    0.594708691110E-006
    0.302520000000E+005    0.601041382156E-006
    0.303020000000E+005    0.607426282576E-006
    0.303520000000E+005    0.613863686362E-006
    0.304020000000E+005    0.620353888246E-006
    0.304520000000E+005    0.626897183701E-006
    0.305020000000E+005    0.633493868936E-006
    0.305520000000E+005    0.640144240899E-006
    0.306020000000E+005    0.646848597267E-006
    0.306520000000E+005    0.653607236450E-006
    0.307020000000E+005    0.660420457589E-006
    0.307520000000E+005    0.667288560547E-006
    0.308020000000E+005    0.674211845914E-006
    0.308520000000E+005    0.681190615002E-006
    0.309020000000E+005    0.688225169842E-006
    0.309520000000E+005    0.695315813182E-006
    0.310020000000E+005    0.702462848485E-006
    0.310520000000E+005    0.709666579928E-006
    0.311020000000E+005    0.716927312397E-006
    0.311520000000E+005    0.724245351486E-006
    0.312020000000E+005    0.731621003497E-006
    0.312520000000E+005    0.739054575432E-006
    0.313020000000E+005    0.746546374997E-006
    0.313520000000E+005    0.754096710595E-006
    0.314020000000E+005    0.761705891325E-006
    0.314520000000E+005    0.769374226981E-006
    0.315020000000E+005    0.777102028049E-006
    0.315520000000E+005    0.784889605703E-006
    0.316020000000E+005    0.792737271803E-006
    0.316520000000E+005    0.800645338895E-006
    0.317020000000E+005    0.808614120208E-006
    0.317520000000E+005    0.816643929646E-006
    0.318020000000E+005    0.824735081795E-006
    0.318520000000E+005    0.832887891914E-006
    0.319020000000E+005    0.841102675932E-006
    0.319520000000E+005    0.849379750451E-006
    0.320020000000E+005    0.857719432739E-006
    0.320520000000E+005    0.866122040728E-006
    0.321020000000E+005    0.874587893014E-006
    0.321520000000E+005    0.883117308852E-006
    0.322020000000E+005    0.891710608154E-006
    0.322520000000E+005    0.900368111489E-006
    0.323020000000E+005    0.909090140076E-006
    0.323520000000E+005    0.917877015786E-006
    0.324020000000E+005    0.926729061135E-006
    0.324520000000E+005    0.935646599288E-006
    0.325020000000E+005    0.944629954048E-006
    0.325520000000E+005    0.953679449861E-006
    0.326020000000E+005    0.962795411809E-006
    0.326520000000E+005    0.971978165609E-006
    0.327020000000E+005    0.981228037612E-006
    0.327520000000E+005    0.990545354796E-006
    0.328020000000E+005    0.999930444769E-006
    0.328520000000E+005    0.100938363576E-005
    0.329020000000E+005    0.101890525663E-005
    0.329520000000E+005    0.102849563684E-005
    0.330020000000E+005    0.103815510650E-005
    0.330520000000E+005    0.104788399629E-005
    0.331020000000E+005    0.105768263755E-005
    0.331520000000E+005    0.106755136219E-005
    0.332020000000E+005    0.107749050275E-005
    0.332520000000E+005    0.108750039236E-005
    0.333020000000E+005    0.109758136477E-005
    0.333520000000E+005    0.110773375431E-005
    0.334020000000E+005    0.111795789592E-005
    0.334520000000E+005    0.112825412512E-005
    0.335020000000E+005    0.113862277803E-005
    0.335520000000E+005    0.114906419137E-005
    0.336020000000E+005    0.115957870241E-005
    0.336520000000E+005    0.117016664905E-005
    0.337020000000E+005    0.118082836974E-005
    0.337520000000E+005    0.119156420351E-005
    0.338020000000E+005    0.120237448997E-005
    0.338520000000E+005    0.121325956932E-005
    0.339020000000E+005    0.122421978229E-005
    0.339520000000E+005    0.123525547022E-005
    0.340020000000E+005    0.124636697498E-005
    0.340520000000E+005    0.125755463904E-005
    0.341020000000E+005    0.126881880539E-005
    0.341520000000E+005    0.128015981760E-005
    0.342020000000E+005    0.129157801979E-005
    0.342520000000E+005    0.130307375663E-005
    0.343020000000E+005    0.131464737334E-005
    0.343520000000E+005    0.132629921568E-005
    0.344020000000E+005    0.133802962997E-005
    0.344520000000E+005    0.134983896305E-005
    0.345020000000E+005    0.136172756232E-005
    0.345520000000E+005    0.137369577570E-005
    0.346020000000E+005    0.138574395164E-005
    0.346520000000E+005    0.139787243913E-005
    0.347020000000E+005    0.141008158768E-005
    0.347520000000E+005    0.142237174734E-005
    0.348020000000E+005    0.143474326867E-005
    0.348520000000E+005    0.144719650274E-005
    0.349020000000E+005    0.145973180115E-005
    0.349520000000E+005    0.147234951602E-005
    0.350020000000E+005    0.148504999997E-005
    0.350520000000E+005    0.149783360613E-005
    0.351020000000E+005    0.151070068813E-005
    0.351520000000E+005    0.152365160012E-005
    0.352020000000E+005    0.153668669673E-005
    0.352520000000E+005    0.154980633311E-005
    0.353020000000E+005    0.156301086489E-005
    0.353520000000E+005    0.157630064819E-005
    0.354020000000E+005    0.158967603964E-005
    0.354520000000E+005    0.160313739632E-005
    0.355020000000E+005    0.161668507583E-005
    0.355520000000E+005    0.163031943624E-005
    0.356020000000E+005    0.164404083609E-005
    0.356520000000E+005    0.165784963441E-005
    0.357020000000E+005    0.167174619069E-005
    0.357520000000E+005    0.168573086489E-005
    0.358020000000E+005    0.169980401745E-005
    0.358520000000E+005    0.171396600928E-005
    0.359020000000E+005    0.172821720173E-005
    0.359520000000E+005    0.174255795662E-005
    0.360020000000E+005    0.175698863623E-005
    0.360520000000E+005    0.177150960329E-005
    0.361020000000E+005    0.178612122099E-005
    0.361520000000E+005    0.180082385296E-005
    0.362020000000E+005    0.181561786327E-005
    0.362520000000E+005    0.183050361646E-005
    0.363020000000E+005    0.184548147747E-005
    0.363520000000E+005    0.186055181172E-005
    0.364020000000E+005    0.187571498502E-005
    0.364520000000E+005    0.189097136366E-005
    0.365020000000E+005    0.190632131433E-005
    0.365520000000E+005    0.192176520414E-005
    0.366020000000E+005    0.193730340065E-005
    0.366520000000E+005    0.195293627183E-005
    0.367020000000E+005    0.196866418606E-005
    0.367520000000E+005    0.198448751214E-005
    0.368020000000E+005    0.200040661930E-005
    0.368520000000E+005    0.201642187715E-005
    0.369020000000E+005    0.203253365573E-005
    0.369520000000E+005    0.204874232548E-005
    0.370020000000E+005    0.206504825724E-005
    0.370520000000E+005    0.208145182224E-005
    0.371020000000E+005    0.209795339214E-005
    0.371520000000E+005    0.211455333894E-005
    0.372020000000E+005    0.213125203509E-005
    0.372520000000E+005    0.214804985338E-005
    0.373020000000E+005    0.216494716702E-005
    0.373520000000E+005    0.218194434957E-005
    0.374020000000E+005    0.219904177501E-005
    0.374520000000E+005    0.221623981766E-005
    0.375020000000E+005    0.223353885224E-005
    0.375520000000E+005    0.225093925382E-005
    0.376020000000E+005    0.226844139787E-005
    0.376520000000E+005    0.228604566020E-005
    0.377020000000E+005    0.230375241699E-005
    0.377520000000E+005    0.232156204478E-005
    0.378020000000E+005    0.233947492048E-005
    0.378520000000E+005    0.235749142134E-005
    0.379020000000E+005    0.237561192497E-005
    0.379520000000E+005    0.239383680934E-005
    0.380020000000E+005    0.241216645274E-005
    0.380520000000E+005    0.243060123384E-005
    0.381020000000E+005    0.244914153163E-005
    0.381520000000E+005    0.246778772543E-005
    0.382020000000E+005    0.248654019492E-005
    0.382520000000E+005    0.250539932010E-005
    0.383020000000E+005    0.252436548130E-005
    0.383520000000E+005    0.254343905919E-005
    0.384020000000E+005    0.256262043476E-005
    0.384520000000E+005    0.258190998931E-005
    0.385020000000E+005    0.260130810448E-005
    0.385520000000E+005    0.262081516222E-005
    0.386020000000E+005    0.264043154478E-005
    0.386520000000E+005    0.266015763474E-005
    0.387020000000E+005    0.267999381500E-005
    0.387520000000E+005    0.269994046873E-005
    0.388020000000E+005    0.271999797943E-005
    0.388520000000E+005    0.274016673090E-005
    0.389020000000E+005    0.276044710723E-005
    0.389520000000E+005    0.278083949282E-005
    0.390020000000E+005    0.280134427234E-005
    0.390520000000E+005    0.282196183077E-005
    0.391020000000E+005    0.284269255337E-005
    0.391520000000E+005    0.286353682569E-005
    0.392020000000E+005    0.288449503355E-005
    0.392520000000E+005    0.290556756306E-005
    0.393020000000E+005    0.292675480060E-005
    0.393520000000E+005    0.294805713285E-005
    0.394020000000E+005    0.296947494671E-005
    0.394520000000E+005    0.299100862940E-005
    0.395020000000E+005    0.301265856838E-005
    0.395520000000E+005    0.303442515138E-005
    0.396020000000E+005    0.305630876638E-005
    0.396520000000E+005    0.307830980164E-005
    0.397020000000E+005    0.310042864566E-005
    0.397520000000E+005    0.312266568719E-005
    0.398020000000E+005    0.314502131524E-005
    0.398520000000E+005    0.316749591906E-005
    0.399020000000E+005    0.319008988816E-005
    0.399520000000E+005    0.321280361226E-005
    0.400020000000E+005    0.323563748135E-005
    0.400520000000E+005    0.325859188565E-005
    0.401020000000E+005    0.328166721561E-005
    0.401520000000E+005    0.330486386191E-005
    0.402020000000E+005    0.332818221546E-005
    0.402520000000E+005    0.335162266739E-005
    0.403020000000E+005    0.337518560907E-005
    0.403520000000E+005    0.339887143208E-005
    0.404020000000E+005    0.342268052822E-005
    0.404520000000E+005    0.344661328951E-005
    0.405020000000E+005    0.347067010817E-005
    0.405520000000E+005    0.349485137664E-005
    0.406020000000E+005    0.351915748757E-005
    0.406520000000E+005    0.354358883381E-005
    0.407020000000E+005    0.356814580841E-005
    0.407520000000E+005    0.359282880464E-005
    0.408020000000E+005    0.361763821594E-005
    0.408520000000E+005    0.364257443595E-005
    0.409020000000E+005    0.366763785852E-005
    0.409520000000E+005    0.369282887768E-005
    0.410020000000E+005    0.371814788763E-005
    0.410520000000E+005    0.374359528279E-005
    0.411020000000E+005    0.376917145772E-005
    0.411520000000E+005    0.379487680719E-005
    0.412020000000E+005    0.382071172614E-005
    0.412520000000E+005    0.384667660968E-005
    0.413020000000E+005    0.387277185308E-005
    0.413520000000E+005    0.389899785180E-005
    0.414020000000E+005    0.392535500146E-005
    0.414520000000E+005    0.395184369784E-005
    0.415020000000E+005    0.397846433687E-005
    0.415520000000E+005    0.400521731466E-005
    0.416020000000E+005    0.403210302746E-005
    0.416520000000E+005    0.405912187169E-005
    0.417020000000E+005    0.408627424390E-005
    0.417520000000E+005    0.411356054081E-005
    0.418020000000E+005    0.414098115926E-005
    0.418520000000E+005    0.416853649626E-005
    0.419020000000E+005    0.419622694893E-005
    0.419520000000E+005    0.422405291457E-005
    0.420020000000E+005    0.425201479058E-005
    0.420520000000E+005    0.428011297450E-005
    0.421020000000E+005    0.430834786402E-005
    0.421520000000E+005    0.433671985693E-005
    0.422020000000E+005    0.436522935117E-005
    0.422520000000E+005    0.439387674478E-005
    0.423020000000E+005    0.442266243594E-005
    0.423520000000E+005    0.445158682294E-005
    0.424020000000E+005    0.448065030419E-005
    0.424520000000E+005    0.450985327820E-005
    0.425020000000E+005    0.453919614361E-005
    0.425520000000E+005    0.456867929915E-005
    0.426020000000E+005    0.459830314366E-005
    0.426520000000E+005    0.462806807610E-005
    0.427020000000E+005    0.465797449551E-005
    0.427520000000E+005    0.468802280103E-005
    0.428020000000E+005    0.471821339190E-005
    0.428520000000E+005    0.474854666746E-005
    0.429020000000E+005    0.477902302714E-005
    0.429520000000E+005    0.480964287044E-005
    0.430020000000E+005    0.484040659696E-005
    0.430520000000E+005    0.487131460638E-005
    0.431020000000E+005    0.490236729847E-005
    0.431520000000E+005    0.493356507308E-005
    0.432020000000E+005    0.496490833010E-005
    0.432520000000E+005    0.499639746954E-005
    0.433020000000E+005    0.502803289146E-005
    0.433520000000E+005    0.505981499599E-005
    0.434020000000E+005    0.509174418333E-005
    0.434520000000E+005    0.512382085373E-005
    0.435020000000E+005    0.515604540751E-005
    0.435520000000E+005    0.518841824507E-005
    0.436020000000E+005    0.522093976683E-005
    0.436520000000E+005    0.525361037330E-005
    0.437020000000E+005    0.528643046500E-005
    0.437520000000E+005    0.531940044255E-005
    0.438020000000E+005    0.535252070657E-005
    0.438520000000E+005    0.538579165775E-005
    0.439020000000E+005    0.541921369683E-005
    0.439520000000E+005    0.545278722456E-005
    0.440020000000E+005    0.548651264176E-005
    0.440520000000E+005    0.552039034926E-005
    0.441020000000E+005    0.555442074794E-005
    0.441520000000E+005    0.558860423870E-005
    0.442020000000E+005    0.562294122248E-005
    0.442520000000E+005    0.565743210022E-005
    0.443020000000E+005    0.569207727293E-005
    0.443520000000E+005    0.572687714158E-005
    0.444020000000E+005    0.576183210722E-005
    0.444520000000E+005    0.579694257087E-005
    0.445020000000E+005    0.583220893359E-005
    0.445520000000E+005    0.586763159644E-005
    0.446020000000E+005    0.590321096050E-005
    0.446520000000E+005    0.593894742684E-005
    0.447020000000E+005    0.597484139655E-005
    0.447520000000E+005    0.601089327073E-005
    0.448020000000E+005    0.604710345045E-005
    0.448520000000E+005    0.608347233681E-005
    0.449020000000E+005    0.612000033089E-005
    0.449520000000E+005    0.615668783376E-005
    0.450020000000E+005    0.619353524649E-005
    0.450520000000E+005    0.623054297014E-005
    0.451020000000E+005    0.626771140576E-005
    0.451520000000E+005    0.630504095436E-005
    0.452020000000E+005    0.634253201695E-005
    0.452520000000E+005    0.638018499454E-005
    0.453020000000E+005    0.641800028807E-005
    0.453520000000E+005    0.645597829851E-005
    0.454020000000E+005    0.649411942675E-005
    0.454520000000E+005    0.653242407370E-005
    0.455020000000E+005    0.657089264019E-005
    0.455520000000E+005    0.660952552706E-005
    0.456020000000E+005    0.664832313510E-005
    0.456520000000E+005    0.668728586504E-005
    0.457020000000E+005    0.672641411760E-005
    0.457520000000E+005    0.676570829344E-005
    0.458020000000E+005    0.680516879319E-005
    0.458520000000E+005    0.684479601741E-005
    0.459020000000E+005    0.688459036664E-005
    0.459520000000E+005    0.692455224135E-005
    0.460020000000E+005    0.696468204195E-005
    0.460520000000E+005    0.700498016882E-005
    0.461020000000E+005    0.704544702226E-005
    0.461520000000E+005    0.708608300252E-005
    0.462020000000E+005    0.712688850979E-005
    0.462520000000E+005    0.716786394419E-005
    0.463020000000E+005    0.720900970577E-005
    0.463520000000E+005    0.725032619452E-005
    0.464020000000E+005    0.729181381036E-005
    0.464520000000E+005    0.733347295314E-005
    0.465020000000E+005    0.737530402261E-005
    0.465520000000E+005    0.741730741849E-005
    0.466020000000E+005    0.745948354037E-005
    0.466520000000E+005    0.750183278779E-005
    0.467020000000E+005    0.754435556020E-005
    0.467520000000E+005    0.758705225696E-005
    0.468020000000E+005    0.762992327736E-005
    0.468520000000E+005    0.767296902057E-005
    0.469020000000E+005    0.771618988569E-005
    0.469520000000E+005    0.775958627172E-005
    0.470020000000E+005    0.780315857757E-005
    0.470520000000E+005    0.784690720205E-005
    0.471020000000E+005    0.789083254386E-005
    0.471520000000E+005    0.793493500161E-005
    0.472020000000E+005    0.797921497380E-005
    0.472520000000E+005    0.802367285883E-005
    0.473020000000E+005    0.806830905498E-005
    0.473520000000E+005    0.811312396043E-005
    0.474020000000E+005    0.815811797325E-005
    0.474520000000E+005    0.820329149138E-005
    0.475020000000E+005    0.824864491266E-005
    0.475520000000E+005    0.829417863481E-005
    0.476020000000E+005    0.833989305542E-005
    0.476520000000E+005    0.838578857197E-005
    0.477020000000E+005    0.843186558180E-005
    0.477520000000E+005    0.847812448214E-005
    0.478020000000E+005    0.852456567008E-005
    0.478520000000E+005    0.857118954259E-005
    0.479020000000E+005    0.861799649650E-005
    0.479520000000E+005    0.866498692849E-005
    0.480020000000E+005    0.871216123515E-005
    0.480520000000E+005    0.875951981288E-005
    0.481020000000E+005    0.880706305798E-005
    0.481520000000E+005    0.885479136658E-005
    0.482020000000E+005    0.890270513467E-005
    0.482520000000E+005    0.895080475812E-005
    0.483020000000E+005    0.899909063261E-005
    0.483520000000E+005    0.904756315371E-005
    0.484020000000E+005    0.909622271682E-005
    0.484520000000E+005    0.914506971717E-005
    0.485020000000E+005    0.919410454987E-005
    0.485520000000E+005    0.924332760984E-005
    0.486020000000E+005    0.929273929186E-005
    0.486520000000E+005    0.934233999054E-005
    0.487020000000E+005    0.939213010033E-005
    0.487520000000E+005    0.944211001552E-005
    0.488020000000E+005    0.949228013022E-005
    0.488520000000E+005    0.954264083838E-005
    0.489020000000E+005    0.959319253377E-005
    0.489520000000E+005    0.964393561000E-005
    0.490020000000E+005    0.969487046051E-005
    0.490520000000E+005    0.974599747853E-005
    0.491020000000E+005    0.979731705715E-005
    0.491520000000E+005    0.984882958926E-005
    0.492020000000E+005    0.990053546757E-005
    0.492520000000E+005    0.995243508462E-005
    0.493020000000E+005    0.100045288327E-004
    0.493520000000E+005    0.100568171041E-004
    0.494020000000E+005    0.101093002906E-004
    0.494520000000E+005    0.101619787841E-004
    0.495020000000E+005    0.102148529762E-004
    0.495520000000E+005    0.102679232582E-004
    0.496020000000E+005    0.103211900213E-004
    0.496520000000E+005    0.103746536565E-004
    0.497020000000E+005    0.104283145547E-004
    0.497520000000E+005    0.104821731063E-004
    0.498020000000E+005    0.105362297019E-004
    0.498520000000E+005    0.105904847315E-004
    0.499020000000E+005    0.106449385851E-004
    0.499520000000E+005    0.106995916525E-004
    0.500020000000E+005    0.107544443233E-004
    0.500520000000E+005    0.108094969867E-004
    0.501020000000E+005    0.108647500320E-004
    0.501520000000E+005    0.109202038480E-004
    0.502020000000E+005    0.109758588235E-004
    0.502520000000E+005    0.110317153468E-004
    0.503020000000E+005    0.110877738062E-004
    0.503520000000E+005    0.111440345898E-004
    0.504020000000E+005    0.112004980854E-004
    0.504520000000E+005    0.112571646806E-004
    0.505020000000E+005    0.113140347626E-004
    0.505520000000E+005    0.113711087186E-004
    0.506020000000E+005    0.114283869355E-004
    0.506520000000E+005    0.114858698000E-004
    0.507020000000E+005    0.115435576984E-004
    0.507520000000E+005    0.116014510170E-004
    0.508020000000E+005    0.116595501417E-004
    0.508520000000E+005    0.117178554581E-004
    0.509020000000E+005    0.117763673519E-004
    0.509520000000E+005    0.118350862080E-004
    0.510020000000E+005    0.118940124117E-004
    0.510520000000E+005    0.119531463475E-004
    0.511020000000E+005    0.120124883999E-004
    0.511520000000E+005    0.120720389532E-004
    0.512020000000E+005    0.121317983914E-004
    0.512520000000E+005    0.121917670982E-004
    0.513020000000E+005    0.122519454569E-004
    0.513520000000E+005    0.123123338510E-004
    0.514020000000E+005    0.123729326632E-004
    0.514520000000E+005    0.124337422764E-004
    0.515020000000E+005    0.124947630728E-004
    0.515520000000E+005    0.125559954348E-004
    0.516020000000E+005    0.126174397442E-004
    0.516520000000E+005    0.126790963827E-004
    0.517020000000E+005    0.127409657315E-004
    0.517520000000E+005    0.128030481719E-004
    0.518020000000E+005    0.128653440846E-004
    0.518520000000E+005    0.129278538503E-004
    0.519020000000E+005    0.129905778491E-004
    0.519520000000E+005    0.130535164611E-004
    0.520020000000E+005    0.131166700661E-004
    0.520520000000E+005    0.131800390435E-004
    0.521020000000E+005    0.132436237724E-004
    0.521520000000E+005    0.133074246318E-004
    0.522020000000E+005    0.133714420003E-004
    0.522520000000E+005    0.134356762562E-004
    0.523020000000E+005    0.135001277775E-004
    0.523520000000E+005    0.135647969419E-004
    0.524020000000E+005    0.136296841271E-004
    0.524520000000E+005    0.136947897100E-004
    0.525020000000E+005    0.137601140676E-004
    0.525520000000E+005    0.138256575765E-004
    0.526020000000E+005    0.138914206130E-004
    0.526520000000E+005    0.139574035531E-004
    0.527020000000E+005    0.140236067723E-004
    0.527520000000E+005    0.140900306463E-004
    0.528020000000E+005    0.141566755500E-004
    0.528520000000E+005    0.142235418582E-004
    0.529020000000E+005    0.142906299455E-004
    0.529520000000E+005    0.143579401859E-004
    0.530020000000E+005    0.144254729535E-004
    0.530520000000E+005    0.144932286216E-004
    0.531020000000E+005    0.145612075637E-004
    0.531520000000E+005    0.146294101527E-004
    0.532020000000E+005    0.146978367611E-004
    0.532520000000E+005    0.147664877613E-004
    0.533020000000E+005    0.148353635253E-004
    0.533520000000E+005    0.149044644249E-004
    0.534020000000E+005    0.149737908313E-004
    0.534520000000E+005    0.150433431156E-004
    0.535020000000E+005    0.151131216485E-004
    0.535520000000E+005    0.151831268005E-004
    0.536020000000E+005    0.152533589416E-004
    0.536520000000E+005    0.153238184416E-004
    0.537020000000E+005    0.153945056699E-004
    0.537520000000E+005    0.154654209956E-004
    0.538020000000E+005    0.155365647875E-004
    0.538520000000E+005    0.156079374140E-004
    0.539020000000E+005    0.156795392433E-004
    0.539520000000E+005    0.157513706431E-004
    0.540020000000E+005    0.158234319808E-004
    0.540520000000E+005    0.158957236236E-004
    0.541020000000E+005    0.159682459382E-004
    0.541520000000E+005    0.160409992911E-004
    0.542020000000E+005    0.161139840483E-004
    0.542520000000E+005    0.161872005757E-004
    0.543020000000E+005    0.162606492385E-004
    0.543520000000E+005    0.163343304019E-004
    0.544020000000E+005    0.164082444306E-004
    0.544520000000E+005    0.164823916889E-004
    0.545020000000E+005    0.165567725409E-004
    0.545520000000E+005    0.166313873502E-004
    0.546020000000E+005    0.167062364802E-004
    0.546520000000E+005    0.167813202939E-004
    0.547020000000E+005    0.168566391538E-004
    0.547520000000E+005    0.169321934222E-004
    0.548020000000E+005    0.170079834611E-004
    0.548520000000E+005    0.170840096319E-004
    0.549020000000E+005    0.171602722959E-004
    0.549520000000E+005    0.172367718139E-004
    0.550020000000E+005    0.173135085464E-004
    0.550520000000E+005    0.173904828535E-004
    0.551020000000E+005    0.174676950950E-004
    0.551520000000E+005    0.175451456301E-004
    0.552020000000E+005    0.176228348180E-004
    0.552520000000E+005    0.177007630173E-004
    0.553020000000E+005    0.177789305863E-004
    0.553520000000E+005    0.178573378829E-004
    0.554020000000E+005    0.179359852647E-004
    0.554520000000E+005    0.180148730887E-004
    0.555020000000E+005    0.180940017119E-004
    0.555520000000E+005    0.181733714907E-004
    0.556020000000E+005    0.182529827810E-004
    0.556520000000E+005    0.183328359387E-004
    0.557020000000E+005    0.184129313189E-004
    0.557520000000E+005    0.184932692766E-004
    0.558020000000E+005    0.185738501664E-004
    0.558520000000E+005    0.186546743424E-004
    0.559020000000E+005    0.187357421584E-004
    0.559520000000E+005    0.188170539677E-004
    0.560020000000E+005    0.188986101235E-004
    0.560520000000E+005    0.189804109783E-004
    0.561020000000E+005    0.190624568843E-004
    0.561520000000E+005    0.191447481935E-004
    0.562020000000E+005    0.192272852572E-004
    0.562520000000E+005    0.193100684266E-004
    0.563020000000E+005    0.193930980523E-004
    0.563520000000E+005    0.194763744847E-004
    0.564020000000E+005    0.195598980735E-004
    0.564520000000E+005    0.196436691684E-004
    0.565020000000E+005    0.197276881185E-004
    0.565520000000E+005    0.198119552724E-004
    0.566020000000E+005    0.198964709784E-004
    0.566520000000E+005    0.199812355846E-004
    0.567020000000E+005    0.200662494383E-004
    0.567520000000E+005    0.201515128867E-004
    0.568020000000E+005    0.202370262766E-004
    0.568520000000E+005    0.203227899542E-004
    0.569020000000E+005    0.204088042655E-004
    0.569520000000E+005    0.204950695558E-004
    0.570020000000E+005    0.205815861705E-004
    0.570520000000E+005    0.206683544540E-004
    0.571020000000E+005    0.207553747508E-004
    0.571520000000E+005    0.208426474046E-004
    0.572020000000E+005    0.209301727590E-004
    0.572520000000E+005    0.210179511570E-004
    0.573020000000E+005    0.211059829412E-004
    0.573520000000E+005    0.211942684538E-004
    0.574020000000E+005    0.212828080367E-004
    0.574520000000E+005    0.213716020313E-004
    0.575020000000E+005    0.214606507785E-004
    0.575520000000E+005    0.215499546190E-004
    0.576020000000E+005    0.216395138927E-004
    0.576520000000E+005    0.217293289396E-004
    0.577020000000E+005    0.218194000988E-004
    0.577520000000E+005    0.219097277093E-004
    0.578020000000E+005    0.220003121095E-004
    0.578520000000E+005    0.220911536374E-004
    0.579020000000E+005    0.221822526308E-004
    0.579520000000E+005    0.222736094267E-004
    0.580020000000E+005    0.223652243619E-004
    0.580520000000E+005    0.224570977728E-004
    0.581020000000E+005    0.225492299952E-004
    0.581520000000E+005    0.226416213648E-004
    0.582020000000E+005    0.227342722164E-004
    0.582520000000E+005    0.228271828847E-004
    0.583020000000E+005    0.229203537040E-004
    0.583520000000E+005    0.230137850079E-004
    0.584020000000E+005    0.231074771299E-004
    0.584520000000E+005    0.232014304027E-004
    0.585020000000E+005    0.232956451588E-004
    0.585520000000E+005    0.233901217303E-004
    0.586020000000E+005    0.234848604488E-004
    0.586520000000E+005    0.235798616453E-004
    0.587020000000E+005    0.236751256506E-004
    0.587520000000E+005    0.237706527949E-004
    0.588020000000E+005    0.238664434082E-004
    0.588520000000E+005    0.239624978196E-004
    0.589020000000E+005    0.240588163583E-004
    0.589520000000E+005    0.241553993526E-004
    0.590020000000E+005    0.242522471307E-004
    0.590520000000E+005    0.243493600202E-004
    0.591020000000E+005    0.244467383481E-004
    0.591520000000E+005    0.245443824413E-004
    0.592020000000E+005    0.246422926260E-004
    0.592520000000E+005    0.247404692280E-004
    0.593020000000E+005    0.248389125727E-004
    0.593520000000E+005    0.249376229850E-004
    0.594020000000E+005    0.250366007895E-004
    0.594520000000E+005    0.251358463100E-004
    0.595020000000E+005    0.252353598702E-004
    0.595520000000E+005    0.253351417931E-004
    0.596020000000E+005    0.254351924016E-004
    0.596520000000E+005    0.255355120177E-004
    0.597020000000E+005    0.256361009632E-004
    0.597520000000E+005    0.257369595593E-004
    0.598020000000E+005    0.258380881271E-004
    0.598520000000E+005    0.259394869867E-004
    0.599020000000E+005    0.260411564582E-004
    0.599520000000E+005    0.261430968610E-004
    0.600020000000E+005    0.262453085141E-004
    0.600520000000E+005    0.263477917360E-004
    0.601020000000E+005    0.264505468448E-004
    0.601520000000E+005    0.265535741582E-004
    0.602020000000E+005    0.266568739932E-004
    0.602520000000E+005    0.267604466667E-004
    0.603020000000E+005    0.268642924947E-004
    0.603520000000E+005    0.269684117931E-004
    0.604020000000E+005    0.270728048771E-004
    0.604520000000E+005    0.271774720616E-004
    0.605020000000E+005    0.272824136609E-004
    0.605520000000E+005    0.273876299889E-004
    0.606020000000E+005    0.274931213591E-004
    0.606520000000E+005    0.275988880843E-004
    0.607020000000E+005    0.277049304772E-004
    0.607520000000E+005    0.278112488495E-004
    0.608020000000E+005    0.279178435130E-004
    0.608520000000E+005    0.280247147787E-004
    0.609020000000E+005    0.281318629572E-004
    0.609520000000E+005    0.282392883585E-004
    0.610020000000E+005    0.283469912923E-004
    0.610520000000E+005    0.284549720678E-004
    0.611020000000E+005    0.285632309937E-004
    0.611520000000E+005    0.286717683781E-004
    0.612020000000E+005    0.287805845289E-004
    0.612520000000E+005    0.288896797533E-004
    0.613020000000E+005    0.289990543580E-004
    0.613520000000E+005    0.291087086494E-004
    0.614020000000E+005    0.292186429332E-004
    0.614520000000E+005    0.293288575149E-004
    0.615020000000E+005    0.294393526992E-004
    0.615520000000E+005    0.295501287905E-004
    0.616020000000E+005    0.296611860928E-004
    0.616520000000E+005    0.297725249094E-004
    0.617020000000E+005    0.298841455433E-004
    0.617520000000E+005    0.299960482969E-004
    0.618020000000E+005    0.301082334721E-004
    0.618520000000E+005    0.302207013705E-004
    0.619020000000E+005    0.303334522930E-004
    0.619520000000E+005    0.304464865400E-004
    0.620020000000E+005    0.305598044117E-004
    0.620520000000E+005    0.306734062075E-004
    0.621020000000E+005    0.307872922265E-004
    0.621520000000E+005    0.309014627671E-004
    0.622020000000E+005    0.310159181275E-004
    0.622520000000E+005    0.311306586052E-004
    0.623020000000E+005    0.312456844973E-004
    0.623520000000E+005    0.313609961004E-004
    0.624020000000E+005    0.314765937104E-004
    0.624520000000E+005    0.315924776231E-004
    0.625020000000E+005    0.317086481336E-004
    0.625520000000E+005    0.318251055363E-004
    0.626020000000E+005    0.319418501255E-004
    0.626520000000E+005    0.320588821948E-004
    0.627020000000E+005    0.321762020372E-004
    0.627520000000E+005    0.322938099454E-004
    0.628020000000E+005    0.324117062115E-004
    0.628520000000E+005    0.325298911272E-004
    0.629020000000E+005    0.326483649835E-004
    0.629520000000E+005    0.327671280711E-004
    0.630020000000E+005    0.328861806802E-004
    0.630520000000E+005    0.330055231003E-004
    0.631020000000E+005    0.331251556207E-004
    0.631520000000E+005    0.332450785298E-004
    0.632020000000E+005    0.333652921160E-004
    0.632520000000E+005    0.334857966667E-004
    0.633020000000E+005    0.336065924691E-004
    0.633520000000E+005    0.337276798099E-004
    0.634020000000E+005    0.338490589751E-004
    0.634520000000E+005    0.339707302504E-004
    0.635020000000E+005    0.340926939210E-004
    0.635520000000E+005    0.342149502713E-004
    0.636020000000E+005    0.343374995855E-004
    0.636520000000E+005    0.344603421472E-004
    0.637020000000E+005    0.345834782395E-004
    0.637520000000E+005    0.347069081450E-004
    0.638020000000E+005    0.348306321457E-004
    0.638520000000E+005    0.349546505233E-004
    0.639020000000E+005    0.350789635588E-004
    0.639520000000E+005    0.352035715327E-004
    0.640020000000E+005    0.353284747251E-004
    0.640520000000E+005    0.354536734155E-004
    0.641020000000E+005    0.355791678830E-004
    0.641520000000E+005    0.357049584060E-004
    0.642020000000E+005    0.358310452627E-004
    0.642520000000E+005    0.359574287304E-004
    0.643020000000E+005    0.360841090861E-004
    0.643520000000E+005    0.362110866064E-004
    0.644020000000E+005    0.363383615672E-004
    0.644520000000E+005    0.364659342439E-004
    0.645020000000E+005    0.365938049114E-004
    0.645520000000E+005    0.367219738443E-004
    0.646020000000E+005    0.368504413163E-004
    0.646520000000E+005    0.369792076009E-004
    0.647020000000E+005    0.371082729710E-004
    0.647520000000E+005    0.372376376988E-004
    0.648020000000E+005    0.373673020564E-004
    0.648520000000E+005    0.374972663149E-004
    0.649020000000E+005    0.376275307452E-004
    0.649520000000E+005    0.377580956177E-004
    0.650020000000E+005    0.378889612020E-004
    0.650520000000E+005    0.380201277674E-004
    0.651020000000E+005    0.381515955827E-004
    0.651520000000E+005    0.382833649161E-004
    0.652020000000E+005    0.384154360353E-004
    0.652520000000E+005    0.385478092075E-004
    0.653020000000E+005    0.386804846994E-004
    0.653520000000E+005    0.388134627771E-004
    0.654020000000E+005    0.389467437062E-004
    0.654520000000E+005    0.390803277518E-004
    0.655020000000E+005    0.392142151786E-004
    0.655520000000E+005    0.393484062506E-004
    0.656020000000E+005    0.394829012313E-004
    0.656520000000E+005    0.396177003837E-004
    0.657020000000E+005    0.397528039704E-004
    0.657520000000E+005    0.398882122534E-004
    0.658020000000E+005    0.400239254940E-004
    0.658520000000E+005    0.401599439532E-004
    0.659020000000E+005    0.402962678914E-004
    0.659520000000E+005    0.404328975685E-004
    0.660020000000E+005    0.405698332439E-004
    0.660520000000E+005    0.407070751763E-004
    0.661020000000E+005    0.408446236242E-004
    0.661520000000E+005    0.409824788452E-004
    0.662020000000E+005    0.411206410966E-004
    0.662520000000E+005    0.412591106353E-004
    0.663020000000E+005    0.413978877172E-004
    0.663520000000E+005    0.415369725983E-004
    0.664020000000E+005    0.416763655335E-004
    0.664520000000E+005    0.418160667776E-004
    0.665020000000E+005    0.419560765845E-004
    0.665520000000E+005    0.420963952080E-004
    0.666020000000E+005    0.422370229010E-004
    0.666520000000E+005    0.423779599161E-004
    0.667020000000E+005    0.425192065052E-004
    0.667520000000E+005    0.426607629197E-004
    0.668020000000E+005    0.428026294108E-004
    0.668520000000E+005    0.429448062286E-004
    0.669020000000E+005    0.430872936231E-004
    0.669520000000E+005    0.432300918436E-004
    0.670020000000E+005    0.433732011390E-004
    0.670520000000E+005    0.435166217575E-004
    0.671020000000E+005    0.436603539469E-004
    0.671520000000E+005    0.438043979543E-004
    0.672020000000E+005    0.439487540266E-004
    0.672520000000E+005    0.440934224097E-004
    0.673020000000E+005    0.442384033494E-004
    0.673520000000E+005    0.443836970908E-004
    0.674020000000E+005    0.445293038783E-004
    0.674520000000E+005    0.446752239561E-004
    0.675020000000E+005    0.448214575677E-004
    0.675520000000E+005    0.449680049559E-004
    0.676020000000E+005    0.451148663633E-004
    0.676520000000E+005    0.452620420316E-004
    0.677020000000E+005    0.454095322024E-004
    0.677520000000E+005    0.455573371164E-004
    0.678020000000E+005    0.457054570139E-004
    0.678520000000E+005    0.458538921347E-004
    0.679020000000E+005    0.460026427180E-004
    0.679520000000E+005    0.461517090025E-004
    0.680020000000E+005    0.463010912264E-004
    0.680520000000E+005    0.464507896273E-004
    0.681020000000E+005    0.466008044422E-004
    0.681520000000E+005    0.467511359078E-004
    0.682020000000E+005    0.469017842601E-004
    0.682520000000E+005    0.470527497345E-004
    0.683020000000E+005    0.472040325660E-004
    0.683520000000E+005    0.473556329891E-004
    0.684020000000E+005    0.475075512375E-004
    0.684520000000E+005    0.476597875446E-004
    0.685020000000E+005    0.478123421433E-004
    0.685520000000E+005    0.479652152658E-004
    0.686020000000E+005    0.481184071438E-004
    0.686520000000E+005    0.482719180086E-004
    0.687020000000E+005    0.484257480907E-004
    0.687520000000E+005    0.485798976204E-004
    0.688020000000E+005    0.487343668271E-004
    0.688520000000E+005    0.488891559401E-004
    0.689020000000E+005    0.490442651876E-004
    0.689520000000E+005    0.491996947978E-004
    0.690020000000E+005    0.493554449981E-004
    0.690520000000E+005    0.495115160153E-004
    0.691020000000E+005    0.496679080758E-004
    0.691520000000E+005    0.498246214055E-004
    0.692020000000E+005    0.499816562296E-004
    0.692520000000E+005    0.501390127729E-004
    0.693020000000E+005    0.502966912595E-004
    0.693520000000E+005    0.504546919131E-004
    0.694020000000E+005    0.506130149569E-004
    0.694520000000E+005    0.507716606135E-004
    0.695020000000E+005    0.509306291048E-004
    0.695520000000E+005    0.510899206525E-004
    0.696020000000E+005    0.512495354774E-004
    0.696520000000E+005    0.514094738001E-004
    0.697020000000E+005    0.515697358403E-004
    0.697520000000E+005    0.517303218175E-004
    0.698020000000E+005    0.518912319504E-004
    0.698520000000E+005    0.520524664574E-004
    0.699020000000E+005    0.522140255561E-004
    0.699520000000E+005    0.523759094638E-004
    0.700020000000E+005    0.525381183971E-004
    0.700520000000E+005    0.527006525721E-004
    0.701020000000E+005    0.528635122044E-004
    0.701520000000E+005    0.530266975091E-004
    0.702020000000E+005    0.531902087006E-004
    0.702520000000E+005    0.533540459928E-004
    0.703020000000E+005    0.535182095992E-004
    0.703520000000E+005    0.536826997327E-004
    0.704020000000E+005    0.538475166055E-004
    0.704520000000E+005    0.540126604295E-004
    0.705020000000E+005    0.541781314159E-004
    0.705520000000E+005    0.543439297754E-004
    0.706020000000E+005    0.545100557183E-004
    0.706520000000E+005    0.546765094540E-004
    0.707020000000E+005    0.548432911917E-004
    0.707520000000E+005    0.550104011400E-004
    0.708020000000E+005    0.551778395068E-004
    0.708520000000E+005    0.553456064996E-004
    0.709020000000E+005    0.555137023253E-004
    0.709520000000E+005    0.556821271903E-004
    0.710020000000E+005    0.558508813005E-004
    0.710520000000E+005    0.560199648611E-004
    0.711020000000E+005    0.561893780769E-004
    0.711520000000E+005    0.563591211520E-004
    0.712020000000E+005    0.565291942903E-004
    0.712520000000E+005    0.566995976947E-004
    0.713020000000E+005    0.568703315679E-004
    0.713520000000E+005    0.570413961120E-004
    0.714020000000E+005    0.572127915284E-004
    0.714520000000E+005    0.573845180181E-004
    0.715020000000E+005    0.575565757815E-004
    0.715520000000E+005    0.577289650186E-004
    0.716020000000E+005    0.579016859286E-004
    0.716520000000E+005    0.580747387103E-004
    0.717020000000E+005    0.582481235621E-004
    0.717520000000E+005    0.584218406815E-004
    0.718020000000E+005    0.585958902659E-004
    0.718520000000E+005    0.587702725118E-004
    0.719020000000E+005    0.589449876153E-004
    0.719520000000E+005    0.591200357720E-004
    0.720020000000E+005    0.592954171768E-004
    0.720520000000E+005    0.594711320243E-004
    0.721020000000E+005    0.596471805083E-004
    0.721520000000E+005    0.598235628223E-004
    0.722020000000E+005    0.600002791591E-004
    0.722520000000E+005    0.601773297110E-004
    0.723020000000E+005    0.603547146697E-004
    0.723520000000E+005    0.605324342265E-004
    0.724020000000E+005    0.607104885720E-004
    0.724520000000E+005    0.608888778964E-004
    0.725020000000E+005    0.610676023893E-004
    0.725520000000E+005    0.612466622397E-004
    0.726020000000E+005    0.614260576361E-004
    0.726520000000E+005    0.616057887665E-004
    0.727020000000E+005    0.617858558184E-004
    0.727520000000E+005    0.619662589786E-004
    0.728020000000E+005    0.621469984335E-004
    0.728520000000E+005    0.623280743688E-004
    0.729020000000E+005    0.625094869699E-004
    0.729520000000E+005    0.626912364214E-004
    0.730020000000E+005    0.628733229076E-004
    0.730520000000E+005    0.630557466121E-004
    0.731020000000E+005    0.632385077180E-004
    0.731520000000E+005    0.634216064078E-004
    0.732020000000E+005    0.636050428636E-004
    0.732520000000E+005    0.637888172668E-004
    0.733020000000E+005    0.639729297985E-004
    0.733520000000E+005    0.641573806389E-004
    0.734020000000E+005    0.643421699680E-004
    0.734520000000E+005    0.645272979651E-004
    0.735020000000E+005    0.647127648089E-004
    0.735520000000E+005    0.648985706777E-004
    0.736020000000E+005    0.650847157492E-004
    0.736520000000E+005    0.652712002005E-004
    0.737020000000E+005    0.654580242083E-004
    0.737520000000E+005    0.656451879487E-004
    0.738020000000E+005    0.658326915971E-004
    0.738520000000E+005    0.660205353286E-004
    0.739020000000E+005    0.662087193176E-004
    0.739520000000E+005    0.663972437381E-004
    0.740020000000E+005    0.665861087635E-004
    0.740520000000E+005    0.667753145665E-004
    0.741020000000E+005    0.669648613195E-004
    0.741520000000E+005    0.671547491943E-004
    0.742020000000E+005    0.673449783621E-004
    0.742520000000E+005    0.675355489935E-004
    0.743020000000E+005    0.677264612587E-004
    0.743520000000E+005    0.679177153274E-004
    0.744020000000E+005    0.681093113685E-004
    0.744520000000E+005    0.683012495507E-004
    0.745020000000E+005    0.684935300419E-004
    0.745520000000E+005    0.686861530096E-004
    0.746020000000E+005    0.688791186207E-004
    0.746520000000E+005    0.690724270415E-004
    0.747020000000E+005    0.692660784380E-004
    0.747520000000E+005    0.694600729754E-004
    0.748020000000E+005    0.696544108184E-004
    0.748520000000E+005    0.698490921314E-004
    0.749020000000E+005    0.700441170780E-004
    0.749520000000E+005    0.702394858214E-004
    0.750020000000E+005    0.704351985242E-004
    0.750520000000E+005    0.706312553484E-004
    0.751020000000E+005    0.708276564556E-004
    0.751520000000E+005    0.710244020069E-004
    0.752020000000E+005    0.712214921626E-004
    0.752520000000E+005    0.714189270828E-004
    0.753020000000E+005    0.716167069268E-004
    0.753520000000E+005    0.718148318535E-004
    0.754020000000E+005    0.720133020212E-004
    0.754520000000E+005    0.722121175878E-004
    0.755020000000E+005    0.724112787104E-004
    0.755520000000E+005    0.726107855457E-004
    0.756020000000E+005    0.728106382501E-004
    0.756520000000E+005    0.730108369791E-004
    0.757020000000E+005    0.732113818878E-004
    0.757520000000E+005    0.734122731309E-004
    0.758020000000E+005    0.736135108623E-004
    0.758520000000E+005    0.738150952356E-004
    0.759020000000E+005    0.740170264038E-004
    0.759520000000E+005    0.742193045192E-004
    0.760020000000E+005    0.744219297339E-004
    0.760520000000E+005    0.746249021992E-004
    0.761020000000E+005    0.748282220659E-004
    0.761520000000E+005    0.750318894843E-004
    0.762020000000E+005    0.752359046043E-004
    0.762520000000E+005    0.754402675750E-004
    0.763020000000E+005    0.756449785452E-004
    0.763520000000E+005    0.758500376630E-004
    0.764020000000E+005    0.760554450761E-004
    0.764520000000E+005    0.762612009317E-004
    0.765020000000E+005    0.764673053762E-004
    0.765520000000E+005    0.766737585557E-004
    0.766020000000E+005    0.768805606158E-004
    0.766520000000E+005    0.770877117014E-004
    0.767020000000E+005    0.772952119570E-004
    0.767520000000E+005    0.775030615265E-004
    0.768020000000E+005    0.777112605534E-004
    0.768520000000E+005    0.779198091803E-004
    0.769020000000E+005    0.781287075498E-004
    0.769520000000E+005    0.783379558035E-004
    0.770020000000E+005    0.785475540829E-004
    0.770520000000E+005    0.787575025285E-004
    0.771020000000E+005    0.789678012806E-004
    0.771520000000E+005    0.791784504789E-004
    0.772020000000E+005    0.793894502625E-004
    0.772520000000E+005    0.796008007701E-004
    0.773020000000E+005    0.798125021398E-004
    0.773520000000E+005    0.800245545091E-004
    0.774020000000E+005    0.802369580150E-004
    0.774520000000E+005    0.804497127941E-004
    0.775020000000E+005    0.806628189823E-004
    0.775520000000E+005    0.808762767151E-004
    0.776020000000E+005    0.810900861274E-004
    0.776520000000E+005    0.813042473536E-004
    0.777020000000E+005    0.815187605277E-004
    0.777520000000E+005    0.817336257828E-004
    0.778020000000E+005    0.819488432518E-004
    0.778520000000E+005    0.821644130671E-004
    0.779020000000E+005    0.823803353604E-004
    0.779520000000E+005    0.825966102628E-004
    0.780020000000E+005    0.828132379052E-004
    0.780520000000E+005    0.830302184178E-004
    0.781020000000E+005    0.832475519301E-004
    0.781520000000E+005    0.834652385713E-004
    0.782020000000E+005    0.836832784700E-004
    0.782520000000E+005    0.839016717543E-004
    0.783020000000E+005    0.841204185518E-004
    0.783520000000E+005    0.843395189895E-004
    0.784020000000E+005    0.845589731939E-004
    0.784520000000E+005    0.847787812910E-004
    0.785020000000E+005    0.849989434063E-004
    0.785520000000E+005    0.852194596647E-004
    0.786020000000E+005    0.854403301906E-004
    0.786520000000E+005    0.856615551079E-004
    0.787020000000E+005    0.858831345400E-004
    0.787520000000E+005    0.861050686098E-004
    0.788020000000E+005    0.863273574396E-004
    0.788520000000E+005    0.865500011511E-004
    0.789020000000E+005    0.867729998657E-004
    0.789520000000E+005    0.869963537042E-004
    0.790020000000E+005    0.872200627867E-004
    0.790520000000E+005    0.874441272331E-004
    0.791020000000E+005    0.876685471625E-004
    0.791520000000E+005    0.878933226935E-004
    0.792020000000E+005    0.881184539445E-004
    0.792520000000E+005    0.883439410329E-004
    0.793020000000E+005    0.885697840760E-004
    0.793520000000E+005    0.887959831903E-004
    0.794020000000E+005    0.890225384919E-004
    0.794520000000E+005    0.892494500964E-004
    0.795020000000E+005    0.894767181189E-004
    0.795520000000E+005    0.897043426739E-004
    0.796020000000E+005    0.899323238753E-004
    0.796520000000E+005    0.901606618368E-004
    0.797020000000E+005    0.903893566712E-004
    0.797520000000E+005    0.906184084911E-004
    0.798020000000E+005    0.908478174083E-004
    0.798520000000E+005    0.910775835344E-004
    0.799020000000E+005    0.913077069802E-004
    0.799520000000E+005    0.915381878561E-004
    0.800020000000E+005    0.917690262721E-004
    0.800520000000E+005    0.920002223374E-004
    0.801020000000E+005    0.922317761610E-004
    0.801520000000E+005    0.924636878512E-004
    0.802020000000E+005    0.926959575157E-004
    0.802520000000E+005    0.929285852620E-004
    0.803020000000E+005    0.931615711968E-004
    0.803520000000E+005    0.933949154264E-004
    0.804020000000E+005    0.936286180566E-004
    0.804520000000E+005    0.938626791927E-004
    0.805020000000E+005    0.940970989393E-004
    0.805520000000E+005    0.943318774007E-004
    0.806020000000E+005    0.945670146807E-004
    0.806520000000E+005    0.948025108824E-004
    0.807020000000E+005    0.950383661085E-004
    0.807520000000E+005    0.952745804613E-004
    0.808020000000E+005    0.955111540424E-004
    0.808520000000E+005    0.957480869531E-004
    0.809020000000E+005    0.959853792938E-004
    0.809520000000E+005    0.962230311649E-004
    0.810020000000E+005    0.964610426658E-004
    0.810520000000E+005    0.966994138959E-004
    0.811020000000E+005    0.969381449536E-004
    0.811520000000E+005    0.971772359371E-004
    0.812020000000E+005    0.974166869440E-004
    0.812520000000E+005    0.976564980715E-004
    0.813020000000E+005    0.978966694160E-004
    0.813520000000E+005    0.981372010737E-004
    0.814020000000E+005    0.983780931401E-004
    0.814520000000E+005    0.986193457103E-004
    0.815020000000E+005    0.988609588789E-004
    0.815520000000E+005    0.991029327400E-004
    0.816020000000E+005    0.993452673870E-004
    0.816520000000E+005    0.995879629131E-004
    0.817020000000E+005    0.998310194107E-004
    0.817520000000E+005    0.100074436972E-003
    0.818020000000E+005    0.100318215688E-003
    0.818520000000E+005    0.100562355651E-003
    0.819020000000E+005    0.100806856950E-003
    0.819520000000E+005    0.101051719676E-003
    0.820020000000E+005    0.101296943918E-003
    0.820520000000E+005    0.101542529766E-003
    0.821020000000E+005    0.101788477307E-003
    0.821520000000E+005    0.102034786630E-003
    0.822020000000E+005    0.102281457822E-003
    0.822520000000E+005    0.102528490971E-003
    0.823020000000E+005    0.102775886162E-003
    0.823520000000E+005    0.103023643482E-003
    0.824020000000E+005    0.103271763017E-003
    0.824520000000E+005    0.103520244851E-003
    0.825020000000E+005    0.103769089068E-003
    0.825520000000E+005    0.104018295754E-003
    0.826020000000E+005    0.104267864991E-003
    0.826520000000E+005    0.104517796862E-003
    0.827020000000E+005    0.104768091450E-003
    0.827520000000E+005    0.105018748837E-003
    0.828020000000E+005    0.105269769104E-003
    0.828520000000E+005    0.105521152333E-003
    0.829020000000E+005    0.105772898603E-003
    0.829520000000E+005    0.106025007996E-003
    0.830020000000E+005    0.106277480590E-003
    0.830520000000E+005    0.106530316465E-003
    0.831020000000E+005    0.106783515699E-003
    0.831520000000E+005    0.107037078370E-003
    0.832020000000E+005    0.107291004555E-003
    0.832520000000E+005    0.107545294332E-003
    0.833020000000E+005    0.107799947778E-003
    0.833520000000E+005    0.108054964968E-003
    0.834020000000E+005    0.108310345978E-003
    0.834520000000E+005    0.108566090883E-003
    0.835020000000E+005    0.108822199757E-003
    0.835520000000E+005    0.109078672675E-003
    0.836020000000E+005    0.109335509711E-003
    0.836520000000E+005    0.109592710937E-003
    0.837020000000E+005    0.109850276426E-003
    0.837520000000E+005    0.110108206250E-003
    0.838020000000E+005    0.110366500481E-003
    0.838520000000E+005    0.110625159189E-003
    0.839020000000E+005    0.110884182447E-003
    0.839520000000E+005    0.111143570323E-003
    0.840020000000E+005    0.111403322888E-003
    0.840520000000E+005    0.111663440211E-003
    0.841020000000E+005    0.111923922359E-003
    0.841520000000E+005    0.112184769403E-003
    0.842020000000E+005    0.112445981409E-003
    0.842520000000E+005    0.112707558444E-003
    0.843020000000E+005    0.112969500576E-003
    0.843520000000E+005    0.113231807870E-003
    0.844020000000E+005    0.113494480393E-003
    0.844520000000E+005    0.113757518209E-003
    0.845020000000E+005    0.114020921384E-003
    0.845520000000E+005    0.114284689982E-003
    0.846020000000E+005    0.114548824067E-003
    0.846520000000E+005    0.114813323701E-003
    0.847020000000E+005    0.115078188949E-003
    0.847520000000E+005    0.115343419872E-003
    0.848020000000E+005    0.115609016532E-003
    0.848520000000E+005    0.115874978991E-003
    0.849020000000E+005    0.116141307309E-003
    0.849520000000E+005    0.116408001547E-003
    0.850020000000E+005    0.116675061766E-003
    0.850520000000E+005    0.116942488024E-003
    0.851020000000E+005    0.117210280381E-003
    0.851520000000E+005    0.117478438895E-003
    0.852020000000E+005    0.117746963624E-003
    0.852520000000E+005    0.118015854626E-003
    0.853020000000E+005    0.118285111958E-003
    0.853520000000E+005    0.118554735676E-003
    0.854020000000E+005    0.118824725837E-003
    0.854520000000E+005    0.119095082496E-003
    0.855020000000E+005    0.119365805709E-003
    0.855520000000E+005    0.119636895531E-003
    0.856020000000E+005    0.119908352014E-003
    0.856520000000E+005    0.120180175214E-003
    0.857020000000E+005    0.120452365184E-003
    0.857520000000E+005    0.120724921975E-003
    0.858020000000E+005    0.120997845642E-003
    0.858520000000E+005    0.121271136235E-003
    0.859020000000E+005    0.121544793806E-003
    0.859520000000E+005    0.121818818406E-003
    0.860020000000E+005    0.122093210085E-003
    0.860520000000E+005    0.122367968894E-003
    0.861020000000E+005    0.122643094881E-003
    0.861520000000E+005    0.122918588096E-003
    0.862020000000E+005    0.123194448588E-003
    0.862520000000E+005    0.123470676403E-003
    0.863020000000E+005    0.123747271591E-003
    0.863520000000E+005    0.124024234198E-003
    0.864020000000E+005    0.124301564271E-003
    0.864520000000E+005    0.124579261856E-003
    0.865020000000E+005    0.124857326999E-003
    0.865520000000E+005    0.125135759744E-003
    0.866020000000E+005    0.125414560138E-003
    0.866520000000E+005    0.125693728224E-003
    0.867020000000E+005    0.125973264045E-003
    0.867520000000E+005    0.126253167646E-003
    0.868020000000E+005    0.126533439070E-003
    0.868520000000E+005    0.126814078358E-003
    0.869020000000E+005    0.127095085552E-003
    0.869520000000E+005    0.127376460696E-003
    0.870020000000E+005    0.127658203828E-003
    0.870520000000E+005    0.127940314990E-003
    0.871020000000E+005    0.128222794223E-003
    0.871520000000E+005    0.128505641565E-003
    0.872020000000E+005    0.128788857056E-003
    0.872520000000E+005    0.129072440734E-003
    0.873020000000E+005    0.129356392639E-003
    0.873520000000E+005    0.129640712807E-003
    0.874020000000E+005    0.129925401276E-003
    0.874520000000E+005    0.130210458083E-003
    0.875020000000E+005    0.130495883265E-003
    0.875520000000E+005    0.130781676857E-003
    0.876020000000E+005    0.131067838895E-003
    0.876520000000E+005    0.131354369413E-003
    0.877020000000E+005    0.131641268448E-003
    0.877520000000E+005    0.131928536032E-003
    0.878020000000E+005    0.132216172199E-003
    0.878520000000E+005    0.132504176982E-003
    0.879020000000E+005    0.132792550415E-003
    0.879520000000E+005    0.133081292529E-003
    0.880020000000E+005    0.133370403357E-003
    0.880520000000E+005    0.133659882930E-003
    0.881020000000E+005    0.133949731278E-003
    0.881520000000E+005    0.134239948432E-003
    0.882020000000E+005    0.134530534423E-003
    0.882520000000E+005    0.134821489279E-003
    0.883020000000E+005    0.135112813030E-003
    0.883520000000E+005    0.135404505704E-003
    0.884020000000E+005    0.135696567331E-003
    0.884520000000E+005    0.135988997936E-003
    0.885020000000E+005    0.136281797548E-003
    0.885520000000E+005    0.136574966194E-003
    0.886020000000E+005    0.136868503900E-003
    0.886520000000E+005    0.137162410692E-003
    0.887020000000E+005    0.137456686595E-003
    0.887520000000E+005    0.137751331634E-003
    0.888020000000E+005    0.138046345835E-003
    0.888520000000E+005    0.138341729220E-003
    0.889020000000E+005    0.138637481814E-003
    0.889520000000E+005    0.138933603641E-003
    0.890020000000E+005    0.139230094722E-003
    0.890520000000E+005    0.139526955080E-003
    0.891020000000E+005    0.139824184737E-003
    0.891520000000E+005    0.140121783715E-003
    0.892020000000E+005    0.140419752034E-003
    0.892520000000E+005    0.140718089716E-003
    0.893020000000E+005    0.141016796779E-003
    0.893520000000E+005    0.141315873244E-003
    0.894020000000E+005    0.141615319131E-003
    0.894520000000E+005    0.141915134457E-003
    0.895020000000E+005    0.142215319241E-003
    0.895520000000E+005    0.142515873501E-003
    0.896020000000E+005    0.142816797255E-003
    0.896520000000E+005    0.143118090519E-003
    0.897020000000E+005    0.143419753310E-003
    0.897520000000E+005    0.143721785645E-003
    0.898020000000E+005    0.144024187538E-003
    0.898520000000E+005    0.144326959005E-003
    0.899020000000E+005    0.144630100061E-003
    0.899520000000E+005    0.144933610720E-003
    0.900020000000E+005    0.145237490996E-003
    0.900520000000E+005    0.145541740902E-003
    0.901020000000E+005    0.145846360453E-003
    0.901520000000E+005    0.146151349659E-003
    0.902020000000E+005    0.146456708534E-003
    0.902520000000E+005    0.146762437089E-003
    0.903020000000E+005    0.147068535335E-003
    0.903520000000E+005    0.147375003283E-003
    0.904020000000E+005    0.147681840944E-003
    0.904520000000E+005    0.147989048328E-003
    0.905020000000E+005    0.148296625443E-003
    0.905520000000E+005    0.148604572300E-003
    0.906020000000E+005    0.148912888907E-003
    0.906520000000E+005    0.149221575272E-003
    0.907020000000E+005    0.149530631402E-003
    0.907520000000E+005    0.149840057307E-003
    0.908020000000E+005    0.150149852991E-003
    0.908520000000E+005    0.150460018462E-003
    0.909020000000E+005    0.150770553726E-003
    0.909520000000E+005    0.151081458788E-003
    0.910020000000E+005    0.151392733654E-003
    0.910520000000E+005    0.151704378328E-003
    0.911020000000E+005    0.152016392815E-003
    0.911520000000E+005    0.152328777119E-003
    0.912020000000E+005    0.152641531243E-003
    0.912520000000E+005    0.152954655191E-003
    0.913020000000E+005    0.153268148964E-003
    0.913520000000E+005    0.153582012565E-003
    0.914020000000E+005    0.153896245997E-003
    0.914520000000E+005    0.154210849259E-003
    0.915020000000E+005    0.154525822354E-003
    0.915520000000E+005    0.154841165281E-003
    0.916020000000E+005    0.155156878042E-003
    0.916520000000E+005    0.155472960634E-003
    0.917020000000E+005    0.155789413058E-003
    0.917520000000E+005    0.156106235313E-003
    0.918020000000E+005    0.156423427397E-003
    0.918520000000E+005    0.156740989307E-003
    0.919020000000E+005    0.157058921042E-003
    0.919520000000E+005    0.157377222598E-003
    0.920020000000E+005    0.157695893972E-003
    0.920520000000E+005    0.158014935161E-003
    0.921020000000E+005    0.158334346160E-003
    0.921520000000E+005    0.158654126965E-003
    0.922020000000E+005    0.158974277570E-003
    0.922520000000E+005    0.159294797970E-003
    0.923020000000E+005    0.159615688161E-003
    0.923520000000E+005    0.159936948134E-003
    0.924020000000E+005    0.160258577884E-003
    0.924520000000E+005    0.160580577403E-003
    0.925020000000E+005    0.160902946684E-003
    0.925520000000E+005    0.161225685719E-003
    0.926020000000E+005    0.161548794500E-003
    0.926520000000E+005    0.161872273018E-003
    0.927020000000E+005    0.162196121264E-003
    0.927520000000E+005    0.162520339228E-003
    0.928020000000E+005    0.162844926900E-003
    0.928520000000E+005    0.163169884270E-003
    0.929020000000E+005    0.163495211327E-003
    0.929520000000E+005    0.163820908060E-003
    0.930020000000E+005    0.164146974457E-003
    0.930520000000E+005    0.164473410506E-003
    0.931020000000E+005    0.164800216194E-003
    0.931520000000E+005    0.165127391510E-003
    0.932020000000E+005    0.165454936438E-003
    0.932520000000E+005    0.165782850967E-003
    0.933020000000E+005    0.166111135080E-003
    0.933520000000E+005    0.166439788765E-003
    0.934020000000E+005    0.166768812007E-003
    0.934520000000E+005    0.167098204789E-003
    0.935020000000E+005    0.167427967096E-003
    0.935520000000E+005    0.167758098912E-003
    0.936020000000E+005    0.168088600220E-003
    0.936520000000E+005    0.168419471004E-003
    0.937020000000E+005    0.168750711245E-003
    0.937520000000E+005    0.169082320927E-003
    0.938020000000E+005    0.169414300031E-003
    0.938520000000E+005    0.169746648539E-003
    0.939020000000E+005    0.170079366430E-003
    0.939520000000E+005    0.170412453687E-003
    0.940020000000E+005    0.170745910289E-003
    0.940520000000E+005    0.171079736217E-003
    0.941020000000E+005    0.171413931448E-003
    0.941520000000E+005    0.171748495963E-003
    0.942020000000E+005    0.172083429741E-003
    0.942520000000E+005    0.172418732758E-003
    0.943020000000E+005    0.172754404993E-003
    0.943520000000E+005    0.173090446424E-003
    0.944020000000E+005    0.173426857027E-003
    0.944520000000E+005    0.173763636780E-003
    0.945020000000E+005    0.174100785657E-003
    0.945520000000E+005    0.174438303635E-003
    0.946020000000E+005    0.174776190690E-003
    0.946520000000E+005    0.175114446796E-003
    0.947020000000E+005    0.175453071928E-003
    0.947520000000E+005    0.175792066060E-003
    0.948020000000E+005    0.176131429166E-003
    0.948520000000E+005    0.176471161220E-003
    0.949020000000E+005    0.176811262193E-003
    0.949520000000E+005    0.177151732060E-003
    0.950020000000E+005    0.177492570793E-003
    0.950520000000E+005    0.177833778362E-003
    0.951020000000E+005    0.178175354740E-003
    0.951520000000E+005    0.178517299897E-003
    0.952020000000E+005    0.178859613805E-003
    0.952520000000E+005    0.179202296433E-003
    0.953020000000E+005    0.179545347752E-003
    0.953520000000E+005    0.179888767730E-003
    0.954020000000E+005    0.180232556338E-003
    0.954520000000E+005    0.180576713543E-003
    0.955020000000E+005    0.180921239314E-003
    0.955520000000E+005    0.181266133619E-003
    0.956020000000E+005    0.181611396425E-003
    0.956520000000E+005    0.181957027701E-003
    0.957020000000E+005    0.182303027411E-003
    0.957520000000E+005    0.182649395523E-003
    0.958020000000E+005    0.182996132003E-003
    0.958520000000E+005    0.183343236817E-003
    0.959020000000E+005    0.183690709928E-003
    0.959520000000E+005    0.184038551304E-003
    0.960020000000E+005    0.184386760907E-003
    0.960520000000E+005    0.184735338702E-003
    0.961020000000E+005    0.185084284653E-003
    0.961520000000E+005    0.185433598722E-003
    0.962020000000E+005    0.185783280873E-003
    0.962520000000E+005    0.186133331069E-003
    0.963020000000E+005    0.186483749271E-003
    0.963520000000E+005    0.186834535441E-003
    0.964020000000E+005    0.187185689541E-003
    0.964520000000E+005    0.187537211532E-003
    0.965020000000E+005    0.187889101374E-003
    0.965520000000E+005    0.188241359027E-003
    0.966020000000E+005    0.188593984452E-003
    0.966520000000E+005    0.188946977608E-003
    0.967020000000E+005    0.189300338453E-003
    0.967520000000E+005    0.189654066948E-003
    0.968020000000E+005    0.190008163049E-003
    0.968520000000E+005    0.190362626716E-003
    0.969020000000E+005    0.190717457905E-003
    0.969520000000E+005    0.191072656574E-003
    0.970020000000E+005    0.191428222679E-003
    0.970520000000E+005    0.191784156178E-003
    0.971020000000E+005    0.192140457027E-003
    0.971520000000E+005    0.192497125180E-003
    0.972020000000E+005    0.192854160594E-003
    0.972520000000E+005    0.193211563223E-003
    0.973020000000E+005    0.193569333022E-003
    0.973520000000E+005    0.193927469945E-003
    0.974020000000E+005    0.194285973947E-003
    0.974520000000E+005    0.194644844980E-003
    0.975020000000E+005    0.195004082998E-003
    0.975520000000E+005    0.195363687953E-003
    0.976020000000E+005    0.195723659798E-003
    0.976520000000E+005    0.196083998485E-003
    0.977020000000E+005    0.196444703966E-003
    0.977520000000E+005    0.196805776191E-003
    0.978020000000E+005    0.197167215112E-003
    0.978520000000E+005    0.197529020679E-003
    0.979020000000E+005    0.197891192843E-003
    0.979520000000E+005    0.198253731553E-003
    0.980020000000E+005    0.198616636759E-003
    0.980520000000E+005    0.198979908409E-003
    0.981020000000E+005    0.199343546453E-003
    0.981520000000E+005    0.199707550839E-003
    0.982020000000E+005    0.200071921515E-003
    0.982520000000E+005    0.200436658428E-003
    0.983020000000E+005    0.200801761526E-003
    0.983520000000E+005    0.201167230755E-003
    0.984020000000E+005    0.201533066063E-003
    0.984520000000E+005    0.201899267394E-003
    0.985020000000E+005    0.202265834696E-003
    0.985520000000E+005    0.202632767914E-003
    0.986020000000E+005    0.203000066992E-003
    0.986520000000E+005    0.203367731876E-003
    0.987020000000E+005    0.203735762509E-003
    0.987520000000E+005    0.204104158837E-003
    0.988020000000E+005    0.204472920801E-003
    0.988520000000E+005    0.204842048347E-003
    0.989020000000E+005    0.205211541416E-003
    0.989520000000E+005    0.205581399951E-003
    0.990020000000E+005    0.205951623895E-003
    0.990520000000E+005    0.206322213189E-003
    0.991020000000E+005    0.206693167775E-003
    0.991520000000E+005    0.207064487594E-003
    0.992020000000E+005    0.207436172587E-003
    0.992520000000E+005    0.207808222694E-003
    0.993020000000E+005    0.208180637855E-003
    0.993520000000E+005    0.208553418011E-003
    0.994020000000E+005    0.208926563100E-003
    0.994520000000E+005    0.209300073061E-003
    0.995020000000E+005    0.209673947834E-003
    0.995520000000E+005    0.210048187357E-003
    0.996020000000E+005    0.210422791566E-003
    0.996520000000E+005    0.210797760402E-003
    0.997020000000E+005    0.211173093799E-003
    0.997520000000E+005    0.211548791696E-003
    0.998020000000E+005    0.211924854029E-003
    0.998520000000E+005    0.212301280734E-003
    0.999020000000E+005    0.212678071747E-003
    0.999520000000E+005    0.213055227004E-003
