TITLE = "0D Field KU"
VARIABLES = N ,"KU"
ZONE DATAPACKING = POINT
    0.200000000000E+001    0.560151387005E-037
    0.520000000000E+002    0.228540991384E-017
    0.102000000000E+003    0.137440869789E-013
    0.152000000000E+003    0.742836999394E-012
    0.202000000000E+003    0.866050237945E-011
    0.252000000000E+003    0.487914842112E-010
    0.302000000000E+003    0.181728492429E-009
    0.352000000000E+003    0.520135244229E-009
    0.402000000000E+003    0.124255388666E-008
    0.452000000000E+003    0.260426036970E-008
    0.502000000000E+003    0.494556481114E-008
    0.552000000000E+003    0.869800389805E-008
    0.602000000000E+003    0.143885606810E-007
    0.652000000000E+003    0.226420409174E-007
    0.702000000000E+003    0.341824429087E-007
    0.752000000000E+003    0.498336723638E-007
    0.802000000000E+003    0.705195692148E-007
    0.852000000000E+003    0.972633941335E-007
    0.902000000000E+003    0.131187068801E-006
    0.952000000000E+003    0.173510346799E-006
    0.100200000000E+004    0.225549782399E-006
    0.105200000000E+004    0.288717003850E-006
    0.110200000000E+004    0.364516451803E-006
    0.115200000000E+004    0.454543409155E-006
    0.120200000000E+004    0.560482226707E-006
    0.125200000000E+004    0.684104428850E-006
    0.130200000000E+004    0.827266836627E-006
    0.135200000000E+004    0.991909893747E-006
    0.140200000000E+004    0.118005617494E-005
    0.145200000000E+004    0.139380863793E-005
    0.150200000000E+004    0.163534819193E-005
    0.155200000000E+004    0.190693114768E-005
    0.160200000000E+004    0.221088725786E-005
    0.165200000000E+004    0.254961798161E-005
    0.170200000000E+004    0.292559469360E-005
    0.175200000000E+004    0.334135706416E-005
    0.180200000000E+004    0.379951170387E-005
    0.185200000000E+004    0.430273085027E-005
    0.190200000000E+004    0.485375054102E-005
    0.195200000000E+004    0.545536818937E-005
    0.200200000000E+004    0.611044038324E-005
    0.205200000000E+004    0.682188132564E-005
    0.210200000000E+004    0.759266140602E-005
    0.215200000000E+004    0.842580576931E-005
    0.220200000000E+004    0.932439313414E-005
    0.225200000000E+004    0.102915548039E-004
    0.230200000000E+004    0.113304734668E-004
    0.235200000000E+004    0.124443813260E-004
    0.240200000000E+004    0.136365578686E-004
    0.245200000000E+004    0.149103281179E-004
    0.250200000000E+004    0.162690614527E-004
    0.255200000000E+004    0.177161704772E-004
    0.260200000000E+004    0.192551099658E-004
    0.265200000000E+004    0.208893760690E-004
    0.270200000000E+004    0.226225055437E-004
    0.275200000000E+004    0.244580745272E-004
    0.280200000000E+004    0.263996966531E-004
    0.285200000000E+004    0.284510211123E-004
    0.290200000000E+004    0.306157313391E-004
    0.295200000000E+004    0.328975441328E-004
    0.300200000000E+004    0.353002088011E-004
    0.305200000000E+004    0.378275064477E-004
    0.310200000000E+004    0.404832494524E-004
    0.315200000000E+004    0.432712807573E-004
    0.320200000000E+004    0.461954725387E-004
    0.325200000000E+004    0.492597243806E-004
    0.330200000000E+004    0.524679616839E-004
    0.335200000000E+004    0.558241347264E-004
    0.340200000000E+004    0.593322180256E-004
    0.345200000000E+004    0.629962097363E-004
    0.350200000000E+004    0.668201312222E-004
    0.355200000000E+004    0.708080266762E-004
    0.360200000000E+004    0.749639623353E-004
    0.365200000000E+004    0.792920250518E-004
    0.370200000000E+004    0.837963206144E-004
    0.375200000000E+004    0.884809725212E-004
    0.380200000000E+004    0.933501213447E-004
    0.385200000000E+004    0.984079242979E-004
    0.390200000000E+004    0.103658554865E-003
    0.395200000000E+004    0.109106202574E-003
    0.400200000000E+004    0.114755072623E-003
    0.405200000000E+004    0.120609384965E-003
    0.410200000000E+004    0.126673372826E-003
    0.415200000000E+004    0.132951281259E-003
    0.420200000000E+004    0.139447366258E-003
    0.425200000000E+004    0.146165894374E-003
    0.430200000000E+004    0.153111142454E-003
    0.435200000000E+004    0.160287397476E-003
    0.440200000000E+004    0.167698956412E-003
    0.445200000000E+004    0.175350125774E-003
    0.450200000000E+004    0.183245220540E-003
    0.455200000000E+004    0.191388562723E-003
    0.460200000000E+004    0.199784480196E-003
    0.465200000000E+004    0.208437306117E-003
    0.470200000000E+004    0.217351378738E-003
    0.475200000000E+004    0.226531041312E-003
    0.480200000000E+004    0.235980642061E-003
    0.485200000000E+004    0.245704534042E-003
    0.490200000000E+004    0.255707074533E-003
    0.495200000000E+004    0.265992623864E-003
    0.500200000000E+004    0.276565544101E-003
    0.505200000000E+004    0.287430198175E-003
    0.510200000000E+004    0.298590949565E-003
    0.515200000000E+004    0.310052162270E-003
    0.520200000000E+004    0.321818200850E-003
    0.525200000000E+004    0.333893430458E-003
    0.530200000000E+004    0.346282216618E-003
    0.535200000000E+004    0.358988924447E-003
    0.540200000000E+004    0.372017917443E-003
    0.545200000000E+004    0.385373556374E-003
    0.550200000000E+004    0.399060198685E-003
    0.555200000000E+004    0.413082198406E-003
    0.560200000000E+004    0.427443906247E-003
    0.565200000000E+004    0.442149669739E-003
    0.570200000000E+004    0.457203833246E-003
    0.575200000000E+004    0.472610737604E-003
    0.580200000000E+004    0.488374719192E-003
    0.585200000000E+004    0.504500108775E-003
    0.590200000000E+004    0.520991230621E-003
    0.595200000000E+004    0.537852402181E-003
    0.600200000000E+004    0.555087934159E-003
    0.605200000000E+004    0.572702130721E-003
    0.610200000000E+004    0.590699289656E-003
    0.615200000000E+004    0.609083702322E-003
    0.620200000000E+004    0.627859653098E-003
    0.625200000000E+004    0.647031418382E-003
    0.630200000000E+004    0.666603265547E-003
    0.635200000000E+004    0.686579452312E-003
    0.640200000000E+004    0.706964226650E-003
    0.645200000000E+004    0.727761826996E-003
    0.650200000000E+004    0.748976482511E-003
    0.655200000000E+004    0.770612413226E-003
    0.660200000000E+004    0.792673829842E-003
    0.665200000000E+004    0.815164933034E-003
    0.670200000000E+004    0.838089912423E-003
    0.675200000000E+004    0.861452945715E-003
    0.680200000000E+004    0.885258198318E-003
    0.685200000000E+004    0.909509823442E-003
    0.690200000000E+004    0.934211962394E-003
    0.695200000000E+004    0.959368744864E-003
    0.700200000000E+004    0.984984288985E-003
    0.705200000000E+004    0.101106270097E-002
    0.710200000000E+004    0.103760807429E-002
    0.715200000000E+004    0.106462448871E-002
    0.720200000000E+004    0.109211600965E-002
    0.725200000000E+004    0.112008668799E-002
    0.730200000000E+004    0.114854056037E-002
    0.735200000000E+004    0.117748164949E-002
    0.740200000000E+004    0.120691396440E-002
    0.745200000000E+004    0.123684150041E-002
    0.750200000000E+004    0.126726823855E-002
    0.755200000000E+004    0.129819814473E-002
    0.760200000000E+004    0.132963516887E-002
    0.765200000000E+004    0.136158324445E-002
    0.770200000000E+004    0.139404628859E-002
    0.775200000000E+004    0.142702820239E-002
    0.780200000000E+004    0.146053287127E-002
    0.785200000000E+004    0.149456416514E-002
    0.790200000000E+004    0.152912593819E-002
    0.795200000000E+004    0.156422202825E-002
    0.800200000000E+004    0.159985625583E-002
    0.805200000000E+004    0.163603242356E-002
    0.810200000000E+004    0.167275431586E-002
    0.815200000000E+004    0.171002569922E-002
    0.820200000000E+004    0.174785032257E-002
    0.825200000000E+004    0.178623191763E-002
    0.830200000000E+004    0.182517419893E-002
    0.835200000000E+004    0.186468086343E-002
    0.840200000000E+004    0.190475558979E-002
    0.845200000000E+004    0.194540203752E-002
    0.850200000000E+004    0.198662384654E-002
    0.855200000000E+004    0.202842463711E-002
    0.860200000000E+004    0.207080801020E-002
    0.865200000000E+004    0.211377754789E-002
    0.870200000000E+004    0.215733681362E-002
    0.875200000000E+004    0.220148935206E-002
    0.880200000000E+004    0.224623868863E-002
    0.885200000000E+004    0.229158832866E-002
    0.890200000000E+004    0.233754175675E-002
    0.895200000000E+004    0.238410243645E-002
    0.900200000000E+004    0.243127381042E-002
    0.905200000000E+004    0.247905930083E-002
    0.910200000000E+004    0.252746230975E-002
    0.915200000000E+004    0.257648621927E-002
    0.920200000000E+004    0.262613439127E-002
    0.925200000000E+004    0.267641016672E-002
    0.930200000000E+004    0.272731686499E-002
    0.935200000000E+004    0.277885778329E-002
    0.940200000000E+004    0.283103619655E-002
    0.945200000000E+004    0.288385535774E-002
    0.950200000000E+004    0.293731849828E-002
    0.955200000000E+004    0.299142882836E-002
    0.960200000000E+004    0.304618953693E-002
    0.965200000000E+004    0.310160379130E-002
    0.970200000000E+004    0.315767473642E-002
    0.975200000000E+004    0.321440549423E-002
    0.980200000000E+004    0.327179916330E-002
    0.985200000000E+004    0.332985881888E-002
    0.990200000000E+004    0.338858751331E-002
    0.995200000000E+004    0.344798827640E-002
    0.100020000000E+005    0.350806411566E-002
    0.100520000000E+005    0.356881801616E-002
    0.101020000000E+005    0.363025293994E-002
    0.101520000000E+005    0.369237182540E-002
    0.102020000000E+005    0.375517758666E-002
    0.102520000000E+005    0.381867311344E-002
    0.103020000000E+005    0.388286127125E-002
    0.103520000000E+005    0.394774490181E-002
    0.104020000000E+005    0.401332682344E-002
    0.104520000000E+005    0.407960983110E-002
    0.105020000000E+005    0.414659669613E-002
    0.105520000000E+005    0.421429016560E-002
    0.106020000000E+005    0.428269296170E-002
    0.106520000000E+005    0.435180778131E-002
    0.107020000000E+005    0.442163729601E-002
    0.107520000000E+005    0.449218415238E-002
    0.108020000000E+005    0.456345097244E-002
    0.108520000000E+005    0.463544035393E-002
    0.109020000000E+005    0.470815487026E-002
    0.109520000000E+005    0.478159707004E-002
    0.110020000000E+005    0.485576947650E-002
    0.110520000000E+005    0.493067458688E-002
    0.111020000000E+005    0.500631487223E-002
    0.111520000000E+005    0.508269277753E-002
    0.112020000000E+005    0.515981072208E-002
    0.112520000000E+005    0.523767109991E-002
    0.113020000000E+005    0.531627627994E-002
    0.113520000000E+005    0.539562860573E-002
    0.114020000000E+005    0.547573039504E-002
    0.114520000000E+005    0.555658393917E-002
    0.115020000000E+005    0.563819150252E-002
    0.115520000000E+005    0.572055532254E-002
    0.116020000000E+005    0.580367760999E-002
    0.116520000000E+005    0.588756054932E-002
    0.117020000000E+005    0.597220629904E-002
    0.117520000000E+005    0.605761699173E-002
    0.118020000000E+005    0.614379473372E-002
    0.118520000000E+005    0.623074160451E-002
    0.119020000000E+005    0.631845965624E-002
    0.119520000000E+005    0.640695091342E-002
    0.120020000000E+005    0.649621737294E-002
    0.120520000000E+005    0.658626100448E-002
    0.121020000000E+005    0.667708375090E-002
    0.121520000000E+005    0.676868752845E-002
    0.122020000000E+005    0.686107422668E-002
    0.122520000000E+005    0.695424570801E-002
    0.123020000000E+005    0.704820380719E-002
    0.123520000000E+005    0.714295033083E-002
    0.124020000000E+005    0.723848705725E-002
    0.124520000000E+005    0.733481573674E-002
    0.125020000000E+005    0.743193809187E-002
    0.125520000000E+005    0.752985581795E-002
    0.126020000000E+005    0.762857058304E-002
    0.126520000000E+005    0.772808402781E-002
    0.127020000000E+005    0.782839776499E-002
    0.127520000000E+005    0.792951337891E-002
    0.128020000000E+005    0.803143242514E-002
    0.128520000000E+005    0.813415643051E-002
    0.129020000000E+005    0.823768689341E-002
    0.129520000000E+005    0.834202528420E-002
    0.130020000000E+005    0.844717304550E-002
    0.130520000000E+005    0.855313159218E-002
    0.131020000000E+005    0.865990231100E-002
    0.131520000000E+005    0.876748656015E-002
    0.132020000000E+005    0.887588566881E-002
    0.132520000000E+005    0.898510093694E-002
    0.133020000000E+005    0.909513363543E-002
    0.133520000000E+005    0.920598500649E-002
    0.134020000000E+005    0.931765626401E-002
    0.134520000000E+005    0.943014859376E-002
    0.135020000000E+005    0.954346315324E-002
    0.135520000000E+005    0.965760107131E-002
    0.136020000000E+005    0.977256344770E-002
    0.136520000000E+005    0.988835135268E-002
    0.137020000000E+005    0.100049658270E-001
    0.137520000000E+005    0.101224078822E-001
    0.138020000000E+005    0.102406785010E-001
    0.138520000000E+005    0.103597786374E-001
    0.139020000000E+005    0.104797092173E-001
    0.139520000000E+005    0.106004711375E-001
    0.140020000000E+005    0.107220652660E-001
    0.140520000000E+005    0.108444924413E-001
    0.141020000000E+005    0.109677534719E-001
    0.141520000000E+005    0.110918491368E-001
    0.142020000000E+005    0.112167801859E-001
    0.142520000000E+005    0.113425473399E-001
    0.143020000000E+005    0.114691512908E-001
    0.143520000000E+005    0.115965927023E-001
    0.144020000000E+005    0.117248722086E-001
    0.144520000000E+005    0.118539904148E-001
    0.145020000000E+005    0.119839478962E-001
    0.145520000000E+005    0.121147451981E-001
    0.146020000000E+005    0.122463828364E-001
    0.146520000000E+005    0.123788612977E-001
    0.147020000000E+005    0.125121810395E-001
    0.147520000000E+005    0.126463424907E-001
    0.148020000000E+005    0.127813460516E-001
    0.148520000000E+005    0.129171920929E-001
    0.149020000000E+005    0.130538809559E-001
    0.149520000000E+005    0.131914129520E-001
    0.150020000000E+005    0.133297883630E-001
    0.150520000000E+005    0.134690074409E-001
    0.151020000000E+005    0.136090704090E-001
    0.151520000000E+005    0.137499774616E-001
    0.152020000000E+005    0.138917287644E-001
    0.152520000000E+005    0.140343244540E-001
    0.153020000000E+005    0.141777646379E-001
    0.153520000000E+005    0.143220493939E-001
    0.154020000000E+005    0.144671787702E-001
    0.154520000000E+005    0.146131527853E-001
    0.155020000000E+005    0.147599714286E-001
    0.155520000000E+005    0.149076346608E-001
    0.156020000000E+005    0.150561424138E-001
    0.156520000000E+005    0.152054945910E-001
    0.157020000000E+005    0.153556910671E-001
    0.157520000000E+005    0.155067316873E-001
    0.158020000000E+005    0.156586162675E-001
    0.158520000000E+005    0.158113445942E-001
    0.159020000000E+005    0.159649164246E-001
    0.159520000000E+005    0.161193314873E-001
    0.160020000000E+005    0.162745894825E-001
    0.160520000000E+005    0.164306900818E-001
    0.161020000000E+005    0.165876329288E-001
    0.161520000000E+005    0.167454176381E-001
    0.162020000000E+005    0.169040437955E-001
    0.162520000000E+005    0.170635109575E-001
    0.163020000000E+005    0.172238186519E-001
    0.163520000000E+005    0.173849663775E-001
    0.164020000000E+005    0.175469536053E-001
    0.164520000000E+005    0.177097797779E-001
    0.165020000000E+005    0.178734443103E-001
    0.165520000000E+005    0.180379465893E-001
    0.166020000000E+005    0.182032859732E-001
    0.166520000000E+005    0.183694617919E-001
    0.167020000000E+005    0.185364733466E-001
    0.167520000000E+005    0.187043199101E-001
    0.168020000000E+005    0.188730007273E-001
    0.168520000000E+005    0.190425150154E-001
    0.169020000000E+005    0.192128619643E-001
    0.169520000000E+005    0.193840407364E-001
    0.170020000000E+005    0.195560504663E-001
    0.170520000000E+005    0.197288902608E-001
    0.171020000000E+005    0.199025591988E-001
    0.171520000000E+005    0.200770563310E-001
    0.172020000000E+005    0.202523806807E-001
    0.172520000000E+005    0.204285312439E-001
    0.173020000000E+005    0.206055069896E-001
    0.173520000000E+005    0.207833068602E-001
    0.174020000000E+005    0.209619297711E-001
    0.174520000000E+005    0.211413746106E-001
    0.175020000000E+005    0.213216402398E-001
    0.175520000000E+005    0.215027254924E-001
    0.176020000000E+005    0.216846291750E-001
    0.176520000000E+005    0.218673500674E-001
    0.177020000000E+005    0.220508869232E-001
    0.177520000000E+005    0.222352384697E-001
    0.178020000000E+005    0.224204034084E-001
    0.178520000000E+005    0.226063804142E-001
    0.179020000000E+005    0.227931681360E-001
    0.179520000000E+005    0.229807651960E-001
    0.180020000000E+005    0.231691701900E-001
    0.180520000000E+005    0.233583816875E-001
    0.181020000000E+005    0.235483982324E-001
    0.181520000000E+005    0.237392183431E-001
    0.182020000000E+005    0.239308405128E-001
    0.182520000000E+005    0.241232632095E-001
    0.183020000000E+005    0.243164848757E-001
    0.183520000000E+005    0.245105039284E-001
    0.184020000000E+005    0.247053187590E-001
    0.184520000000E+005    0.249009277334E-001
    0.185020000000E+005    0.250973291924E-001
    0.185520000000E+005    0.252945214523E-001
    0.186020000000E+005    0.254925028047E-001
    0.186520000000E+005    0.256912715171E-001
    0.187020000000E+005    0.258908258328E-001
    0.187520000000E+005    0.260911639703E-001
    0.188020000000E+005    0.262922841237E-001
    0.188520000000E+005    0.264941844625E-001
    0.189020000000E+005    0.266968631318E-001
    0.189520000000E+005    0.269003182529E-001
    0.190020000000E+005    0.271045479236E-001
    0.190520000000E+005    0.273095502183E-001
    0.191020000000E+005    0.275153231881E-001
    0.191520000000E+005    0.277218648609E-001
    0.192020000000E+005    0.279291732410E-001
    0.192520000000E+005    0.281372463094E-001
    0.193020000000E+005    0.283460820233E-001
    0.193520000000E+005    0.285556783172E-001
    0.194020000000E+005    0.287660331029E-001
    0.194520000000E+005    0.289771442698E-001
    0.195020000000E+005    0.291890096851E-001
    0.195520000000E+005    0.294016271939E-001
    0.196020000000E+005    0.296149946191E-001
    0.196520000000E+005    0.298291097612E-001
    0.197020000000E+005    0.300439703984E-001
    0.197520000000E+005    0.302595742867E-001
    0.198020000000E+005    0.304759191605E-001
    0.198520000000E+005    0.306930027329E-001
    0.199020000000E+005    0.309108226958E-001
    0.199520000000E+005    0.311293767202E-001
    0.200020000000E+005    0.313486624562E-001
    0.200520000000E+005    0.315686775327E-001
    0.201020000000E+005    0.317894195576E-001
    0.201520000000E+005    0.320108861177E-001
    0.202020000000E+005    0.322330747792E-001
    0.202520000000E+005    0.324559830877E-001
    0.203020000000E+005    0.326796085691E-001
    0.203520000000E+005    0.329039487296E-001
    0.204020000000E+005    0.331290010554E-001
    0.204520000000E+005    0.333547630133E-001
    0.205020000000E+005    0.335812320500E-001
    0.205520000000E+005    0.338084055926E-001
    0.206020000000E+005    0.340362810484E-001
    0.206520000000E+005    0.342648558057E-001
    0.207020000000E+005    0.344941272337E-001
    0.207520000000E+005    0.347240926830E-001
    0.208020000000E+005    0.349547494862E-001
    0.208520000000E+005    0.351860949570E-001
    0.209020000000E+005    0.354181263910E-001
    0.209520000000E+005    0.356508410651E-001
    0.210020000000E+005    0.358842362379E-001
    0.210520000000E+005    0.361183091500E-001
    0.211020000000E+005    0.363530570240E-001
    0.211520000000E+005    0.365884770653E-001
    0.212020000000E+005    0.368245664621E-001
    0.212520000000E+005    0.370613223856E-001
    0.213020000000E+005    0.372987419898E-001
    0.213520000000E+005    0.375368224119E-001
    0.214020000000E+005    0.377755607719E-001
    0.214520000000E+005    0.380149541726E-001
    0.215020000000E+005    0.382549997008E-001
    0.215520000000E+005    0.384956944265E-001
    0.216020000000E+005    0.387370354041E-001
    0.216520000000E+005    0.389790196724E-001
    0.217020000000E+005    0.392216442544E-001
    0.217520000000E+005    0.394649061574E-001
    0.218020000000E+005    0.397088023733E-001
    0.218520000000E+005    0.399533298780E-001
    0.219020000000E+005    0.401984856324E-001
    0.219520000000E+005    0.404442665821E-001
    0.220020000000E+005    0.406906696582E-001
    0.220520000000E+005    0.409376917774E-001
    0.221020000000E+005    0.411853298421E-001
    0.221520000000E+005    0.414335807406E-001
    0.222020000000E+005    0.416824413469E-001
    0.222520000000E+005    0.419319085207E-001
    0.223020000000E+005    0.421819791077E-001
    0.223520000000E+005    0.424326499399E-001
    0.224020000000E+005    0.426839178356E-001
    0.224520000000E+005    0.429357796003E-001
    0.225020000000E+005    0.431882320265E-001
    0.225520000000E+005    0.434412718938E-001
    0.226020000000E+005    0.436948959691E-001
    0.226520000000E+005    0.439491010068E-001
    0.227020000000E+005    0.442038837481E-001
    0.227520000000E+005    0.444592409220E-001
    0.228020000000E+005    0.447151692452E-001
    0.228520000000E+005    0.449716654225E-001
    0.229020000000E+005    0.452287261472E-001
    0.229520000000E+005    0.454863481012E-001
    0.230020000000E+005    0.457445279552E-001
    0.230520000000E+005    0.460032623684E-001
    0.231020000000E+005    0.462625479888E-001
    0.231520000000E+005    0.465223814531E-001
    0.232020000000E+005    0.467827593872E-001
    0.232520000000E+005    0.470436784063E-001
    0.233020000000E+005    0.473051351152E-001
    0.233520000000E+005    0.475671261089E-001
    0.234020000000E+005    0.478296479724E-001
    0.234520000000E+005    0.480926972809E-001
    0.235020000000E+005    0.483562705996E-001
    0.235520000000E+005    0.486203644839E-001
    0.236020000000E+005    0.488849754797E-001
    0.236520000000E+005    0.491501001233E-001
    0.237020000000E+005    0.494157349422E-001
    0.237520000000E+005    0.496818764550E-001
    0.238020000000E+005    0.499485211719E-001
    0.238520000000E+005    0.502156655946E-001
    0.239020000000E+005    0.504833062162E-001
    0.239520000000E+005    0.507514395219E-001
    0.240020000000E+005    0.510200619879E-001
    0.240520000000E+005    0.512891700828E-001
    0.241020000000E+005    0.515587602672E-001
    0.241520000000E+005    0.518288289943E-001
    0.242020000000E+005    0.520993727100E-001
    0.242520000000E+005    0.523703878531E-001
    0.243020000000E+005    0.526418708557E-001
    0.243520000000E+005    0.529138181425E-001
    0.244020000000E+005    0.531862261314E-001
    0.244520000000E+005    0.534590912336E-001
    0.245020000000E+005    0.537324098536E-001
    0.245520000000E+005    0.540061783896E-001
    0.246020000000E+005    0.542803932340E-001
    0.246520000000E+005    0.545550507733E-001
    0.247020000000E+005    0.548301473885E-001
    0.247520000000E+005    0.551056794549E-001
    0.248020000000E+005    0.553816433422E-001
    0.248520000000E+005    0.556580354147E-001
    0.249020000000E+005    0.559348520313E-001
    0.249520000000E+005    0.562120895457E-001
    0.250020000000E+005    0.564897443072E-001
    0.250520000000E+005    0.567678126602E-001
    0.251020000000E+005    0.570462909451E-001
    0.251520000000E+005    0.573251754979E-001
    0.252020000000E+005    0.576044626504E-001
    0.252520000000E+005    0.578841487302E-001
    0.253020000000E+005    0.581642300608E-001
    0.253520000000E+005    0.584447029620E-001
    0.254020000000E+005    0.587255637496E-001
    0.254520000000E+005    0.590068087366E-001
    0.255020000000E+005    0.592884342325E-001
    0.255520000000E+005    0.595704365442E-001
    0.256020000000E+005    0.598528119755E-001
    0.256520000000E+005    0.601355568274E-001
    0.257020000000E+005    0.604186673979E-001
    0.257520000000E+005    0.607021399826E-001
    0.258020000000E+005    0.609859708744E-001
    0.258520000000E+005    0.612701563642E-001
    0.259020000000E+005    0.615546927409E-001
    0.259520000000E+005    0.618395762918E-001
    0.260020000000E+005    0.621248033024E-001
    0.260520000000E+005    0.624103700568E-001
    0.261020000000E+005    0.626962728374E-001
    0.261520000000E+005    0.629825079251E-001
    0.262020000000E+005    0.632690715995E-001
    0.262520000000E+005    0.635559601391E-001
    0.263020000000E+005    0.638431698218E-001
    0.263520000000E+005    0.641306969246E-001
    0.264020000000E+005    0.644185377245E-001
    0.264520000000E+005    0.647066884977E-001
    0.265020000000E+005    0.649951455204E-001
    0.265520000000E+005    0.652839050684E-001
    0.266020000000E+005    0.655729634170E-001
    0.266520000000E+005    0.658623168420E-001
    0.267020000000E+005    0.661519616191E-001
    0.267520000000E+005    0.664418940247E-001
    0.268020000000E+005    0.667321103358E-001
    0.268520000000E+005    0.670226068304E-001
    0.269020000000E+005    0.673133797870E-001
    0.269520000000E+005    0.676044254853E-001
    0.270020000000E+005    0.678957402057E-001
    0.270520000000E+005    0.681873202297E-001
    0.271020000000E+005    0.684791618402E-001
    0.271520000000E+005    0.687712613214E-001
    0.272020000000E+005    0.690636149596E-001
    0.272520000000E+005    0.693562190426E-001
    0.273020000000E+005    0.696490698605E-001
    0.273520000000E+005    0.699421637052E-001
    0.274020000000E+005    0.702354968708E-001
    0.274520000000E+005    0.705290656532E-001
    0.275020000000E+005    0.708228663507E-001
    0.275520000000E+005    0.711168952643E-001
    0.276020000000E+005    0.714111486974E-001
    0.276520000000E+005    0.717056229567E-001
    0.277020000000E+005    0.720003143515E-001
    0.277520000000E+005    0.722952191944E-001
    0.278020000000E+005    0.725903338012E-001
    0.278520000000E+005    0.728856544905E-001
    0.279020000000E+005    0.731811775844E-001
    0.279520000000E+005    0.734768994083E-001
    0.280020000000E+005    0.737728162912E-001
    0.280520000000E+005    0.740689245661E-001
    0.281020000000E+005    0.743652205699E-001
    0.281520000000E+005    0.746617006436E-001
    0.282020000000E+005    0.749583611324E-001
    0.282520000000E+005    0.752551983853E-001
    0.283020000000E+005    0.755522087559E-001
    0.283520000000E+005    0.758493886018E-001
    0.284020000000E+005    0.761467342852E-001
    0.284520000000E+005    0.764442421730E-001
    0.285020000000E+005    0.767419086372E-001
    0.285520000000E+005    0.770397300545E-001
    0.286020000000E+005    0.773377028068E-001
    0.286520000000E+005    0.776358232812E-001
    0.287020000000E+005    0.779340878697E-001
    0.287520000000E+005    0.782324929695E-001
    0.288020000000E+005    0.785310349831E-001
    0.288520000000E+005    0.788297103188E-001
    0.289020000000E+005    0.791285153904E-001
    0.289520000000E+005    0.794274466174E-001
    0.290020000000E+005    0.797265004257E-001
    0.290520000000E+005    0.800256732467E-001
    0.291020000000E+005    0.803249615182E-001
    0.291520000000E+005    0.806243616837E-001
    0.292020000000E+005    0.809238701928E-001
    0.292520000000E+005    0.812234835018E-001
    0.293020000000E+005    0.815231980729E-001
    0.293520000000E+005    0.818230103755E-001
    0.294020000000E+005    0.821229168853E-001
    0.294520000000E+005    0.824229140851E-001
    0.295020000000E+005    0.827229984645E-001
    0.295520000000E+005    0.830231665198E-001
    0.296020000000E+005    0.833234147541E-001
    0.296520000000E+005    0.836237396778E-001
    0.297020000000E+005    0.839241378083E-001
    0.297520000000E+005    0.842246056702E-001
    0.298020000000E+005    0.845251397960E-001
    0.298520000000E+005    0.848257367253E-001
    0.299020000000E+005    0.851263930057E-001
    0.299520000000E+005    0.854271051922E-001
    0.300020000000E+005    0.857278698473E-001
    0.300520000000E+005    0.860286835414E-001
    0.301020000000E+005    0.863295428527E-001
    0.301520000000E+005    0.866304443673E-001
    0.302020000000E+005    0.869313846795E-001
    0.302520000000E+005    0.872323603918E-001
    0.303020000000E+005    0.875333681152E-001
    0.303520000000E+005    0.878344044687E-001
    0.304020000000E+005    0.881354660799E-001
    0.304520000000E+005    0.884365495845E-001
    0.305020000000E+005    0.887376516270E-001
    0.305520000000E+005    0.890387688600E-001
    0.306020000000E+005    0.893398979452E-001
    0.306520000000E+005    0.896410355531E-001
    0.307020000000E+005    0.899421783630E-001
    0.307520000000E+005    0.902433230634E-001
    0.308020000000E+005    0.905444663515E-001
    0.308520000000E+005    0.908456049337E-001
    0.309020000000E+005    0.911467355254E-001
    0.309520000000E+005    0.914478548509E-001
    0.310020000000E+005    0.917489596440E-001
    0.310520000000E+005    0.920500466477E-001
    0.311020000000E+005    0.923511126149E-001
    0.311520000000E+005    0.926521543076E-001
    0.312020000000E+005    0.929531684977E-001
    0.312520000000E+005    0.932541519664E-001
    0.313020000000E+005    0.935551015047E-001
    0.313520000000E+005    0.938560139131E-001
    0.314020000000E+005    0.941568860018E-001
    0.314520000000E+005    0.944577145910E-001
    0.315020000000E+005    0.947584965109E-001
    0.315520000000E+005    0.950592286017E-001
    0.316020000000E+005    0.953599077138E-001
    0.316520000000E+005    0.956605307076E-001
    0.317020000000E+005    0.959610944536E-001
    0.317520000000E+005    0.962615958325E-001
    0.318020000000E+005    0.965620317351E-001
    0.318520000000E+005    0.968623990625E-001
    0.319020000000E+005    0.971626947264E-001
    0.319520000000E+005    0.974629156487E-001
    0.320020000000E+005    0.977630587621E-001
    0.320520000000E+005    0.980631210100E-001
    0.321020000000E+005    0.983630993461E-001
    0.321520000000E+005    0.986629907347E-001
    0.322020000000E+005    0.989627921509E-001
    0.322520000000E+005    0.992625005802E-001
    0.323020000000E+005    0.995621130191E-001
    0.323520000000E+005    0.998616264750E-001
    0.324020000000E+005    0.100161037966E+000
    0.324520000000E+005    0.100460344522E+000
    0.325020000000E+005    0.100759543183E+000
    0.325520000000E+005    0.101058631000E+000
    0.326020000000E+005    0.101357605035E+000
    0.326520000000E+005    0.101656462363E+000
    0.327020000000E+005    0.101955200066E+000
    0.327520000000E+005    0.102253815241E+000
    0.328020000000E+005    0.102552304995E+000
    0.328520000000E+005    0.102850666446E+000
    0.329020000000E+005    0.103148896724E+000
    0.329520000000E+005    0.103446992970E+000
    0.330020000000E+005    0.103744952336E+000
    0.330520000000E+005    0.104042771986E+000
    0.331020000000E+005    0.104340449094E+000
    0.331520000000E+005    0.104637980848E+000
    0.332020000000E+005    0.104935364446E+000
    0.332520000000E+005    0.105232597097E+000
    0.333020000000E+005    0.105529676023E+000
    0.333520000000E+005    0.105826598457E+000
    0.334020000000E+005    0.106123361644E+000
    0.334520000000E+005    0.106419962840E+000
    0.335020000000E+005    0.106716399314E+000
    0.335520000000E+005    0.107012668345E+000
    0.336020000000E+005    0.107308767224E+000
    0.336520000000E+005    0.107604693256E+000
    0.337020000000E+005    0.107900443755E+000
    0.337520000000E+005    0.108196016050E+000
    0.338020000000E+005    0.108491407478E+000
    0.338520000000E+005    0.108786615392E+000
    0.339020000000E+005    0.109081637155E+000
    0.339520000000E+005    0.109376470141E+000
    0.340020000000E+005    0.109671111736E+000
    0.340520000000E+005    0.109965559342E+000
    0.341020000000E+005    0.110259810367E+000
    0.341520000000E+005    0.110553862236E+000
    0.342020000000E+005    0.110847712384E+000
    0.342520000000E+005    0.111141358258E+000
    0.343020000000E+005    0.111434797318E+000
    0.343520000000E+005    0.111728027036E+000
    0.344020000000E+005    0.112021044895E+000
    0.344520000000E+005    0.112313848391E+000
    0.345020000000E+005    0.112606435032E+000
    0.345520000000E+005    0.112898802340E+000
    0.346020000000E+005    0.113190947846E+000
    0.346520000000E+005    0.113482869095E+000
    0.347020000000E+005    0.113774563646E+000
    0.347520000000E+005    0.114066029068E+000
    0.348020000000E+005    0.114357262942E+000
    0.348520000000E+005    0.114648262863E+000
    0.349020000000E+005    0.114939026436E+000
    0.349520000000E+005    0.115229551281E+000
    0.350020000000E+005    0.115519835029E+000
    0.350520000000E+005    0.115809875324E+000
    0.351020000000E+005    0.116099669821E+000
    0.351520000000E+005    0.116389216189E+000
    0.352020000000E+005    0.116678512109E+000
    0.352520000000E+005    0.116967555274E+000
    0.353020000000E+005    0.117256343388E+000
    0.353520000000E+005    0.117544874171E+000
    0.354020000000E+005    0.117833145352E+000
    0.354520000000E+005    0.118121154674E+000
    0.355020000000E+005    0.118408899893E+000
    0.355520000000E+005    0.118696378776E+000
    0.356020000000E+005    0.118983589103E+000
    0.356520000000E+005    0.119270528668E+000
    0.357020000000E+005    0.119557195274E+000
    0.357520000000E+005    0.119843586740E+000
    0.358020000000E+005    0.120129700895E+000
    0.358520000000E+005    0.120415535582E+000
    0.359020000000E+005    0.120701088656E+000
    0.359520000000E+005    0.120986357983E+000
    0.360020000000E+005    0.121271341445E+000
    0.360520000000E+005    0.121556036933E+000
    0.361020000000E+005    0.121840442352E+000
    0.361520000000E+005    0.122124555620E+000
    0.362020000000E+005    0.122408374665E+000
    0.362520000000E+005    0.122691897430E+000
    0.363020000000E+005    0.122975121870E+000
    0.363520000000E+005    0.123258045951E+000
    0.364020000000E+005    0.123540667654E+000
    0.364520000000E+005    0.123822984971E+000
    0.365020000000E+005    0.124104995905E+000
    0.365520000000E+005    0.124386698473E+000
    0.366020000000E+005    0.124668090706E+000
    0.366520000000E+005    0.124949170644E+000
    0.367020000000E+005    0.125229936341E+000
    0.367520000000E+005    0.125510385865E+000
    0.368020000000E+005    0.125790517295E+000
    0.368520000000E+005    0.126070328721E+000
    0.369020000000E+005    0.126349818248E+000
    0.369520000000E+005    0.126628983991E+000
    0.370020000000E+005    0.126907824080E+000
    0.370520000000E+005    0.127186336654E+000
    0.371020000000E+005    0.127464519868E+000
    0.371520000000E+005    0.127742371887E+000
    0.372020000000E+005    0.128019890889E+000
    0.372520000000E+005    0.128297075064E+000
    0.373020000000E+005    0.128573922615E+000
    0.373520000000E+005    0.128850431756E+000
    0.374020000000E+005    0.129126600716E+000
    0.374520000000E+005    0.129402427733E+000
    0.375020000000E+005    0.129677911058E+000
    0.375520000000E+005    0.129953048957E+000
    0.376020000000E+005    0.130227839705E+000
    0.376520000000E+005    0.130502281590E+000
    0.377020000000E+005    0.130776372914E+000
    0.377520000000E+005    0.131050111989E+000
    0.378020000000E+005    0.131323497140E+000
    0.378520000000E+005    0.131596526704E+000
    0.379020000000E+005    0.131869199030E+000
    0.379520000000E+005    0.132141512481E+000
    0.380020000000E+005    0.132413465428E+000
    0.380520000000E+005    0.132685056259E+000
    0.381020000000E+005    0.132956283371E+000
    0.381520000000E+005    0.133227145173E+000
    0.382020000000E+005    0.133497640087E+000
    0.382520000000E+005    0.133767766548E+000
    0.383020000000E+005    0.134037523000E+000
    0.383520000000E+005    0.134306907903E+000
    0.384020000000E+005    0.134575919724E+000
    0.384520000000E+005    0.134844556947E+000
    0.385020000000E+005    0.135112818064E+000
    0.385520000000E+005    0.135380701582E+000
    0.386020000000E+005    0.135648206017E+000
    0.386520000000E+005    0.135915329899E+000
    0.387020000000E+005    0.136182071769E+000
    0.387520000000E+005    0.136448430180E+000
    0.388020000000E+005    0.136714403696E+000
    0.388520000000E+005    0.136979990894E+000
    0.389020000000E+005    0.137245190362E+000
    0.389520000000E+005    0.137510000700E+000
    0.390020000000E+005    0.137774420520E+000
    0.390520000000E+005    0.138038448445E+000
    0.391020000000E+005    0.138302083109E+000
    0.391520000000E+005    0.138565323160E+000
    0.392020000000E+005    0.138828167254E+000
    0.392520000000E+005    0.139090614063E+000
    0.393020000000E+005    0.139352662267E+000
    0.393520000000E+005    0.139614310559E+000
    0.394020000000E+005    0.139875557644E+000
    0.394520000000E+005    0.140136402237E+000
    0.395020000000E+005    0.140396843065E+000
    0.395520000000E+005    0.140656878867E+000
    0.396020000000E+005    0.140916508392E+000
    0.396520000000E+005    0.141175730403E+000
    0.397020000000E+005    0.141434543671E+000
    0.397520000000E+005    0.141692946982E+000
    0.398020000000E+005    0.141950939129E+000
    0.398520000000E+005    0.142208518920E+000
    0.399020000000E+005    0.142465685172E+000
    0.399520000000E+005    0.142722436715E+000
    0.400020000000E+005    0.142978772387E+000
    0.400520000000E+005    0.143234691042E+000
    0.401020000000E+005    0.143490191539E+000
    0.401520000000E+005    0.143745272754E+000
    0.402020000000E+005    0.143999933571E+000
    0.402520000000E+005    0.144254172885E+000
    0.403020000000E+005    0.144507989602E+000
    0.403520000000E+005    0.144761382640E+000
    0.404020000000E+005    0.145014350927E+000
    0.404520000000E+005    0.145266893403E+000
    0.405020000000E+005    0.145519009017E+000
    0.405520000000E+005    0.145770696730E+000
    0.406020000000E+005    0.146021955514E+000
    0.406520000000E+005    0.146272784351E+000
    0.407020000000E+005    0.146523182235E+000
    0.407520000000E+005    0.146773148170E+000
    0.408020000000E+005    0.147022681169E+000
    0.408520000000E+005    0.147271780259E+000
    0.409020000000E+005    0.147520444474E+000
    0.409520000000E+005    0.147768672862E+000
    0.410020000000E+005    0.148016464479E+000
    0.410520000000E+005    0.148263818392E+000
    0.411020000000E+005    0.148510733680E+000
    0.411520000000E+005    0.148757209431E+000
    0.412020000000E+005    0.149003244743E+000
    0.412520000000E+005    0.149248838725E+000
    0.413020000000E+005    0.149493990497E+000
    0.413520000000E+005    0.149738699189E+000
    0.414020000000E+005    0.149982963940E+000
    0.414520000000E+005    0.150226783900E+000
    0.415020000000E+005    0.150470158231E+000
    0.415520000000E+005    0.150713086102E+000
    0.416020000000E+005    0.150955566695E+000
    0.416520000000E+005    0.151197599199E+000
    0.417020000000E+005    0.151439182817E+000
    0.417520000000E+005    0.151680316757E+000
    0.418020000000E+005    0.151921000243E+000
    0.418520000000E+005    0.152161232503E+000
    0.419020000000E+005    0.152401012779E+000
    0.419520000000E+005    0.152640340322E+000
    0.420020000000E+005    0.152879214391E+000
    0.420520000000E+005    0.153117634258E+000
    0.421020000000E+005    0.153355599201E+000
    0.421520000000E+005    0.153593108511E+000
    0.422020000000E+005    0.153830161487E+000
    0.422520000000E+005    0.154066757438E+000
    0.423020000000E+005    0.154302895683E+000
    0.423520000000E+005    0.154538575549E+000
    0.424020000000E+005    0.154773796375E+000
    0.424520000000E+005    0.155008557508E+000
    0.425020000000E+005    0.155242858305E+000
    0.425520000000E+005    0.155476698132E+000
    0.426020000000E+005    0.155710076365E+000
    0.426520000000E+005    0.155942992388E+000
    0.427020000000E+005    0.156175445596E+000
    0.427520000000E+005    0.156407435392E+000
    0.428020000000E+005    0.156638961189E+000
    0.428520000000E+005    0.156870022410E+000
    0.429020000000E+005    0.157100618484E+000
    0.429520000000E+005    0.157330748854E+000
    0.430020000000E+005    0.157560412968E+000
    0.430520000000E+005    0.157789610284E+000
    0.431020000000E+005    0.158018340270E+000
    0.431520000000E+005    0.158246602403E+000
    0.432020000000E+005    0.158474396167E+000
    0.432520000000E+005    0.158701721058E+000
    0.433020000000E+005    0.158928576578E+000
    0.433520000000E+005    0.159154962240E+000
    0.434020000000E+005    0.159380877564E+000
    0.434520000000E+005    0.159606322080E+000
    0.435020000000E+005    0.159831295325E+000
    0.435520000000E+005    0.160055796848E+000
    0.436020000000E+005    0.160279826202E+000
    0.436520000000E+005    0.160503382954E+000
    0.437020000000E+005    0.160726466674E+000
    0.437520000000E+005    0.160949076945E+000
    0.438020000000E+005    0.161171213356E+000
    0.438520000000E+005    0.161392875506E+000
    0.439020000000E+005    0.161614063000E+000
    0.439520000000E+005    0.161834775453E+000
    0.440020000000E+005    0.162055012490E+000
    0.440520000000E+005    0.162274773741E+000
    0.441020000000E+005    0.162494058845E+000
    0.441520000000E+005    0.162712867452E+000
    0.442020000000E+005    0.162931199216E+000
    0.442520000000E+005    0.163149053803E+000
    0.443020000000E+005    0.163366430884E+000
    0.443520000000E+005    0.163583330140E+000
    0.444020000000E+005    0.163799751259E+000
    0.444520000000E+005    0.164015693937E+000
    0.445020000000E+005    0.164231157879E+000
    0.445520000000E+005    0.164446142796E+000
    0.446020000000E+005    0.164660648409E+000
    0.446520000000E+005    0.164874674445E+000
    0.447020000000E+005    0.165088220641E+000
    0.447520000000E+005    0.165301286738E+000
    0.448020000000E+005    0.165513872488E+000
    0.448520000000E+005    0.165725977650E+000
    0.449020000000E+005    0.165937601990E+000
    0.449520000000E+005    0.166148745281E+000
    0.450020000000E+005    0.166359407305E+000
    0.450520000000E+005    0.166569587850E+000
    0.451020000000E+005    0.166779286714E+000
    0.451520000000E+005    0.166988503699E+000
    0.452020000000E+005    0.167197238616E+000
    0.452520000000E+005    0.167405491284E+000
    0.453020000000E+005    0.167613261529E+000
    0.453520000000E+005    0.167820549182E+000
    0.454020000000E+005    0.168027354086E+000
    0.454520000000E+005    0.168233676086E+000
    0.455020000000E+005    0.168439515037E+000
    0.455520000000E+005    0.168644870801E+000
    0.456020000000E+005    0.168849743246E+000
    0.456520000000E+005    0.169054132247E+000
    0.457020000000E+005    0.169258037688E+000
    0.457520000000E+005    0.169461459458E+000
    0.458020000000E+005    0.169664397452E+000
    0.458520000000E+005    0.169866851575E+000
    0.459020000000E+005    0.170068821737E+000
    0.459520000000E+005    0.170270307854E+000
    0.460020000000E+005    0.170471309850E+000
    0.460520000000E+005    0.170671827655E+000
    0.461020000000E+005    0.170871861205E+000
    0.461520000000E+005    0.171071410446E+000
    0.462020000000E+005    0.171270475327E+000
    0.462520000000E+005    0.171469055804E+000
    0.463020000000E+005    0.171667151840E+000
    0.463520000000E+005    0.171864763406E+000
    0.464020000000E+005    0.172061890478E+000
    0.464520000000E+005    0.172258533038E+000
    0.465020000000E+005    0.172454691074E+000
    0.465520000000E+005    0.172650364583E+000
    0.466020000000E+005    0.172845553565E+000
    0.466520000000E+005    0.173040258027E+000
    0.467020000000E+005    0.173234477985E+000
    0.467520000000E+005    0.173428213458E+000
    0.468020000000E+005    0.173621464472E+000
    0.468520000000E+005    0.173814231059E+000
    0.469020000000E+005    0.174006513258E+000
    0.469520000000E+005    0.174198311112E+000
    0.470020000000E+005    0.174389624673E+000
    0.470520000000E+005    0.174580453996E+000
    0.471020000000E+005    0.174770799142E+000
    0.471520000000E+005    0.174960660181E+000
    0.472020000000E+005    0.175150037186E+000
    0.472520000000E+005    0.175338930236E+000
    0.473020000000E+005    0.175527339416E+000
    0.473520000000E+005    0.175715264818E+000
    0.474020000000E+005    0.175902706537E+000
    0.474520000000E+005    0.176089664677E+000
    0.475020000000E+005    0.176276139345E+000
    0.475520000000E+005    0.176462130653E+000
    0.476020000000E+005    0.176647638722E+000
    0.476520000000E+005    0.176832663675E+000
    0.477020000000E+005    0.177017205642E+000
    0.477520000000E+005    0.177201264758E+000
    0.478020000000E+005    0.177384841164E+000
    0.478520000000E+005    0.177567935005E+000
    0.479020000000E+005    0.177750546433E+000
    0.479520000000E+005    0.177932675604E+000
    0.480020000000E+005    0.178114322679E+000
    0.480520000000E+005    0.178295487825E+000
    0.481020000000E+005    0.178476171215E+000
    0.481520000000E+005    0.178656373024E+000
    0.482020000000E+005    0.178836093435E+000
    0.482520000000E+005    0.179015332636E+000
    0.483020000000E+005    0.179194090817E+000
    0.483520000000E+005    0.179372368177E+000
    0.484020000000E+005    0.179550164916E+000
    0.484520000000E+005    0.179727481243E+000
    0.485020000000E+005    0.179904317368E+000
    0.485520000000E+005    0.180080673508E+000
    0.486020000000E+005    0.180256549884E+000
    0.486520000000E+005    0.180431946722E+000
    0.487020000000E+005    0.180606864252E+000
    0.487520000000E+005    0.180781302711E+000
    0.488020000000E+005    0.180955262338E+000
    0.488520000000E+005    0.181128743378E+000
    0.489020000000E+005    0.181301746079E+000
    0.489520000000E+005    0.181474270695E+000
    0.490020000000E+005    0.181646317485E+000
    0.490520000000E+005    0.181817886711E+000
    0.491020000000E+005    0.181988978640E+000
    0.491520000000E+005    0.182159593544E+000
    0.492020000000E+005    0.182329731697E+000
    0.492520000000E+005    0.182499393380E+000
    0.493020000000E+005    0.182668578878E+000
    0.493520000000E+005    0.182837288479E+000
    0.494020000000E+005    0.183005522476E+000
    0.494520000000E+005    0.183173281165E+000
    0.495020000000E+005    0.183340564848E+000
    0.495520000000E+005    0.183507373830E+000
    0.496020000000E+005    0.183673708420E+000
    0.496520000000E+005    0.183839568931E+000
    0.497020000000E+005    0.184004955681E+000
    0.497520000000E+005    0.184169868992E+000
    0.498020000000E+005    0.184334309187E+000
    0.498520000000E+005    0.184498276596E+000
    0.499020000000E+005    0.184661771553E+000
    0.499520000000E+005    0.184824794394E+000
    0.500020000000E+005    0.184987345459E+000
    0.500520000000E+005    0.185149425093E+000
    0.501020000000E+005    0.185311033644E+000
    0.501520000000E+005    0.185472171464E+000
    0.502020000000E+005    0.185632838909E+000
    0.502520000000E+005    0.185793036337E+000
    0.503020000000E+005    0.185952764111E+000
    0.503520000000E+005    0.186112022597E+000
    0.504020000000E+005    0.186270812166E+000
    0.504520000000E+005    0.186429133190E+000
    0.505020000000E+005    0.186586986046E+000
    0.505520000000E+005    0.186744371115E+000
    0.506020000000E+005    0.186901288781E+000
    0.506520000000E+005    0.187057739429E+000
    0.507020000000E+005    0.187213723451E+000
    0.507520000000E+005    0.187369241241E+000
    0.508020000000E+005    0.187524293195E+000
    0.508520000000E+005    0.187678879713E+000
    0.509020000000E+005    0.187833001199E+000
    0.509520000000E+005    0.187986658059E+000
    0.510020000000E+005    0.188139850704E+000
    0.510520000000E+005    0.188292579546E+000
    0.511020000000E+005    0.188444845001E+000
    0.511520000000E+005    0.188596647489E+000
    0.512020000000E+005    0.188747987431E+000
    0.512520000000E+005    0.188898865252E+000
    0.513020000000E+005    0.189049281381E+000
    0.513520000000E+005    0.189199236248E+000
    0.514020000000E+005    0.189348730288E+000
    0.514520000000E+005    0.189497763937E+000
    0.515020000000E+005    0.189646337635E+000
    0.515520000000E+005    0.189794451824E+000
    0.516020000000E+005    0.189942106950E+000
    0.516520000000E+005    0.190089303461E+000
    0.517020000000E+005    0.190236041807E+000
    0.517520000000E+005    0.190382322442E+000
    0.518020000000E+005    0.190528145822E+000
    0.518520000000E+005    0.190673512405E+000
    0.519020000000E+005    0.190818422654E+000
    0.519520000000E+005    0.190962877032E+000
    0.520020000000E+005    0.191106876006E+000
    0.520520000000E+005    0.191250420045E+000
    0.521020000000E+005    0.191393509620E+000
    0.521520000000E+005    0.191536145205E+000
    0.522020000000E+005    0.191678327277E+000
    0.522520000000E+005    0.191820056315E+000
    0.523020000000E+005    0.191961332800E+000
    0.523520000000E+005    0.192102157215E+000
    0.524020000000E+005    0.192242530048E+000
    0.524520000000E+005    0.192382451785E+000
    0.525020000000E+005    0.192521922917E+000
    0.525520000000E+005    0.192660943938E+000
    0.526020000000E+005    0.192799515342E+000
    0.526520000000E+005    0.192937637627E+000
    0.527020000000E+005    0.193075311292E+000
    0.527520000000E+005    0.193212536838E+000
    0.528020000000E+005    0.193349314769E+000
    0.528520000000E+005    0.193485645590E+000
    0.529020000000E+005    0.193621529810E+000
    0.529520000000E+005    0.193756967939E+000
    0.530020000000E+005    0.193891960487E+000
    0.530520000000E+005    0.194026507970E+000
    0.531020000000E+005    0.194160610902E+000
    0.531520000000E+005    0.194294269802E+000
    0.532020000000E+005    0.194427485188E+000
    0.532520000000E+005    0.194560257583E+000
    0.533020000000E+005    0.194692587509E+000
    0.533520000000E+005    0.194824475492E+000
    0.534020000000E+005    0.194955922058E+000
    0.534520000000E+005    0.195086927737E+000
    0.535020000000E+005    0.195217493059E+000
    0.535520000000E+005    0.195347618556E+000
    0.536020000000E+005    0.195477304761E+000
    0.536520000000E+005    0.195606552211E+000
    0.537020000000E+005    0.195735361443E+000
    0.537520000000E+005    0.195863732994E+000
    0.538020000000E+005    0.195991667407E+000
    0.538520000000E+005    0.196119165222E+000
    0.539020000000E+005    0.196246226983E+000
    0.539520000000E+005    0.196372853236E+000
    0.540020000000E+005    0.196499044526E+000
    0.540520000000E+005    0.196624801402E+000
    0.541020000000E+005    0.196750124414E+000
    0.541520000000E+005    0.196875014112E+000
    0.542020000000E+005    0.196999471049E+000
    0.542520000000E+005    0.197123495778E+000
    0.543020000000E+005    0.197247088854E+000
    0.543520000000E+005    0.197370250834E+000
    0.544020000000E+005    0.197492982276E+000
    0.544520000000E+005    0.197615283738E+000
    0.545020000000E+005    0.197737155781E+000
    0.545520000000E+005    0.197858598967E+000
    0.546020000000E+005    0.197979613858E+000
    0.546520000000E+005    0.198100201018E+000
    0.547020000000E+005    0.198220361012E+000
    0.547520000000E+005    0.198340094407E+000
    0.548020000000E+005    0.198459401769E+000
    0.548520000000E+005    0.198578283669E+000
    0.549020000000E+005    0.198696740675E+000
    0.549520000000E+005    0.198814773357E+000
    0.550020000000E+005    0.198932382289E+000
    0.550520000000E+005    0.199049568042E+000
    0.551020000000E+005    0.199166331190E+000
    0.551520000000E+005    0.199282672308E+000
    0.552020000000E+005    0.199398591973E+000
    0.552520000000E+005    0.199514090760E+000
    0.553020000000E+005    0.199629169247E+000
    0.553520000000E+005    0.199743828012E+000
    0.554020000000E+005    0.199858067636E+000
    0.554520000000E+005    0.199971888698E+000
    0.555020000000E+005    0.200085291780E+000
    0.555520000000E+005    0.200198277463E+000
    0.556020000000E+005    0.200310846330E+000
    0.556520000000E+005    0.200422998964E+000
    0.557020000000E+005    0.200534735951E+000
    0.557520000000E+005    0.200646057874E+000
    0.558020000000E+005    0.200756965320E+000
    0.558520000000E+005    0.200867458875E+000
    0.559020000000E+005    0.200977539126E+000
    0.559520000000E+005    0.201087206661E+000
    0.560020000000E+005    0.201196462069E+000
    0.560520000000E+005    0.201305305937E+000
    0.561020000000E+005    0.201413738857E+000
    0.561520000000E+005    0.201521761418E+000
    0.562020000000E+005    0.201629374211E+000
    0.562520000000E+005    0.201736577827E+000
    0.563020000000E+005    0.201843372858E+000
    0.563520000000E+005    0.201949759898E+000
    0.564020000000E+005    0.202055739538E+000
    0.564520000000E+005    0.202161312371E+000
    0.565020000000E+005    0.202266478993E+000
    0.565520000000E+005    0.202371239997E+000
    0.566020000000E+005    0.202475595977E+000
    0.566520000000E+005    0.202579547529E+000
    0.567020000000E+005    0.202683095249E+000
    0.567520000000E+005    0.202786239732E+000
    0.568020000000E+005    0.202888981574E+000
    0.568520000000E+005    0.202991321373E+000
    0.569020000000E+005    0.203093259724E+000
    0.569520000000E+005    0.203194797225E+000
    0.570020000000E+005    0.203295934474E+000
    0.570520000000E+005    0.203396672069E+000
    0.571020000000E+005    0.203497010606E+000
    0.571520000000E+005    0.203596950685E+000
    0.572020000000E+005    0.203696492904E+000
    0.572520000000E+005    0.203795637862E+000
    0.573020000000E+005    0.203894386157E+000
    0.573520000000E+005    0.203992738389E+000
    0.574020000000E+005    0.204090695156E+000
    0.574520000000E+005    0.204188257059E+000
    0.575020000000E+005    0.204285424696E+000
    0.575520000000E+005    0.204382198667E+000
    0.576020000000E+005    0.204478579572E+000
    0.576520000000E+005    0.204574568010E+000
    0.577020000000E+005    0.204670164581E+000
    0.577520000000E+005    0.204765369885E+000
    0.578020000000E+005    0.204860184523E+000
    0.578520000000E+005    0.204954609093E+000
    0.579020000000E+005    0.205048644196E+000
    0.579520000000E+005    0.205142290431E+000
    0.580020000000E+005    0.205235548399E+000
    0.580520000000E+005    0.205328418700E+000
    0.581020000000E+005    0.205420901932E+000
    0.581520000000E+005    0.205512998697E+000
    0.582020000000E+005    0.205604709593E+000
    0.582520000000E+005    0.205696035220E+000
    0.583020000000E+005    0.205786976177E+000
    0.583520000000E+005    0.205877533064E+000
    0.584020000000E+005    0.205967706481E+000
    0.584520000000E+005    0.206057497025E+000
    0.585020000000E+005    0.206146905296E+000
    0.585520000000E+005    0.206235931893E+000
    0.586020000000E+005    0.206324577413E+000
    0.586520000000E+005    0.206412842456E+000
    0.587020000000E+005    0.206500727619E+000
    0.587520000000E+005    0.206588233501E+000
    0.588020000000E+005    0.206675360698E+000
    0.588520000000E+005    0.206762109809E+000
    0.589020000000E+005    0.206848481430E+000
    0.589520000000E+005    0.206934476158E+000
    0.590020000000E+005    0.207020094590E+000
    0.590520000000E+005    0.207105337322E+000
    0.591020000000E+005    0.207190204949E+000
    0.591520000000E+005    0.207274698068E+000
    0.592020000000E+005    0.207358817274E+000
    0.592520000000E+005    0.207442563160E+000
    0.593020000000E+005    0.207525936323E+000
    0.593520000000E+005    0.207608937357E+000
    0.594020000000E+005    0.207691566854E+000
    0.594520000000E+005    0.207773825408E+000
    0.595020000000E+005    0.207855713613E+000
    0.595520000000E+005    0.207937232060E+000
    0.596020000000E+005    0.208018381343E+000
    0.596520000000E+005    0.208099162051E+000
    0.597020000000E+005    0.208179574778E+000
    0.597520000000E+005    0.208259620114E+000
    0.598020000000E+005    0.208339298648E+000
    0.598520000000E+005    0.208418610971E+000
    0.599020000000E+005    0.208497557672E+000
    0.599520000000E+005    0.208576139339E+000
    0.600020000000E+005    0.208654356562E+000
    0.600520000000E+005    0.208732209927E+000
    0.601020000000E+005    0.208809700022E+000
    0.601520000000E+005    0.208886827434E+000
    0.602020000000E+005    0.208963592749E+000
    0.602520000000E+005    0.209039996552E+000
    0.603020000000E+005    0.209116039428E+000
    0.603520000000E+005    0.209191721962E+000
    0.604020000000E+005    0.209267044738E+000
    0.604520000000E+005    0.209342008338E+000
    0.605020000000E+005    0.209416613346E+000
    0.605520000000E+005    0.209490860343E+000
    0.606020000000E+005    0.209564749910E+000
    0.606520000000E+005    0.209638282628E+000
    0.607020000000E+005    0.209711459078E+000
    0.607520000000E+005    0.209784279838E+000
    0.608020000000E+005    0.209856745488E+000
    0.608520000000E+005    0.209928856605E+000
    0.609020000000E+005    0.210000613767E+000
    0.609520000000E+005    0.210072017550E+000
    0.610020000000E+005    0.210143068530E+000
    0.610520000000E+005    0.210213767284E+000
    0.611020000000E+005    0.210284114384E+000
    0.611520000000E+005    0.210354110405E+000
    0.612020000000E+005    0.210423755920E+000
    0.612520000000E+005    0.210493051501E+000
    0.613020000000E+005    0.210561997720E+000
    0.613520000000E+005    0.210630595148E+000
    0.614020000000E+005    0.210698844354E+000
    0.614520000000E+005    0.210766745908E+000
    0.615020000000E+005    0.210834300379E+000
    0.615520000000E+005    0.210901508334E+000
    0.616020000000E+005    0.210968370341E+000
    0.616520000000E+005    0.211034886964E+000
    0.617020000000E+005    0.211101058770E+000
    0.617520000000E+005    0.211166886323E+000
    0.618020000000E+005    0.211232370186E+000
    0.618520000000E+005    0.211297510923E+000
    0.619020000000E+005    0.211362309096E+000
    0.619520000000E+005    0.211426765265E+000
    0.620020000000E+005    0.211490879991E+000
    0.620520000000E+005    0.211554653833E+000
    0.621020000000E+005    0.211618087350E+000
    0.621520000000E+005    0.211681181100E+000
    0.622020000000E+005    0.211743935639E+000
    0.622520000000E+005    0.211806351524E+000
    0.623020000000E+005    0.211868429309E+000
    0.623520000000E+005    0.211930169549E+000
    0.624020000000E+005    0.211991572797E+000
    0.624520000000E+005    0.212052639604E+000
    0.625020000000E+005    0.212113370524E+000
    0.625520000000E+005    0.212173766106E+000
    0.626020000000E+005    0.212233826899E+000
    0.626520000000E+005    0.212293553453E+000
    0.627020000000E+005    0.212352946315E+000
    0.627520000000E+005    0.212412006032E+000
    0.628020000000E+005    0.212470733150E+000
    0.628520000000E+005    0.212529128214E+000
    0.629020000000E+005    0.212587191767E+000
    0.629520000000E+005    0.212644924353E+000
    0.630020000000E+005    0.212702326514E+000
    0.630520000000E+005    0.212759398790E+000
    0.631020000000E+005    0.212816141722E+000
    0.631520000000E+005    0.212872555849E+000
    0.632020000000E+005    0.212928641709E+000
    0.632520000000E+005    0.212984399839E+000
    0.633020000000E+005    0.213039830774E+000
    0.633520000000E+005    0.213094935052E+000
    0.634020000000E+005    0.213149713204E+000
    0.634520000000E+005    0.213204165765E+000
    0.635020000000E+005    0.213258293266E+000
    0.635520000000E+005    0.213312096239E+000
    0.636020000000E+005    0.213365575214E+000
    0.636520000000E+005    0.213418730719E+000
    0.637020000000E+005    0.213471563283E+000
    0.637520000000E+005    0.213524073433E+000
    0.638020000000E+005    0.213576261694E+000
    0.638520000000E+005    0.213628128591E+000
    0.639020000000E+005    0.213679674649E+000
    0.639520000000E+005    0.213730900390E+000
    0.640020000000E+005    0.213781806335E+000
    0.640520000000E+005    0.213832393006E+000
    0.641020000000E+005    0.213882660922E+000
    0.641520000000E+005    0.213932610602E+000
    0.642020000000E+005    0.213982242562E+000
    0.642520000000E+005    0.214031557320E+000
    0.643020000000E+005    0.214080555391E+000
    0.643520000000E+005    0.214129237290E+000
    0.644020000000E+005    0.214177603528E+000
    0.644520000000E+005    0.214225654619E+000
    0.645020000000E+005    0.214273391074E+000
    0.645520000000E+005    0.214320813402E+000
    0.646020000000E+005    0.214367922112E+000
    0.646520000000E+005    0.214414717712E+000
    0.647020000000E+005    0.214461200709E+000
    0.647520000000E+005    0.214507371609E+000
    0.648020000000E+005    0.214553230915E+000
    0.648520000000E+005    0.214598779131E+000
    0.649020000000E+005    0.214644016760E+000
    0.649520000000E+005    0.214688944303E+000
    0.650020000000E+005    0.214733562259E+000
    0.650520000000E+005    0.214777871127E+000
    0.651020000000E+005    0.214821871406E+000
    0.651520000000E+005    0.214865563592E+000
    0.652020000000E+005    0.214908948181E+000
    0.652520000000E+005    0.214952025668E+000
    0.653020000000E+005    0.214994796544E+000
    0.653520000000E+005    0.215037261304E+000
    0.654020000000E+005    0.215079420437E+000
    0.654520000000E+005    0.215121274434E+000
    0.655020000000E+005    0.215162823784E+000
    0.655520000000E+005    0.215204068974E+000
    0.656020000000E+005    0.215245010491E+000
    0.656520000000E+005    0.215285648821E+000
    0.657020000000E+005    0.215325984448E+000
    0.657520000000E+005    0.215366017854E+000
    0.658020000000E+005    0.215405749522E+000
    0.658520000000E+005    0.215445179934E+000
    0.659020000000E+005    0.215484309568E+000
    0.659520000000E+005    0.215523138903E+000
    0.660020000000E+005    0.215561668417E+000
    0.660520000000E+005    0.215599898586E+000
    0.661020000000E+005    0.215637829886E+000
    0.661520000000E+005    0.215675462790E+000
    0.662020000000E+005    0.215712797771E+000
    0.662520000000E+005    0.215749835301E+000
    0.663020000000E+005    0.215786575851E+000
    0.663520000000E+005    0.215823019890E+000
    0.664020000000E+005    0.215859167886E+000
    0.664520000000E+005    0.215895020307E+000
    0.665020000000E+005    0.215930577619E+000
    0.665520000000E+005    0.215965840286E+000
    0.666020000000E+005    0.216000808772E+000
    0.666520000000E+005    0.216035483540E+000
    0.667020000000E+005    0.216069865051E+000
    0.667520000000E+005    0.216103953766E+000
    0.668020000000E+005    0.216137750143E+000
    0.668520000000E+005    0.216171254640E+000
    0.669020000000E+005    0.216204467715E+000
    0.669520000000E+005    0.216237389823E+000
    0.670020000000E+005    0.216270021418E+000
    0.670520000000E+005    0.216302362954E+000
    0.671020000000E+005    0.216334414883E+000
    0.671520000000E+005    0.216366177656E+000
    0.672020000000E+005    0.216397651723E+000
    0.672520000000E+005    0.216428837533E+000
    0.673020000000E+005    0.216459735532E+000
    0.673520000000E+005    0.216490346169E+000
    0.674020000000E+005    0.216520669887E+000
    0.674520000000E+005    0.216550707131E+000
    0.675020000000E+005    0.216580458345E+000
    0.675520000000E+005    0.216609923969E+000
    0.676020000000E+005    0.216639104445E+000
    0.676520000000E+005    0.216668000212E+000
    0.677020000000E+005    0.216696611708E+000
    0.677520000000E+005    0.216724939371E+000
    0.678020000000E+005    0.216752983637E+000
    0.678520000000E+005    0.216780744940E+000
    0.679020000000E+005    0.216808223715E+000
    0.679520000000E+005    0.216835420394E+000
    0.680020000000E+005    0.216862335408E+000
    0.680520000000E+005    0.216888969189E+000
    0.681020000000E+005    0.216915322165E+000
    0.681520000000E+005    0.216941394764E+000
    0.682020000000E+005    0.216967187413E+000
    0.682520000000E+005    0.216992700539E+000
    0.683020000000E+005    0.217017934565E+000
    0.683520000000E+005    0.217042889915E+000
    0.684020000000E+005    0.217067567012E+000
    0.684520000000E+005    0.217091966276E+000
    0.685020000000E+005    0.217116088129E+000
    0.685520000000E+005    0.217139932988E+000
    0.686020000000E+005    0.217163501272E+000
    0.686520000000E+005    0.217186793398E+000
    0.687020000000E+005    0.217209809780E+000
    0.687520000000E+005    0.217232550835E+000
    0.688020000000E+005    0.217255016974E+000
    0.688520000000E+005    0.217277208610E+000
    0.689020000000E+005    0.217299126154E+000
    0.689520000000E+005    0.217320770017E+000
    0.690020000000E+005    0.217342140606E+000
    0.690520000000E+005    0.217363238331E+000
    0.691020000000E+005    0.217384063596E+000
    0.691520000000E+005    0.217404616809E+000
    0.692020000000E+005    0.217424898373E+000
    0.692520000000E+005    0.217444908691E+000
    0.693020000000E+005    0.217464648166E+000
    0.693520000000E+005    0.217484117199E+000
    0.694020000000E+005    0.217503316189E+000
    0.694520000000E+005    0.217522245537E+000
    0.695020000000E+005    0.217540905638E+000
    0.695520000000E+005    0.217559296891E+000
    0.696020000000E+005    0.217577419690E+000
    0.696520000000E+005    0.217595274430E+000
    0.697020000000E+005    0.217612861504E+000
    0.697520000000E+005    0.217630181306E+000
    0.698020000000E+005    0.217647234225E+000
    0.698520000000E+005    0.217664020652E+000
    0.699020000000E+005    0.217680540976E+000
    0.699520000000E+005    0.217696795585E+000
    0.700020000000E+005    0.217712784866E+000
    0.700520000000E+005    0.217728509204E+000
    0.701020000000E+005    0.217743968984E+000
    0.701520000000E+005    0.217759164591E+000
    0.702020000000E+005    0.217774096406E+000
    0.702520000000E+005    0.217788764811E+000
    0.703020000000E+005    0.217803170186E+000
    0.703520000000E+005    0.217817312911E+000
    0.704020000000E+005    0.217831193364E+000
    0.704520000000E+005    0.217844811922E+000
    0.705020000000E+005    0.217858168962E+000
    0.705520000000E+005    0.217871264858E+000
    0.706020000000E+005    0.217884099985E+000
    0.706520000000E+005    0.217896674715E+000
    0.707020000000E+005    0.217908989422E+000
    0.707520000000E+005    0.217921044474E+000
    0.708020000000E+005    0.217932840244E+000
    0.708520000000E+005    0.217944377098E+000
    0.709020000000E+005    0.217955655406E+000
    0.709520000000E+005    0.217966675534E+000
    0.710020000000E+005    0.217977437848E+000
    0.710520000000E+005    0.217987942712E+000
    0.711020000000E+005    0.217998190490E+000
    0.711520000000E+005    0.218008181545E+000
    0.712020000000E+005    0.218017916239E+000
    0.712520000000E+005    0.218027394932E+000
    0.713020000000E+005    0.218036617984E+000
    0.713520000000E+005    0.218045585753E+000
    0.714020000000E+005    0.218054298598E+000
    0.714520000000E+005    0.218062756874E+000
    0.715020000000E+005    0.218070960938E+000
    0.715520000000E+005    0.218078911143E+000
    0.716020000000E+005    0.218086607845E+000
    0.716520000000E+005    0.218094051394E+000
    0.717020000000E+005    0.218101242144E+000
    0.717520000000E+005    0.218108180444E+000
    0.718020000000E+005    0.218114866645E+000
    0.718520000000E+005    0.218121301095E+000
    0.719020000000E+005    0.218127484141E+000
    0.719520000000E+005    0.218133416131E+000
    0.720020000000E+005    0.218139097411E+000
    0.720520000000E+005    0.218144528324E+000
    0.721020000000E+005    0.218149709216E+000
    0.721520000000E+005    0.218154640428E+000
    0.722020000000E+005    0.218159322304E+000
    0.722520000000E+005    0.218163755183E+000
    0.723020000000E+005    0.218167939406E+000
    0.723520000000E+005    0.218171875312E+000
    0.724020000000E+005    0.218175563240E+000
    0.724520000000E+005    0.218179003525E+000
    0.725020000000E+005    0.218182196506E+000
    0.725520000000E+005    0.218185142516E+000
    0.726020000000E+005    0.218187841891E+000
    0.726520000000E+005    0.218190294964E+000
    0.727020000000E+005    0.218192502067E+000
    0.727520000000E+005    0.218194463533E+000
    0.728020000000E+005    0.218196179691E+000
    0.728520000000E+005    0.218197650872E+000
    0.729020000000E+005    0.218198877405E+000
    0.729520000000E+005    0.218199859617E+000
    0.730020000000E+005    0.218200597836E+000
    0.730520000000E+005    0.218201092388E+000
    0.731020000000E+005    0.218201343599E+000
    0.731520000000E+005    0.218201351791E+000
    0.732020000000E+005    0.218201117291E+000
    0.732520000000E+005    0.218200640419E+000
    0.733020000000E+005    0.218199921497E+000
    0.733520000000E+005    0.218198960848E+000
    0.734020000000E+005    0.218197758789E+000
    0.734520000000E+005    0.218196315642E+000
    0.735020000000E+005    0.218194631724E+000
    0.735520000000E+005    0.218192707352E+000
    0.736020000000E+005    0.218190542843E+000
    0.736520000000E+005    0.218188138512E+000
    0.737020000000E+005    0.218185494676E+000
    0.737520000000E+005    0.218182611646E+000
    0.738020000000E+005    0.218179489738E+000
    0.738520000000E+005    0.218176129263E+000
    0.739020000000E+005    0.218172530532E+000
    0.739520000000E+005    0.218168693857E+000
    0.740020000000E+005    0.218164619547E+000
    0.740520000000E+005    0.218160307911E+000
    0.741020000000E+005    0.218155759257E+000
    0.741520000000E+005    0.218150973893E+000
    0.742020000000E+005    0.218145952125E+000
    0.742520000000E+005    0.218140694259E+000
    0.743020000000E+005    0.218135200600E+000
    0.743520000000E+005    0.218129471452E+000
    0.744020000000E+005    0.218123507119E+000
    0.744520000000E+005    0.218117307903E+000
    0.745020000000E+005    0.218110874105E+000
    0.745520000000E+005    0.218104206027E+000
    0.746020000000E+005    0.218097303969E+000
    0.746520000000E+005    0.218090168231E+000
    0.747020000000E+005    0.218082799110E+000
    0.747520000000E+005    0.218075196905E+000
    0.748020000000E+005    0.218067361914E+000
    0.748520000000E+005    0.218059294431E+000
    0.749020000000E+005    0.218050994754E+000
    0.749520000000E+005    0.218042463176E+000
    0.750020000000E+005    0.218033699992E+000
    0.750520000000E+005    0.218024705495E+000
    0.751020000000E+005    0.218015479978E+000
    0.751520000000E+005    0.218006023732E+000
    0.752020000000E+005    0.217996337049E+000
    0.752520000000E+005    0.217986420219E+000
    0.753020000000E+005    0.217976273532E+000
    0.753520000000E+005    0.217965897276E+000
    0.754020000000E+005    0.217955291741E+000
    0.754520000000E+005    0.217944457212E+000
    0.755020000000E+005    0.217933393978E+000
    0.755520000000E+005    0.217922102324E+000
    0.756020000000E+005    0.217910582536E+000
    0.756520000000E+005    0.217898834897E+000
    0.757020000000E+005    0.217886859693E+000
    0.757520000000E+005    0.217874657207E+000
    0.758020000000E+005    0.217862227720E+000
    0.758520000000E+005    0.217849571516E+000
    0.759020000000E+005    0.217836688875E+000
    0.759520000000E+005    0.217823580077E+000
    0.760020000000E+005    0.217810245404E+000
    0.760520000000E+005    0.217796685133E+000
    0.761020000000E+005    0.217782899544E+000
    0.761520000000E+005    0.217768888914E+000
    0.762020000000E+005    0.217754653520E+000
    0.762520000000E+005    0.217740193640E+000
    0.763020000000E+005    0.217725509549E+000
    0.763520000000E+005    0.217710601523E+000
    0.764020000000E+005    0.217695469835E+000
    0.764520000000E+005    0.217680114761E+000
    0.765020000000E+005    0.217664536573E+000
    0.765520000000E+005    0.217648735544E+000
    0.766020000000E+005    0.217632711947E+000
    0.766520000000E+005    0.217616466053E+000
    0.767020000000E+005    0.217599998132E+000
    0.767520000000E+005    0.217583308456E+000
    0.768020000000E+005    0.217566397293E+000
    0.768520000000E+005    0.217549264914E+000
    0.769020000000E+005    0.217531911586E+000
    0.769520000000E+005    0.217514337577E+000
    0.770020000000E+005    0.217496543154E+000
    0.770520000000E+005    0.217478528585E+000
    0.771020000000E+005    0.217460294136E+000
    0.771520000000E+005    0.217441840071E+000
    0.772020000000E+005    0.217423166656E+000
    0.772520000000E+005    0.217404274156E+000
    0.773020000000E+005    0.217385162834E+000
    0.773520000000E+005    0.217365832953E+000
    0.774020000000E+005    0.217346284776E+000
    0.774520000000E+005    0.217326518566E+000
    0.775020000000E+005    0.217306534584E+000
    0.775520000000E+005    0.217286333090E+000
    0.776020000000E+005    0.217265914347E+000
    0.776520000000E+005    0.217245278612E+000
    0.777020000000E+005    0.217224426147E+000
    0.777520000000E+005    0.217203357210E+000
    0.778020000000E+005    0.217182072058E+000
    0.778520000000E+005    0.217160570951E+000
    0.779020000000E+005    0.217138854146E+000
    0.779520000000E+005    0.217116921898E+000
    0.780020000000E+005    0.217094774466E+000
    0.780520000000E+005    0.217072412103E+000
    0.781020000000E+005    0.217049835067E+000
    0.781520000000E+005    0.217027043611E+000
    0.782020000000E+005    0.217004037990E+000
    0.782520000000E+005    0.216980818457E+000
    0.783020000000E+005    0.216957385267E+000
    0.783520000000E+005    0.216933738672E+000
    0.784020000000E+005    0.216909878923E+000
    0.784520000000E+005    0.216885806274E+000
    0.785020000000E+005    0.216861520976E+000
    0.785520000000E+005    0.216837023279E+000
    0.786020000000E+005    0.216812313434E+000
    0.786520000000E+005    0.216787391691E+000
    0.787020000000E+005    0.216762258300E+000
    0.787520000000E+005    0.216736913510E+000
    0.788020000000E+005    0.216711357569E+000
    0.788520000000E+005    0.216685590726E+000
    0.789020000000E+005    0.216659613229E+000
    0.789520000000E+005    0.216633425324E+000
    0.790020000000E+005    0.216607027259E+000
    0.790520000000E+005    0.216580419281E+000
    0.791020000000E+005    0.216553601635E+000
    0.791520000000E+005    0.216526574567E+000
    0.792020000000E+005    0.216499338322E+000
    0.792520000000E+005    0.216471893146E+000
    0.793020000000E+005    0.216444239282E+000
    0.793520000000E+005    0.216416376975E+000
    0.794020000000E+005    0.216388306468E+000
    0.794520000000E+005    0.216360028004E+000
    0.795020000000E+005    0.216331541827E+000
    0.795520000000E+005    0.216302848178E+000
    0.796020000000E+005    0.216273947300E+000
    0.796520000000E+005    0.216244839435E+000
    0.797020000000E+005    0.216215524823E+000
    0.797520000000E+005    0.216186003706E+000
    0.798020000000E+005    0.216156276324E+000
    0.798520000000E+005    0.216126342917E+000
    0.799020000000E+005    0.216096203726E+000
    0.799520000000E+005    0.216065858989E+000
    0.800020000000E+005    0.216035308945E+000
    0.800520000000E+005    0.216004553835E+000
    0.801020000000E+005    0.215973593895E+000
    0.801520000000E+005    0.215942429364E+000
    0.802020000000E+005    0.215911060479E+000
    0.802520000000E+005    0.215879487479E+000
    0.803020000000E+005    0.215847710600E+000
    0.803520000000E+005    0.215815730078E+000
    0.804020000000E+005    0.215783546151E+000
    0.804520000000E+005    0.215751159054E+000
    0.805020000000E+005    0.215718569023E+000
    0.805520000000E+005    0.215685776293E+000
    0.806020000000E+005    0.215652781100E+000
    0.806520000000E+005    0.215619583678E+000
    0.807020000000E+005    0.215586184262E+000
    0.807520000000E+005    0.215552583086E+000
    0.808020000000E+005    0.215518780385E+000
    0.808520000000E+005    0.215484776390E+000
    0.809020000000E+005    0.215450571337E+000
    0.809520000000E+005    0.215416165458E+000
    0.810020000000E+005    0.215381558986E+000
    0.810520000000E+005    0.215346752152E+000
    0.811020000000E+005    0.215311745191E+000
    0.811520000000E+005    0.215276538333E+000
    0.812020000000E+005    0.215241131809E+000
    0.812520000000E+005    0.215205525853E+000
    0.813020000000E+005    0.215169720694E+000
    0.813520000000E+005    0.215133716564E+000
    0.814020000000E+005    0.215097513693E+000
    0.814520000000E+005    0.215061112311E+000
    0.815020000000E+005    0.215024512649E+000
    0.815520000000E+005    0.214987714937E+000
    0.816020000000E+005    0.214950719404E+000
    0.816520000000E+005    0.214913526280E+000
    0.817020000000E+005    0.214876135794E+000
    0.817520000000E+005    0.214838548174E+000
    0.818020000000E+005    0.214800763651E+000
    0.818520000000E+005    0.214762782451E+000
    0.819020000000E+005    0.214724604804E+000
    0.819520000000E+005    0.214686230937E+000
    0.820020000000E+005    0.214647661079E+000
    0.820520000000E+005    0.214608895456E+000
    0.821020000000E+005    0.214569934298E+000
    0.821520000000E+005    0.214530777829E+000
    0.822020000000E+005    0.214491426279E+000
    0.822520000000E+005    0.214451879873E+000
    0.823020000000E+005    0.214412138839E+000
    0.823520000000E+005    0.214372203402E+000
    0.824020000000E+005    0.214332073790E+000
    0.824520000000E+005    0.214291750227E+000
    0.825020000000E+005    0.214251232941E+000
    0.825520000000E+005    0.214210522156E+000
    0.826020000000E+005    0.214169618099E+000
    0.826520000000E+005    0.214128520995E+000
    0.827020000000E+005    0.214087231069E+000
    0.827520000000E+005    0.214045748546E+000
    0.828020000000E+005    0.214004073651E+000
    0.828520000000E+005    0.213962206609E+000
    0.829020000000E+005    0.213920147644E+000
    0.829520000000E+005    0.213877896982E+000
    0.830020000000E+005    0.213835454845E+000
    0.830520000000E+005    0.213792821459E+000
    0.831020000000E+005    0.213749997048E+000
    0.831520000000E+005    0.213706981834E+000
    0.832020000000E+005    0.213663776043E+000
    0.832520000000E+005    0.213620379898E+000
    0.833020000000E+005    0.213576793622E+000
    0.833520000000E+005    0.213533017438E+000
    0.834020000000E+005    0.213489051570E+000
    0.834520000000E+005    0.213444896241E+000
    0.835020000000E+005    0.213400551675E+000
    0.835520000000E+005    0.213356018093E+000
    0.836020000000E+005    0.213311295719E+000
    0.836520000000E+005    0.213266384775E+000
    0.837020000000E+005    0.213221285484E+000
    0.837520000000E+005    0.213175998069E+000
    0.838020000000E+005    0.213130522751E+000
    0.838520000000E+005    0.213084859754E+000
    0.839020000000E+005    0.213039009299E+000
    0.839520000000E+005    0.212992971608E+000
    0.840020000000E+005    0.212946746904E+000
    0.840520000000E+005    0.212900335408E+000
    0.841020000000E+005    0.212853737342E+000
    0.841520000000E+005    0.212806952929E+000
    0.842020000000E+005    0.212759982389E+000
    0.842520000000E+005    0.212712825945E+000
    0.843020000000E+005    0.212665483818E+000
    0.843520000000E+005    0.212617956229E+000
    0.844020000000E+005    0.212570243400E+000
    0.844520000000E+005    0.212522345552E+000
    0.845020000000E+005    0.212474262907E+000
    0.845520000000E+005    0.212425995685E+000
    0.846020000000E+005    0.212377544109E+000
    0.846520000000E+005    0.212328908399E+000
    0.847020000000E+005    0.212280088776E+000
    0.847520000000E+005    0.212231085462E+000
    0.848020000000E+005    0.212181898677E+000
    0.848520000000E+005    0.212132528643E+000
    0.849020000000E+005    0.212082975580E+000
    0.849520000000E+005    0.212033239709E+000
    0.850020000000E+005    0.211983321251E+000
    0.850520000000E+005    0.211933220428E+000
    0.851020000000E+005    0.211882937459E+000
    0.851520000000E+005    0.211832472566E+000
    0.852020000000E+005    0.211781825970E+000
    0.852520000000E+005    0.211730997891E+000
    0.853020000000E+005    0.211679988550E+000
    0.853520000000E+005    0.211628798168E+000
    0.854020000000E+005    0.211577426965E+000
    0.854520000000E+005    0.211525875163E+000
    0.855020000000E+005    0.211474142981E+000
    0.855520000000E+005    0.211422230641E+000
    0.856020000000E+005    0.211370138364E+000
    0.856520000000E+005    0.211317866370E+000
    0.857020000000E+005    0.211265414880E+000
    0.857520000000E+005    0.211212784114E+000
    0.858020000000E+005    0.211159974294E+000
    0.858520000000E+005    0.211106985640E+000
    0.859020000000E+005    0.211053818373E+000
    0.859520000000E+005    0.211000472714E+000
    0.860020000000E+005    0.210946948883E+000
    0.860520000000E+005    0.210893247102E+000
    0.861020000000E+005    0.210839367591E+000
    0.861520000000E+005    0.210785310571E+000
    0.862020000000E+005    0.210731076263E+000
    0.862520000000E+005    0.210676664888E+000
    0.863020000000E+005    0.210622076667E+000
    0.863520000000E+005    0.210567311821E+000
    0.864020000000E+005    0.210512370571E+000
    0.864520000000E+005    0.210457253138E+000
    0.865020000000E+005    0.210401959744E+000
    0.865520000000E+005    0.210346490609E+000
    0.866020000000E+005    0.210290845955E+000
    0.866520000000E+005    0.210235026002E+000
    0.867020000000E+005    0.210179030973E+000
    0.867520000000E+005    0.210122861089E+000
    0.868020000000E+005    0.210066516571E+000
    0.868520000000E+005    0.210009997641E+000
    0.869020000000E+005    0.209953304519E+000
    0.869520000000E+005    0.209896437429E+000
    0.870020000000E+005    0.209839396591E+000
    0.870520000000E+005    0.209782182227E+000
    0.871020000000E+005    0.209724794560E+000
    0.871520000000E+005    0.209667233810E+000
    0.872020000000E+005    0.209609500200E+000
    0.872520000000E+005    0.209551593953E+000
    0.873020000000E+005    0.209493515289E+000
    0.873520000000E+005    0.209435264432E+000
    0.874020000000E+005    0.209376841603E+000
    0.874520000000E+005    0.209318247025E+000
    0.875020000000E+005    0.209259480920E+000
    0.875520000000E+005    0.209200543512E+000
    0.876020000000E+005    0.209141435022E+000
    0.876520000000E+005    0.209082155673E+000
    0.877020000000E+005    0.209022705688E+000
    0.877520000000E+005    0.208963085290E+000
    0.878020000000E+005    0.208903294701E+000
    0.878520000000E+005    0.208843334146E+000
    0.879020000000E+005    0.208783203847E+000
    0.879520000000E+005    0.208722904028E+000
    0.880020000000E+005    0.208662434911E+000
    0.880520000000E+005    0.208601796721E+000
    0.881020000000E+005    0.208540989680E+000
    0.881520000000E+005    0.208480014013E+000
    0.882020000000E+005    0.208418869944E+000
    0.882520000000E+005    0.208357557696E+000
    0.883020000000E+005    0.208296077494E+000
    0.883520000000E+005    0.208234429561E+000
    0.884020000000E+005    0.208172614122E+000
    0.884520000000E+005    0.208110631402E+000
    0.885020000000E+005    0.208048481624E+000
    0.885520000000E+005    0.207986165014E+000
    0.886020000000E+005    0.207923681796E+000
    0.886520000000E+005    0.207861032195E+000
    0.887020000000E+005    0.207798216437E+000
    0.887520000000E+005    0.207735234746E+000
    0.888020000000E+005    0.207672087347E+000
    0.888520000000E+005    0.207608774467E+000
    0.889020000000E+005    0.207545296330E+000
    0.889520000000E+005    0.207481653162E+000
    0.890020000000E+005    0.207417845190E+000
    0.890520000000E+005    0.207353872639E+000
    0.891020000000E+005    0.207289735734E+000
    0.891520000000E+005    0.207225434704E+000
    0.892020000000E+005    0.207160969773E+000
    0.892520000000E+005    0.207096341168E+000
    0.893020000000E+005    0.207031549116E+000
    0.893520000000E+005    0.206966593845E+000
    0.894020000000E+005    0.206901475580E+000
    0.894520000000E+005    0.206836194549E+000
    0.895020000000E+005    0.206770750979E+000
    0.895520000000E+005    0.206705145098E+000
    0.896020000000E+005    0.206639377133E+000
    0.896520000000E+005    0.206573447312E+000
    0.897020000000E+005    0.206507355863E+000
    0.897520000000E+005    0.206441103014E+000
    0.898020000000E+005    0.206374688993E+000
    0.898520000000E+005    0.206308114029E+000
    0.899020000000E+005    0.206241378349E+000
    0.899520000000E+005    0.206174482184E+000
    0.900020000000E+005    0.206107425761E+000
    0.900520000000E+005    0.206040209309E+000
    0.901020000000E+005    0.205972833059E+000
    0.901520000000E+005    0.205905297239E+000
    0.902020000000E+005    0.205837602078E+000
    0.902520000000E+005    0.205769747807E+000
    0.903020000000E+005    0.205701734656E+000
    0.903520000000E+005    0.205633562854E+000
    0.904020000000E+005    0.205565232631E+000
    0.904520000000E+005    0.205496744219E+000
    0.905020000000E+005    0.205428097847E+000
    0.905520000000E+005    0.205359293747E+000
    0.906020000000E+005    0.205290332149E+000
    0.906520000000E+005    0.205221213285E+000
    0.907020000000E+005    0.205151937385E+000
    0.907520000000E+005    0.205082504682E+000
    0.908020000000E+005    0.205012915407E+000
    0.908520000000E+005    0.204943169792E+000
    0.909020000000E+005    0.204873268068E+000
    0.909520000000E+005    0.204803210468E+000
    0.910020000000E+005    0.204732997225E+000
    0.910520000000E+005    0.204662628572E+000
    0.911020000000E+005    0.204592104740E+000
    0.911520000000E+005    0.204521425963E+000
    0.912020000000E+005    0.204450592474E+000
    0.912520000000E+005    0.204379604506E+000
    0.913020000000E+005    0.204308462294E+000
    0.913520000000E+005    0.204237166070E+000
    0.914020000000E+005    0.204165716069E+000
    0.914520000000E+005    0.204094112525E+000
    0.915020000000E+005    0.204022355672E+000
    0.915520000000E+005    0.203950445744E+000
    0.916020000000E+005    0.203878382978E+000
    0.916520000000E+005    0.203806167606E+000
    0.917020000000E+005    0.203733799866E+000
    0.917520000000E+005    0.203661279991E+000
    0.918020000000E+005    0.203588608218E+000
    0.918520000000E+005    0.203515784781E+000
    0.919020000000E+005    0.203442809918E+000
    0.919520000000E+005    0.203369683865E+000
    0.920020000000E+005    0.203296406857E+000
    0.920520000000E+005    0.203222979131E+000
    0.921020000000E+005    0.203149400925E+000
    0.921520000000E+005    0.203075672474E+000
    0.922020000000E+005    0.203001794016E+000
    0.922520000000E+005    0.202927765790E+000
    0.923020000000E+005    0.202853588031E+000
    0.923520000000E+005    0.202779260978E+000
    0.924020000000E+005    0.202704784869E+000
    0.924520000000E+005    0.202630159943E+000
    0.925020000000E+005    0.202555386437E+000
    0.925520000000E+005    0.202480464591E+000
    0.926020000000E+005    0.202405394643E+000
    0.926520000000E+005    0.202330176832E+000
    0.927020000000E+005    0.202254811398E+000
    0.927520000000E+005    0.202179298580E+000
    0.928020000000E+005    0.202103638618E+000
    0.928520000000E+005    0.202027831752E+000
    0.929020000000E+005    0.201951878222E+000
    0.929520000000E+005    0.201875778268E+000
    0.930020000000E+005    0.201799532131E+000
    0.930520000000E+005    0.201723140052E+000
    0.931020000000E+005    0.201646602272E+000
    0.931520000000E+005    0.201569919032E+000
    0.932020000000E+005    0.201493090574E+000
    0.932520000000E+005    0.201416117138E+000
    0.933020000000E+005    0.201338998968E+000
    0.933520000000E+005    0.201261736305E+000
    0.934020000000E+005    0.201184329392E+000
    0.934520000000E+005    0.201106778471E+000
    0.935020000000E+005    0.201029083785E+000
    0.935520000000E+005    0.200951245577E+000
    0.936020000000E+005    0.200873264090E+000
    0.936520000000E+005    0.200795139568E+000
    0.937020000000E+005    0.200716872255E+000
    0.937520000000E+005    0.200638462393E+000
    0.938020000000E+005    0.200559910228E+000
    0.938520000000E+005    0.200481216004E+000
    0.939020000000E+005    0.200402379966E+000
    0.939520000000E+005    0.200323402357E+000
    0.940020000000E+005    0.200244283424E+000
    0.940520000000E+005    0.200165023411E+000
    0.941020000000E+005    0.200085622564E+000
    0.941520000000E+005    0.200006081129E+000
    0.942020000000E+005    0.199926399351E+000
    0.942520000000E+005    0.199846577477E+000
    0.943020000000E+005    0.199766615753E+000
    0.943520000000E+005    0.199686514426E+000
    0.944020000000E+005    0.199606273742E+000
    0.944520000000E+005    0.199525893949E+000
    0.945020000000E+005    0.199445375294E+000
    0.945520000000E+005    0.199364718024E+000
    0.946020000000E+005    0.199283922387E+000
    0.946520000000E+005    0.199202988632E+000
    0.947020000000E+005    0.199121917006E+000
    0.947520000000E+005    0.199040707757E+000
    0.948020000000E+005    0.198959361135E+000
    0.948520000000E+005    0.198877877388E+000
    0.949020000000E+005    0.198796256765E+000
    0.949520000000E+005    0.198714499517E+000
    0.950020000000E+005    0.198632605891E+000
    0.950520000000E+005    0.198550576138E+000
    0.951020000000E+005    0.198468410508E+000
    0.951520000000E+005    0.198386109252E+000
    0.952020000000E+005    0.198303672619E+000
    0.952520000000E+005    0.198221100861E+000
    0.953020000000E+005    0.198138394228E+000
    0.953520000000E+005    0.198055552972E+000
    0.954020000000E+005    0.197972577343E+000
    0.954520000000E+005    0.197889467594E+000
    0.955020000000E+005    0.197806223977E+000
    0.955520000000E+005    0.197722846742E+000
    0.956020000000E+005    0.197639336143E+000
    0.956520000000E+005    0.197555692433E+000
    0.957020000000E+005    0.197471915863E+000
    0.957520000000E+005    0.197388006687E+000
    0.958020000000E+005    0.197303965159E+000
    0.958520000000E+005    0.197219791530E+000
    0.959020000000E+005    0.197135486056E+000
    0.959520000000E+005    0.197051048990E+000
    0.960020000000E+005    0.196966480586E+000
    0.960520000000E+005    0.196881781098E+000
    0.961020000000E+005    0.196796950781E+000
    0.961520000000E+005    0.196711989890E+000
    0.962020000000E+005    0.196626898680E+000
    0.962520000000E+005    0.196541677405E+000
    0.963020000000E+005    0.196456326323E+000
    0.963520000000E+005    0.196370845687E+000
    0.964020000000E+005    0.196285235754E+000
    0.964520000000E+005    0.196199496780E+000
    0.965020000000E+005    0.196113629021E+000
    0.965520000000E+005    0.196027632735E+000
    0.966020000000E+005    0.195941508177E+000
    0.966520000000E+005    0.195855255605E+000
    0.967020000000E+005    0.195768875276E+000
    0.967520000000E+005    0.195682367448E+000
    0.968020000000E+005    0.195595732378E+000
    0.968520000000E+005    0.195508970324E+000
    0.969020000000E+005    0.195422081544E+000
    0.969520000000E+005    0.195335066296E+000
    0.970020000000E+005    0.195247924840E+000
    0.970520000000E+005    0.195160657433E+000
    0.971020000000E+005    0.195073264336E+000
    0.971520000000E+005    0.194985745806E+000
    0.972020000000E+005    0.194898102104E+000
    0.972520000000E+005    0.194810333489E+000
    0.973020000000E+005    0.194722440222E+000
    0.973520000000E+005    0.194634422561E+000
    0.974020000000E+005    0.194546280768E+000
    0.974520000000E+005    0.194458015103E+000
    0.975020000000E+005    0.194369625826E+000
    0.975520000000E+005    0.194281113200E+000
    0.976020000000E+005    0.194192477484E+000
    0.976520000000E+005    0.194103718941E+000
    0.977020000000E+005    0.194014837831E+000
    0.977520000000E+005    0.193925834417E+000
    0.978020000000E+005    0.193836708961E+000
    0.978520000000E+005    0.193747461724E+000
    0.979020000000E+005    0.193658092971E+000
    0.979520000000E+005    0.193568602962E+000
    0.980020000000E+005    0.193478991961E+000
    0.980520000000E+005    0.193389260231E+000
    0.981020000000E+005    0.193299408036E+000
    0.981520000000E+005    0.193209435639E+000
    0.982020000000E+005    0.193119343303E+000
    0.982520000000E+005    0.193029131292E+000
    0.983020000000E+005    0.192938799871E+000
    0.983520000000E+005    0.192848349305E+000
    0.984020000000E+005    0.192757779856E+000
    0.984520000000E+005    0.192667091791E+000
    0.985020000000E+005    0.192576285375E+000
    0.985520000000E+005    0.192485360871E+000
    0.986020000000E+005    0.192394318547E+000
    0.986520000000E+005    0.192303158667E+000
    0.987020000000E+005    0.192211881497E+000
    0.987520000000E+005    0.192120487303E+000
    0.988020000000E+005    0.192028976351E+000
    0.988520000000E+005    0.191937348908E+000
    0.989020000000E+005    0.191845605240E+000
    0.989520000000E+005    0.191753745614E+000
    0.990020000000E+005    0.191661770297E+000
    0.990520000000E+005    0.191569679556E+000
    0.991020000000E+005    0.191477473659E+000
    0.991520000000E+005    0.191385152873E+000
    0.992020000000E+005    0.191292717465E+000
    0.992520000000E+005    0.191200167705E+000
    0.993020000000E+005    0.191107503859E+000
    0.993520000000E+005    0.191014726197E+000
    0.994020000000E+005    0.190921834986E+000
    0.994520000000E+005    0.190828830497E+000
    0.995020000000E+005    0.190735712996E+000
    0.995520000000E+005    0.190642482754E+000
    0.996020000000E+005    0.190549140040E+000
    0.996520000000E+005    0.190455685124E+000
    0.997020000000E+005    0.190362118274E+000
    0.997520000000E+005    0.190268439761E+000
    0.998020000000E+005    0.190174649856E+000
    0.998520000000E+005    0.190080748827E+000
    0.999020000000E+005    0.189986736946E+000
    0.999520000000E+005    0.189892614484E+000
