TITLE = "0D Field KU"
VARIABLES = N ,"KU_Ha10Rem1Re500"
ZONE DATAPACKING = POINT
    0.200000000000E+001    0.224060554802E-040
    0.520000000000E+002    0.911936916912E-021
    0.102000000000E+003    0.546062979256E-017
    0.152000000000E+003    0.294250671838E-015
    0.202000000000E+003    0.342305479351E-014
    0.252000000000E+003    0.192526665189E-013
    0.302000000000E+003    0.716175123181E-013
    0.352000000000E+003    0.204786004614E-012
    0.402000000000E+003    0.488878919313E-012
    0.452000000000E+003    0.102416407224E-011
    0.502000000000E+003    0.194439253885E-011
    0.552000000000E+003    0.341935333299E-011
    0.602000000000E+003    0.565669426620E-011
    0.652000000000E+003    0.890305180752E-011
    0.702000000000E+003    0.134448164483E-010
    0.752000000000E+003    0.196086669357E-010
    0.802000000000E+003    0.277618532775E-010
    0.852000000000E+003    0.383122814482E-010
    0.902000000000E+003    0.517085122007E-010
    0.952000000000E+003    0.684397409527E-010
    0.100200000000E+004    0.890357022640E-010
    0.105200000000E+004    0.114066297384E-009
    0.110200000000E+004    0.144141005683E-009
    0.115200000000E+004    0.179908409918E-009
    0.120200000000E+004    0.222055796294E-009
    0.125200000000E+004    0.271308701499E-009
    0.130200000000E+004    0.328430460496E-009
    0.135200000000E+004    0.394221828964E-009
    0.140200000000E+004    0.469520672240E-009
    0.145200000000E+004    0.555201544209E-009
    0.150200000000E+004    0.652174982984E-009
    0.155200000000E+004    0.761386749560E-009
    0.160200000000E+004    0.883817295365E-009
    0.165200000000E+004    0.102048131255E-008
    0.170200000000E+004    0.117242725444E-008
    0.175200000000E+004    0.134073691689E-008
    0.180200000000E+004    0.152652511870E-008
    0.185200000000E+004    0.173093939233E-008
    0.190200000000E+004    0.195515946103E-008
    0.195200000000E+004    0.220039646720E-008
    0.200200000000E+004    0.246789228254E-008
    0.205200000000E+004    0.275891907006E-008
    0.210200000000E+004    0.307477889322E-008
    0.215200000000E+004    0.341680331845E-008
    0.220200000000E+004    0.378635311191E-008
    0.225200000000E+004    0.418481800886E-008
    0.230200000000E+004    0.461361639346E-008
    0.235200000000E+004    0.507419470290E-008
    0.240200000000E+004    0.556802667959E-008
    0.245200000000E+004    0.609661281205E-008
    0.250200000000E+004    0.666148000009E-008
    0.255200000000E+004    0.726418123697E-008
    0.260200000000E+004    0.790629531730E-008
    0.265200000000E+004    0.858942664591E-008
    0.270200000000E+004    0.931520505366E-008
    0.275200000000E+004    0.100852854256E-007
    0.280200000000E+004    0.109013470594E-007
    0.285200000000E+004    0.117650929956E-007
    0.290200000000E+004    0.126782495973E-007
    0.295200000000E+004    0.136425663011E-007
    0.300200000000E+004    0.146598153754E-007
    0.305200000000E+004    0.157317917334E-007
    0.310200000000E+004    0.168603128206E-007
    0.315200000000E+004    0.180472184223E-007
    0.320200000000E+004    0.192943702203E-007
    0.325200000000E+004    0.206036511450E-007
    0.330200000000E+004    0.219769648173E-007
    0.335200000000E+004    0.234162352513E-007
    0.340200000000E+004    0.249234066763E-007
    0.345200000000E+004    0.265004433719E-007
    0.350200000000E+004    0.281493295698E-007
    0.355200000000E+004    0.298720693746E-007
    0.360200000000E+004    0.316706865181E-007
    0.365200000000E+004    0.335472238525E-007
    0.370200000000E+004    0.355037427387E-007
    0.375200000000E+004    0.375423226130E-007
    0.380200000000E+004    0.396650607911E-007
    0.385200000000E+004    0.418740723519E-007
    0.390200000000E+004    0.441714900456E-007
    0.395200000000E+004    0.465594642563E-007
    0.400200000000E+004    0.490401629080E-007
    0.405200000000E+004    0.516157711442E-007
    0.410200000000E+004    0.542884907850E-007
    0.415200000000E+004    0.570605397870E-007
    0.420200000000E+004    0.599341519330E-007
    0.425200000000E+004    0.629115767168E-007
    0.430200000000E+004    0.659950792825E-007
    0.435200000000E+004    0.691869403962E-007
    0.440200000000E+004    0.724894564312E-007
    0.445200000000E+004    0.759049392220E-007
    0.450200000000E+004    0.794357156703E-007
    0.455200000000E+004    0.830841272011E-007
    0.460200000000E+004    0.868525293209E-007
    0.465200000000E+004    0.907432914158E-007
    0.470200000000E+004    0.947587967018E-007
    0.475200000000E+004    0.989014422151E-007
    0.480200000000E+004    0.103173638826E-006
    0.485200000000E+004    0.107577811210E-006
    0.490200000000E+004    0.112116397626E-006
    0.495200000000E+004    0.116791849471E-006
    0.500200000000E+004    0.121606630769E-006
    0.505200000000E+004    0.126563217839E-006
    0.510200000000E+004    0.131664099186E-006
    0.515200000000E+004    0.136911775502E-006
    0.520200000000E+004    0.142308759703E-006
    0.525200000000E+004    0.147857576954E-006
    0.530200000000E+004    0.153560764594E-006
    0.535200000000E+004    0.159420871839E-006
    0.540200000000E+004    0.165440459308E-006
    0.545200000000E+004    0.171622098581E-006
    0.550200000000E+004    0.177968371975E-006
    0.555200000000E+004    0.184481872506E-006
    0.560200000000E+004    0.191165203941E-006
    0.565200000000E+004    0.198020980855E-006
    0.570200000000E+004    0.205051828643E-006
    0.575200000000E+004    0.212260383381E-006
    0.580200000000E+004    0.219649291460E-006
    0.585200000000E+004    0.227221209119E-006
    0.590200000000E+004    0.234978802097E-006
    0.595200000000E+004    0.242924745498E-006
    0.600200000000E+004    0.251061723820E-006
    0.605200000000E+004    0.259392431036E-006
    0.610200000000E+004    0.267919570656E-006
    0.615200000000E+004    0.276645855707E-006
    0.620200000000E+004    0.285574008505E-006
    0.625200000000E+004    0.294706760257E-006
    0.630200000000E+004    0.304046850634E-006
    0.635200000000E+004    0.313597027512E-006
    0.640200000000E+004    0.323360046925E-006
    0.645200000000E+004    0.333338673145E-006
    0.650200000000E+004    0.343535678772E-006
    0.655200000000E+004    0.353953844789E-006
    0.660200000000E+004    0.364595960471E-006
    0.665200000000E+004    0.375464823102E-006
    0.670200000000E+004    0.386563237550E-006
    0.675200000000E+004    0.397894015915E-006
    0.680200000000E+004    0.409459977358E-006
    0.685200000000E+004    0.421263948131E-006
    0.690200000000E+004    0.433308761677E-006
    0.695200000000E+004    0.445597258736E-006
    0.700200000000E+004    0.458132287350E-006
    0.705200000000E+004    0.470916702709E-006
    0.710200000000E+004    0.483953366814E-006
    0.715200000000E+004    0.497245148068E-006
    0.720200000000E+004    0.510794921008E-006
    0.725200000000E+004    0.524605566216E-006
    0.730200000000E+004    0.538679970406E-006
    0.735200000000E+004    0.553021026541E-006
    0.740200000000E+004    0.567631633919E-006
    0.745200000000E+004    0.582514698127E-006
    0.750200000000E+004    0.597673130815E-006
    0.755200000000E+004    0.613109849334E-006
    0.760200000000E+004    0.628827776370E-006
    0.765200000000E+004    0.644829839758E-006
    0.770200000000E+004    0.661118972478E-006
    0.775200000000E+004    0.677698112768E-006
    0.780200000000E+004    0.694570204251E-006
    0.785200000000E+004    0.711738195978E-006
    0.790200000000E+004    0.729205042323E-006
    0.795200000000E+004    0.746973702699E-006
    0.800200000000E+004    0.765047141191E-006
    0.805200000000E+004    0.783428326263E-006
    0.810200000000E+004    0.802120230643E-006
    0.815200000000E+004    0.821125831391E-006
    0.820200000000E+004    0.840448110028E-006
    0.825200000000E+004    0.860090052647E-006
    0.830200000000E+004    0.880054649905E-006
    0.835200000000E+004    0.900344896856E-006
    0.840200000000E+004    0.920963792624E-006
    0.845200000000E+004    0.941914340066E-006
    0.850200000000E+004    0.963199545549E-006
    0.855200000000E+004    0.984822418917E-006
    0.860200000000E+004    0.100678597360E-005
    0.865200000000E+004    0.102909322674E-005
    0.870200000000E+004    0.105174719929E-005
    0.875200000000E+004    0.107475091593E-005
    0.880200000000E+004    0.109810740484E-005
    0.885200000000E+004    0.112181969737E-005
    0.890200000000E+004    0.114589082773E-005
    0.895200000000E+004    0.117032383288E-005
    0.900200000000E+004    0.119512175253E-005
    0.905200000000E+004    0.122028762928E-005
    0.910200000000E+004    0.124582450875E-005
    0.915200000000E+004    0.127173543962E-005
    0.920200000000E+004    0.129802347349E-005
    0.925200000000E+004    0.132469166461E-005
    0.930200000000E+004    0.135174306954E-005
    0.935200000000E+004    0.137918074694E-005
    0.940200000000E+004    0.140700775750E-005
    0.945200000000E+004    0.143522716399E-005
    0.950200000000E+004    0.146384203146E-005
    0.955200000000E+004    0.149285542727E-005
    0.960200000000E+004    0.152227042113E-005
    0.965200000000E+004    0.155209008488E-005
    0.970200000000E+004    0.158231749218E-005
    0.975200000000E+004    0.161295571826E-005
    0.980200000000E+004    0.164400783971E-005
    0.985200000000E+004    0.167547693450E-005
    0.990200000000E+004    0.170736608208E-005
    0.995200000000E+004    0.173967836356E-005
    0.100020000000E+005    0.177241686173E-005
    0.100520000000E+005    0.180558466098E-005
    0.101020000000E+005    0.183918484707E-005
    0.101520000000E+005    0.187322050683E-005
    0.102020000000E+005    0.190769472795E-005
    0.102520000000E+005    0.194261059879E-005
    0.103020000000E+005    0.197797120854E-005
    0.103520000000E+005    0.201377964729E-005
    0.104020000000E+005    0.205003900619E-005
    0.104520000000E+005    0.208675237740E-005
    0.105020000000E+005    0.212392285401E-005
    0.105520000000E+005    0.216155352973E-005
    0.106020000000E+005    0.219964749864E-005
    0.106520000000E+005    0.223820785498E-005
    0.107020000000E+005    0.227723769314E-005
    0.107520000000E+005    0.231674010771E-005
    0.108020000000E+005    0.235671819369E-005
    0.108520000000E+005    0.239717504653E-005
    0.109020000000E+005    0.243811376206E-005
    0.109520000000E+005    0.247953743634E-005
    0.110020000000E+005    0.252144916538E-005
    0.110520000000E+005    0.256385204486E-005
    0.111020000000E+005    0.260674917004E-005
    0.111520000000E+005    0.265014363576E-005
    0.112020000000E+005    0.269403853659E-005
    0.112520000000E+005    0.273843696694E-005
    0.113020000000E+005    0.278334202110E-005
    0.113520000000E+005    0.282875679312E-005
    0.114020000000E+005    0.287468437660E-005
    0.114520000000E+005    0.292112786443E-005
    0.115020000000E+005    0.296809034856E-005
    0.115520000000E+005    0.301557491997E-005
    0.116020000000E+005    0.306358466872E-005
    0.116520000000E+005    0.311212268411E-005
    0.117020000000E+005    0.316119205474E-005
    0.117520000000E+005    0.321079586853E-005
    0.118020000000E+005    0.326093721253E-005
    0.118520000000E+005    0.331161917271E-005
    0.119020000000E+005    0.336284483370E-005
    0.119520000000E+005    0.341461727863E-005
    0.120020000000E+005    0.346693958917E-005
    0.120520000000E+005    0.351981484558E-005
    0.121020000000E+005    0.357324612688E-005
    0.121520000000E+005    0.362723651089E-005
    0.122020000000E+005    0.368178907416E-005
    0.122520000000E+005    0.373690689178E-005
    0.123020000000E+005    0.379259303714E-005
    0.123520000000E+005    0.384885058171E-005
    0.124020000000E+005    0.390568259498E-005
    0.124520000000E+005    0.396309214446E-005
    0.125020000000E+005    0.402108229586E-005
    0.125520000000E+005    0.407965611313E-005
    0.126020000000E+005    0.413881665852E-005
    0.126520000000E+005    0.419856699247E-005
    0.127020000000E+005    0.425891017336E-005
    0.127520000000E+005    0.431984925727E-005
    0.128020000000E+005    0.438138729788E-005
    0.128520000000E+005    0.444352734637E-005
    0.129020000000E+005    0.450627245155E-005
    0.129520000000E+005    0.456962565995E-005
    0.130020000000E+005    0.463359001593E-005
    0.130520000000E+005    0.469816856161E-005
    0.131020000000E+005    0.476336433674E-005
    0.131520000000E+005    0.482918037844E-005
    0.132020000000E+005    0.489561972105E-005
    0.132520000000E+005    0.496268539596E-005
    0.133020000000E+005    0.503038043167E-005
    0.133520000000E+005    0.509870785389E-005
    0.134020000000E+005    0.516767068562E-005
    0.134520000000E+005    0.523727194725E-005
    0.135020000000E+005    0.530751465639E-005
    0.135520000000E+005    0.537840182777E-005
    0.136020000000E+005    0.544993647297E-005
    0.136520000000E+005    0.552212160025E-005
    0.137020000000E+005    0.559496021453E-005
    0.137520000000E+005    0.566845531741E-005
    0.138020000000E+005    0.574260990732E-005
    0.138520000000E+005    0.581742697957E-005
    0.139020000000E+005    0.589290952638E-005
    0.139520000000E+005    0.596906053672E-005
    0.140020000000E+005    0.604588299615E-005
    0.140520000000E+005    0.612337988658E-005
    0.141020000000E+005    0.620155418616E-005
    0.141520000000E+005    0.628040886929E-005
    0.142020000000E+005    0.635994690669E-005
    0.142520000000E+005    0.644017126551E-005
    0.143020000000E+005    0.652108490939E-005
    0.143520000000E+005    0.660269079841E-005
    0.144020000000E+005    0.668499188894E-005
    0.144520000000E+005    0.676799113342E-005
    0.145020000000E+005    0.685169148020E-005
    0.145520000000E+005    0.693609587345E-005
    0.146020000000E+005    0.702120725324E-005
    0.146520000000E+005    0.710702855559E-005
    0.147020000000E+005    0.719356271260E-005
    0.147520000000E+005    0.728081265242E-005
    0.148020000000E+005    0.736878129923E-005
    0.148520000000E+005    0.745747157300E-005
    0.149020000000E+005    0.754688638934E-005
    0.149520000000E+005    0.763702865934E-005
    0.150020000000E+005    0.772790128955E-005
    0.150520000000E+005    0.781950718204E-005
    0.151020000000E+005    0.791184923455E-005
    0.151520000000E+005    0.800493034049E-005
    0.152020000000E+005    0.809875338896E-005
    0.152520000000E+005    0.819332126462E-005
    0.153020000000E+005    0.828863684749E-005
    0.153520000000E+005    0.838470301279E-005
    0.154020000000E+005    0.848152263086E-005
    0.154520000000E+005    0.857909856717E-005
    0.155020000000E+005    0.867743368239E-005
    0.155520000000E+005    0.877653083250E-005
    0.156020000000E+005    0.887639286884E-005
    0.156520000000E+005    0.897702263801E-005
    0.157020000000E+005    0.907842298176E-005
    0.157520000000E+005    0.918059673678E-005
    0.158020000000E+005    0.928354673461E-005
    0.158520000000E+005    0.938727580151E-005
    0.159020000000E+005    0.949178675860E-005
    0.159520000000E+005    0.959708242189E-005
    0.160020000000E+005    0.970316560239E-005
    0.160520000000E+005    0.981003910610E-005
    0.161020000000E+005    0.991770573391E-005
    0.161520000000E+005    0.100261682815E-004
    0.162020000000E+005    0.101354295390E-004
    0.162520000000E+005    0.102454922910E-004
    0.163020000000E+005    0.103563593169E-004
    0.163520000000E+005    0.104680333901E-004
    0.164020000000E+005    0.105805172790E-004
    0.164520000000E+005    0.106938137466E-004
    0.165020000000E+005    0.108079255505E-004
    0.165520000000E+005    0.109228554428E-004
    0.166020000000E+005    0.110386061701E-004
    0.166520000000E+005    0.111551804730E-004
    0.167020000000E+005    0.112725810864E-004
    0.167520000000E+005    0.113908107394E-004
    0.168020000000E+005    0.115098721553E-004
    0.168520000000E+005    0.116297680519E-004
    0.169020000000E+005    0.117505011412E-004
    0.169520000000E+005    0.118720741295E-004
    0.170020000000E+005    0.119944897174E-004
    0.170520000000E+005    0.121177505994E-004
    0.171020000000E+005    0.122418594640E-004
    0.171520000000E+005    0.123668189936E-004
    0.172020000000E+005    0.124926318643E-004
    0.172520000000E+005    0.126193007466E-004
    0.173020000000E+005    0.127468283047E-004
    0.173520000000E+005    0.128752171972E-004
    0.174020000000E+005    0.130044700764E-004
    0.174520000000E+005    0.131345895887E-004
    0.175020000000E+005    0.132655783740E-004
    0.175520000000E+005    0.133974390659E-004
    0.176020000000E+005    0.135301742916E-004
    0.176520000000E+005    0.136637866721E-004
    0.177020000000E+005    0.137982788221E-004
    0.177520000000E+005    0.139336533501E-004
    0.178020000000E+005    0.140699128585E-004
    0.178520000000E+005    0.142070599433E-004
    0.179020000000E+005    0.143450971939E-004
    0.179520000000E+005    0.144840271935E-004
    0.180020000000E+005    0.146238525182E-004
    0.180520000000E+005    0.147645757378E-004
    0.181020000000E+005    0.149061994155E-004
    0.181520000000E+005    0.150487261082E-004
    0.182020000000E+005    0.151921583662E-004
    0.182520000000E+005    0.153364987334E-004
    0.183020000000E+005    0.154817497470E-004
    0.183520000000E+005    0.156279139376E-004
    0.184020000000E+005    0.157749938287E-004
    0.184520000000E+005    0.159229919373E-004
    0.185020000000E+005    0.160719107734E-004
    0.185520000000E+005    0.162217528402E-004
    0.186020000000E+005    0.163725206346E-004
    0.186520000000E+005    0.165242166465E-004
    0.187020000000E+005    0.166768433592E-004
    0.187520000000E+005    0.168304032490E-004
    0.188020000000E+005    0.169848987853E-004
    0.188520000000E+005    0.171403324304E-004
    0.189020000000E+005    0.172967066396E-004
    0.189520000000E+005    0.174540238611E-004
    0.190020000000E+005    0.176122865366E-004
    0.190520000000E+005    0.177714971004E-004
    0.191020000000E+005    0.179316579803E-004
    0.191520000000E+005    0.180927715970E-004
    0.192020000000E+005    0.182548403639E-004
    0.192520000000E+005    0.184178666873E-004
    0.193020000000E+005    0.185818529663E-004
    0.193520000000E+005    0.187468015928E-004
    0.194020000000E+005    0.189127149514E-004
    0.194520000000E+005    0.190795954199E-004
    0.195020000000E+005    0.192474453689E-004
    0.195520000000E+005    0.194162671618E-004
    0.196020000000E+005    0.195860631549E-004
    0.196520000000E+005    0.197568356971E-004
    0.197020000000E+005    0.199285871298E-004
    0.197520000000E+005    0.201013197872E-004
    0.198020000000E+005    0.202750359959E-004
    0.198520000000E+005    0.204497380754E-004
    0.199020000000E+005    0.206254283379E-004
    0.199520000000E+005    0.208021090885E-004
    0.200020000000E+005    0.209797826247E-004
    0.200520000000E+005    0.211584512367E-004
    0.201020000000E+005    0.213381172072E-004
    0.201520000000E+005    0.215187828112E-004
    0.202020000000E+005    0.217004503163E-004
    0.202520000000E+005    0.218831219825E-004
    0.203020000000E+005    0.220668000625E-004
    0.203520000000E+005    0.222514868015E-004
    0.204020000000E+005    0.224371844374E-004
    0.204520000000E+005    0.226238952004E-004
    0.205020000000E+005    0.228116213132E-004
    0.205520000000E+005    0.230003649908E-004
    0.206020000000E+005    0.231901284403E-004
    0.206520000000E+005    0.233809138614E-004
    0.207020000000E+005    0.235727234461E-004
    0.207520000000E+005    0.237655593788E-004
    0.208020000000E+005    0.239594238365E-004
    0.208520000000E+005    0.241543189884E-004
    0.209020000000E+005    0.243502469963E-004
    0.209520000000E+005    0.245472100138E-004
    0.210020000000E+005    0.247452101870E-004
    0.210520000000E+005    0.249442496540E-004
    0.211020000000E+005    0.251443305452E-004
    0.211520000000E+005    0.253454549833E-004
    0.212020000000E+005    0.255476250834E-004
    0.212520000000E+005    0.257508429529E-004
    0.213020000000E+005    0.259551106914E-004
    0.213520000000E+005    0.261604303906E-004
    0.214020000000E+005    0.263668041342E-004
    0.214520000000E+005    0.265742339983E-004
    0.215020000000E+005    0.267827220506E-004
    0.215520000000E+005    0.269922703515E-004
    0.216020000000E+005    0.272028809531E-004
    0.216520000000E+005    0.274145559001E-004
    0.217020000000E+005    0.276272972293E-004
    0.217520000000E+005    0.278411069695E-004
    0.218020000000E+005    0.280559871414E-004
    0.218520000000E+005    0.282719397580E-004
    0.219020000000E+005    0.284889668240E-004
    0.219520000000E+005    0.287070703361E-004
    0.220020000000E+005    0.289262522835E-004
    0.220520000000E+005    0.291465146469E-004
    0.221020000000E+005    0.293678593997E-004
    0.221520000000E+005    0.295902885070E-004
    0.222020000000E+005    0.298138039260E-004
    0.222520000000E+005    0.300384076057E-004
    0.223020000000E+005    0.302641014872E-004
    0.223520000000E+005    0.304908875032E-004
    0.224020000000E+005    0.307187675786E-004
    0.224520000000E+005    0.309477436303E-004
    0.225020000000E+005    0.311778175673E-004
    0.225520000000E+005    0.314089912904E-004
    0.226020000000E+005    0.316412666925E-004
    0.226520000000E+005    0.318746456584E-004
    0.227020000000E+005    0.321091300646E-004
    0.227520000000E+005    0.323447217796E-004
    0.228020000000E+005    0.325814226635E-004
    0.228520000000E+005    0.328192345686E-004
    0.229020000000E+005    0.330581593390E-004
    0.229520000000E+005    0.332981988109E-004
    0.230020000000E+005    0.335393548123E-004
    0.230520000000E+005    0.337816291631E-004
    0.231020000000E+005    0.340250236751E-004
    0.231520000000E+005    0.342695401517E-004
    0.232020000000E+005    0.345151803880E-004
    0.232520000000E+005    0.347619461713E-004
    0.233020000000E+005    0.350098392805E-004
    0.233520000000E+005    0.352588614865E-004
    0.234020000000E+005    0.355090145521E-004
    0.234520000000E+005    0.357603002320E-004
    0.235020000000E+005    0.360127202725E-004
    0.235520000000E+005    0.362662764119E-004
    0.236020000000E+005    0.365209703800E-004
    0.236520000000E+005    0.367768038985E-004
    0.237020000000E+005    0.370337786808E-004
    0.237520000000E+005    0.372918964324E-004
    0.238020000000E+005    0.375511588503E-004
    0.238520000000E+005    0.378115676237E-004
    0.239020000000E+005    0.380731244334E-004
    0.239520000000E+005    0.383358309520E-004
    0.240020000000E+005    0.385996888437E-004
    0.240520000000E+005    0.388646997646E-004
    0.241020000000E+005    0.391308653622E-004
    0.241520000000E+005    0.393981872763E-004
    0.242020000000E+005    0.396666671381E-004
    0.242520000000E+005    0.399363065709E-004
    0.243020000000E+005    0.402071071897E-004
    0.243520000000E+005    0.404790706013E-004
    0.244020000000E+005    0.407521984041E-004
    0.244520000000E+005    0.410264921882E-004
    0.245020000000E+005    0.413019535355E-004
    0.245520000000E+005    0.415785840195E-004
    0.246020000000E+005    0.418563852057E-004
    0.246520000000E+005    0.421353586512E-004
    0.247020000000E+005    0.424155059052E-004
    0.247520000000E+005    0.426968285084E-004
    0.248020000000E+005    0.429793279933E-004
    0.248520000000E+005    0.432630058841E-004
    0.249020000000E+005    0.435478636967E-004
    0.249520000000E+005    0.438339029386E-004
    0.250020000000E+005    0.441211251092E-004
    0.250520000000E+005    0.444095316997E-004
    0.251020000000E+005    0.446991241930E-004
    0.251520000000E+005    0.449899040639E-004
    0.252020000000E+005    0.452818727789E-004
    0.252520000000E+005    0.455750317962E-004
    0.253020000000E+005    0.458693825658E-004
    0.253520000000E+005    0.461649265291E-004
    0.254020000000E+005    0.464616651195E-004
    0.254520000000E+005    0.467595997621E-004
    0.255020000000E+005    0.470587318738E-004
    0.255520000000E+005    0.473590628634E-004
    0.256020000000E+005    0.476605941315E-004
    0.256520000000E+005    0.479633270702E-004
    0.257020000000E+005    0.482672630635E-004
    0.257520000000E+005    0.485724034871E-004
    0.258020000000E+005    0.488787497084E-004
    0.258520000000E+005    0.491863030864E-004
    0.259020000000E+005    0.494950649722E-004
    0.259520000000E+005    0.498050367086E-004
    0.260020000000E+005    0.501162196303E-004
    0.260520000000E+005    0.504286150635E-004
    0.261020000000E+005    0.507422243265E-004
    0.261520000000E+005    0.510570487291E-004
    0.262020000000E+005    0.513730895729E-004
    0.262520000000E+005    0.516903481513E-004
    0.263020000000E+005    0.520088257494E-004
    0.263520000000E+005    0.523285236443E-004
    0.264020000000E+005    0.526494431048E-004
    0.264520000000E+005    0.529715853917E-004
    0.265020000000E+005    0.532949517575E-004
    0.265520000000E+005    0.536195434463E-004
    0.266020000000E+005    0.539453616944E-004
    0.266520000000E+005    0.542724077293E-004
    0.267020000000E+005    0.546006827708E-004
    0.267520000000E+005    0.549301880303E-004
    0.268020000000E+005    0.552609247112E-004
    0.268520000000E+005    0.555928940087E-004
    0.269020000000E+005    0.559260971099E-004
    0.269520000000E+005    0.562605351938E-004
    0.270020000000E+005    0.565962094310E-004
    0.270520000000E+005    0.569331209841E-004
    0.271020000000E+005    0.572712710073E-004
    0.271520000000E+005    0.576106606469E-004
    0.272020000000E+005    0.579512910411E-004
    0.272520000000E+005    0.582931633199E-004
    0.273020000000E+005    0.586362786053E-004
    0.273520000000E+005    0.589806380111E-004
    0.274020000000E+005    0.593262426431E-004
    0.274520000000E+005    0.596730935988E-004
    0.275020000000E+005    0.600211919677E-004
    0.275520000000E+005    0.603705388311E-004
    0.276020000000E+005    0.607211352622E-004
    0.276520000000E+005    0.610729823262E-004
    0.277020000000E+005    0.614260810804E-004
    0.277520000000E+005    0.617804325741E-004
    0.278020000000E+005    0.621360378481E-004
    0.278520000000E+005    0.624928979357E-004
    0.279020000000E+005    0.628510138616E-004
    0.279520000000E+005    0.632103866426E-004
    0.280020000000E+005    0.635710172877E-004
    0.280520000000E+005    0.639329067976E-004
    0.281020000000E+005    0.642960561652E-004
    0.281520000000E+005    0.646604663753E-004
    0.282020000000E+005    0.650261384049E-004
    0.282520000000E+005    0.653930732229E-004
    0.283020000000E+005    0.657612717900E-004
    0.283520000000E+005    0.661307350591E-004
    0.284020000000E+005    0.665014639750E-004
    0.284520000000E+005    0.668734594745E-004
    0.285020000000E+005    0.672467224867E-004
    0.285520000000E+005    0.676212539325E-004
    0.286020000000E+005    0.679970547252E-004
    0.286520000000E+005    0.683741257700E-004
    0.287020000000E+005    0.687524679641E-004
    0.287520000000E+005    0.691320821968E-004
    0.288020000000E+005    0.695129693494E-004
    0.288520000000E+005    0.698951302954E-004
    0.289020000000E+005    0.702785659005E-004
    0.289520000000E+005    0.706632770222E-004
    0.290020000000E+005    0.710492645106E-004
    0.290520000000E+005    0.714365292078E-004
    0.291020000000E+005    0.718250719479E-004
    0.291520000000E+005    0.722148935573E-004
    0.292020000000E+005    0.726059948544E-004
    0.292520000000E+005    0.729983766497E-004
    0.293020000000E+005    0.733920397462E-004
    0.293520000000E+005    0.737869849386E-004
    0.294020000000E+005    0.741832130144E-004
    0.294520000000E+005    0.745807247531E-004
    0.295020000000E+005    0.749795209263E-004
    0.295520000000E+005    0.753796022980E-004
    0.296020000000E+005    0.757809696242E-004
    0.296520000000E+005    0.761836236534E-004
    0.297020000000E+005    0.765875651261E-004
    0.297520000000E+005    0.769927947752E-004
    0.298020000000E+005    0.773993133258E-004
    0.298520000000E+005    0.778071214956E-004
    0.299020000000E+005    0.782162199943E-004
    0.299520000000E+005    0.786266095242E-004
    0.300020000000E+005    0.790382907796E-004
    0.300520000000E+005    0.794512644472E-004
    0.301020000000E+005    0.798655312061E-004
    0.301520000000E+005    0.802810917278E-004
    0.302020000000E+005    0.806979466759E-004
    0.302520000000E+005    0.811160967067E-004
    0.303020000000E+005    0.815355424688E-004
    0.303520000000E+005    0.819562846032E-004
    0.304020000000E+005    0.823783237434E-004
    0.304520000000E+005    0.828016605152E-004
    0.305020000000E+005    0.832262955366E-004
    0.305520000000E+005    0.836522294183E-004
    0.306020000000E+005    0.840794627635E-004
    0.306520000000E+005    0.845079961675E-004
    0.307020000000E+005    0.849378302187E-004
    0.307520000000E+005    0.853689654974E-004
    0.308020000000E+005    0.858014025769E-004
    0.308520000000E+005    0.862351420226E-004
    0.309020000000E+005    0.866701843926E-004
    0.309520000000E+005    0.871065302374E-004
    0.310020000000E+005    0.875441801002E-004
    0.310520000000E+005    0.879831345165E-004
    0.311020000000E+005    0.884233940146E-004
    0.311520000000E+005    0.888649591155E-004
    0.312020000000E+005    0.893078303326E-004
    0.312520000000E+005    0.897520081719E-004
    0.313020000000E+005    0.901974931320E-004
    0.313520000000E+005    0.906442857043E-004
    0.314020000000E+005    0.910923863725E-004
    0.314520000000E+005    0.915417956132E-004
    0.315020000000E+005    0.919925138956E-004
    0.315520000000E+005    0.924445416815E-004
    0.316020000000E+005    0.928978794256E-004
    0.316520000000E+005    0.933525275752E-004
    0.317020000000E+005    0.938084865704E-004
    0.317520000000E+005    0.942657568438E-004
    0.318020000000E+005    0.947243388207E-004
    0.318520000000E+005    0.951842329195E-004
    0.319020000000E+005    0.956454395510E-004
    0.319520000000E+005    0.961079591188E-004
    0.320020000000E+005    0.965717920197E-004
    0.320520000000E+005    0.970369386429E-004
    0.321020000000E+005    0.975033993707E-004
    0.321520000000E+005    0.979711745779E-004
    0.322020000000E+005    0.984402646324E-004
    0.322520000000E+005    0.989106698947E-004
    0.323020000000E+005    0.993823907184E-004
    0.323520000000E+005    0.998554274498E-004
    0.324020000000E+005    0.100329780428E-003
    0.324520000000E+005    0.100805449986E-003
    0.325020000000E+005    0.101282436448E-003
    0.325520000000E+005    0.101760740132E-003
    0.326020000000E+005    0.102240361350E-003
    0.326520000000E+005    0.102721300405E-003
    0.327020000000E+005    0.103203557595E-003
    0.327520000000E+005    0.103687133208E-003
    0.328020000000E+005    0.104172027528E-003
    0.328520000000E+005    0.104658240831E-003
    0.329020000000E+005    0.105145773386E-003
    0.329520000000E+005    0.105634625455E-003
    0.330020000000E+005    0.106124797292E-003
    0.330520000000E+005    0.106616289146E-003
    0.331020000000E+005    0.107109101258E-003
    0.331520000000E+005    0.107603233863E-003
    0.332020000000E+005    0.108098687187E-003
    0.332520000000E+005    0.108595461451E-003
    0.333020000000E+005    0.109093556868E-003
    0.333520000000E+005    0.109592973646E-003
    0.334020000000E+005    0.110093711984E-003
    0.334520000000E+005    0.110595772076E-003
    0.335020000000E+005    0.111099154107E-003
    0.335520000000E+005    0.111603858258E-003
    0.336020000000E+005    0.112109884700E-003
    0.336520000000E+005    0.112617233600E-003
    0.337020000000E+005    0.113125905117E-003
    0.337520000000E+005    0.113635899403E-003
    0.338020000000E+005    0.114147216604E-003
    0.338520000000E+005    0.114659856859E-003
    0.339020000000E+005    0.115173820301E-003
    0.339520000000E+005    0.115689107055E-003
    0.340020000000E+005    0.116205717239E-003
    0.340520000000E+005    0.116723650967E-003
    0.341020000000E+005    0.117242908343E-003
    0.341520000000E+005    0.117763489468E-003
    0.342020000000E+005    0.118285394432E-003
    0.342520000000E+005    0.118808623323E-003
    0.343020000000E+005    0.119333176219E-003
    0.343520000000E+005    0.119859053193E-003
    0.344020000000E+005    0.120386254310E-003
    0.344520000000E+005    0.120914779632E-003
    0.345020000000E+005    0.121444629210E-003
    0.345520000000E+005    0.121975803091E-003
    0.346020000000E+005    0.122508301315E-003
    0.346520000000E+005    0.123042123916E-003
    0.347020000000E+005    0.123577270921E-003
    0.347520000000E+005    0.124113742350E-003
    0.348020000000E+005    0.124651538218E-003
    0.348520000000E+005    0.125190658532E-003
    0.349020000000E+005    0.125731103294E-003
    0.349520000000E+005    0.126272872498E-003
    0.350020000000E+005    0.126815966134E-003
    0.350520000000E+005    0.127360384183E-003
    0.351020000000E+005    0.127906126622E-003
    0.351520000000E+005    0.128453193419E-003
    0.352020000000E+005    0.129001584539E-003
    0.352520000000E+005    0.129551299937E-003
    0.353020000000E+005    0.130102339565E-003
    0.353520000000E+005    0.130654703368E-003
    0.354020000000E+005    0.131208391282E-003
    0.354520000000E+005    0.131763403240E-003
    0.355020000000E+005    0.132319739167E-003
    0.355520000000E+005    0.132877398984E-003
    0.356020000000E+005    0.133436382602E-003
    0.356520000000E+005    0.133996689930E-003
    0.357020000000E+005    0.134558320868E-003
    0.357520000000E+005    0.135121275310E-003
    0.358020000000E+005    0.135685553145E-003
    0.358520000000E+005    0.136251154256E-003
    0.359020000000E+005    0.136818078519E-003
    0.359520000000E+005    0.137386325804E-003
    0.360020000000E+005    0.137955895976E-003
    0.360520000000E+005    0.138526788891E-003
    0.361020000000E+005    0.139099004404E-003
    0.361520000000E+005    0.139672542358E-003
    0.362020000000E+005    0.140247402595E-003
    0.362520000000E+005    0.140823584948E-003
    0.363020000000E+005    0.141401089245E-003
    0.363520000000E+005    0.141979915308E-003
    0.364020000000E+005    0.142560062954E-003
    0.364520000000E+005    0.143141531993E-003
    0.365020000000E+005    0.143724322228E-003
    0.365520000000E+005    0.144308433457E-003
    0.366020000000E+005    0.144893865474E-003
    0.366520000000E+005    0.145480618065E-003
    0.367020000000E+005    0.146068691010E-003
    0.367520000000E+005    0.146658084084E-003
    0.368020000000E+005    0.147248797056E-003
    0.368520000000E+005    0.147840829690E-003
    0.369020000000E+005    0.148434181742E-003
    0.369520000000E+005    0.149028852964E-003
    0.370020000000E+005    0.149624843101E-003
    0.370520000000E+005    0.150222151894E-003
    0.371020000000E+005    0.150820779078E-003
    0.371520000000E+005    0.151420724379E-003
    0.372020000000E+005    0.152021987522E-003
    0.372520000000E+005    0.152624568223E-003
    0.373020000000E+005    0.153228466195E-003
    0.373520000000E+005    0.153833681141E-003
    0.374020000000E+005    0.154440212764E-003
    0.374520000000E+005    0.155048060756E-003
    0.375020000000E+005    0.155657224807E-003
    0.375520000000E+005    0.156267704601E-003
    0.376020000000E+005    0.156879499814E-003
    0.376520000000E+005    0.157492610119E-003
    0.377020000000E+005    0.158107035183E-003
    0.377520000000E+005    0.158722774666E-003
    0.378020000000E+005    0.159339828224E-003
    0.378520000000E+005    0.159958195507E-003
    0.379020000000E+005    0.160577876159E-003
    0.379520000000E+005    0.161198869819E-003
    0.380020000000E+005    0.161821176121E-003
    0.380520000000E+005    0.162444794693E-003
    0.381020000000E+005    0.163069725156E-003
    0.381520000000E+005    0.163695967130E-003
    0.382020000000E+005    0.164323520225E-003
    0.382520000000E+005    0.164952384047E-003
    0.383020000000E+005    0.165582558198E-003
    0.383520000000E+005    0.166214042273E-003
    0.384020000000E+005    0.166846835863E-003
    0.384520000000E+005    0.167480938553E-003
    0.385020000000E+005    0.168116349922E-003
    0.385520000000E+005    0.168753069544E-003
    0.386020000000E+005    0.169391096990E-003
    0.386520000000E+005    0.170030431822E-003
    0.387020000000E+005    0.170671073600E-003
    0.387520000000E+005    0.171313021875E-003
    0.388020000000E+005    0.171956276198E-003
    0.388520000000E+005    0.172600836110E-003
    0.389020000000E+005    0.173246701150E-003
    0.389520000000E+005    0.173893870850E-003
    0.390020000000E+005    0.174542344737E-003
    0.390520000000E+005    0.175192122333E-003
    0.391020000000E+005    0.175843203157E-003
    0.391520000000E+005    0.176495586719E-003
    0.392020000000E+005    0.177149272527E-003
    0.392520000000E+005    0.177804260083E-003
    0.393020000000E+005    0.178460548883E-003
    0.393520000000E+005    0.179118138419E-003
    0.394020000000E+005    0.179777028178E-003
    0.394520000000E+005    0.180437217642E-003
    0.395020000000E+005    0.181098706286E-003
    0.395520000000E+005    0.181761493584E-003
    0.396020000000E+005    0.182425579002E-003
    0.396520000000E+005    0.183090962001E-003
    0.397020000000E+005    0.183757642038E-003
    0.397520000000E+005    0.184425618566E-003
    0.398020000000E+005    0.185094891031E-003
    0.398520000000E+005    0.185765458875E-003
    0.399020000000E+005    0.186437321535E-003
    0.399520000000E+005    0.187110478445E-003
    0.400020000000E+005    0.187784929031E-003
    0.400520000000E+005    0.188460672716E-003
    0.401020000000E+005    0.189137708918E-003
    0.401520000000E+005    0.189816037050E-003
    0.402020000000E+005    0.190495656520E-003
    0.402520000000E+005    0.191176566733E-003
    0.403020000000E+005    0.191858767085E-003
    0.403520000000E+005    0.192542256973E-003
    0.404020000000E+005    0.193227035784E-003
    0.404520000000E+005    0.193913102903E-003
    0.405020000000E+005    0.194600457711E-003
    0.405520000000E+005    0.195289099582E-003
    0.406020000000E+005    0.195979027887E-003
    0.406520000000E+005    0.196670241992E-003
    0.407020000000E+005    0.197362741257E-003
    0.407520000000E+005    0.198056525041E-003
    0.408020000000E+005    0.198751592694E-003
    0.408520000000E+005    0.199447943565E-003
    0.409020000000E+005    0.200145576995E-003
    0.409520000000E+005    0.200844492324E-003
    0.410020000000E+005    0.201544688884E-003
    0.410520000000E+005    0.202246166006E-003
    0.411020000000E+005    0.202948923014E-003
    0.411520000000E+005    0.203652959228E-003
    0.412020000000E+005    0.204358273964E-003
    0.412520000000E+005    0.205064866533E-003
    0.413020000000E+005    0.205772736241E-003
    0.413520000000E+005    0.206481882393E-003
    0.414020000000E+005    0.207192304284E-003
    0.414520000000E+005    0.207904001209E-003
    0.415020000000E+005    0.208616972458E-003
    0.415520000000E+005    0.209331217314E-003
    0.416020000000E+005    0.210046735058E-003
    0.416520000000E+005    0.210763524966E-003
    0.417020000000E+005    0.211481586310E-003
    0.417520000000E+005    0.212200918358E-003
    0.418020000000E+005    0.212921520372E-003
    0.418520000000E+005    0.213643391611E-003
    0.419020000000E+005    0.214366531330E-003
    0.419520000000E+005    0.215090938779E-003
    0.420020000000E+005    0.215816613205E-003
    0.420520000000E+005    0.216543553848E-003
    0.421020000000E+005    0.217271759947E-003
    0.421520000000E+005    0.218001230736E-003
    0.422020000000E+005    0.218731965442E-003
    0.422520000000E+005    0.219463963292E-003
    0.423020000000E+005    0.220197223506E-003
    0.423520000000E+005    0.220931745301E-003
    0.424020000000E+005    0.221667527889E-003
    0.424520000000E+005    0.222404570480E-003
    0.425020000000E+005    0.223142872278E-003
    0.425520000000E+005    0.223882432483E-003
    0.426020000000E+005    0.224623250291E-003
    0.426520000000E+005    0.225365324895E-003
    0.427020000000E+005    0.226108655482E-003
    0.427520000000E+005    0.226853241238E-003
    0.428020000000E+005    0.227599081342E-003
    0.428520000000E+005    0.228346174970E-003
    0.429020000000E+005    0.229094521295E-003
    0.429520000000E+005    0.229844119485E-003
    0.430020000000E+005    0.230594968704E-003
    0.430520000000E+005    0.231347068113E-003
    0.431020000000E+005    0.232100416869E-003
    0.431520000000E+005    0.232855014123E-003
    0.432020000000E+005    0.233610859024E-003
    0.432520000000E+005    0.234367950718E-003
    0.433020000000E+005    0.235126288345E-003
    0.433520000000E+005    0.235885871042E-003
    0.434020000000E+005    0.236646697943E-003
    0.434520000000E+005    0.237408768177E-003
    0.435020000000E+005    0.238172080869E-003
    0.435520000000E+005    0.238936635143E-003
    0.436020000000E+005    0.239702430115E-003
    0.436520000000E+005    0.240469464900E-003
    0.437020000000E+005    0.241237738609E-003
    0.437520000000E+005    0.242007250348E-003
    0.438020000000E+005    0.242777999221E-003
    0.438520000000E+005    0.243549984328E-003
    0.439020000000E+005    0.244323204763E-003
    0.439520000000E+005    0.245097659620E-003
    0.440020000000E+005    0.245873347986E-003
    0.440520000000E+005    0.246650268946E-003
    0.441020000000E+005    0.247428421582E-003
    0.441520000000E+005    0.248207804971E-003
    0.442020000000E+005    0.248988418187E-003
    0.442520000000E+005    0.249770260300E-003
    0.443020000000E+005    0.250553330378E-003
    0.443520000000E+005    0.251337627483E-003
    0.444020000000E+005    0.252123150676E-003
    0.444520000000E+005    0.252909899012E-003
    0.445020000000E+005    0.253697871544E-003
    0.445520000000E+005    0.254487067321E-003
    0.446020000000E+005    0.255277485389E-003
    0.446520000000E+005    0.256069124790E-003
    0.447020000000E+005    0.256861984563E-003
    0.447520000000E+005    0.257656063743E-003
    0.448020000000E+005    0.258451361362E-003
    0.448520000000E+005    0.259247876448E-003
    0.449020000000E+005    0.260045608027E-003
    0.449520000000E+005    0.260844555120E-003
    0.450020000000E+005    0.261644716746E-003
    0.450520000000E+005    0.262446091919E-003
    0.451020000000E+005    0.263248679651E-003
    0.451520000000E+005    0.264052478950E-003
    0.452020000000E+005    0.264857488821E-003
    0.452520000000E+005    0.265663708266E-003
    0.453020000000E+005    0.266471136283E-003
    0.453520000000E+005    0.267279771867E-003
    0.454020000000E+005    0.268089614010E-003
    0.454520000000E+005    0.268900661700E-003
    0.455020000000E+005    0.269712913923E-003
    0.455520000000E+005    0.270526369660E-003
    0.456020000000E+005    0.271341027892E-003
    0.456520000000E+005    0.272156887592E-003
    0.457020000000E+005    0.272973947735E-003
    0.457520000000E+005    0.273792207288E-003
    0.458020000000E+005    0.274611665219E-003
    0.458520000000E+005    0.275432320489E-003
    0.459020000000E+005    0.276254172060E-003
    0.459520000000E+005    0.277077218888E-003
    0.460020000000E+005    0.277901459926E-003
    0.460520000000E+005    0.278726894126E-003
    0.461020000000E+005    0.279553520434E-003
    0.461520000000E+005    0.280381337795E-003
    0.462020000000E+005    0.281210345151E-003
    0.462520000000E+005    0.282040541440E-003
    0.463020000000E+005    0.282871925596E-003
    0.463520000000E+005    0.283704496554E-003
    0.464020000000E+005    0.284538253241E-003
    0.464520000000E+005    0.285373194584E-003
    0.465020000000E+005    0.286209319507E-003
    0.465520000000E+005    0.287046626930E-003
    0.466020000000E+005    0.287885115771E-003
    0.466520000000E+005    0.288724784944E-003
    0.467020000000E+005    0.289565633360E-003
    0.467520000000E+005    0.290407659929E-003
    0.468020000000E+005    0.291250863556E-003
    0.468520000000E+005    0.292095243145E-003
    0.469020000000E+005    0.292940797595E-003
    0.469520000000E+005    0.293787525804E-003
    0.470020000000E+005    0.294635426667E-003
    0.470520000000E+005    0.295484499074E-003
    0.471020000000E+005    0.296334741914E-003
    0.471520000000E+005    0.297186154074E-003
    0.472020000000E+005    0.298038734437E-003
    0.472520000000E+005    0.298892481884E-003
    0.473020000000E+005    0.299747395291E-003
    0.473520000000E+005    0.300603473535E-003
    0.474020000000E+005    0.301460715486E-003
    0.474520000000E+005    0.302319120015E-003
    0.475020000000E+005    0.303178685989E-003
    0.475520000000E+005    0.304039412271E-003
    0.476020000000E+005    0.304901297723E-003
    0.476520000000E+005    0.305764341203E-003
    0.477020000000E+005    0.306628541569E-003
    0.477520000000E+005    0.307493897672E-003
    0.478020000000E+005    0.308360408365E-003
    0.478520000000E+005    0.309228072495E-003
    0.479020000000E+005    0.310096888907E-003
    0.479520000000E+005    0.310966856445E-003
    0.480020000000E+005    0.311837973950E-003
    0.480520000000E+005    0.312710240258E-003
    0.481020000000E+005    0.313583654206E-003
    0.481520000000E+005    0.314458214626E-003
    0.482020000000E+005    0.315333920348E-003
    0.482520000000E+005    0.316210770200E-003
    0.483020000000E+005    0.317088763007E-003
    0.483520000000E+005    0.317967897592E-003
    0.484020000000E+005    0.318848172776E-003
    0.484520000000E+005    0.319729587375E-003
    0.485020000000E+005    0.320612140205E-003
    0.485520000000E+005    0.321495830079E-003
    0.486020000000E+005    0.322380655807E-003
    0.486520000000E+005    0.323266616198E-003
    0.487020000000E+005    0.324153710056E-003
    0.487520000000E+005    0.325041936186E-003
    0.488020000000E+005    0.325931293388E-003
    0.488520000000E+005    0.326821780460E-003
    0.489020000000E+005    0.327713396198E-003
    0.489520000000E+005    0.328606139397E-003
    0.490020000000E+005    0.329500008847E-003
    0.490520000000E+005    0.330395003338E-003
    0.491020000000E+005    0.331291121657E-003
    0.491520000000E+005    0.332188362587E-003
    0.492020000000E+005    0.333086724911E-003
    0.492520000000E+005    0.333986207410E-003
    0.493020000000E+005    0.334886808860E-003
    0.493520000000E+005    0.335788528037E-003
    0.494020000000E+005    0.336691363714E-003
    0.494520000000E+005    0.337595314663E-003
    0.495020000000E+005    0.338500379651E-003
    0.495520000000E+005    0.339406557446E-003
    0.496020000000E+005    0.340313846811E-003
    0.496520000000E+005    0.341222246509E-003
    0.497020000000E+005    0.342131755300E-003
    0.497520000000E+005    0.343042371942E-003
    0.498020000000E+005    0.343954095190E-003
    0.498520000000E+005    0.344866923797E-003
    0.499020000000E+005    0.345780856516E-003
    0.499520000000E+005    0.346695892096E-003
    0.500020000000E+005    0.347612029283E-003
    0.500520000000E+005    0.348529266823E-003
    0.501020000000E+005    0.349447603459E-003
    0.501520000000E+005    0.350367037932E-003
    0.502020000000E+005    0.351287568981E-003
    0.502520000000E+005    0.352209195342E-003
    0.503020000000E+005    0.353131915751E-003
    0.503520000000E+005    0.354055728941E-003
    0.504020000000E+005    0.354980633642E-003
    0.504520000000E+005    0.355906628583E-003
    0.505020000000E+005    0.356833712491E-003
    0.505520000000E+005    0.357761884091E-003
    0.506020000000E+005    0.358691142106E-003
    0.506520000000E+005    0.359621485256E-003
    0.507020000000E+005    0.360552912262E-003
    0.507520000000E+005    0.361485421839E-003
    0.508020000000E+005    0.362419012704E-003
    0.508520000000E+005    0.363353683569E-003
    0.509020000000E+005    0.364289433145E-003
    0.509520000000E+005    0.365226260144E-003
    0.510020000000E+005    0.366164163271E-003
    0.510520000000E+005    0.367103141233E-003
    0.511020000000E+005    0.368043192734E-003
    0.511520000000E+005    0.368984316476E-003
    0.512020000000E+005    0.369926511159E-003
    0.512520000000E+005    0.370869775481E-003
    0.513020000000E+005    0.371814108139E-003
    0.513520000000E+005    0.372759507829E-003
    0.514020000000E+005    0.373705973243E-003
    0.514520000000E+005    0.374653503072E-003
    0.515020000000E+005    0.375602096006E-003
    0.515520000000E+005    0.376551750733E-003
    0.516020000000E+005    0.377502465939E-003
    0.516520000000E+005    0.378454240308E-003
    0.517020000000E+005    0.379407072523E-003
    0.517520000000E+005    0.380360961264E-003
    0.518020000000E+005    0.381315905211E-003
    0.518520000000E+005    0.382271903041E-003
    0.519020000000E+005    0.383228953430E-003
    0.519520000000E+005    0.384187055053E-003
    0.520020000000E+005    0.385146206581E-003
    0.520520000000E+005    0.386106406686E-003
    0.521020000000E+005    0.387067654037E-003
    0.521520000000E+005    0.388029947302E-003
    0.522020000000E+005    0.388993285145E-003
    0.522520000000E+005    0.389957666233E-003
    0.523020000000E+005    0.390923089227E-003
    0.523520000000E+005    0.391889552789E-003
    0.524020000000E+005    0.392857055579E-003
    0.524520000000E+005    0.393825596254E-003
    0.525020000000E+005    0.394795173471E-003
    0.525520000000E+005    0.395765785886E-003
    0.526020000000E+005    0.396737432151E-003
    0.526520000000E+005    0.397710110918E-003
    0.527020000000E+005    0.398683820838E-003
    0.527520000000E+005    0.399658560560E-003
    0.528020000000E+005    0.400634328732E-003
    0.528520000000E+005    0.401611123998E-003
    0.529020000000E+005    0.402588945005E-003
    0.529520000000E+005    0.403567790394E-003
    0.530020000000E+005    0.404547658808E-003
    0.530520000000E+005    0.405528548886E-003
    0.531020000000E+005    0.406510459267E-003
    0.531520000000E+005    0.407493388589E-003
    0.532020000000E+005    0.408477335487E-003
    0.532520000000E+005    0.409462298596E-003
    0.533020000000E+005    0.410448276549E-003
    0.533520000000E+005    0.411435267978E-003
    0.534020000000E+005    0.412423271513E-003
    0.534520000000E+005    0.413412285783E-003
    0.535020000000E+005    0.414402309416E-003
    0.535520000000E+005    0.415393341037E-003
    0.536020000000E+005    0.416385379273E-003
    0.536520000000E+005    0.417378422747E-003
    0.537020000000E+005    0.418372470080E-003
    0.537520000000E+005    0.419367519894E-003
    0.538020000000E+005    0.420363570810E-003
    0.538520000000E+005    0.421360621444E-003
    0.539020000000E+005    0.422358670415E-003
    0.539520000000E+005    0.423357716339E-003
    0.540020000000E+005    0.424357757829E-003
    0.540520000000E+005    0.425358793500E-003
    0.541020000000E+005    0.426360821964E-003
    0.541520000000E+005    0.427363841832E-003
    0.542020000000E+005    0.428367851713E-003
    0.542520000000E+005    0.429372850216E-003
    0.543020000000E+005    0.430378835949E-003
    0.543520000000E+005    0.431385807517E-003
    0.544020000000E+005    0.432393763526E-003
    0.544520000000E+005    0.433402702580E-003
    0.545020000000E+005    0.434412623280E-003
    0.545520000000E+005    0.435423524229E-003
    0.546020000000E+005    0.436435404028E-003
    0.546520000000E+005    0.437448261274E-003
    0.547020000000E+005    0.438462094568E-003
    0.547520000000E+005    0.439476902504E-003
    0.548020000000E+005    0.440492683681E-003
    0.548520000000E+005    0.441509436691E-003
    0.549020000000E+005    0.442527160130E-003
    0.549520000000E+005    0.443545852589E-003
    0.550020000000E+005    0.444565512660E-003
    0.550520000000E+005    0.445586138935E-003
    0.551020000000E+005    0.446607730001E-003
    0.551520000000E+005    0.447630284449E-003
    0.552020000000E+005    0.448653800865E-003
    0.552520000000E+005    0.449678277835E-003
    0.553020000000E+005    0.450703713946E-003
    0.553520000000E+005    0.451730107781E-003
    0.554020000000E+005    0.452757457924E-003
    0.554520000000E+005    0.453785762957E-003
    0.555020000000E+005    0.454815021463E-003
    0.555520000000E+005    0.455845232020E-003
    0.556020000000E+005    0.456876393209E-003
    0.556520000000E+005    0.457908503608E-003
    0.557020000000E+005    0.458941561795E-003
    0.557520000000E+005    0.459975566347E-003
    0.558020000000E+005    0.461010515839E-003
    0.558520000000E+005    0.462046408846E-003
    0.559020000000E+005    0.463083243942E-003
    0.559520000000E+005    0.464121019701E-003
    0.560020000000E+005    0.465159734694E-003
    0.560520000000E+005    0.466199387492E-003
    0.561020000000E+005    0.467239976667E-003
    0.561520000000E+005    0.468281500787E-003
    0.562020000000E+005    0.469323958421E-003
    0.562520000000E+005    0.470367348137E-003
    0.563020000000E+005    0.471411668503E-003
    0.563520000000E+005    0.472456918083E-003
    0.564020000000E+005    0.473503095444E-003
    0.564520000000E+005    0.474550199150E-003
    0.565020000000E+005    0.475598227765E-003
    0.565520000000E+005    0.476647179852E-003
    0.566020000000E+005    0.477697053973E-003
    0.566520000000E+005    0.478747848688E-003
    0.567020000000E+005    0.479799562560E-003
    0.567520000000E+005    0.480852194147E-003
    0.568020000000E+005    0.481905742009E-003
    0.568520000000E+005    0.482960204704E-003
    0.569020000000E+005    0.484015580789E-003
    0.569520000000E+005    0.485071868822E-003
    0.570020000000E+005    0.486129067359E-003
    0.570520000000E+005    0.487187174954E-003
    0.571020000000E+005    0.488246190163E-003
    0.571520000000E+005    0.489306111540E-003
    0.572020000000E+005    0.490366937638E-003
    0.572520000000E+005    0.491428667009E-003
    0.573020000000E+005    0.492491298206E-003
    0.573520000000E+005    0.493554829780E-003
    0.574020000000E+005    0.494619260281E-003
    0.574520000000E+005    0.495684588260E-003
    0.575020000000E+005    0.496750812266E-003
    0.575520000000E+005    0.497817930847E-003
    0.576020000000E+005    0.498885942552E-003
    0.576520000000E+005    0.499954845928E-003
    0.577020000000E+005    0.501024639522E-003
    0.577520000000E+005    0.502095321879E-003
    0.578020000000E+005    0.503166891547E-003
    0.578520000000E+005    0.504239347070E-003
    0.579020000000E+005    0.505312686992E-003
    0.579520000000E+005    0.506386909857E-003
    0.580020000000E+005    0.507462014208E-003
    0.580520000000E+005    0.508537998589E-003
    0.581020000000E+005    0.509614861542E-003
    0.581520000000E+005    0.510692601608E-003
    0.582020000000E+005    0.511771217328E-003
    0.582520000000E+005    0.512850707243E-003
    0.583020000000E+005    0.513931069894E-003
    0.583520000000E+005    0.515012303819E-003
    0.584020000000E+005    0.516094407558E-003
    0.584520000000E+005    0.517177379649E-003
    0.585020000000E+005    0.518261218631E-003
    0.585520000000E+005    0.519345923041E-003
    0.586020000000E+005    0.520431491416E-003
    0.586520000000E+005    0.521517922293E-003
    0.587020000000E+005    0.522605214208E-003
    0.587520000000E+005    0.523693365697E-003
    0.588020000000E+005    0.524782375296E-003
    0.588520000000E+005    0.525872241538E-003
    0.589020000000E+005    0.526962962959E-003
    0.589520000000E+005    0.528054538092E-003
    0.590020000000E+005    0.529146965472E-003
    0.590520000000E+005    0.530240243631E-003
    0.591020000000E+005    0.531334371102E-003
    0.591520000000E+005    0.532429346417E-003
    0.592020000000E+005    0.533525168109E-003
    0.592520000000E+005    0.534621834709E-003
    0.593020000000E+005    0.535719344748E-003
    0.593520000000E+005    0.536817696758E-003
    0.594020000000E+005    0.537916889268E-003
    0.594520000000E+005    0.539016920810E-003
    0.595020000000E+005    0.540117789912E-003
    0.595520000000E+005    0.541219495104E-003
    0.596020000000E+005    0.542322034915E-003
    0.596520000000E+005    0.543425407875E-003
    0.597020000000E+005    0.544529612512E-003
    0.597520000000E+005    0.545634647353E-003
    0.598020000000E+005    0.546740510927E-003
    0.598520000000E+005    0.547847201761E-003
    0.599020000000E+005    0.548954718383E-003
    0.599520000000E+005    0.550063059320E-003
    0.600020000000E+005    0.551172223098E-003
    0.600520000000E+005    0.552282208244E-003
    0.601020000000E+005    0.553393013283E-003
    0.601520000000E+005    0.554504636743E-003
    0.602020000000E+005    0.555617077149E-003
    0.602520000000E+005    0.556730333025E-003
    0.603020000000E+005    0.557844402898E-003
    0.603520000000E+005    0.558959285292E-003
    0.604020000000E+005    0.560074978732E-003
    0.604520000000E+005    0.561191481743E-003
    0.605020000000E+005    0.562308792848E-003
    0.605520000000E+005    0.563426910573E-003
    0.606020000000E+005    0.564545833440E-003
    0.606520000000E+005    0.565665559974E-003
    0.607020000000E+005    0.566786088698E-003
    0.607520000000E+005    0.567907418135E-003
    0.608020000000E+005    0.569029546810E-003
    0.608520000000E+005    0.570152473244E-003
    0.609020000000E+005    0.571276195960E-003
    0.609520000000E+005    0.572400713482E-003
    0.610020000000E+005    0.573526024331E-003
    0.610520000000E+005    0.574652127031E-003
    0.611020000000E+005    0.575779020104E-003
    0.611520000000E+005    0.576906702071E-003
    0.612020000000E+005    0.578035171454E-003
    0.612520000000E+005    0.579164426777E-003
    0.613020000000E+005    0.580294466559E-003
    0.613520000000E+005    0.581425289324E-003
    0.614020000000E+005    0.582556893593E-003
    0.614520000000E+005    0.583689277887E-003
    0.615020000000E+005    0.584822440727E-003
    0.615520000000E+005    0.585956380636E-003
    0.616020000000E+005    0.587091096134E-003
    0.616520000000E+005    0.588226585742E-003
    0.617020000000E+005    0.589362847982E-003
    0.617520000000E+005    0.590499881374E-003
    0.618020000000E+005    0.591637684441E-003
    0.618520000000E+005    0.592776255702E-003
    0.619020000000E+005    0.593915593679E-003
    0.619520000000E+005    0.595055696892E-003
    0.620020000000E+005    0.596196563863E-003
    0.620520000000E+005    0.597338193113E-003
    0.621020000000E+005    0.598480583162E-003
    0.621520000000E+005    0.599623732531E-003
    0.622020000000E+005    0.600767639741E-003
    0.622520000000E+005    0.601912303313E-003
    0.623020000000E+005    0.603057721768E-003
    0.623520000000E+005    0.604203893627E-003
    0.624020000000E+005    0.605350817410E-003
    0.624520000000E+005    0.606498491638E-003
    0.625020000000E+005    0.607646914834E-003
    0.625520000000E+005    0.608796085516E-003
    0.626020000000E+005    0.609946002208E-003
    0.626520000000E+005    0.611096663429E-003
    0.627020000000E+005    0.612248067701E-003
    0.627520000000E+005    0.613400213545E-003
    0.628020000000E+005    0.614553099482E-003
    0.628520000000E+005    0.615706724034E-003
    0.629020000000E+005    0.616861085723E-003
    0.629520000000E+005    0.618016183069E-003
    0.630020000000E+005    0.619172014594E-003
    0.630520000000E+005    0.620328578820E-003
    0.631020000000E+005    0.621485874269E-003
    0.631520000000E+005    0.622643899463E-003
    0.632020000000E+005    0.623802652924E-003
    0.632520000000E+005    0.624962133174E-003
    0.633020000000E+005    0.626122338735E-003
    0.633520000000E+005    0.627283268129E-003
    0.634020000000E+005    0.628444919879E-003
    0.634520000000E+005    0.629607292508E-003
    0.635020000000E+005    0.630770384539E-003
    0.635520000000E+005    0.631934194494E-003
    0.636020000000E+005    0.633098720897E-003
    0.636520000000E+005    0.634263962271E-003
    0.637020000000E+005    0.635429917139E-003
    0.637520000000E+005    0.636596584024E-003
    0.638020000000E+005    0.637763961452E-003
    0.638520000000E+005    0.638932047945E-003
    0.639020000000E+005    0.640100842027E-003
    0.639520000000E+005    0.641270342224E-003
    0.640020000000E+005    0.642440547059E-003
    0.640520000000E+005    0.643611455058E-003
    0.641020000000E+005    0.644783064745E-003
    0.641520000000E+005    0.645955374645E-003
    0.642020000000E+005    0.647128383284E-003
    0.642520000000E+005    0.648302089187E-003
    0.643020000000E+005    0.649476490880E-003
    0.643520000000E+005    0.650651586889E-003
    0.644020000000E+005    0.651827375741E-003
    0.644520000000E+005    0.653003855961E-003
    0.645020000000E+005    0.654181026077E-003
    0.645520000000E+005    0.655358884616E-003
    0.646020000000E+005    0.656537430104E-003
    0.646520000000E+005    0.657716661070E-003
    0.647020000000E+005    0.658896576041E-003
    0.647520000000E+005    0.660077173545E-003
    0.648020000000E+005    0.661258452111E-003
    0.648520000000E+005    0.662440410267E-003
    0.649020000000E+005    0.663623046542E-003
    0.649520000000E+005    0.664806359465E-003
    0.650020000000E+005    0.665990347566E-003
    0.650520000000E+005    0.667175009374E-003
    0.651020000000E+005    0.668360343420E-003
    0.651520000000E+005    0.669546348233E-003
    0.652020000000E+005    0.670733022345E-003
    0.652520000000E+005    0.671920364287E-003
    0.653020000000E+005    0.673108372590E-003
    0.653520000000E+005    0.674297045785E-003
    0.654020000000E+005    0.675486382405E-003
    0.654520000000E+005    0.676676380982E-003
    0.655020000000E+005    0.677867040049E-003
    0.655520000000E+005    0.679058358138E-003
    0.656020000000E+005    0.680250333783E-003
    0.656520000000E+005    0.681442965517E-003
    0.657020000000E+005    0.682636251876E-003
    0.657520000000E+005    0.683830191393E-003
    0.658020000000E+005    0.685024782602E-003
    0.658520000000E+005    0.686220024040E-003
    0.659020000000E+005    0.687415914242E-003
    0.659520000000E+005    0.688612451743E-003
    0.660020000000E+005    0.689809635080E-003
    0.660520000000E+005    0.691007462791E-003
    0.661020000000E+005    0.692205933410E-003
    0.661520000000E+005    0.693405045478E-003
    0.662020000000E+005    0.694604797530E-003
    0.662520000000E+005    0.695805188106E-003
    0.663020000000E+005    0.697006215745E-003
    0.663520000000E+005    0.698207878985E-003
    0.664020000000E+005    0.699410176366E-003
    0.664520000000E+005    0.700613106427E-003
    0.665020000000E+005    0.701816667711E-003
    0.665520000000E+005    0.703020858756E-003
    0.666020000000E+005    0.704225678105E-003
    0.666520000000E+005    0.705431124300E-003
    0.667020000000E+005    0.706637195882E-003
    0.667520000000E+005    0.707843891394E-003
    0.668020000000E+005    0.709051209379E-003
    0.668520000000E+005    0.710259148381E-003
    0.669020000000E+005    0.711467706943E-003
    0.669520000000E+005    0.712676883611E-003
    0.670020000000E+005    0.713886676929E-003
    0.670520000000E+005    0.715097085442E-003
    0.671020000000E+005    0.716308107697E-003
    0.671520000000E+005    0.717519742240E-003
    0.672020000000E+005    0.718731987617E-003
    0.672520000000E+005    0.719944842376E-003
    0.673020000000E+005    0.721158305065E-003
    0.673520000000E+005    0.722372374233E-003
    0.674020000000E+005    0.723587048427E-003
    0.674520000000E+005    0.724802326198E-003
    0.675020000000E+005    0.726018206094E-003
    0.675520000000E+005    0.727234686668E-003
    0.676020000000E+005    0.728451766469E-003
    0.676520000000E+005    0.729669444049E-003
    0.677020000000E+005    0.730887717959E-003
    0.677520000000E+005    0.732106586753E-003
    0.678020000000E+005    0.733326048984E-003
    0.678520000000E+005    0.734546103204E-003
    0.679020000000E+005    0.735766747968E-003
    0.679520000000E+005    0.736987981831E-003
    0.680020000000E+005    0.738209803347E-003
    0.680520000000E+005    0.739432211073E-003
    0.681020000000E+005    0.740655203564E-003
    0.681520000000E+005    0.741878779378E-003
    0.682020000000E+005    0.743102937072E-003
    0.682520000000E+005    0.744327675205E-003
    0.683020000000E+005    0.745552992333E-003
    0.683520000000E+005    0.746778887017E-003
    0.684020000000E+005    0.748005357817E-003
    0.684520000000E+005    0.749232403292E-003
    0.685020000000E+005    0.750460022003E-003
    0.685520000000E+005    0.751688212512E-003
    0.686020000000E+005    0.752916973382E-003
    0.686520000000E+005    0.754146303174E-003
    0.687020000000E+005    0.755376200451E-003
    0.687520000000E+005    0.756606663778E-003
    0.688020000000E+005    0.757837691720E-003
    0.688520000000E+005    0.759069282840E-003
    0.689020000000E+005    0.760301435706E-003
    0.689520000000E+005    0.761534148882E-003
    0.690020000000E+005    0.762767420936E-003
    0.690520000000E+005    0.764001250436E-003
    0.691020000000E+005    0.765235635950E-003
    0.691520000000E+005    0.766470576046E-003
    0.692020000000E+005    0.767706069294E-003
    0.692520000000E+005    0.768942114264E-003
    0.693020000000E+005    0.770178709526E-003
    0.693520000000E+005    0.771415853653E-003
    0.694020000000E+005    0.772653545216E-003
    0.694520000000E+005    0.773891782787E-003
    0.695020000000E+005    0.775130564940E-003
    0.695520000000E+005    0.776369890249E-003
    0.696020000000E+005    0.777609757288E-003
    0.696520000000E+005    0.778850164634E-003
    0.697020000000E+005    0.780091110861E-003
    0.697520000000E+005    0.781332594546E-003
    0.698020000000E+005    0.782574614267E-003
    0.698520000000E+005    0.783817168602E-003
    0.699020000000E+005    0.785060256128E-003
    0.699520000000E+005    0.786303875427E-003
    0.700020000000E+005    0.787548025077E-003
    0.700520000000E+005    0.788792703659E-003
    0.701020000000E+005    0.790037909755E-003
    0.701520000000E+005    0.791283641946E-003
    0.702020000000E+005    0.792529898817E-003
    0.702520000000E+005    0.793776678949E-003
    0.703020000000E+005    0.795023980928E-003
    0.703520000000E+005    0.796271803337E-003
    0.704020000000E+005    0.797520144764E-003
    0.704520000000E+005    0.798769003793E-003
    0.705020000000E+005    0.800018379013E-003
    0.705520000000E+005    0.801268269011E-003
    0.706020000000E+005    0.802518672375E-003
    0.706520000000E+005    0.803769587694E-003
    0.707020000000E+005    0.805021013560E-003
    0.707520000000E+005    0.806272948561E-003
    0.708020000000E+005    0.807525391290E-003
    0.708520000000E+005    0.808778340339E-003
    0.709020000000E+005    0.810031794301E-003
    0.709520000000E+005    0.811285751769E-003
    0.710020000000E+005    0.812540211338E-003
    0.710520000000E+005    0.813795171602E-003
    0.711020000000E+005    0.815050631159E-003
    0.711520000000E+005    0.816306588603E-003
    0.712020000000E+005    0.817563042534E-003
    0.712520000000E+005    0.818819991548E-003
    0.713020000000E+005    0.820077434246E-003
    0.713520000000E+005    0.821335369225E-003
    0.714020000000E+005    0.822593795088E-003
    0.714520000000E+005    0.823852710435E-003
    0.715020000000E+005    0.825112113868E-003
    0.715520000000E+005    0.826372003991E-003
    0.716020000000E+005    0.827632379405E-003
    0.716520000000E+005    0.828893238717E-003
    0.717020000000E+005    0.830154580531E-003
    0.717520000000E+005    0.831416403452E-003
    0.718020000000E+005    0.832678706089E-003
    0.718520000000E+005    0.833941487047E-003
    0.719020000000E+005    0.835204744936E-003
    0.719520000000E+005    0.836468478365E-003
    0.720020000000E+005    0.837732685942E-003
    0.720520000000E+005    0.838997366280E-003
    0.721020000000E+005    0.840262517990E-003
    0.721520000000E+005    0.841528139684E-003
    0.722020000000E+005    0.842794229975E-003
    0.722520000000E+005    0.844060787476E-003
    0.723020000000E+005    0.845327810804E-003
    0.723520000000E+005    0.846595298573E-003
    0.724020000000E+005    0.847863249399E-003
    0.724520000000E+005    0.849131661901E-003
    0.725020000000E+005    0.850400534696E-003
    0.725520000000E+005    0.851669866403E-003
    0.726020000000E+005    0.852939655641E-003
    0.726520000000E+005    0.854209901031E-003
    0.727020000000E+005    0.855480601196E-003
    0.727520000000E+005    0.856751754755E-003
    0.728020000000E+005    0.858023360334E-003
    0.728520000000E+005    0.859295416556E-003
    0.729020000000E+005    0.860567922045E-003
    0.729520000000E+005    0.861840875427E-003
    0.730020000000E+005    0.863114275329E-003
    0.730520000000E+005    0.864388120377E-003
    0.731020000000E+005    0.865662409201E-003
    0.731520000000E+005    0.866937140429E-003
    0.732020000000E+005    0.868212312691E-003
    0.732520000000E+005    0.869487924617E-003
    0.733020000000E+005    0.870763974840E-003
    0.733520000000E+005    0.872040461991E-003
    0.734020000000E+005    0.873317384705E-003
    0.734520000000E+005    0.874594741615E-003
    0.735020000000E+005    0.875872531357E-003
    0.735520000000E+005    0.877150752566E-003
    0.736020000000E+005    0.878429403879E-003
    0.736520000000E+005    0.879708483935E-003
    0.737020000000E+005    0.880987991371E-003
    0.737520000000E+005    0.882267924827E-003
    0.738020000000E+005    0.883548282943E-003
    0.738520000000E+005    0.884829064362E-003
    0.739020000000E+005    0.886110267724E-003
    0.739520000000E+005    0.887391891673E-003
    0.740020000000E+005    0.888673934854E-003
    0.740520000000E+005    0.889956395910E-003
    0.741020000000E+005    0.891239273488E-003
    0.741520000000E+005    0.892522566234E-003
    0.742020000000E+005    0.893806272796E-003
    0.742520000000E+005    0.895090391822E-003
    0.743020000000E+005    0.896374921962E-003
    0.743520000000E+005    0.897659861866E-003
    0.744020000000E+005    0.898945210185E-003
    0.744520000000E+005    0.900230965571E-003
    0.745020000000E+005    0.901517126678E-003
    0.745520000000E+005    0.902803692159E-003
    0.746020000000E+005    0.904090660669E-003
    0.746520000000E+005    0.905378030864E-003
    0.747020000000E+005    0.906665801400E-003
    0.747520000000E+005    0.907953970936E-003
    0.748020000000E+005    0.909242538130E-003
    0.748520000000E+005    0.910531501642E-003
    0.749020000000E+005    0.911820860131E-003
    0.749520000000E+005    0.913110612259E-003
    0.750020000000E+005    0.914400756689E-003
    0.750520000000E+005    0.915691292084E-003
    0.751020000000E+005    0.916982217107E-003
    0.751520000000E+005    0.918273530425E-003
    0.752020000000E+005    0.919565230703E-003
    0.752520000000E+005    0.920857316608E-003
    0.753020000000E+005    0.922149786809E-003
    0.753520000000E+005    0.923442639973E-003
    0.754020000000E+005    0.924735874772E-003
    0.754520000000E+005    0.926029489875E-003
    0.755020000000E+005    0.927323483955E-003
    0.755520000000E+005    0.928617855684E-003
    0.756020000000E+005    0.929912603736E-003
    0.756520000000E+005    0.931207726786E-003
    0.757020000000E+005    0.932503223510E-003
    0.757520000000E+005    0.933799092583E-003
    0.758020000000E+005    0.935095332683E-003
    0.758520000000E+005    0.936391942490E-003
    0.759020000000E+005    0.937688920682E-003
    0.759520000000E+005    0.938986265940E-003
    0.760020000000E+005    0.940283976945E-003
    0.760520000000E+005    0.941582052380E-003
    0.761020000000E+005    0.942880490928E-003
    0.761520000000E+005    0.944179291274E-003
    0.762020000000E+005    0.945478452102E-003
    0.762520000000E+005    0.946777972100E-003
    0.763020000000E+005    0.948077849954E-003
    0.763520000000E+005    0.949378084352E-003
    0.764020000000E+005    0.950678673985E-003
    0.764520000000E+005    0.951979617542E-003
    0.765020000000E+005    0.953280913714E-003
    0.765520000000E+005    0.954582561194E-003
    0.766020000000E+005    0.955884558676E-003
    0.766520000000E+005    0.957186904852E-003
    0.767020000000E+005    0.958489598419E-003
    0.767520000000E+005    0.959792638072E-003
    0.768020000000E+005    0.961096022509E-003
    0.768520000000E+005    0.962399750429E-003
    0.769020000000E+005    0.963703820529E-003
    0.769520000000E+005    0.965008231511E-003
    0.770020000000E+005    0.966312982076E-003
    0.770520000000E+005    0.967618070926E-003
    0.771020000000E+005    0.968923496764E-003
    0.771520000000E+005    0.970229258294E-003
    0.772020000000E+005    0.971535354222E-003
    0.772520000000E+005    0.972841783255E-003
    0.773020000000E+005    0.974148544098E-003
    0.773520000000E+005    0.975455635461E-003
    0.774020000000E+005    0.976763056053E-003
    0.774520000000E+005    0.978070804584E-003
    0.775020000000E+005    0.979378879766E-003
    0.775520000000E+005    0.980687280311E-003
    0.776020000000E+005    0.981996004932E-003
    0.776520000000E+005    0.983305052343E-003
    0.777020000000E+005    0.984614421262E-003
    0.777520000000E+005    0.985924110402E-003
    0.778020000000E+005    0.987234118483E-003
    0.778520000000E+005    0.988544444223E-003
    0.779020000000E+005    0.989855086341E-003
    0.779520000000E+005    0.991166043558E-003
    0.780020000000E+005    0.992477314595E-003
    0.780520000000E+005    0.993788898176E-003
    0.781020000000E+005    0.995100793023E-003
    0.781520000000E+005    0.996412997862E-003
    0.782020000000E+005    0.997725511419E-003
    0.782520000000E+005    0.999038332419E-003
    0.783020000000E+005    0.100035145959E-002
    0.783520000000E+005    0.100166489166E-002
    0.784020000000E+005    0.100297862737E-002
    0.784520000000E+005    0.100429266544E-002
    0.785020000000E+005    0.100560700460E-002
    0.785520000000E+005    0.100692164358E-002
    0.786020000000E+005    0.100823658113E-002
    0.786520000000E+005    0.100955181597E-002
    0.787020000000E+005    0.101086734685E-002
    0.787520000000E+005    0.101218317250E-002
    0.788020000000E+005    0.101349929165E-002
    0.788520000000E+005    0.101481570305E-002
    0.789020000000E+005    0.101613240544E-002
    0.789520000000E+005    0.101744939756E-002
    0.790020000000E+005    0.101876667815E-002
    0.790520000000E+005    0.102008424596E-002
    0.791020000000E+005    0.102140209972E-002
    0.791520000000E+005    0.102272023820E-002
    0.792020000000E+005    0.102403866012E-002
    0.792520000000E+005    0.102535736425E-002
    0.793020000000E+005    0.102667634932E-002
    0.793520000000E+005    0.102799561410E-002
    0.794020000000E+005    0.102931515732E-002
    0.794520000000E+005    0.103063497775E-002
    0.795020000000E+005    0.103195507413E-002
    0.795520000000E+005    0.103327544522E-002
    0.796020000000E+005    0.103459608978E-002
    0.796520000000E+005    0.103591700656E-002
    0.797020000000E+005    0.103723819432E-002
    0.797520000000E+005    0.103855965182E-002
    0.798020000000E+005    0.103988137782E-002
    0.798520000000E+005    0.104120337107E-002
    0.799020000000E+005    0.104252563034E-002
    0.799520000000E+005    0.104384815440E-002
    0.800020000000E+005    0.104517094200E-002
    0.800520000000E+005    0.104649399191E-002
    0.801020000000E+005    0.104781730291E-002
    0.801520000000E+005    0.104914087374E-002
    0.802020000000E+005    0.105046470319E-002
    0.802520000000E+005    0.105178879002E-002
    0.803020000000E+005    0.105311313301E-002
    0.803520000000E+005    0.105443773092E-002
    0.804020000000E+005    0.105576258253E-002
    0.804520000000E+005    0.105708768660E-002
    0.805020000000E+005    0.105841304193E-002
    0.805520000000E+005    0.105973864727E-002
    0.806020000000E+005    0.106106450142E-002
    0.806520000000E+005    0.106239060313E-002
    0.807020000000E+005    0.106371695121E-002
    0.807520000000E+005    0.106504354442E-002
    0.808020000000E+005    0.106637038155E-002
    0.808520000000E+005    0.106769746138E-002
    0.809020000000E+005    0.106902478269E-002
    0.809520000000E+005    0.107035234426E-002
    0.810020000000E+005    0.107168014490E-002
    0.810520000000E+005    0.107300818337E-002
    0.811020000000E+005    0.107433645847E-002
    0.811520000000E+005    0.107566496898E-002
    0.812020000000E+005    0.107699371371E-002
    0.812520000000E+005    0.107832269143E-002
    0.813020000000E+005    0.107965190094E-002
    0.813520000000E+005    0.108098134104E-002
    0.814020000000E+005    0.108231101052E-002
    0.814520000000E+005    0.108364090817E-002
    0.815020000000E+005    0.108497103279E-002
    0.815520000000E+005    0.108630138318E-002
    0.816020000000E+005    0.108763195813E-002
    0.816520000000E+005    0.108896275646E-002
    0.817020000000E+005    0.109029377695E-002
    0.817520000000E+005    0.109162501842E-002
    0.818020000000E+005    0.109295647966E-002
    0.818520000000E+005    0.109428815948E-002
    0.819020000000E+005    0.109562005668E-002
    0.819520000000E+005    0.109695217008E-002
    0.820020000000E+005    0.109828449847E-002
    0.820520000000E+005    0.109961704067E-002
    0.821020000000E+005    0.110094979549E-002
    0.821520000000E+005    0.110228276174E-002
    0.822020000000E+005    0.110361593823E-002
    0.822520000000E+005    0.110494932378E-002
    0.823020000000E+005    0.110628291720E-002
    0.823520000000E+005    0.110761671730E-002
    0.824020000000E+005    0.110895072290E-002
    0.824520000000E+005    0.111028493282E-002
    0.825020000000E+005    0.111161934588E-002
    0.825520000000E+005    0.111295396090E-002
    0.826020000000E+005    0.111428877670E-002
    0.826520000000E+005    0.111562379210E-002
    0.827020000000E+005    0.111695900593E-002
    0.827520000000E+005    0.111829441701E-002
    0.828020000000E+005    0.111963002416E-002
    0.828520000000E+005    0.112096582622E-002
    0.829020000000E+005    0.112230182201E-002
    0.829520000000E+005    0.112363801036E-002
    0.830020000000E+005    0.112497439010E-002
    0.830520000000E+005    0.112631096005E-002
    0.831020000000E+005    0.112764771907E-002
    0.831520000000E+005    0.112898466597E-002
    0.832020000000E+005    0.113032179959E-002
    0.832520000000E+005    0.113165911877E-002
    0.833020000000E+005    0.113299662235E-002
    0.833520000000E+005    0.113433430916E-002
    0.834020000000E+005    0.113567217804E-002
    0.834520000000E+005    0.113701022783E-002
    0.835020000000E+005    0.113834845738E-002
    0.835520000000E+005    0.113968686553E-002
    0.836020000000E+005    0.114102545111E-002
    0.836520000000E+005    0.114236421298E-002
    0.837020000000E+005    0.114370314999E-002
    0.837520000000E+005    0.114504226097E-002
    0.838020000000E+005    0.114638154478E-002
    0.838520000000E+005    0.114772100026E-002
    0.839020000000E+005    0.114906062627E-002
    0.839520000000E+005    0.115040042166E-002
    0.840020000000E+005    0.115174038528E-002
    0.840520000000E+005    0.115308051598E-002
    0.841020000000E+005    0.115442081263E-002
    0.841520000000E+005    0.115576127407E-002
    0.842020000000E+005    0.115710189917E-002
    0.842520000000E+005    0.115844268678E-002
    0.843020000000E+005    0.115978363576E-002
    0.843520000000E+005    0.116112474497E-002
    0.844020000000E+005    0.116246601328E-002
    0.844520000000E+005    0.116380743954E-002
    0.845020000000E+005    0.116514902263E-002
    0.845520000000E+005    0.116649076141E-002
    0.846020000000E+005    0.116783265473E-002
    0.846520000000E+005    0.116917470148E-002
    0.847020000000E+005    0.117051690052E-002
    0.847520000000E+005    0.117185925072E-002
    0.848020000000E+005    0.117320175095E-002
    0.848520000000E+005    0.117454440008E-002
    0.849020000000E+005    0.117588719699E-002
    0.849520000000E+005    0.117723014055E-002
    0.850020000000E+005    0.117857322964E-002
    0.850520000000E+005    0.117991646313E-002
    0.851020000000E+005    0.118125983990E-002
    0.851520000000E+005    0.118260335883E-002
    0.852020000000E+005    0.118394701880E-002
    0.852520000000E+005    0.118529081869E-002
    0.853020000000E+005    0.118663475739E-002
    0.853520000000E+005    0.118797883378E-002
    0.854020000000E+005    0.118932304673E-002
    0.854520000000E+005    0.119066739515E-002
    0.855020000000E+005    0.119201187791E-002
    0.855520000000E+005    0.119335649390E-002
    0.856020000000E+005    0.119470124202E-002
    0.856520000000E+005    0.119604612114E-002
    0.857020000000E+005    0.119739113018E-002
    0.857520000000E+005    0.119873626801E-002
    0.858020000000E+005    0.120008153353E-002
    0.858520000000E+005    0.120142692564E-002
    0.859020000000E+005    0.120277244324E-002
    0.859520000000E+005    0.120411808521E-002
    0.860020000000E+005    0.120546385046E-002
    0.860520000000E+005    0.120680973789E-002
    0.861020000000E+005    0.120815574640E-002
    0.861520000000E+005    0.120950187489E-002
    0.862020000000E+005    0.121084812226E-002
    0.862520000000E+005    0.121219448742E-002
    0.863020000000E+005    0.121354096928E-002
    0.863520000000E+005    0.121488756673E-002
    0.864020000000E+005    0.121623427870E-002
    0.864520000000E+005    0.121758110408E-002
    0.865020000000E+005    0.121892804179E-002
    0.865520000000E+005    0.122027509073E-002
    0.866020000000E+005    0.122162224983E-002
    0.866520000000E+005    0.122296951799E-002
    0.867020000000E+005    0.122431689413E-002
    0.867520000000E+005    0.122566437716E-002
    0.868020000000E+005    0.122701196600E-002
    0.868520000000E+005    0.122835965958E-002
    0.869020000000E+005    0.122970745680E-002
    0.869520000000E+005    0.123105535659E-002
    0.870020000000E+005    0.123240335786E-002
    0.870520000000E+005    0.123375145956E-002
    0.871020000000E+005    0.123509966058E-002
    0.871520000000E+005    0.123644795987E-002
    0.872020000000E+005    0.123779635635E-002
    0.872520000000E+005    0.123914484894E-002
    0.873020000000E+005    0.124049343658E-002
    0.873520000000E+005    0.124184211819E-002
    0.874020000000E+005    0.124319089270E-002
    0.874520000000E+005    0.124453975904E-002
    0.875020000000E+005    0.124588871616E-002
    0.875520000000E+005    0.124723776298E-002
    0.876020000000E+005    0.124858689843E-002
    0.876520000000E+005    0.124993612146E-002
    0.877020000000E+005    0.125128543100E-002
    0.877520000000E+005    0.125263482600E-002
    0.878020000000E+005    0.125398430538E-002
    0.878520000000E+005    0.125533386809E-002
    0.879020000000E+005    0.125668351308E-002
    0.879520000000E+005    0.125803323929E-002
    0.880020000000E+005    0.125938304566E-002
    0.880520000000E+005    0.126073293113E-002
    0.881020000000E+005    0.126208289466E-002
    0.881520000000E+005    0.126343293519E-002
    0.882020000000E+005    0.126478305168E-002
    0.882520000000E+005    0.126613324306E-002
    0.883020000000E+005    0.126748350830E-002
    0.883520000000E+005    0.126883384635E-002
    0.884020000000E+005    0.127018425615E-002
    0.884520000000E+005    0.127153473667E-002
    0.885020000000E+005    0.127288528686E-002
    0.885520000000E+005    0.127423590568E-002
    0.886020000000E+005    0.127558659209E-002
    0.886520000000E+005    0.127693734504E-002
    0.887020000000E+005    0.127828816349E-002
    0.887520000000E+005    0.127963904642E-002
    0.888020000000E+005    0.128098999277E-002
    0.888520000000E+005    0.128234100153E-002
    0.889020000000E+005    0.128369207164E-002
    0.889520000000E+005    0.128504320208E-002
    0.890020000000E+005    0.128639439181E-002
    0.890520000000E+005    0.128774563981E-002
    0.891020000000E+005    0.128909694504E-002
    0.891520000000E+005    0.129044830648E-002
    0.892020000000E+005    0.129179972309E-002
    0.892520000000E+005    0.129315119385E-002
    0.893020000000E+005    0.129450271774E-002
    0.893520000000E+005    0.129585429373E-002
    0.894020000000E+005    0.129720592079E-002
    0.894520000000E+005    0.129855759791E-002
    0.895020000000E+005    0.129990932406E-002
    0.895520000000E+005    0.130126109823E-002
    0.896020000000E+005    0.130261291940E-002
    0.896520000000E+005    0.130396478654E-002
    0.897020000000E+005    0.130531669864E-002
    0.897520000000E+005    0.130666865469E-002
    0.898020000000E+005    0.130802065367E-002
    0.898520000000E+005    0.130937269458E-002
    0.899020000000E+005    0.131072477639E-002
    0.899520000000E+005    0.131207689810E-002
    0.900020000000E+005    0.131342905870E-002
    0.900520000000E+005    0.131478125717E-002
    0.901020000000E+005    0.131613349253E-002
    0.901520000000E+005    0.131748576374E-002
    0.902020000000E+005    0.131883806982E-002
    0.902520000000E+005    0.132019040976E-002
    0.903020000000E+005    0.132154278256E-002
    0.903520000000E+005    0.132289518721E-002
    0.904020000000E+005    0.132424762272E-002
    0.904520000000E+005    0.132560008808E-002
    0.905020000000E+005    0.132695258230E-002
    0.905520000000E+005    0.132830510438E-002
    0.906020000000E+005    0.132965765332E-002
    0.906520000000E+005    0.133101022814E-002
    0.907020000000E+005    0.133236282784E-002
    0.907520000000E+005    0.133371545142E-002
    0.908020000000E+005    0.133506809789E-002
    0.908520000000E+005    0.133642076627E-002
    0.909020000000E+005    0.133777345557E-002
    0.909520000000E+005    0.133912616479E-002
    0.910020000000E+005    0.134047889296E-002
    0.910520000000E+005    0.134183163908E-002
    0.911020000000E+005    0.134318440218E-002
    0.911520000000E+005    0.134453718127E-002
    0.912020000000E+005    0.134588997536E-002
    0.912520000000E+005    0.134724278348E-002
    0.913020000000E+005    0.134859560465E-002
    0.913520000000E+005    0.134994843789E-002
    0.914020000000E+005    0.135130128222E-002
    0.914520000000E+005    0.135265413667E-002
    0.915020000000E+005    0.135400700026E-002
    0.915520000000E+005    0.135535987202E-002
    0.916020000000E+005    0.135671275097E-002
    0.916520000000E+005    0.135806563614E-002
    0.917020000000E+005    0.135941852657E-002
    0.917520000000E+005    0.136077142128E-002
    0.918020000000E+005    0.136212431930E-002
    0.918520000000E+005    0.136347721967E-002
    0.919020000000E+005    0.136483012143E-002
    0.919520000000E+005    0.136618302360E-002
    0.920020000000E+005    0.136753592523E-002
    0.920520000000E+005    0.136888882535E-002
    0.921020000000E+005    0.137024172301E-002
    0.921520000000E+005    0.137159461723E-002
    0.922020000000E+005    0.137294750706E-002
    0.922520000000E+005    0.137430039155E-002
    0.923020000000E+005    0.137565326974E-002
    0.923520000000E+005    0.137700614066E-002
    0.924020000000E+005    0.137835900338E-002
    0.924520000000E+005    0.137971185693E-002
    0.925020000000E+005    0.138106470036E-002
    0.925520000000E+005    0.138241753272E-002
    0.926020000000E+005    0.138377035306E-002
    0.926520000000E+005    0.138512316044E-002
    0.927020000000E+005    0.138647595390E-002
    0.927520000000E+005    0.138782873250E-002
    0.928020000000E+005    0.138918149529E-002
    0.928520000000E+005    0.139053424134E-002
    0.929020000000E+005    0.139188696968E-002
    0.929520000000E+005    0.139323967940E-002
    0.930020000000E+005    0.139459236953E-002
    0.930520000000E+005    0.139594503915E-002
    0.931020000000E+005    0.139729768732E-002
    0.931520000000E+005    0.139865031309E-002
    0.932020000000E+005    0.140000291553E-002
    0.932520000000E+005    0.140135549371E-002
    0.933020000000E+005    0.140270804670E-002
    0.933520000000E+005    0.140406057355E-002
    0.934020000000E+005    0.140541307335E-002
    0.934520000000E+005    0.140676554515E-002
    0.935020000000E+005    0.140811798803E-002
    0.935520000000E+005    0.140947040106E-002
    0.936020000000E+005    0.141082278331E-002
    0.936520000000E+005    0.141217513386E-002
    0.937020000000E+005    0.141352745178E-002
    0.937520000000E+005    0.141487973615E-002
    0.938020000000E+005    0.141623198605E-002
    0.938520000000E+005    0.141758420055E-002
    0.939020000000E+005    0.141893637873E-002
    0.939520000000E+005    0.142028851968E-002
    0.940020000000E+005    0.142164062248E-002
    0.940520000000E+005    0.142299268620E-002
    0.941020000000E+005    0.142434470994E-002
    0.941520000000E+005    0.142569669278E-002
    0.942020000000E+005    0.142704863380E-002
    0.942520000000E+005    0.142840053210E-002
    0.943020000000E+005    0.142975238676E-002
    0.943520000000E+005    0.143110419687E-002
    0.944020000000E+005    0.143245596152E-002
    0.944520000000E+005    0.143380767981E-002
    0.945020000000E+005    0.143515935083E-002
    0.945520000000E+005    0.143651097366E-002
    0.946020000000E+005    0.143786254742E-002
    0.946520000000E+005    0.143921407119E-002
    0.947020000000E+005    0.144056554407E-002
    0.947520000000E+005    0.144191696516E-002
    0.948020000000E+005    0.144326833356E-002
    0.948520000000E+005    0.144461964837E-002
    0.949020000000E+005    0.144597090870E-002
    0.949520000000E+005    0.144732211364E-002
    0.950020000000E+005    0.144867326230E-002
    0.950520000000E+005    0.145002435380E-002
    0.951020000000E+005    0.145137538722E-002
    0.951520000000E+005    0.145272636168E-002
    0.952020000000E+005    0.145407727630E-002
    0.952520000000E+005    0.145542813017E-002
    0.953020000000E+005    0.145677892242E-002
    0.953520000000E+005    0.145812965215E-002
    0.954020000000E+005    0.145948031847E-002
    0.954520000000E+005    0.146083092051E-002
    0.955020000000E+005    0.146218145737E-002
    0.955520000000E+005    0.146353192818E-002
    0.956020000000E+005    0.146488233205E-002
    0.956520000000E+005    0.146623266810E-002
    0.957020000000E+005    0.146758293544E-002
    0.957520000000E+005    0.146893313321E-002
    0.958020000000E+005    0.147028326053E-002
    0.958520000000E+005    0.147163331651E-002
    0.959020000000E+005    0.147298330028E-002
    0.959520000000E+005    0.147433321096E-002
    0.960020000000E+005    0.147568304770E-002
    0.960520000000E+005    0.147703280960E-002
    0.961020000000E+005    0.147838249580E-002
    0.961520000000E+005    0.147973210543E-002
    0.962020000000E+005    0.148108163763E-002
    0.962520000000E+005    0.148243109152E-002
    0.963020000000E+005    0.148378046623E-002
    0.963520000000E+005    0.148512976091E-002
    0.964020000000E+005    0.148647897469E-002
    0.964520000000E+005    0.148782810670E-002
    0.965020000000E+005    0.148917715608E-002
    0.965520000000E+005    0.149052612197E-002
    0.966020000000E+005    0.149187500351E-002
    0.966520000000E+005    0.149322379984E-002
    0.967020000000E+005    0.149457251011E-002
    0.967520000000E+005    0.149592113346E-002
    0.968020000000E+005    0.149726966902E-002
    0.968520000000E+005    0.149861811596E-002
    0.969020000000E+005    0.149996647340E-002
    0.969520000000E+005    0.150131474051E-002
    0.970020000000E+005    0.150266291643E-002
    0.970520000000E+005    0.150401100031E-002
    0.971020000000E+005    0.150535899130E-002
    0.971520000000E+005    0.150670688856E-002
    0.972020000000E+005    0.150805469123E-002
    0.972520000000E+005    0.150940239847E-002
    0.973020000000E+005    0.151075000944E-002
    0.973520000000E+005    0.151209752329E-002
    0.974020000000E+005    0.151344493918E-002
    0.974520000000E+005    0.151479225627E-002
    0.975020000000E+005    0.151613947372E-002
    0.975520000000E+005    0.151748659069E-002
    0.976020000000E+005    0.151883360634E-002
    0.976520000000E+005    0.152018051984E-002
    0.977020000000E+005    0.152152733035E-002
    0.977520000000E+005    0.152287403703E-002
    0.978020000000E+005    0.152422063905E-002
    0.978520000000E+005    0.152556713558E-002
    0.979020000000E+005    0.152691352579E-002
    0.979520000000E+005    0.152825980884E-002
    0.980020000000E+005    0.152960598391E-002
    0.980520000000E+005    0.153095205017E-002
    0.981020000000E+005    0.153229800679E-002
    0.981520000000E+005    0.153364385295E-002
    0.982020000000E+005    0.153498958782E-002
    0.982520000000E+005    0.153633521058E-002
    0.983020000000E+005    0.153768072040E-002
    0.983520000000E+005    0.153902611646E-002
    0.984020000000E+005    0.154037139795E-002
    0.984520000000E+005    0.154171656404E-002
    0.985020000000E+005    0.154306161391E-002
    0.985520000000E+005    0.154440654675E-002
    0.986020000000E+005    0.154575136174E-002
    0.986520000000E+005    0.154709605807E-002
    0.987020000000E+005    0.154844063492E-002
    0.987520000000E+005    0.154978509148E-002
    0.988020000000E+005    0.155112942693E-002
    0.988520000000E+005    0.155247364047E-002
    0.989020000000E+005    0.155381773129E-002
    0.989520000000E+005    0.155516169858E-002
    0.990020000000E+005    0.155650554152E-002
    0.990520000000E+005    0.155784925932E-002
    0.991020000000E+005    0.155919285117E-002
    0.991520000000E+005    0.156053631626E-002
    0.992020000000E+005    0.156187965379E-002
    0.992520000000E+005    0.156322286296E-002
    0.993020000000E+005    0.156456594297E-002
    0.993520000000E+005    0.156590889301E-002
    0.994020000000E+005    0.156725171229E-002
    0.994520000000E+005    0.156859440001E-002
    0.995020000000E+005    0.156993695538E-002
    0.995520000000E+005    0.157127937759E-002
    0.996020000000E+005    0.157262166586E-002
    0.996520000000E+005    0.157396381939E-002
    0.997020000000E+005    0.157530583738E-002
    0.997520000000E+005    0.157664771905E-002
    0.998020000000E+005    0.157798946360E-002
    0.998520000000E+005    0.157933107025E-002
    0.999020000000E+005    0.158067253821E-002
    0.999520000000E+005    0.158201386668E-002
