TITLE = "0D Field KU"
VARIABLES = N ,"KU_Ha10Rem10Re500"
ZONE DATAPACKING = POINT
    0.200000000000E+001    0.224060554802E-040
    0.520000000000E+002    0.248032368984E-036
    0.102000000000E+003    0.976556636710E-030
    0.152000000000E+003    0.436789133488E-026
    0.202000000000E+003    0.129715153969E-023
    0.252000000000E+003    0.871257592651E-022
    0.302000000000E+003    0.227803031724E-020
    0.352000000000E+003    0.312878421225E-019
    0.402000000000E+003    0.271013650870E-018
    0.452000000000E+003    0.166675136953E-017
    0.502000000000E+003    0.788733895299E-017
    0.552000000000E+003    0.303914617724E-016
    0.602000000000E+003    0.993537716291E-016
    0.652000000000E+003    0.284141398198E-015
    0.702000000000E+003    0.727677903090E-015
    0.752000000000E+003    0.169927082342E-014
    0.802000000000E+003    0.367028461551E-014
    0.852000000000E+003    0.741646631364E-014
    0.902000000000E+003    0.141498926168E-013
    0.952000000000E+003    0.256825450592E-013
    0.100200000000E+004    0.446225568692E-013
    0.105200000000E+004    0.746032981261E-013
    0.110200000000E+004    0.120544729842E-012
    0.115200000000E+004    0.188945874145E-012
    0.120200000000E+004    0.288206776887E-012
    0.125200000000E+004    0.428977941447E-012
    0.130200000000E+004    0.624534899806E-012
    0.135200000000E+004    0.891175389941E-012
    0.140200000000E+004    0.124863653571E-011
    0.145200000000E+004    0.172052946313E-011
    0.150200000000E+004    0.233478891719E-011
    0.155200000000E+004    0.312413563177E-011
    0.160200000000E+004    0.412654937320E-011
    0.165200000000E+004    0.538575064880E-011
    0.170200000000E+004    0.695168907548E-011
    0.175200000000E+004    0.888103644224E-011
    0.180200000000E+004    0.112376826282E-010
    0.185200000000E+004    0.140932327420E-010
    0.190200000000E+004    0.175275041044E-010
    0.195200000000E+004    0.216290219720E-010
    0.200200000000E+004    0.264955131349E-010
    0.205200000000E+004    0.322343965893E-010
    0.210200000000E+004    0.389632703993E-010
    0.215200000000E+004    0.468103937398E-010
    0.220200000000E+004    0.559151631257E-010
    0.225200000000E+004    0.664285819900E-010
    0.230200000000E+004    0.785137230046E-010
    0.235200000000E+004    0.923461828127E-010
    0.240200000000E+004    0.108114529082E-009
    0.245200000000E+004    0.126020739884E-009
    0.250200000000E+004    0.146280635258E-009
    0.255200000000E+004    0.169124300547E-009
    0.260200000000E+004    0.194796500906E-009
    0.265200000000E+004    0.223557086438E-009
    0.270200000000E+004    0.255681387654E-009
    0.275200000000E+004    0.291460601210E-009
    0.280200000000E+004    0.331202166199E-009
    0.285200000000E+004    0.375230131411E-009
    0.290200000000E+004    0.423885513917E-009
    0.295200000000E+004    0.477526648963E-009
    0.300200000000E+004    0.536529530828E-009
    0.305200000000E+004    0.601288144117E-009
    0.310200000000E+004    0.672214785187E-009
    0.315200000000E+004    0.749740373671E-009
    0.320200000000E+004    0.834314754458E-009
    0.325200000000E+004    0.926406990724E-009
    0.330200000000E+004    0.102650564867E-008
    0.335200000000E+004    0.113511907435E-008
    0.340200000000E+004    0.125277566242E-008
    0.345200000000E+004    0.138002411638E-008
    0.350200000000E+004    0.151743369981E-008
    0.355200000000E+004    0.166559447839E-008
    0.360200000000E+004    0.182511755295E-008
    0.365200000000E+004    0.199663528425E-008
    0.370200000000E+004    0.218080151011E-008
    0.375200000000E+004    0.237829175585E-008
    0.380200000000E+004    0.258980343787E-008
    0.385200000000E+004    0.281605606042E-008
    0.390200000000E+004    0.305779140459E-008
    0.395200000000E+004    0.331577370931E-008
    0.400200000000E+004    0.359078984421E-008
    0.405200000000E+004    0.388364947492E-008
    0.410200000000E+004    0.419518522161E-008
    0.415200000000E+004    0.452625281156E-008
    0.420200000000E+004    0.487773122651E-008
    0.425200000000E+004    0.525052284448E-008
    0.430200000000E+004    0.564555357564E-008
    0.435200000000E+004    0.606377299138E-008
    0.440200000000E+004    0.650615444641E-008
    0.445200000000E+004    0.697369519395E-008
    0.450200000000E+004    0.746741649475E-008
    0.455200000000E+004    0.798836372105E-008
    0.460200000000E+004    0.853760645609E-008
    0.465200000000E+004    0.911623858965E-008
    0.470200000000E+004    0.972537840912E-008
    0.475200000000E+004    0.103661686854E-007
    0.480200000000E+004    0.110397767528E-007
    0.485200000000E+004    0.117473945829E-007
    0.490200000000E+004    0.124902388527E-007
    0.495200000000E+004    0.132695510084E-007
    0.500200000000E+004    0.140865973250E-007
    0.505200000000E+004    0.149426689631E-007
    0.510200000000E+004    0.158390820227E-007
    0.515200000000E+004    0.167771775933E-007
    0.520200000000E+004    0.177583217995E-007
    0.525200000000E+004    0.187839058406E-007
    0.530200000000E+004    0.198553460260E-007
    0.535200000000E+004    0.209740838057E-007
    0.540200000000E+004    0.221415857977E-007
    0.545200000000E+004    0.233593438123E-007
    0.550200000000E+004    0.246288748753E-007
    0.555200000000E+004    0.259517212482E-007
    0.560200000000E+004    0.273294504456E-007
    0.565200000000E+004    0.287636552474E-007
    0.570200000000E+004    0.302559537079E-007
    0.575200000000E+004    0.318079891594E-007
    0.580200000000E+004    0.334214302126E-007
    0.585200000000E+004    0.350979707560E-007
    0.590200000000E+004    0.368393299523E-007
    0.595200000000E+004    0.386472522348E-007
    0.600200000000E+004    0.405235073006E-007
    0.605200000000E+004    0.424698901022E-007
    0.610200000000E+004    0.444882208336E-007
    0.615200000000E+004    0.465803449139E-007
    0.620200000000E+004    0.487481329663E-007
    0.625200000000E+004    0.509934807956E-007
    0.630200000000E+004    0.533183093645E-007
    0.635200000000E+004    0.557245647689E-007
    0.640200000000E+004    0.582142182128E-007
    0.645200000000E+004    0.607892659807E-007
    0.650200000000E+004    0.634517294078E-007
    0.655200000000E+004    0.662036548457E-007
    0.660200000000E+004    0.690471136260E-007
    0.665200000000E+004    0.719842020197E-007
    0.670200000000E+004    0.750170411972E-007
    0.675200000000E+004    0.781477771867E-007
    0.680200000000E+004    0.813785808329E-007
    0.685200000000E+004    0.847116477548E-007
    0.690200000000E+004    0.881491983022E-007
    0.695200000000E+004    0.916934775079E-007
    0.700200000000E+004    0.953467550384E-007
    0.705200000000E+004    0.991113251406E-007
    0.710200000000E+004    0.102989506588E-006
    0.715200000000E+004    0.106983642624E-006
    0.720200000000E+004    0.111096100910E-006
    0.725200000000E+004    0.115329273469E-006
    0.730200000000E+004    0.119685576632E-006
    0.735200000000E+004    0.124167450979E-006
    0.740200000000E+004    0.128777361278E-006
    0.745200000000E+004    0.133517796426E-006
    0.750200000000E+004    0.138391269380E-006
    0.755200000000E+004    0.143400317094E-006
    0.760200000000E+004    0.148547500452E-006
    0.765200000000E+004    0.153835404203E-006
    0.770200000000E+004    0.159266636898E-006
    0.775200000000E+004    0.164843830824E-006
    0.780200000000E+004    0.170569641933E-006
    0.785200000000E+004    0.176446749778E-006
    0.790200000000E+004    0.182477857432E-006
    0.795200000000E+004    0.188665691421E-006
    0.800200000000E+004    0.195013001646E-006
    0.805200000000E+004    0.201522561310E-006
    0.810200000000E+004    0.208197166847E-006
    0.815200000000E+004    0.215039637849E-006
    0.820200000000E+004    0.222052816990E-006
    0.825200000000E+004    0.229239569953E-006
    0.830200000000E+004    0.236602785349E-006
    0.835200000000E+004    0.244145374639E-006
    0.840200000000E+004    0.251870272051E-006
    0.845200000000E+004    0.259780434500E-006
    0.850200000000E+004    0.267878841512E-006
    0.855200000000E+004    0.276168495139E-006
    0.860200000000E+004    0.284652419888E-006
    0.865200000000E+004    0.293333662636E-006
    0.870200000000E+004    0.302215292548E-006
    0.875200000000E+004    0.311300400994E-006
    0.880200000000E+004    0.320592101461E-006
    0.885200000000E+004    0.330093529470E-006
    0.890200000000E+004    0.339807842489E-006
    0.895200000000E+004    0.349738219851E-006
    0.900200000000E+004    0.359887862671E-006
    0.905200000000E+004    0.370259993763E-006
    0.910200000000E+004    0.380857857553E-006
    0.915200000000E+004    0.391684719996E-006
    0.920200000000E+004    0.402743868480E-006
    0.925200000000E+004    0.414038611743E-006
    0.930200000000E+004    0.425572279781E-006
    0.935200000000E+004    0.437348223761E-006
    0.940200000000E+004    0.449369815934E-006
    0.945200000000E+004    0.461640449551E-006
    0.950200000000E+004    0.474163538775E-006
    0.955200000000E+004    0.486942518591E-006
    0.960200000000E+004    0.499980844717E-006
    0.965200000000E+004    0.513281993511E-006
    0.970200000000E+004    0.526849461876E-006
    0.975200000000E+004    0.540686767177E-006
    0.980200000000E+004    0.554797447144E-006
    0.985200000000E+004    0.569185059786E-006
    0.990200000000E+004    0.583853183307E-006
    0.995200000000E+004    0.598805416010E-006
    0.100020000000E+005    0.614045376207E-006
    0.100520000000E+005    0.629576702131E-006
    0.101020000000E+005    0.645403051833E-006
    0.101520000000E+005    0.661528103097E-006
    0.102020000000E+005    0.677955553344E-006
    0.102520000000E+005    0.694689119540E-006
    0.103020000000E+005    0.711732538115E-006
    0.103520000000E+005    0.729089564862E-006
    0.104020000000E+005    0.746763974854E-006
    0.104520000000E+005    0.764759562344E-006
    0.105020000000E+005    0.783080140676E-006
    0.105520000000E+005    0.801729542186E-006
    0.106020000000E+005    0.820711618110E-006
    0.106520000000E+005    0.840030238493E-006
    0.107020000000E+005    0.859689292099E-006
    0.107520000000E+005    0.879692686315E-006
    0.108020000000E+005    0.900044347069E-006
    0.108520000000E+005    0.920748218730E-006
    0.109020000000E+005    0.941808264015E-006
    0.109520000000E+005    0.963228463895E-006
    0.110020000000E+005    0.985012817502E-006
    0.110520000000E+005    0.100716534203E-005
    0.111020000000E+005    0.102969007265E-005
    0.111520000000E+005    0.105259106241E-005
    0.112020000000E+005    0.107587238216E-005
    0.112520000000E+005    0.109953812045E-005
    0.113020000000E+005    0.112359238343E-005
    0.113520000000E+005    0.114803929476E-005
    0.114020000000E+005    0.117288299554E-005
    0.114520000000E+005    0.119812764417E-005
    0.115020000000E+005    0.122377741629E-005
    0.115520000000E+005    0.124983650467E-005
    0.116020000000E+005    0.127630911915E-005
    0.116520000000E+005    0.130319948652E-005
    0.117020000000E+005    0.133051185043E-005
    0.117520000000E+005    0.135825047131E-005
    0.118020000000E+005    0.138641962627E-005
    0.118520000000E+005    0.141502360900E-005
    0.119020000000E+005    0.144406672969E-005
    0.119520000000E+005    0.147355331493E-005
    0.120020000000E+005    0.150348770760E-005
    0.120520000000E+005    0.153387426684E-005
    0.121020000000E+005    0.156471736788E-005
    0.121520000000E+005    0.159602140202E-005
    0.122020000000E+005    0.162779077649E-005
    0.122520000000E+005    0.166002991437E-005
    0.123020000000E+005    0.169274325452E-005
    0.123520000000E+005    0.172593525143E-005
    0.124020000000E+005    0.175961037520E-005
    0.124520000000E+005    0.179377311141E-005
    0.125020000000E+005    0.182842796104E-005
    0.125520000000E+005    0.186357944038E-005
    0.126020000000E+005    0.189923208093E-005
    0.126520000000E+005    0.193539042932E-005
    0.127020000000E+005    0.197205904724E-005
    0.127520000000E+005    0.200924251128E-005
    0.128020000000E+005    0.204694541290E-005
    0.128520000000E+005    0.208517235834E-005
    0.129020000000E+005    0.212392796851E-005
    0.129520000000E+005    0.216321687889E-005
    0.130020000000E+005    0.220304373948E-005
    0.130520000000E+005    0.224341321469E-005
    0.131020000000E+005    0.228432998324E-005
    0.131520000000E+005    0.232579873807E-005
    0.132020000000E+005    0.236782418628E-005
    0.132520000000E+005    0.241041104900E-005
    0.133020000000E+005    0.245356406133E-005
    0.133520000000E+005    0.249728797226E-005
    0.134020000000E+005    0.254158754454E-005
    0.134520000000E+005    0.258646755467E-005
    0.135020000000E+005    0.263193279271E-005
    0.135520000000E+005    0.267798806229E-005
    0.136020000000E+005    0.272463818043E-005
    0.136520000000E+005    0.277188797754E-005
    0.137020000000E+005    0.281974229725E-005
    0.137520000000E+005    0.286820599640E-005
    0.138020000000E+005    0.291728394491E-005
    0.138520000000E+005    0.296698102571E-005
    0.139020000000E+005    0.301730213463E-005
    0.139520000000E+005    0.306825218035E-005
    0.140020000000E+005    0.311983608429E-005
    0.140520000000E+005    0.317205878052E-005
    0.141020000000E+005    0.322492521568E-005
    0.141520000000E+005    0.327844034891E-005
    0.142020000000E+005    0.333260915174E-005
    0.142520000000E+005    0.338743660802E-005
    0.143020000000E+005    0.344292771386E-005
    0.143520000000E+005    0.349908747749E-005
    0.144020000000E+005    0.355592091922E-005
    0.144520000000E+005    0.361343307134E-005
    0.145020000000E+005    0.367162897802E-005
    0.145520000000E+005    0.373051369525E-005
    0.146020000000E+005    0.379009229075E-005
    0.146520000000E+005    0.385036984389E-005
    0.147020000000E+005    0.391135144561E-005
    0.147520000000E+005    0.397304219831E-005
    0.148020000000E+005    0.403544721581E-005
    0.148520000000E+005    0.409857162324E-005
    0.149020000000E+005    0.416242055696E-005
    0.149520000000E+005    0.422699916447E-005
    0.150020000000E+005    0.429231260434E-005
    0.150520000000E+005    0.435836604614E-005
    0.151020000000E+005    0.442516467034E-005
    0.151520000000E+005    0.449271366824E-005
    0.152020000000E+005    0.456101824187E-005
    0.152520000000E+005    0.463008360396E-005
    0.153020000000E+005    0.469991497778E-005
    0.153520000000E+005    0.477051759712E-005
    0.154020000000E+005    0.484189670619E-005
    0.154520000000E+005    0.491405755953E-005
    0.155020000000E+005    0.498700542198E-005
    0.155520000000E+005    0.506074556852E-005
    0.156020000000E+005    0.513528328426E-005
    0.156520000000E+005    0.521062386434E-005
    0.157020000000E+005    0.528677261384E-005
    0.157520000000E+005    0.536373484769E-005
    0.158020000000E+005    0.544151589064E-005
    0.158520000000E+005    0.552012107713E-005
    0.159020000000E+005    0.559955575122E-005
    0.159520000000E+005    0.567982526656E-005
    0.160020000000E+005    0.576093498627E-005
    0.160520000000E+005    0.584289028286E-005
    0.161020000000E+005    0.592569653818E-005
    0.161520000000E+005    0.600935914332E-005
    0.162020000000E+005    0.609388349854E-005
    0.162520000000E+005    0.617927501319E-005
    0.163020000000E+005    0.626553910564E-005
    0.163520000000E+005    0.635268120321E-005
    0.164020000000E+005    0.644070674208E-005
    0.164520000000E+005    0.652962116724E-005
    0.165020000000E+005    0.661942993237E-005
    0.165520000000E+005    0.671013849983E-005
    0.166020000000E+005    0.680175234052E-005
    0.166520000000E+005    0.689427693383E-005
    0.167020000000E+005    0.698771776757E-005
    0.167520000000E+005    0.708208033790E-005
    0.168020000000E+005    0.717737014924E-005
    0.168520000000E+005    0.727359271424E-005
    0.169020000000E+005    0.737075355364E-005
    0.169520000000E+005    0.746885819625E-005
    0.170020000000E+005    0.756791217885E-005
    0.170520000000E+005    0.766792104613E-005
    0.171020000000E+005    0.776889035060E-005
    0.171520000000E+005    0.787082565254E-005
    0.172020000000E+005    0.797373251990E-005
    0.172520000000E+005    0.807761652829E-005
    0.173020000000E+005    0.818248326081E-005
    0.173520000000E+005    0.828833830809E-005
    0.174020000000E+005    0.839518726813E-005
    0.174520000000E+005    0.850303574626E-005
    0.175020000000E+005    0.861188935509E-005
    0.175520000000E+005    0.872175371440E-005
    0.176020000000E+005    0.883263445109E-005
    0.176520000000E+005    0.894453719912E-005
    0.177020000000E+005    0.905746759944E-005
    0.177520000000E+005    0.917143129990E-005
    0.178020000000E+005    0.928643395520E-005
    0.178520000000E+005    0.940248122680E-005
    0.179020000000E+005    0.951957878288E-005
    0.179520000000E+005    0.963773229824E-005
    0.180020000000E+005    0.975694745425E-005
    0.180520000000E+005    0.987722993878E-005
    0.181020000000E+005    0.999858544613E-005
    0.181520000000E+005    0.101210196770E-004
    0.182020000000E+005    0.102445383383E-004
    0.182520000000E+005    0.103691471432E-004
    0.183020000000E+005    0.104948518112E-004
    0.183520000000E+005    0.106216580676E-004
    0.184020000000E+005    0.107495716439E-004
    0.184520000000E+005    0.108785982776E-004
    0.185020000000E+005    0.110087437120E-004
    0.185520000000E+005    0.111400136962E-004
    0.186020000000E+005    0.112724139852E-004
    0.186520000000E+005    0.114059503395E-004
    0.187020000000E+005    0.115406285256E-004
    0.187520000000E+005    0.116764543151E-004
    0.188020000000E+005    0.118134334854E-004
    0.188520000000E+005    0.119515718193E-004
    0.189020000000E+005    0.120908751048E-004
    0.189520000000E+005    0.122313491355E-004
    0.190020000000E+005    0.123729997101E-004
    0.190520000000E+005    0.125158326324E-004
    0.191020000000E+005    0.126598537113E-004
    0.191520000000E+005    0.128050687611E-004
    0.192020000000E+005    0.129514836006E-004
    0.192520000000E+005    0.130991040540E-004
    0.193020000000E+005    0.132479359499E-004
    0.193520000000E+005    0.133979851221E-004
    0.194020000000E+005    0.135492574089E-004
    0.194520000000E+005    0.137017586534E-004
    0.195020000000E+005    0.138554947033E-004
    0.195520000000E+005    0.140104714108E-004
    0.196020000000E+005    0.141666946327E-004
    0.196520000000E+005    0.143241702300E-004
    0.197020000000E+005    0.144829040684E-004
    0.197520000000E+005    0.146429020177E-004
    0.198020000000E+005    0.148041699520E-004
    0.198520000000E+005    0.149667137496E-004
    0.199020000000E+005    0.151305392929E-004
    0.199520000000E+005    0.152956524684E-004
    0.200020000000E+005    0.154620591667E-004
    0.200520000000E+005    0.156297652821E-004
    0.201020000000E+005    0.157987767131E-004
    0.201520000000E+005    0.159690993618E-004
    0.202020000000E+005    0.161407391342E-004
    0.202520000000E+005    0.163137019399E-004
    0.203020000000E+005    0.164879936923E-004
    0.203520000000E+005    0.166636203084E-004
    0.204020000000E+005    0.168405877085E-004
    0.204520000000E+005    0.170189018168E-004
    0.205020000000E+005    0.171985685605E-004
    0.205520000000E+005    0.173795938704E-004
    0.206020000000E+005    0.175619836806E-004
    0.206520000000E+005    0.177457439284E-004
    0.207020000000E+005    0.179308805544E-004
    0.207520000000E+005    0.181173995021E-004
    0.208020000000E+005    0.183053067184E-004
    0.208520000000E+005    0.184946081530E-004
    0.209020000000E+005    0.186853097587E-004
    0.209520000000E+005    0.188774174912E-004
    0.210020000000E+005    0.190709373089E-004
    0.210520000000E+005    0.192658751732E-004
    0.211020000000E+005    0.194622370483E-004
    0.211520000000E+005    0.196600289008E-004
    0.212020000000E+005    0.198592567002E-004
    0.212520000000E+005    0.200599264186E-004
    0.213020000000E+005    0.202620440304E-004
    0.213520000000E+005    0.204656155127E-004
    0.214020000000E+005    0.206706468450E-004
    0.214520000000E+005    0.208771440091E-004
    0.215020000000E+005    0.210851129890E-004
    0.215520000000E+005    0.212945597713E-004
    0.216020000000E+005    0.215054903445E-004
    0.216520000000E+005    0.217179106994E-004
    0.217020000000E+005    0.219318268288E-004
    0.217520000000E+005    0.221472447278E-004
    0.218020000000E+005    0.223641703933E-004
    0.218520000000E+005    0.225826098240E-004
    0.219020000000E+005    0.228025690209E-004
    0.219520000000E+005    0.230240539864E-004
    0.220020000000E+005    0.232470707251E-004
    0.220520000000E+005    0.234716252431E-004
    0.221020000000E+005    0.236977235481E-004
    0.221520000000E+005    0.239253716499E-004
    0.222020000000E+005    0.241545755593E-004
    0.222520000000E+005    0.243853412889E-004
    0.223020000000E+005    0.246176748530E-004
    0.223520000000E+005    0.248515822671E-004
    0.224020000000E+005    0.250870695479E-004
    0.224520000000E+005    0.253241427139E-004
    0.225020000000E+005    0.255628077846E-004
    0.225520000000E+005    0.258030707807E-004
    0.226020000000E+005    0.260449377242E-004
    0.226520000000E+005    0.262884146383E-004
    0.227020000000E+005    0.265335075472E-004
    0.227520000000E+005    0.267802224760E-004
    0.228020000000E+005    0.270285654511E-004
    0.228520000000E+005    0.272785424995E-004
    0.229020000000E+005    0.275301596495E-004
    0.229520000000E+005    0.277834229300E-004
    0.230020000000E+005    0.280383383706E-004
    0.230520000000E+005    0.282949120019E-004
    0.231020000000E+005    0.285531498551E-004
    0.231520000000E+005    0.288130579619E-004
    0.232020000000E+005    0.290746423550E-004
    0.232520000000E+005    0.293379090672E-004
    0.233020000000E+005    0.296028641323E-004
    0.233520000000E+005    0.298695135841E-004
    0.234020000000E+005    0.301378634571E-004
    0.234520000000E+005    0.304079197862E-004
    0.235020000000E+005    0.306796886064E-004
    0.235520000000E+005    0.309531759534E-004
    0.236020000000E+005    0.312283878627E-004
    0.236520000000E+005    0.315053303702E-004
    0.237020000000E+005    0.317840095119E-004
    0.237520000000E+005    0.320644313241E-004
    0.238020000000E+005    0.323466018428E-004
    0.238520000000E+005    0.326305271044E-004
    0.239020000000E+005    0.329162131449E-004
    0.239520000000E+005    0.332036660006E-004
    0.240020000000E+005    0.334928917074E-004
    0.240520000000E+005    0.337838963012E-004
    0.241020000000E+005    0.340766858175E-004
    0.241520000000E+005    0.343712662918E-004
    0.242020000000E+005    0.346676437592E-004
    0.242520000000E+005    0.349658242544E-004
    0.243020000000E+005    0.352658138118E-004
    0.243520000000E+005    0.355676184653E-004
    0.244020000000E+005    0.358712442485E-004
    0.244520000000E+005    0.361766971943E-004
    0.245020000000E+005    0.364839833352E-004
    0.245520000000E+005    0.367931087030E-004
    0.246020000000E+005    0.371040793288E-004
    0.246520000000E+005    0.374169012433E-004
    0.247020000000E+005    0.377315804763E-004
    0.247520000000E+005    0.380481230567E-004
    0.248020000000E+005    0.383665350129E-004
    0.248520000000E+005    0.386868223722E-004
    0.249020000000E+005    0.390089911612E-004
    0.249520000000E+005    0.393330474055E-004
    0.250020000000E+005    0.396589971297E-004
    0.250520000000E+005    0.399868463575E-004
    0.251020000000E+005    0.403166011113E-004
    0.251520000000E+005    0.406482674127E-004
    0.252020000000E+005    0.409818512821E-004
    0.252520000000E+005    0.413173587387E-004
    0.253020000000E+005    0.416547958004E-004
    0.253520000000E+005    0.419941684840E-004
    0.254020000000E+005    0.423354828050E-004
    0.254520000000E+005    0.426787447774E-004
    0.255020000000E+005    0.430239604141E-004
    0.255520000000E+005    0.433711357263E-004
    0.256020000000E+005    0.437202767241E-004
    0.256520000000E+005    0.440713894158E-004
    0.257020000000E+005    0.444244798083E-004
    0.257520000000E+005    0.447795539071E-004
    0.258020000000E+005    0.451366177158E-004
    0.258520000000E+005    0.454956772366E-004
    0.259020000000E+005    0.458567384700E-004
    0.259520000000E+005    0.462198074146E-004
    0.260020000000E+005    0.465848900674E-004
    0.260520000000E+005    0.469519924237E-004
    0.261020000000E+005    0.473211204768E-004
    0.261520000000E+005    0.476922802183E-004
    0.262020000000E+005    0.480654776377E-004
    0.262520000000E+005    0.484407187228E-004
    0.263020000000E+005    0.488180094592E-004
    0.263520000000E+005    0.491973558307E-004
    0.264020000000E+005    0.495787638189E-004
    0.264520000000E+005    0.499622394033E-004
    0.265020000000E+005    0.503477885616E-004
    0.265520000000E+005    0.507354172688E-004
    0.266020000000E+005    0.511251314983E-004
    0.266520000000E+005    0.515169372208E-004
    0.267020000000E+005    0.519108404050E-004
    0.267520000000E+005    0.523068470173E-004
    0.268020000000E+005    0.527049630216E-004
    0.268520000000E+005    0.531051943796E-004
    0.269020000000E+005    0.535075470506E-004
    0.269520000000E+005    0.539120269913E-004
    0.270020000000E+005    0.543186401561E-004
    0.270520000000E+005    0.547273924968E-004
    0.271020000000E+005    0.551382899627E-004
    0.271520000000E+005    0.555513385005E-004
    0.272020000000E+005    0.559665440543E-004
    0.272520000000E+005    0.563839125657E-004
    0.273020000000E+005    0.568034499734E-004
    0.273520000000E+005    0.572251622135E-004
    0.274020000000E+005    0.576490552194E-004
    0.274520000000E+005    0.580751349216E-004
    0.275020000000E+005    0.585034072479E-004
    0.275520000000E+005    0.589338781231E-004
    0.276020000000E+005    0.593665534695E-004
    0.276520000000E+005    0.598014392061E-004
    0.277020000000E+005    0.602385412490E-004
    0.277520000000E+005    0.606778655117E-004
    0.278020000000E+005    0.611194179042E-004
    0.278520000000E+005    0.615632043337E-004
    0.279020000000E+005    0.620092307045E-004
    0.279520000000E+005    0.624575029174E-004
    0.280020000000E+005    0.629080268704E-004
    0.280520000000E+005    0.633608084583E-004
    0.281020000000E+005    0.638158535725E-004
    0.281520000000E+005    0.642731681013E-004
    0.282020000000E+005    0.647327579298E-004
    0.282520000000E+005    0.651946289398E-004
    0.283020000000E+005    0.656587870096E-004
    0.283520000000E+005    0.661252380144E-004
    0.284020000000E+005    0.665939878259E-004
    0.284520000000E+005    0.670650423123E-004
    0.285020000000E+005    0.675384073386E-004
    0.285520000000E+005    0.680140887659E-004
    0.286020000000E+005    0.684920924524E-004
    0.286520000000E+005    0.689724242522E-004
    0.287020000000E+005    0.694550900161E-004
    0.287520000000E+005    0.699400955914E-004
    0.288020000000E+005    0.704274468216E-004
    0.288520000000E+005    0.709171495466E-004
    0.289020000000E+005    0.714092096026E-004
    0.289520000000E+005    0.719036328221E-004
    0.290020000000E+005    0.724004250339E-004
    0.290520000000E+005    0.728995920631E-004
    0.291020000000E+005    0.734011397307E-004
    0.291520000000E+005    0.739050738543E-004
    0.292020000000E+005    0.744114002473E-004
    0.292520000000E+005    0.749201247193E-004
    0.293020000000E+005    0.754312530762E-004
    0.293520000000E+005    0.759447911196E-004
    0.294020000000E+005    0.764607446475E-004
    0.294520000000E+005    0.769791194536E-004
    0.295020000000E+005    0.774999213277E-004
    0.295520000000E+005    0.780231560556E-004
    0.296020000000E+005    0.785488294190E-004
    0.296520000000E+005    0.790769471955E-004
    0.297020000000E+005    0.796075151583E-004
    0.297520000000E+005    0.801405390770E-004
    0.298020000000E+005    0.806760247164E-004
    0.298520000000E+005    0.812139778375E-004
    0.299020000000E+005    0.817544041969E-004
    0.299520000000E+005    0.822973095470E-004
    0.300020000000E+005    0.828426996358E-004
    0.300520000000E+005    0.833905802071E-004
    0.301020000000E+005    0.839409570002E-004
    0.301520000000E+005    0.844938357501E-004
    0.302020000000E+005    0.850492221876E-004
    0.302520000000E+005    0.856071220387E-004
    0.303020000000E+005    0.861675410252E-004
    0.303520000000E+005    0.867304848644E-004
    0.304020000000E+005    0.872959592690E-004
    0.304520000000E+005    0.878639699473E-004
    0.305020000000E+005    0.884345226028E-004
    0.305520000000E+005    0.890076229348E-004
    0.306020000000E+005    0.895832766376E-004
    0.306520000000E+005    0.901614894012E-004
    0.307020000000E+005    0.907422669107E-004
    0.307520000000E+005    0.913256148467E-004
    0.308020000000E+005    0.919115388849E-004
    0.308520000000E+005    0.925000446965E-004
    0.309020000000E+005    0.930911379478E-004
    0.309520000000E+005    0.936848243003E-004
    0.310020000000E+005    0.942811094108E-004
    0.310520000000E+005    0.948799989313E-004
    0.311020000000E+005    0.954814985087E-004
    0.311520000000E+005    0.960856137853E-004
    0.312020000000E+005    0.966923503984E-004
    0.312520000000E+005    0.973017139803E-004
    0.313020000000E+005    0.979137101586E-004
    0.313520000000E+005    0.985283445556E-004
    0.314020000000E+005    0.991456227889E-004
    0.314520000000E+005    0.997655504708E-004
    0.315020000000E+005    0.100388133209E-003
    0.315520000000E+005    0.101013376605E-003
    0.316020000000E+005    0.101641286258E-003
    0.316520000000E+005    0.102271867758E-003
    0.317020000000E+005    0.102905126693E-003
    0.317520000000E+005    0.103541068645E-003
    0.318020000000E+005    0.104179699191E-003
    0.318520000000E+005    0.104821023901E-003
    0.319020000000E+005    0.105465048343E-003
    0.319520000000E+005    0.106111778078E-003
    0.320020000000E+005    0.106761218660E-003
    0.320520000000E+005    0.107413375641E-003
    0.321020000000E+005    0.108068254567E-003
    0.321520000000E+005    0.108725860975E-003
    0.322020000000E+005    0.109386200403E-003
    0.322520000000E+005    0.110049278377E-003
    0.323020000000E+005    0.110715100423E-003
    0.323520000000E+005    0.111383672058E-003
    0.324020000000E+005    0.112054998796E-003
    0.324520000000E+005    0.112729086143E-003
    0.325020000000E+005    0.113405939602E-003
    0.325520000000E+005    0.114085564670E-003
    0.326020000000E+005    0.114767966837E-003
    0.326520000000E+005    0.115453151588E-003
    0.327020000000E+005    0.116141124404E-003
    0.327520000000E+005    0.116831890758E-003
    0.328020000000E+005    0.117525456120E-003
    0.328520000000E+005    0.118221825952E-003
    0.329020000000E+005    0.118921005713E-003
    0.329520000000E+005    0.119623000852E-003
    0.330020000000E+005    0.120327816818E-003
    0.330520000000E+005    0.121035459049E-003
    0.331020000000E+005    0.121745932981E-003
    0.331520000000E+005    0.122459244042E-003
    0.332020000000E+005    0.123175397657E-003
    0.332520000000E+005    0.123894399241E-003
    0.333020000000E+005    0.124616254206E-003
    0.333520000000E+005    0.125340967959E-003
    0.334020000000E+005    0.126068545899E-003
    0.334520000000E+005    0.126798993420E-003
    0.335020000000E+005    0.127532315911E-003
    0.335520000000E+005    0.128268518753E-003
    0.336020000000E+005    0.129007607323E-003
    0.336520000000E+005    0.129749586992E-003
    0.337020000000E+005    0.130494463123E-003
    0.337520000000E+005    0.131242241076E-003
    0.338020000000E+005    0.131992926203E-003
    0.338520000000E+005    0.132746523850E-003
    0.339020000000E+005    0.133503039358E-003
    0.339520000000E+005    0.134262478062E-003
    0.340020000000E+005    0.135024845289E-003
    0.340520000000E+005    0.135790146362E-003
    0.341020000000E+005    0.136558386597E-003
    0.341520000000E+005    0.137329571305E-003
    0.342020000000E+005    0.138103705789E-003
    0.342520000000E+005    0.138880795347E-003
    0.343020000000E+005    0.139660845271E-003
    0.343520000000E+005    0.140443860847E-003
    0.344020000000E+005    0.141229847352E-003
    0.344520000000E+005    0.142018810062E-003
    0.345020000000E+005    0.142810754241E-003
    0.345520000000E+005    0.143605685152E-003
    0.346020000000E+005    0.144403608048E-003
    0.346520000000E+005    0.145204528177E-003
    0.347020000000E+005    0.146008450781E-003
    0.347520000000E+005    0.146815381096E-003
    0.348020000000E+005    0.147625324350E-003
    0.348520000000E+005    0.148438285766E-003
    0.349020000000E+005    0.149254270560E-003
    0.349520000000E+005    0.150073283943E-003
    0.350020000000E+005    0.150895331118E-003
    0.350520000000E+005    0.151720417282E-003
    0.351020000000E+005    0.152548547626E-003
    0.351520000000E+005    0.153379727334E-003
    0.352020000000E+005    0.154213961583E-003
    0.352520000000E+005    0.155051255546E-003
    0.353020000000E+005    0.155891614387E-003
    0.353520000000E+005    0.156735043264E-003
    0.354020000000E+005    0.157581547330E-003
    0.354520000000E+005    0.158431131728E-003
    0.355020000000E+005    0.159283801599E-003
    0.355520000000E+005    0.160139562074E-003
    0.356020000000E+005    0.160998418278E-003
    0.356520000000E+005    0.161860375331E-003
    0.357020000000E+005    0.162725438345E-003
    0.357520000000E+005    0.163593612425E-003
    0.358020000000E+005    0.164464902671E-003
    0.358520000000E+005    0.165339314175E-003
    0.359020000000E+005    0.166216852022E-003
    0.359520000000E+005    0.167097521292E-003
    0.360020000000E+005    0.167981327057E-003
    0.360520000000E+005    0.168868274383E-003
    0.361020000000E+005    0.169758368328E-003
    0.361520000000E+005    0.170651613944E-003
    0.362020000000E+005    0.171548016277E-003
    0.362520000000E+005    0.172447580365E-003
    0.363020000000E+005    0.173350311240E-003
    0.363520000000E+005    0.174256213927E-003
    0.364020000000E+005    0.175165293445E-003
    0.364520000000E+005    0.176077554804E-003
    0.365020000000E+005    0.176993003008E-003
    0.365520000000E+005    0.177911643057E-003
    0.366020000000E+005    0.178833479939E-003
    0.366520000000E+005    0.179758518640E-003
    0.367020000000E+005    0.180686764136E-003
    0.367520000000E+005    0.181618221397E-003
    0.368020000000E+005    0.182552895386E-003
    0.368520000000E+005    0.183490791059E-003
    0.369020000000E+005    0.184431913366E-003
    0.369520000000E+005    0.185376267249E-003
    0.370020000000E+005    0.186323857643E-003
    0.370520000000E+005    0.187274689477E-003
    0.371020000000E+005    0.188228767671E-003
    0.371520000000E+005    0.189186097141E-003
    0.372020000000E+005    0.190146682793E-003
    0.372520000000E+005    0.191110529527E-003
    0.373020000000E+005    0.192077642236E-003
    0.373520000000E+005    0.193048025808E-003
    0.374020000000E+005    0.194021685120E-003
    0.374520000000E+005    0.194998625045E-003
    0.375020000000E+005    0.195978850448E-003
    0.375520000000E+005    0.196962366186E-003
    0.376020000000E+005    0.197949177109E-003
    0.376520000000E+005    0.198939288062E-003
    0.377020000000E+005    0.199932703880E-003
    0.377520000000E+005    0.200929429393E-003
    0.378020000000E+005    0.201929469423E-003
    0.378520000000E+005    0.202932828784E-003
    0.379020000000E+005    0.203939512284E-003
    0.379520000000E+005    0.204949524724E-003
    0.380020000000E+005    0.205962870896E-003
    0.380520000000E+005    0.206979555587E-003
    0.381020000000E+005    0.207999583575E-003
    0.381520000000E+005    0.209022959632E-003
    0.382020000000E+005    0.210049688522E-003
    0.382520000000E+005    0.211079775002E-003
    0.383020000000E+005    0.212113223821E-003
    0.383520000000E+005    0.213150039721E-003
    0.384020000000E+005    0.214190227439E-003
    0.384520000000E+005    0.215233791701E-003
    0.385020000000E+005    0.216280737228E-003
    0.385520000000E+005    0.217331068733E-003
    0.386020000000E+005    0.218384790921E-003
    0.386520000000E+005    0.219441908492E-003
    0.387020000000E+005    0.220502426135E-003
    0.387520000000E+005    0.221566348536E-003
    0.388020000000E+005    0.222633680368E-003
    0.388520000000E+005    0.223704426303E-003
    0.389020000000E+005    0.224778591000E-003
    0.389520000000E+005    0.225856179114E-003
    0.390020000000E+005    0.226937195292E-003
    0.390520000000E+005    0.228021644173E-003
    0.391020000000E+005    0.229109530387E-003
    0.391520000000E+005    0.230200858560E-003
    0.392020000000E+005    0.231295633309E-003
    0.392520000000E+005    0.232393859241E-003
    0.393020000000E+005    0.233495540960E-003
    0.393520000000E+005    0.234600683060E-003
    0.394020000000E+005    0.235709290126E-003
    0.394520000000E+005    0.236821366740E-003
    0.395020000000E+005    0.237936917471E-003
    0.395520000000E+005    0.239055946885E-003
    0.396020000000E+005    0.240178459538E-003
    0.396520000000E+005    0.241304459979E-003
    0.397020000000E+005    0.242433952749E-003
    0.397520000000E+005    0.243566942383E-003
    0.398020000000E+005    0.244703433408E-003
    0.398520000000E+005    0.245843430341E-003
    0.399020000000E+005    0.246986937694E-003
    0.399520000000E+005    0.248133959971E-003
    0.400020000000E+005    0.249284501667E-003
    0.400520000000E+005    0.250438567271E-003
    0.401020000000E+005    0.251596161264E-003
    0.401520000000E+005    0.252757288119E-003
    0.402020000000E+005    0.253921952301E-003
    0.402520000000E+005    0.255090158268E-003
    0.403020000000E+005    0.256261910470E-003
    0.403520000000E+005    0.257437213349E-003
    0.404020000000E+005    0.258616071341E-003
    0.404520000000E+005    0.259798488872E-003
    0.405020000000E+005    0.260984470362E-003
    0.405520000000E+005    0.262174020223E-003
    0.406020000000E+005    0.263367142857E-003
    0.406520000000E+005    0.264563842663E-003
    0.407020000000E+005    0.265764124027E-003
    0.407520000000E+005    0.266967991332E-003
    0.408020000000E+005    0.268175448950E-003
    0.408520000000E+005    0.269386501245E-003
    0.409020000000E+005    0.270601152577E-003
    0.409520000000E+005    0.271819407294E-003
    0.410020000000E+005    0.273041269739E-003
    0.410520000000E+005    0.274266744245E-003
    0.411020000000E+005    0.275495835140E-003
    0.411520000000E+005    0.276728546741E-003
    0.412020000000E+005    0.277964883360E-003
    0.412520000000E+005    0.279204849300E-003
    0.413020000000E+005    0.280448448855E-003
    0.413520000000E+005    0.281695686314E-003
    0.414020000000E+005    0.282946565956E-003
    0.414520000000E+005    0.284201092051E-003
    0.415020000000E+005    0.285459268866E-003
    0.415520000000E+005    0.286721100654E-003
    0.416020000000E+005    0.287986591665E-003
    0.416520000000E+005    0.289255746139E-003
    0.417020000000E+005    0.290528568308E-003
    0.417520000000E+005    0.291805062397E-003
    0.418020000000E+005    0.293085232622E-003
    0.418520000000E+005    0.294369083193E-003
    0.419020000000E+005    0.295656618309E-003
    0.419520000000E+005    0.296947842165E-003
    0.420020000000E+005    0.298242758945E-003
    0.420520000000E+005    0.299541372825E-003
    0.421020000000E+005    0.300843687977E-003
    0.421520000000E+005    0.302149708560E-003
    0.422020000000E+005    0.303459438728E-003
    0.422520000000E+005    0.304772882627E-003
    0.423020000000E+005    0.306090044394E-003
    0.423520000000E+005    0.307410928159E-003
    0.424020000000E+005    0.308735538043E-003
    0.424520000000E+005    0.310063878159E-003
    0.425020000000E+005    0.311395952614E-003
    0.425520000000E+005    0.312731765505E-003
    0.426020000000E+005    0.314071320922E-003
    0.426520000000E+005    0.315414622947E-003
    0.427020000000E+005    0.316761675653E-003
    0.427520000000E+005    0.318112483105E-003
    0.428020000000E+005    0.319467049363E-003
    0.428520000000E+005    0.320825378474E-003
    0.429020000000E+005    0.322187474482E-003
    0.429520000000E+005    0.323553341420E-003
    0.430020000000E+005    0.324922983313E-003
    0.430520000000E+005    0.326296404180E-003
    0.431020000000E+005    0.327673608029E-003
    0.431520000000E+005    0.329054598862E-003
    0.432020000000E+005    0.330439380673E-003
    0.432520000000E+005    0.331827957448E-003
    0.433020000000E+005    0.333220333163E-003
    0.433520000000E+005    0.334616511788E-003
    0.434020000000E+005    0.336016497285E-003
    0.434520000000E+005    0.337420293606E-003
    0.435020000000E+005    0.338827904697E-003
    0.435520000000E+005    0.340239334495E-003
    0.436020000000E+005    0.341654586929E-003
    0.436520000000E+005    0.343073665920E-003
    0.437020000000E+005    0.344496575380E-003
    0.437520000000E+005    0.345923319215E-003
    0.438020000000E+005    0.347353901322E-003
    0.438520000000E+005    0.348788325587E-003
    0.439020000000E+005    0.350226595893E-003
    0.439520000000E+005    0.351668716112E-003
    0.440020000000E+005    0.353114690106E-003
    0.440520000000E+005    0.354564521734E-003
    0.441020000000E+005    0.356018214843E-003
    0.441520000000E+005    0.357475773272E-003
    0.442020000000E+005    0.358937200853E-003
    0.442520000000E+005    0.360402501410E-003
    0.443020000000E+005    0.361871678759E-003
    0.443520000000E+005    0.363344736706E-003
    0.444020000000E+005    0.364821679051E-003
    0.444520000000E+005    0.366302509585E-003
    0.445020000000E+005    0.367787232090E-003
    0.445520000000E+005    0.369275850342E-003
    0.446020000000E+005    0.370768368106E-003
    0.446520000000E+005    0.372264789142E-003
    0.447020000000E+005    0.373765117199E-003
    0.447520000000E+005    0.375269356020E-003
    0.448020000000E+005    0.376777509338E-003
    0.448520000000E+005    0.378289580879E-003
    0.449020000000E+005    0.379805574360E-003
    0.449520000000E+005    0.381325493492E-003
    0.450020000000E+005    0.382849341974E-003
    0.450520000000E+005    0.384377123500E-003
    0.451020000000E+005    0.385908841754E-003
    0.451520000000E+005    0.387444500414E-003
    0.452020000000E+005    0.388984103147E-003
    0.452520000000E+005    0.390527653613E-003
    0.453020000000E+005    0.392075155465E-003
    0.453520000000E+005    0.393626612347E-003
    0.454020000000E+005    0.395182027893E-003
    0.454520000000E+005    0.396741405731E-003
    0.455020000000E+005    0.398304749480E-003
    0.455520000000E+005    0.399872062750E-003
    0.456020000000E+005    0.401443349146E-003
    0.456520000000E+005    0.403018612260E-003
    0.457020000000E+005    0.404597855679E-003
    0.457520000000E+005    0.406181082982E-003
    0.458020000000E+005    0.407768297737E-003
    0.458520000000E+005    0.409359503506E-003
    0.459020000000E+005    0.410954703843E-003
    0.459520000000E+005    0.412553902292E-003
    0.460020000000E+005    0.414157102390E-003
    0.460520000000E+005    0.415764307665E-003
    0.461020000000E+005    0.417375521639E-003
    0.461520000000E+005    0.418990747822E-003
    0.462020000000E+005    0.420609989719E-003
    0.462520000000E+005    0.422233250825E-003
    0.463020000000E+005    0.423860534627E-003
    0.463520000000E+005    0.425491844605E-003
    0.464020000000E+005    0.427127184228E-003
    0.464520000000E+005    0.428766556960E-003
    0.465020000000E+005    0.430409966254E-003
    0.465520000000E+005    0.432057415557E-003
    0.466020000000E+005    0.433708908306E-003
    0.466520000000E+005    0.435364447931E-003
    0.467020000000E+005    0.437024037852E-003
    0.467520000000E+005    0.438687681482E-003
    0.468020000000E+005    0.440355382227E-003
    0.468520000000E+005    0.442027143481E-003
    0.469020000000E+005    0.443702968634E-003
    0.469520000000E+005    0.445382861065E-003
    0.470020000000E+005    0.447066824144E-003
    0.470520000000E+005    0.448754861237E-003
    0.471020000000E+005    0.450446975697E-003
    0.471520000000E+005    0.452143170870E-003
    0.472020000000E+005    0.453843450096E-003
    0.472520000000E+005    0.455547816704E-003
    0.473020000000E+005    0.457256274015E-003
    0.473520000000E+005    0.458968825344E-003
    0.474020000000E+005    0.460685473995E-003
    0.474520000000E+005    0.462406223265E-003
    0.475020000000E+005    0.464131076443E-003
    0.475520000000E+005    0.465860036809E-003
    0.476020000000E+005    0.467593107634E-003
    0.476520000000E+005    0.469330292183E-003
    0.477020000000E+005    0.471071593711E-003
    0.477520000000E+005    0.472817015464E-003
    0.478020000000E+005    0.474566560681E-003
    0.478520000000E+005    0.476320232594E-003
    0.479020000000E+005    0.478078034423E-003
    0.479520000000E+005    0.479839969383E-003
    0.480020000000E+005    0.481606040679E-003
    0.480520000000E+005    0.483376251509E-003
    0.481020000000E+005    0.485150605060E-003
    0.481520000000E+005    0.486929104515E-003
    0.482020000000E+005    0.488711753044E-003
    0.482520000000E+005    0.490498553813E-003
    0.483020000000E+005    0.492289509976E-003
    0.483520000000E+005    0.494084624681E-003
    0.484020000000E+005    0.495883901067E-003
    0.484520000000E+005    0.497687342265E-003
    0.485020000000E+005    0.499494951396E-003
    0.485520000000E+005    0.501306731576E-003
    0.486020000000E+005    0.503122685910E-003
    0.486520000000E+005    0.504942817495E-003
    0.487020000000E+005    0.506767129420E-003
    0.487520000000E+005    0.508595624766E-003
    0.488020000000E+005    0.510428306607E-003
    0.488520000000E+005    0.512265178005E-003
    0.489020000000E+005    0.514106242016E-003
    0.489520000000E+005    0.515951501690E-003
    0.490020000000E+005    0.517800960063E-003
    0.490520000000E+005    0.519654620168E-003
    0.491020000000E+005    0.521512485028E-003
    0.491520000000E+005    0.523374557655E-003
    0.492020000000E+005    0.525240841057E-003
    0.492520000000E+005    0.527111338231E-003
    0.493020000000E+005    0.528986052166E-003
    0.493520000000E+005    0.530864985843E-003
    0.494020000000E+005    0.532748142236E-003
    0.494520000000E+005    0.534635524307E-003
    0.495020000000E+005    0.536527135015E-003
    0.495520000000E+005    0.538422977305E-003
    0.496020000000E+005    0.540323054119E-003
    0.496520000000E+005    0.542227368386E-003
    0.497020000000E+005    0.544135923029E-003
    0.497520000000E+005    0.546048720964E-003
    0.498020000000E+005    0.547965765096E-003
    0.498520000000E+005    0.549887058323E-003
    0.499020000000E+005    0.551812603535E-003
    0.499520000000E+005    0.553742403613E-003
    0.500020000000E+005    0.555676461430E-003
    0.500520000000E+005    0.557614779851E-003
    0.501020000000E+005    0.559557361731E-003
    0.501520000000E+005    0.561504209919E-003
    0.502020000000E+005    0.563455327255E-003
    0.502520000000E+005    0.565410716570E-003
    0.503020000000E+005    0.567370380686E-003
    0.503520000000E+005    0.569334322420E-003
    0.504020000000E+005    0.571302544577E-003
    0.504520000000E+005    0.573275049955E-003
    0.505020000000E+005    0.575251841344E-003
    0.505520000000E+005    0.577232921526E-003
    0.506020000000E+005    0.579218293274E-003
    0.506520000000E+005    0.581207959354E-003
    0.507020000000E+005    0.583201922520E-003
    0.507520000000E+005    0.585200185523E-003
    0.508020000000E+005    0.587202751102E-003
    0.508520000000E+005    0.589209621988E-003
    0.509020000000E+005    0.591220800906E-003
    0.509520000000E+005    0.593236290570E-003
    0.510020000000E+005    0.595256093687E-003
    0.510520000000E+005    0.597280212956E-003
    0.511020000000E+005    0.599308651067E-003
    0.511520000000E+005    0.601341410702E-003
    0.512020000000E+005    0.603378494534E-003
    0.512520000000E+005    0.605419905230E-003
    0.513020000000E+005    0.607465645445E-003
    0.513520000000E+005    0.609515717830E-003
    0.514020000000E+005    0.611570125023E-003
    0.514520000000E+005    0.613628869659E-003
    0.515020000000E+005    0.615691954360E-003
    0.515520000000E+005    0.617759381743E-003
    0.516020000000E+005    0.619831154414E-003
    0.516520000000E+005    0.621907274973E-003
    0.517020000000E+005    0.623987746011E-003
    0.517520000000E+005    0.626072570110E-003
    0.518020000000E+005    0.628161749845E-003
    0.518520000000E+005    0.630255287781E-003
    0.519020000000E+005    0.632353186477E-003
    0.519520000000E+005    0.634455448481E-003
    0.520020000000E+005    0.636562076335E-003
    0.520520000000E+005    0.638673072572E-003
    0.521020000000E+005    0.640788439717E-003
    0.521520000000E+005    0.642908180286E-003
    0.522020000000E+005    0.645032296787E-003
    0.522520000000E+005    0.647160791720E-003
    0.523020000000E+005    0.649293667576E-003
    0.523520000000E+005    0.651430926840E-003
    0.524020000000E+005    0.653572571986E-003
    0.524520000000E+005    0.655718605481E-003
    0.525020000000E+005    0.657869029784E-003
    0.525520000000E+005    0.660023847344E-003
    0.526020000000E+005    0.662183060606E-003
    0.526520000000E+005    0.664346672001E-003
    0.527020000000E+005    0.666514683955E-003
    0.527520000000E+005    0.668687098887E-003
    0.528020000000E+005    0.670863919206E-003
    0.528520000000E+005    0.673045147311E-003
    0.529020000000E+005    0.675230785597E-003
    0.529520000000E+005    0.677420836446E-003
    0.530020000000E+005    0.679615302237E-003
    0.530520000000E+005    0.681814185336E-003
    0.531020000000E+005    0.684017488103E-003
    0.531520000000E+005    0.686225212890E-003
    0.532020000000E+005    0.688437362041E-003
    0.532520000000E+005    0.690653937890E-003
    0.533020000000E+005    0.692874942764E-003
    0.533520000000E+005    0.695100378982E-003
    0.534020000000E+005    0.697330248855E-003
    0.534520000000E+005    0.699564554684E-003
    0.535020000000E+005    0.701803298764E-003
    0.535520000000E+005    0.704046483381E-003
    0.536020000000E+005    0.706294110812E-003
    0.536520000000E+005    0.708546183327E-003
    0.537020000000E+005    0.710802703186E-003
    0.537520000000E+005    0.713063672644E-003
    0.538020000000E+005    0.715329093944E-003
    0.538520000000E+005    0.717598969324E-003
    0.539020000000E+005    0.719873301012E-003
    0.539520000000E+005    0.722152091228E-003
    0.540020000000E+005    0.724435342185E-003
    0.540520000000E+005    0.726723056086E-003
    0.541020000000E+005    0.729015235127E-003
    0.541520000000E+005    0.731311881496E-003
    0.542020000000E+005    0.733612997372E-003
    0.542520000000E+005    0.735918584926E-003
    0.543020000000E+005    0.738228646322E-003
    0.543520000000E+005    0.740543183714E-003
    0.544020000000E+005    0.742862199250E-003
    0.544520000000E+005    0.745185695067E-003
    0.545020000000E+005    0.747513673296E-003
    0.545520000000E+005    0.749846136059E-003
    0.546020000000E+005    0.752183085471E-003
    0.546520000000E+005    0.754524523638E-003
    0.547020000000E+005    0.756870452657E-003
    0.547520000000E+005    0.759220874618E-003
    0.548020000000E+005    0.761575791603E-003
    0.548520000000E+005    0.763935205685E-003
    0.549020000000E+005    0.766299118929E-003
    0.549520000000E+005    0.768667533393E-003
    0.550020000000E+005    0.771040451126E-003
    0.550520000000E+005    0.773417874168E-003
    0.551020000000E+005    0.775799804553E-003
    0.551520000000E+005    0.778186244304E-003
    0.552020000000E+005    0.780577195440E-003
    0.552520000000E+005    0.782972659967E-003
    0.553020000000E+005    0.785372639887E-003
    0.553520000000E+005    0.787777137191E-003
    0.554020000000E+005    0.790186153865E-003
    0.554520000000E+005    0.792599691883E-003
    0.555020000000E+005    0.795017753214E-003
    0.555520000000E+005    0.797440339818E-003
    0.556020000000E+005    0.799867453647E-003
    0.556520000000E+005    0.802299096643E-003
    0.557020000000E+005    0.804735270744E-003
    0.557520000000E+005    0.807175977876E-003
    0.558020000000E+005    0.809621219958E-003
    0.558520000000E+005    0.812070998903E-003
    0.559020000000E+005    0.814525316614E-003
    0.559520000000E+005    0.816984174985E-003
    0.560020000000E+005    0.819447575904E-003
    0.560520000000E+005    0.821915521250E-003
    0.561020000000E+005    0.824388012895E-003
    0.561520000000E+005    0.826865052700E-003
    0.562020000000E+005    0.829346642522E-003
    0.562520000000E+005    0.831832784207E-003
    0.563020000000E+005    0.834323479594E-003
    0.563520000000E+005    0.836818730514E-003
    0.564020000000E+005    0.839318538790E-003
    0.564520000000E+005    0.841822906236E-003
    0.565020000000E+005    0.844331834659E-003
    0.565520000000E+005    0.846845325858E-003
    0.566020000000E+005    0.849363381625E-003
    0.566520000000E+005    0.851886003740E-003
    0.567020000000E+005    0.854413193980E-003
    0.567520000000E+005    0.856944954111E-003
    0.568020000000E+005    0.859481285891E-003
    0.568520000000E+005    0.862022191071E-003
    0.569020000000E+005    0.864567671395E-003
    0.569520000000E+005    0.867117728596E-003
    0.570020000000E+005    0.869672364401E-003
    0.570520000000E+005    0.872231580529E-003
    0.571020000000E+005    0.874795378691E-003
    0.571520000000E+005    0.877363760590E-003
    0.572020000000E+005    0.879936727920E-003
    0.572520000000E+005    0.882514282368E-003
    0.573020000000E+005    0.885096425613E-003
    0.573520000000E+005    0.887683159326E-003
    0.574020000000E+005    0.890274485169E-003
    0.574520000000E+005    0.892870404799E-003
    0.575020000000E+005    0.895470919861E-003
    0.575520000000E+005    0.898076031995E-003
    0.576020000000E+005    0.900685742832E-003
    0.576520000000E+005    0.903300053995E-003
    0.577020000000E+005    0.905918967099E-003
    0.577520000000E+005    0.908542483753E-003
    0.578020000000E+005    0.911170605554E-003
    0.578520000000E+005    0.913803334095E-003
    0.579020000000E+005    0.916440670959E-003
    0.579520000000E+005    0.919082617722E-003
    0.580020000000E+005    0.921729175951E-003
    0.580520000000E+005    0.924380347207E-003
    0.581020000000E+005    0.927036133040E-003
    0.581520000000E+005    0.929696534996E-003
    0.582020000000E+005    0.932361554611E-003
    0.582520000000E+005    0.935031193412E-003
    0.583020000000E+005    0.937705452920E-003
    0.583520000000E+005    0.940384334647E-003
    0.584020000000E+005    0.943067840098E-003
    0.584520000000E+005    0.945755970770E-003
    0.585020000000E+005    0.948448728152E-003
    0.585520000000E+005    0.951146113723E-003
    0.586020000000E+005    0.953848128959E-003
    0.586520000000E+005    0.956554775323E-003
    0.587020000000E+005    0.959266054274E-003
    0.587520000000E+005    0.961981967260E-003
    0.588020000000E+005    0.964702515724E-003
    0.588520000000E+005    0.967427701099E-003
    0.589020000000E+005    0.970157524811E-003
    0.589520000000E+005    0.972891988280E-003
    0.590020000000E+005    0.975631092914E-003
    0.590520000000E+005    0.978374840116E-003
    0.591020000000E+005    0.981123231282E-003
    0.591520000000E+005    0.983876267798E-003
    0.592020000000E+005    0.986633951043E-003
    0.592520000000E+005    0.989396282389E-003
    0.593020000000E+005    0.992163263199E-003
    0.593520000000E+005    0.994934894829E-003
    0.594020000000E+005    0.997711178626E-003
    0.594520000000E+005    0.100049211593E-002
    0.595020000000E+005    0.100327770808E-002
    0.595520000000E+005    0.100606795639E-002
    0.596020000000E+005    0.100886286218E-002
    0.596520000000E+005    0.101166242676E-002
    0.597020000000E+005    0.101446665143E-002
    0.597520000000E+005    0.101727553749E-002
    0.598020000000E+005    0.102008908622E-002
    0.598520000000E+005    0.102290729890E-002
    0.599020000000E+005    0.102573017680E-002
    0.599520000000E+005    0.102855772118E-002
    0.600020000000E+005    0.103138993330E-002
    0.600520000000E+005    0.103422681440E-002
    0.601020000000E+005    0.103706836573E-002
    0.601520000000E+005    0.103991458850E-002
    0.602020000000E+005    0.104276548396E-002
    0.602520000000E+005    0.104562105331E-002
    0.603020000000E+005    0.104848129777E-002
    0.603520000000E+005    0.105134621852E-002
    0.604020000000E+005    0.105421581678E-002
    0.604520000000E+005    0.105709009371E-002
    0.605020000000E+005    0.105996905051E-002
    0.605520000000E+005    0.106285268834E-002
    0.606020000000E+005    0.106574100836E-002
    0.606520000000E+005    0.106863401172E-002
    0.607020000000E+005    0.107153169958E-002
    0.607520000000E+005    0.107443407307E-002
    0.608020000000E+005    0.107734113333E-002
    0.608520000000E+005    0.108025288147E-002
    0.609020000000E+005    0.108316931862E-002
    0.609520000000E+005    0.108609044588E-002
    0.610020000000E+005    0.108901626436E-002
    0.610520000000E+005    0.109194677514E-002
    0.611020000000E+005    0.109488197932E-002
    0.611520000000E+005    0.109782187797E-002
    0.612020000000E+005    0.110076647216E-002
    0.612520000000E+005    0.110371576295E-002
    0.613020000000E+005    0.110666975141E-002
    0.613520000000E+005    0.110962843857E-002
    0.614020000000E+005    0.111259182549E-002
    0.614520000000E+005    0.111555991318E-002
    0.615020000000E+005    0.111853270268E-002
    0.615520000000E+005    0.112151019500E-002
    0.616020000000E+005    0.112449239115E-002
    0.616520000000E+005    0.112747929214E-002
    0.617020000000E+005    0.113047089895E-002
    0.617520000000E+005    0.113346721258E-002
    0.618020000000E+005    0.113646823401E-002
    0.618520000000E+005    0.113947396420E-002
    0.619020000000E+005    0.114248440413E-002
    0.619520000000E+005    0.114549955474E-002
    0.620020000000E+005    0.114851941699E-002
    0.620520000000E+005    0.115154399182E-002
    0.621020000000E+005    0.115457328016E-002
    0.621520000000E+005    0.115760728294E-002
    0.622020000000E+005    0.116064600108E-002
    0.622520000000E+005    0.116368943549E-002
    0.623020000000E+005    0.116673758707E-002
    0.623520000000E+005    0.116979045673E-002
    0.624020000000E+005    0.117284804534E-002
    0.624520000000E+005    0.117591035380E-002
    0.625020000000E+005    0.117897738297E-002
    0.625520000000E+005    0.118204913372E-002
    0.626020000000E+005    0.118512560692E-002
    0.626520000000E+005    0.118820680341E-002
    0.627020000000E+005    0.119129272403E-002
    0.627520000000E+005    0.119438336963E-002
    0.628020000000E+005    0.119747874103E-002
    0.628520000000E+005    0.120057883905E-002
    0.629020000000E+005    0.120368366451E-002
    0.629520000000E+005    0.120679321822E-002
    0.630020000000E+005    0.120990750097E-002
    0.630520000000E+005    0.121302651356E-002
    0.631020000000E+005    0.121615025677E-002
    0.631520000000E+005    0.121927873138E-002
    0.632020000000E+005    0.122241193816E-002
    0.632520000000E+005    0.122554987787E-002
    0.633020000000E+005    0.122869255126E-002
    0.633520000000E+005    0.123183995908E-002
    0.634020000000E+005    0.123499210208E-002
    0.634520000000E+005    0.123814898098E-002
    0.635020000000E+005    0.124131059652E-002
    0.635520000000E+005    0.124447694940E-002
    0.636020000000E+005    0.124764804034E-002
    0.636520000000E+005    0.125082387005E-002
    0.637020000000E+005    0.125400443921E-002
    0.637520000000E+005    0.125718974852E-002
    0.638020000000E+005    0.126037979865E-002
    0.638520000000E+005    0.126357459029E-002
    0.639020000000E+005    0.126677412409E-002
    0.639520000000E+005    0.126997840072E-002
    0.640020000000E+005    0.127318742083E-002
    0.640520000000E+005    0.127640118506E-002
    0.641020000000E+005    0.127961969405E-002
    0.641520000000E+005    0.128284294843E-002
    0.642020000000E+005    0.128607094883E-002
    0.642520000000E+005    0.128930369584E-002
    0.643020000000E+005    0.129254119010E-002
    0.643520000000E+005    0.129578343219E-002
    0.644020000000E+005    0.129903042270E-002
    0.644520000000E+005    0.130228216224E-002
    0.645020000000E+005    0.130553865136E-002
    0.645520000000E+005    0.130879989065E-002
    0.646020000000E+005    0.131206588066E-002
    0.646520000000E+005    0.131533662197E-002
    0.647020000000E+005    0.131861211510E-002
    0.647520000000E+005    0.132189236062E-002
    0.648020000000E+005    0.132517735904E-002
    0.648520000000E+005    0.132846711091E-002
    0.649020000000E+005    0.133176161673E-002
    0.649520000000E+005    0.133506087703E-002
    0.650020000000E+005    0.133836489231E-002
    0.650520000000E+005    0.134167366307E-002
    0.651020000000E+005    0.134498718980E-002
    0.651520000000E+005    0.134830547299E-002
    0.652020000000E+005    0.135162851310E-002
    0.652520000000E+005    0.135495631062E-002
    0.653020000000E+005    0.135828886601E-002
    0.653520000000E+005    0.136162617971E-002
    0.654020000000E+005    0.136496825219E-002
    0.654520000000E+005    0.136831508387E-002
    0.655020000000E+005    0.137166667521E-002
    0.655520000000E+005    0.137502302661E-002
    0.656020000000E+005    0.137838413850E-002
    0.656520000000E+005    0.138175001130E-002
    0.657020000000E+005    0.138512064542E-002
    0.657520000000E+005    0.138849604123E-002
    0.658020000000E+005    0.139187619915E-002
    0.658520000000E+005    0.139526111956E-002
    0.659020000000E+005    0.139865080282E-002
    0.659520000000E+005    0.140204524932E-002
    0.660020000000E+005    0.140544445940E-002
    0.660520000000E+005    0.140884843344E-002
    0.661020000000E+005    0.141225717178E-002
    0.661520000000E+005    0.141567067475E-002
    0.662020000000E+005    0.141908894270E-002
    0.662520000000E+005    0.142251197595E-002
    0.663020000000E+005    0.142593977483E-002
    0.663520000000E+005    0.142937233963E-002
    0.664020000000E+005    0.143280967068E-002
    0.664520000000E+005    0.143625176827E-002
    0.665020000000E+005    0.143969863268E-002
    0.665520000000E+005    0.144315026422E-002
    0.666020000000E+005    0.144660666315E-002
    0.666520000000E+005    0.145006782974E-002
    0.667020000000E+005    0.145353376426E-002
    0.667520000000E+005    0.145700446697E-002
    0.668020000000E+005    0.146047993811E-002
    0.668520000000E+005    0.146396017794E-002
    0.669020000000E+005    0.146744518667E-002
    0.669520000000E+005    0.147093496455E-002
    0.670020000000E+005    0.147442951179E-002
    0.670520000000E+005    0.147792882861E-002
    0.671020000000E+005    0.148143291522E-002
    0.671520000000E+005    0.148494177181E-002
    0.672020000000E+005    0.148845539858E-002
    0.672520000000E+005    0.149197379573E-002
    0.673020000000E+005    0.149549696342E-002
    0.673520000000E+005    0.149902490183E-002
    0.674020000000E+005    0.150255761112E-002
    0.674520000000E+005    0.150609509146E-002
    0.675020000000E+005    0.150963734300E-002
    0.675520000000E+005    0.151318436588E-002
    0.676020000000E+005    0.151673616024E-002
    0.676520000000E+005    0.152029272621E-002
    0.677020000000E+005    0.152385406392E-002
    0.677520000000E+005    0.152742017348E-002
    0.678020000000E+005    0.153099105501E-002
    0.678520000000E+005    0.153456670860E-002
    0.679020000000E+005    0.153814713435E-002
    0.679520000000E+005    0.154173233236E-002
    0.680020000000E+005    0.154532230270E-002
    0.680520000000E+005    0.154891704546E-002
    0.681020000000E+005    0.155251656070E-002
    0.681520000000E+005    0.155612084848E-002
    0.682020000000E+005    0.155972990886E-002
    0.682520000000E+005    0.156334374189E-002
    0.683020000000E+005    0.156696234761E-002
    0.683520000000E+005    0.157058572605E-002
    0.684020000000E+005    0.157421387724E-002
    0.684520000000E+005    0.157784680121E-002
    0.685020000000E+005    0.158148449797E-002
    0.685520000000E+005    0.158512696752E-002
    0.686020000000E+005    0.158877420986E-002
    0.686520000000E+005    0.159242622500E-002
    0.687020000000E+005    0.159608301291E-002
    0.687520000000E+005    0.159974457358E-002
    0.688020000000E+005    0.160341090698E-002
    0.688520000000E+005    0.160708201307E-002
    0.689020000000E+005    0.161075789183E-002
    0.689520000000E+005    0.161443854319E-002
    0.690020000000E+005    0.161812396711E-002
    0.690520000000E+005    0.162181416353E-002
    0.691020000000E+005    0.162550913238E-002
    0.691520000000E+005    0.162920887358E-002
    0.692020000000E+005    0.163291338705E-002
    0.692520000000E+005    0.163662267272E-002
    0.693020000000E+005    0.164033673047E-002
    0.693520000000E+005    0.164405556022E-002
    0.694020000000E+005    0.164777916185E-002
    0.694520000000E+005    0.165150753526E-002
    0.695020000000E+005    0.165524068031E-002
    0.695520000000E+005    0.165897859689E-002
    0.696020000000E+005    0.166272128485E-002
    0.696520000000E+005    0.166646874406E-002
    0.697020000000E+005    0.167022097436E-002
    0.697520000000E+005    0.167397797561E-002
    0.698020000000E+005    0.167773974765E-002
    0.698520000000E+005    0.168150629030E-002
    0.699020000000E+005    0.168527760339E-002
    0.699520000000E+005    0.168905368674E-002
    0.700020000000E+005    0.169283454016E-002
    0.700520000000E+005    0.169662016346E-002
    0.701020000000E+005    0.170041055643E-002
    0.701520000000E+005    0.170420571887E-002
    0.702020000000E+005    0.170800565057E-002
    0.702520000000E+005    0.171181035130E-002
    0.703020000000E+005    0.171561982084E-002
    0.703520000000E+005    0.171943405895E-002
    0.704020000000E+005    0.172325306538E-002
    0.704520000000E+005    0.172707683991E-002
    0.705020000000E+005    0.173090538226E-002
    0.705520000000E+005    0.173473869218E-002
    0.706020000000E+005    0.173857676940E-002
    0.706520000000E+005    0.174241961365E-002
    0.707020000000E+005    0.174626722465E-002
    0.707520000000E+005    0.175011960211E-002
    0.708020000000E+005    0.175397674574E-002
    0.708520000000E+005    0.175783865523E-002
    0.709020000000E+005    0.176170533029E-002
    0.709520000000E+005    0.176557677059E-002
    0.710020000000E+005    0.176945297583E-002
    0.710520000000E+005    0.177333394566E-002
    0.711020000000E+005    0.177721967977E-002
    0.711520000000E+005    0.178111017780E-002
    0.712020000000E+005    0.178500543943E-002
    0.712520000000E+005    0.178890546428E-002
    0.713020000000E+005    0.179281025201E-002
    0.713520000000E+005    0.179671980225E-002
    0.714020000000E+005    0.180063411463E-002
    0.714520000000E+005    0.180455318876E-002
    0.715020000000E+005    0.180847702427E-002
    0.715520000000E+005    0.181240562077E-002
    0.716020000000E+005    0.181633897785E-002
    0.716520000000E+005    0.182027709511E-002
    0.717020000000E+005    0.182421997215E-002
    0.717520000000E+005    0.182816760854E-002
    0.718020000000E+005    0.183212000386E-002
    0.718520000000E+005    0.183607715769E-002
    0.719020000000E+005    0.184003906958E-002
    0.719520000000E+005    0.184400573910E-002
    0.720020000000E+005    0.184797716579E-002
    0.720520000000E+005    0.185195334920E-002
    0.721020000000E+005    0.185593428887E-002
    0.721520000000E+005    0.185991998432E-002
    0.722020000000E+005    0.186391043510E-002
    0.722520000000E+005    0.186790564070E-002
    0.723020000000E+005    0.187190560065E-002
    0.723520000000E+005    0.187591031446E-002
    0.724020000000E+005    0.187991978162E-002
    0.724520000000E+005    0.188393400162E-002
    0.725020000000E+005    0.188795297396E-002
    0.725520000000E+005    0.189197669811E-002
    0.726020000000E+005    0.189600517355E-002
    0.726520000000E+005    0.190003839975E-002
    0.727020000000E+005    0.190407637617E-002
    0.727520000000E+005    0.190811910226E-002
    0.728020000000E+005    0.191216657748E-002
    0.728520000000E+005    0.191621880126E-002
    0.729020000000E+005    0.192027577305E-002
    0.729520000000E+005    0.192433749226E-002
    0.730020000000E+005    0.192840395834E-002
    0.730520000000E+005    0.193247517069E-002
    0.731020000000E+005    0.193655112873E-002
    0.731520000000E+005    0.194063183186E-002
    0.732020000000E+005    0.194471727949E-002
    0.732520000000E+005    0.194880747099E-002
    0.733020000000E+005    0.195290240577E-002
    0.733520000000E+005    0.195700208319E-002
    0.734020000000E+005    0.196110650264E-002
    0.734520000000E+005    0.196521566348E-002
    0.735020000000E+005    0.196932956507E-002
    0.735520000000E+005    0.197344820677E-002
    0.736020000000E+005    0.197757158793E-002
    0.736520000000E+005    0.198169970788E-002
    0.737020000000E+005    0.198583256598E-002
    0.737520000000E+005    0.198997016153E-002
    0.738020000000E+005    0.199411249388E-002
    0.738520000000E+005    0.199825956234E-002
    0.739020000000E+005    0.200241136622E-002
    0.739520000000E+005    0.200656790482E-002
    0.740020000000E+005    0.201072917745E-002
    0.740520000000E+005    0.201489518339E-002
    0.741020000000E+005    0.201906592194E-002
    0.741520000000E+005    0.202324139238E-002
    0.742020000000E+005    0.202742159398E-002
    0.742520000000E+005    0.203160652601E-002
    0.743020000000E+005    0.203579618772E-002
    0.743520000000E+005    0.203999057839E-002
    0.744020000000E+005    0.204418969725E-002
    0.744520000000E+005    0.204839354356E-002
    0.745020000000E+005    0.205260211655E-002
    0.745520000000E+005    0.205681541545E-002
    0.746020000000E+005    0.206103343948E-002
    0.746520000000E+005    0.206525618788E-002
    0.747020000000E+005    0.206948365984E-002
    0.747520000000E+005    0.207371585458E-002
    0.748020000000E+005    0.207795277131E-002
    0.748520000000E+005    0.208219440920E-002
    0.749020000000E+005    0.208644076747E-002
    0.749520000000E+005    0.209069184527E-002
    0.750020000000E+005    0.209494764181E-002
    0.750520000000E+005    0.209920815624E-002
    0.751020000000E+005    0.210347338772E-002
    0.751520000000E+005    0.210774333543E-002
    0.752020000000E+005    0.211201799851E-002
    0.752520000000E+005    0.211629737611E-002
    0.753020000000E+005    0.212058146737E-002
    0.753520000000E+005    0.212487027143E-002
    0.754020000000E+005    0.212916378741E-002
    0.754520000000E+005    0.213346201443E-002
    0.755020000000E+005    0.213776495162E-002
    0.755520000000E+005    0.214207259808E-002
    0.756020000000E+005    0.214638495293E-002
    0.756520000000E+005    0.215070201525E-002
    0.757020000000E+005    0.215502378414E-002
    0.757520000000E+005    0.215935025869E-002
    0.758020000000E+005    0.216368143798E-002
    0.758520000000E+005    0.216801732108E-002
    0.759020000000E+005    0.217235790707E-002
    0.759520000000E+005    0.217670319500E-002
    0.760020000000E+005    0.218105318394E-002
    0.760520000000E+005    0.218540787293E-002
    0.761020000000E+005    0.218976726102E-002
    0.761520000000E+005    0.219413134725E-002
    0.762020000000E+005    0.219850013066E-002
    0.762520000000E+005    0.220287361026E-002
    0.763020000000E+005    0.220725178509E-002
    0.763520000000E+005    0.221163465415E-002
    0.764020000000E+005    0.221602221647E-002
    0.764520000000E+005    0.222041447104E-002
    0.765020000000E+005    0.222481141685E-002
    0.765520000000E+005    0.222921305291E-002
    0.766020000000E+005    0.223361937820E-002
    0.766520000000E+005    0.223803039170E-002
    0.767020000000E+005    0.224244609239E-002
    0.767520000000E+005    0.224686647922E-002
    0.768020000000E+005    0.225129155118E-002
    0.768520000000E+005    0.225572130720E-002
    0.769020000000E+005    0.226015574626E-002
    0.769520000000E+005    0.226459486728E-002
    0.770020000000E+005    0.226903866921E-002
    0.770520000000E+005    0.227348715099E-002
    0.771020000000E+005    0.227794031154E-002
    0.771520000000E+005    0.228239814978E-002
    0.772020000000E+005    0.228686066464E-002
    0.772520000000E+005    0.229132785501E-002
    0.773020000000E+005    0.229579971981E-002
    0.773520000000E+005    0.230027625794E-002
    0.774020000000E+005    0.230475746829E-002
    0.774520000000E+005    0.230924334974E-002
    0.775020000000E+005    0.231373390119E-002
    0.775520000000E+005    0.231822912149E-002
    0.776020000000E+005    0.232272900953E-002
    0.776520000000E+005    0.232723356418E-002
    0.777020000000E+005    0.233174278428E-002
    0.777520000000E+005    0.233625666869E-002
    0.778020000000E+005    0.234077521626E-002
    0.778520000000E+005    0.234529842583E-002
    0.779020000000E+005    0.234982629623E-002
    0.779520000000E+005    0.235435882631E-002
    0.780020000000E+005    0.235889601487E-002
    0.780520000000E+005    0.236343786075E-002
    0.781020000000E+005    0.236798436275E-002
    0.781520000000E+005    0.237253551968E-002
    0.782020000000E+005    0.237709133034E-002
    0.782520000000E+005    0.238165179353E-002
    0.783020000000E+005    0.238621690804E-002
    0.783520000000E+005    0.239078667265E-002
    0.784020000000E+005    0.239536108615E-002
    0.784520000000E+005    0.239994014730E-002
    0.785020000000E+005    0.240452385488E-002
    0.785520000000E+005    0.240911220765E-002
    0.786020000000E+005    0.241370520435E-002
    0.786520000000E+005    0.241830284376E-002
    0.787020000000E+005    0.242290512460E-002
    0.787520000000E+005    0.242751204562E-002
    0.788020000000E+005    0.243212360556E-002
    0.788520000000E+005    0.243673980313E-002
    0.789020000000E+005    0.244136063708E-002
    0.789520000000E+005    0.244598610610E-002
    0.790020000000E+005    0.245061620892E-002
    0.790520000000E+005    0.245525094424E-002
    0.791020000000E+005    0.245989031076E-002
    0.791520000000E+005    0.246453430717E-002
    0.792020000000E+005    0.246918293217E-002
    0.792520000000E+005    0.247383618445E-002
    0.793020000000E+005    0.247849406266E-002
    0.793520000000E+005    0.248315656550E-002
    0.794020000000E+005    0.248782369163E-002
    0.794520000000E+005    0.249249543970E-002
    0.795020000000E+005    0.249717180838E-002
    0.795520000000E+005    0.250185279632E-002
    0.796020000000E+005    0.250653840216E-002
    0.796520000000E+005    0.251122862454E-002
    0.797020000000E+005    0.251592346209E-002
    0.797520000000E+005    0.252062291345E-002
    0.798020000000E+005    0.252532697724E-002
    0.798520000000E+005    0.253003565207E-002
    0.799020000000E+005    0.253474893656E-002
    0.799520000000E+005    0.253946682931E-002
    0.800020000000E+005    0.254418932893E-002
    0.800520000000E+005    0.254891643401E-002
    0.801020000000E+005    0.255364814314E-002
    0.801520000000E+005    0.255838445490E-002
    0.802020000000E+005    0.256312536789E-002
    0.802520000000E+005    0.256787088066E-002
    0.803020000000E+005    0.257262099179E-002
    0.803520000000E+005    0.257737569984E-002
    0.804020000000E+005    0.258213500337E-002
    0.804520000000E+005    0.258689890093E-002
    0.805020000000E+005    0.259166739107E-002
    0.805520000000E+005    0.259644047233E-002
    0.806020000000E+005    0.260121814324E-002
    0.806520000000E+005    0.260600040234E-002
    0.807020000000E+005    0.261078724816E-002
    0.807520000000E+005    0.261557867920E-002
    0.808020000000E+005    0.262037469400E-002
    0.808520000000E+005    0.262517529104E-002
    0.809020000000E+005    0.262998046885E-002
    0.809520000000E+005    0.263479022591E-002
    0.810020000000E+005    0.263960456073E-002
    0.810520000000E+005    0.264442347178E-002
    0.811020000000E+005    0.264924695756E-002
    0.811520000000E+005    0.265407501653E-002
    0.812020000000E+005    0.265890764718E-002
    0.812520000000E+005    0.266374484796E-002
    0.813020000000E+005    0.266858661733E-002
    0.813520000000E+005    0.267343295376E-002
    0.814020000000E+005    0.267828385570E-002
    0.814520000000E+005    0.268313932158E-002
    0.815020000000E+005    0.268799934985E-002
    0.815520000000E+005    0.269286393894E-002
    0.816020000000E+005    0.269773308729E-002
    0.816520000000E+005    0.270260679331E-002
    0.817020000000E+005    0.270748505543E-002
    0.817520000000E+005    0.271236787206E-002
    0.818020000000E+005    0.271725524160E-002
    0.818520000000E+005    0.272214716247E-002
    0.819020000000E+005    0.272704363305E-002
    0.819520000000E+005    0.273194465174E-002
    0.820020000000E+005    0.273685021693E-002
    0.820520000000E+005    0.274176032700E-002
    0.821020000000E+005    0.274667498033E-002
    0.821520000000E+005    0.275159417528E-002
    0.822020000000E+005    0.275651791022E-002
    0.822520000000E+005    0.276144618353E-002
    0.823020000000E+005    0.276637899354E-002
    0.823520000000E+005    0.277131633861E-002
    0.824020000000E+005    0.277625821709E-002
    0.824520000000E+005    0.278120462732E-002
    0.825020000000E+005    0.278615556763E-002
    0.825520000000E+005    0.279111103635E-002
    0.826020000000E+005    0.279607103181E-002
    0.826520000000E+005    0.280103555233E-002
    0.827020000000E+005    0.280600459622E-002
    0.827520000000E+005    0.281097816179E-002
    0.828020000000E+005    0.281595624734E-002
    0.828520000000E+005    0.282093885118E-002
    0.829020000000E+005    0.282592597160E-002
    0.829520000000E+005    0.283091760688E-002
    0.830020000000E+005    0.283591375531E-002
    0.830520000000E+005    0.284091441517E-002
    0.831020000000E+005    0.284591958473E-002
    0.831520000000E+005    0.285092926226E-002
    0.832020000000E+005    0.285594344603E-002
    0.832520000000E+005    0.286096213428E-002
    0.833020000000E+005    0.286598532528E-002
    0.833520000000E+005    0.287101301727E-002
    0.834020000000E+005    0.287604520850E-002
    0.834520000000E+005    0.288108189720E-002
    0.835020000000E+005    0.288612308161E-002
    0.835520000000E+005    0.289116875994E-002
    0.836020000000E+005    0.289621893044E-002
    0.836520000000E+005    0.290127359130E-002
    0.837020000000E+005    0.290633274075E-002
    0.837520000000E+005    0.291139637699E-002
    0.838020000000E+005    0.291646449823E-002
    0.838520000000E+005    0.292153710266E-002
    0.839020000000E+005    0.292661418847E-002
    0.839520000000E+005    0.293169575386E-002
    0.840020000000E+005    0.293678179700E-002
    0.840520000000E+005    0.294187231607E-002
    0.841020000000E+005    0.294696730924E-002
    0.841520000000E+005    0.295206677469E-002
    0.842020000000E+005    0.295717071056E-002
    0.842520000000E+005    0.296227911503E-002
    0.843020000000E+005    0.296739198624E-002
    0.843520000000E+005    0.297250932233E-002
    0.844020000000E+005    0.297763112146E-002
    0.844520000000E+005    0.298275738176E-002
    0.845020000000E+005    0.298788810136E-002
    0.845520000000E+005    0.299302327839E-002
    0.846020000000E+005    0.299816291097E-002
    0.846520000000E+005    0.300330699722E-002
    0.847020000000E+005    0.300845553525E-002
    0.847520000000E+005    0.301360852317E-002
    0.848020000000E+005    0.301876595908E-002
    0.848520000000E+005    0.302392784108E-002
    0.849020000000E+005    0.302909416727E-002
    0.849520000000E+005    0.303426493572E-002
    0.850020000000E+005    0.303944014453E-002
    0.850520000000E+005    0.304461979176E-002
    0.851020000000E+005    0.304980387551E-002
    0.851520000000E+005    0.305499239383E-002
    0.852020000000E+005    0.306018534478E-002
    0.852520000000E+005    0.306538272643E-002
    0.853020000000E+005    0.307058453683E-002
    0.853520000000E+005    0.307579077403E-002
    0.854020000000E+005    0.308100143606E-002
    0.854520000000E+005    0.308621652098E-002
    0.855020000000E+005    0.309143602682E-002
    0.855520000000E+005    0.309665995160E-002
    0.856020000000E+005    0.310188829335E-002
    0.856520000000E+005    0.310712105009E-002
    0.857020000000E+005    0.311235821984E-002
    0.857520000000E+005    0.311759980060E-002
    0.858020000000E+005    0.312284579038E-002
    0.858520000000E+005    0.312809618718E-002
    0.859020000000E+005    0.313335098899E-002
    0.859520000000E+005    0.313861019382E-002
    0.860020000000E+005    0.314387379963E-002
    0.860520000000E+005    0.314914180443E-002
    0.861020000000E+005    0.315441420617E-002
    0.861520000000E+005    0.315969100283E-002
    0.862020000000E+005    0.316497219239E-002
    0.862520000000E+005    0.317025777280E-002
    0.863020000000E+005    0.317554774201E-002
    0.863520000000E+005    0.318084209799E-002
    0.864020000000E+005    0.318614083868E-002
    0.864520000000E+005    0.319144396202E-002
    0.865020000000E+005    0.319675146596E-002
    0.865520000000E+005    0.320206334842E-002
    0.866020000000E+005    0.320737960733E-002
    0.866520000000E+005    0.321270024062E-002
    0.867020000000E+005    0.321802524621E-002
    0.867520000000E+005    0.322335462202E-002
    0.868020000000E+005    0.322868836594E-002
    0.868520000000E+005    0.323402647590E-002
    0.869020000000E+005    0.323936894978E-002
    0.869520000000E+005    0.324471578549E-002
    0.870020000000E+005    0.325006698092E-002
    0.870520000000E+005    0.325542253395E-002
    0.871020000000E+005    0.326078244247E-002
    0.871520000000E+005    0.326614670434E-002
    0.872020000000E+005    0.327151531745E-002
    0.872520000000E+005    0.327688827967E-002
    0.873020000000E+005    0.328226558885E-002
    0.873520000000E+005    0.328764724286E-002
    0.874020000000E+005    0.329303323954E-002
    0.874520000000E+005    0.329842357676E-002
    0.875020000000E+005    0.330381825234E-002
    0.875520000000E+005    0.330921726414E-002
    0.876020000000E+005    0.331462060999E-002
    0.876520000000E+005    0.332002828772E-002
    0.877020000000E+005    0.332544029515E-002
    0.877520000000E+005    0.333085663012E-002
    0.878020000000E+005    0.333627729042E-002
    0.878520000000E+005    0.334170227388E-002
    0.879020000000E+005    0.334713157831E-002
    0.879520000000E+005    0.335256520151E-002
    0.880020000000E+005    0.335800314127E-002
    0.880520000000E+005    0.336344539539E-002
    0.881020000000E+005    0.336889196166E-002
    0.881520000000E+005    0.337434283787E-002
    0.882020000000E+005    0.337979802179E-002
    0.882520000000E+005    0.338525751121E-002
    0.883020000000E+005    0.339072130388E-002
    0.883520000000E+005    0.339618939759E-002
    0.884020000000E+005    0.340166179009E-002
    0.884520000000E+005    0.340713847913E-002
    0.885020000000E+005    0.341261946248E-002
    0.885520000000E+005    0.341810473788E-002
    0.886020000000E+005    0.342359430308E-002
    0.886520000000E+005    0.342908815581E-002
    0.887020000000E+005    0.343458629381E-002
    0.887520000000E+005    0.344008871481E-002
    0.888020000000E+005    0.344559541654E-002
    0.888520000000E+005    0.345110639671E-002
    0.889020000000E+005    0.345662165305E-002
    0.889520000000E+005    0.346214118327E-002
    0.890020000000E+005    0.346766498507E-002
    0.890520000000E+005    0.347319305617E-002
    0.891020000000E+005    0.347872539425E-002
    0.891520000000E+005    0.348426199701E-002
    0.892020000000E+005    0.348980286215E-002
    0.892520000000E+005    0.349534798735E-002
    0.893020000000E+005    0.350089737029E-002
    0.893520000000E+005    0.350645100865E-002
    0.894020000000E+005    0.351200890010E-002
    0.894520000000E+005    0.351757104230E-002
    0.895020000000E+005    0.352313743293E-002
    0.895520000000E+005    0.352870806964E-002
    0.896020000000E+005    0.353428295009E-002
    0.896520000000E+005    0.353986207192E-002
    0.897020000000E+005    0.354544543278E-002
    0.897520000000E+005    0.355103303032E-002
    0.898020000000E+005    0.355662486217E-002
    0.898520000000E+005    0.356222092597E-002
    0.899020000000E+005    0.356782121934E-002
    0.899520000000E+005    0.357342573990E-002
    0.900020000000E+005    0.357903448528E-002
    0.900520000000E+005    0.358464745310E-002
    0.901020000000E+005    0.359026464095E-002
    0.901520000000E+005    0.359588604646E-002
    0.902020000000E+005    0.360151166722E-002
    0.902520000000E+005    0.360714150082E-002
    0.903020000000E+005    0.361277554487E-002
    0.903520000000E+005    0.361841379695E-002
    0.904020000000E+005    0.362405625465E-002
    0.904520000000E+005    0.362970291555E-002
    0.905020000000E+005    0.363535377722E-002
    0.905520000000E+005    0.364100883724E-002
    0.906020000000E+005    0.364666809317E-002
    0.906520000000E+005    0.365233154258E-002
    0.907020000000E+005    0.365799918302E-002
    0.907520000000E+005    0.366367101206E-002
    0.908020000000E+005    0.366934702723E-002
    0.908520000000E+005    0.367502722610E-002
    0.909020000000E+005    0.368071160619E-002
    0.909520000000E+005    0.368640016505E-002
    0.910020000000E+005    0.369209290021E-002
    0.910520000000E+005    0.369778980920E-002
    0.911020000000E+005    0.370349088954E-002
    0.911520000000E+005    0.370919613876E-002
    0.912020000000E+005    0.371490555436E-002
    0.912520000000E+005    0.372061913387E-002
    0.913020000000E+005    0.372633687480E-002
    0.913520000000E+005    0.373205877463E-002
    0.914020000000E+005    0.373778483088E-002
    0.914520000000E+005    0.374351504104E-002
    0.915020000000E+005    0.374924940260E-002
    0.915520000000E+005    0.375498791304E-002
    0.916020000000E+005    0.376073056985E-002
    0.916520000000E+005    0.376647737051E-002
    0.917020000000E+005    0.377222831249E-002
    0.917520000000E+005    0.377798339327E-002
    0.918020000000E+005    0.378374261029E-002
    0.918520000000E+005    0.378950596104E-002
    0.919020000000E+005    0.379527344296E-002
    0.919520000000E+005    0.380104505352E-002
    0.920020000000E+005    0.380682079014E-002
    0.920520000000E+005    0.381260065030E-002
    0.921020000000E+005    0.381838463141E-002
    0.921520000000E+005    0.382417273093E-002
    0.922020000000E+005    0.382996494627E-002
    0.922520000000E+005    0.383576127488E-002
    0.923020000000E+005    0.384156171417E-002
    0.923520000000E+005    0.384736626157E-002
    0.924020000000E+005    0.385317491448E-002
    0.924520000000E+005    0.385898767033E-002
    0.925020000000E+005    0.386480452652E-002
    0.925520000000E+005    0.387062548045E-002
    0.926020000000E+005    0.387645052952E-002
    0.926520000000E+005    0.388227967113E-002
    0.927020000000E+005    0.388811290267E-002
    0.927520000000E+005    0.389395022153E-002
    0.928020000000E+005    0.389979162508E-002
    0.928520000000E+005    0.390563711071E-002
    0.929020000000E+005    0.391148667580E-002
    0.929520000000E+005    0.391734031771E-002
    0.930020000000E+005    0.392319803380E-002
    0.930520000000E+005    0.392905982145E-002
    0.931020000000E+005    0.393492567802E-002
    0.931520000000E+005    0.394079560084E-002
    0.932020000000E+005    0.394666958729E-002
    0.932520000000E+005    0.395254763469E-002
    0.933020000000E+005    0.395842974040E-002
    0.933520000000E+005    0.396431590176E-002
    0.934020000000E+005    0.397020611609E-002
    0.934520000000E+005    0.397610038073E-002
    0.935020000000E+005    0.398199869300E-002
    0.935520000000E+005    0.398790105024E-002
    0.936020000000E+005    0.399380744974E-002
    0.936520000000E+005    0.399971788883E-002
    0.937020000000E+005    0.400563236483E-002
    0.937520000000E+005    0.401155087503E-002
    0.938020000000E+005    0.401747341673E-002
    0.938520000000E+005    0.402339998725E-002
    0.939020000000E+005    0.402933058386E-002
    0.939520000000E+005    0.403526520386E-002
    0.940020000000E+005    0.404120384454E-002
    0.940520000000E+005    0.404714650318E-002
    0.941020000000E+005    0.405309317706E-002
    0.941520000000E+005    0.405904386345E-002
    0.942020000000E+005    0.406499855963E-002
    0.942520000000E+005    0.407095726285E-002
    0.943020000000E+005    0.407691997038E-002
    0.943520000000E+005    0.408288667949E-002
    0.944020000000E+005    0.408885738742E-002
    0.944520000000E+005    0.409483209143E-002
    0.945020000000E+005    0.410081078876E-002
    0.945520000000E+005    0.410679347666E-002
    0.946020000000E+005    0.411278015236E-002
    0.946520000000E+005    0.411877081311E-002
    0.947020000000E+005    0.412476545613E-002
    0.947520000000E+005    0.413076407864E-002
    0.948020000000E+005    0.413676667788E-002
    0.948520000000E+005    0.414277325107E-002
    0.949020000000E+005    0.414878379541E-002
    0.949520000000E+005    0.415479830812E-002
    0.950020000000E+005    0.416081678641E-002
    0.950520000000E+005    0.416683922748E-002
    0.951020000000E+005    0.417286562854E-002
    0.951520000000E+005    0.417889598677E-002
    0.952020000000E+005    0.418493029938E-002
    0.952520000000E+005    0.419096856355E-002
    0.953020000000E+005    0.419701077646E-002
    0.953520000000E+005    0.420305693531E-002
    0.954020000000E+005    0.420910703725E-002
    0.954520000000E+005    0.421516107947E-002
    0.955020000000E+005    0.422121905914E-002
    0.955520000000E+005    0.422728097342E-002
    0.956020000000E+005    0.423334681948E-002
    0.956520000000E+005    0.423941659447E-002
    0.957020000000E+005    0.424549029555E-002
    0.957520000000E+005    0.425156791986E-002
    0.958020000000E+005    0.425764946456E-002
    0.958520000000E+005    0.426373492679E-002
    0.959020000000E+005    0.426982430368E-002
    0.959520000000E+005    0.427591759237E-002
    0.960020000000E+005    0.428201479000E-002
    0.960520000000E+005    0.428811589369E-002
    0.961020000000E+005    0.429422090057E-002
    0.961520000000E+005    0.430032980775E-002
    0.962020000000E+005    0.430644261236E-002
    0.962520000000E+005    0.431255931150E-002
    0.963020000000E+005    0.431867990228E-002
    0.963520000000E+005    0.432480438182E-002
    0.964020000000E+005    0.433093274720E-002
    0.964520000000E+005    0.433706499554E-002
    0.965020000000E+005    0.434320112392E-002
    0.965520000000E+005    0.434934112943E-002
    0.966020000000E+005    0.435548500917E-002
    0.966520000000E+005    0.436163276021E-002
    0.967020000000E+005    0.436778437963E-002
    0.967520000000E+005    0.437393986451E-002
    0.968020000000E+005    0.438009921192E-002
    0.968520000000E+005    0.438626241893E-002
    0.969020000000E+005    0.439242948260E-002
    0.969520000000E+005    0.439860040000E-002
    0.970020000000E+005    0.440477516818E-002
    0.970520000000E+005    0.441095378419E-002
    0.971020000000E+005    0.441713624509E-002
    0.971520000000E+005    0.442332254792E-002
    0.972020000000E+005    0.442951268972E-002
    0.972520000000E+005    0.443570666754E-002
    0.973020000000E+005    0.444190447840E-002
    0.973520000000E+005    0.444810611934E-002
    0.974020000000E+005    0.445431158739E-002
    0.974520000000E+005    0.446052087957E-002
    0.975020000000E+005    0.446673399291E-002
    0.975520000000E+005    0.447295092441E-002
    0.976020000000E+005    0.447917167109E-002
    0.976520000000E+005    0.448539622997E-002
    0.977020000000E+005    0.449162459805E-002
    0.977520000000E+005    0.449785677232E-002
    0.978020000000E+005    0.450409274980E-002
    0.978520000000E+005    0.451033252747E-002
    0.979020000000E+005    0.451657610233E-002
    0.979520000000E+005    0.452282347137E-002
    0.980020000000E+005    0.452907463156E-002
    0.980520000000E+005    0.453532957990E-002
    0.981020000000E+005    0.454158831335E-002
    0.981520000000E+005    0.454785082890E-002
    0.982020000000E+005    0.455411712351E-002
    0.982520000000E+005    0.456038719415E-002
    0.983020000000E+005    0.456666103779E-002
    0.983520000000E+005    0.457293865137E-002
    0.984020000000E+005    0.457922003187E-002
    0.984520000000E+005    0.458550517623E-002
    0.985020000000E+005    0.459179408140E-002
    0.985520000000E+005    0.459808674432E-002
    0.986020000000E+005    0.460438316194E-002
    0.986520000000E+005    0.461068333120E-002
    0.987020000000E+005    0.461698724903E-002
    0.987520000000E+005    0.462329491237E-002
    0.988020000000E+005    0.462960631813E-002
    0.988520000000E+005    0.463592146325E-002
    0.989020000000E+005    0.464224034465E-002
    0.989520000000E+005    0.464856295924E-002
    0.990020000000E+005    0.465488930394E-002
    0.990520000000E+005    0.466121937566E-002
    0.991020000000E+005    0.466755317130E-002
    0.991520000000E+005    0.467389068778E-002
    0.992020000000E+005    0.468023192198E-002
    0.992520000000E+005    0.468657687081E-002
    0.993020000000E+005    0.469292553115E-002
    0.993520000000E+005    0.469927789991E-002
    0.994020000000E+005    0.470563397396E-002
    0.994520000000E+005    0.471199375019E-002
    0.995020000000E+005    0.471835722547E-002
    0.995520000000E+005    0.472472439669E-002
    0.996020000000E+005    0.473109526072E-002
    0.996520000000E+005    0.473746981442E-002
    0.997020000000E+005    0.474384805466E-002
    0.997520000000E+005    0.475022997830E-002
    0.998020000000E+005    0.475661558220E-002
    0.998520000000E+005    0.476300486322E-002
    0.999020000000E+005    0.476939781821E-002
    0.999520000000E+005    0.477579444402E-002
