TITLE = "0D Field KU"
VARIABLES = N ,"KU_Ha10Rem10Re1000"
ZONE DATAPACKING = POINT
    0.200000000000E+001    0.560151387005E-041
    0.520000000000E+002    0.620810094367E-037
    0.102000000000E+003    0.244638815559E-030
    0.152000000000E+003    0.109918294900E-026
    0.202000000000E+003    0.328199796406E-024
    0.252000000000E+003    0.221585593839E-022
    0.302000000000E+003    0.582173668786E-021
    0.352000000000E+003    0.803256684817E-020
    0.402000000000E+003    0.698829170081E-019
    0.452000000000E+003    0.431600324672E-018
    0.502000000000E+003    0.205073532792E-017
    0.552000000000E+003    0.793303719768E-017
    0.602000000000E+003    0.260329433423E-016
    0.652000000000E+003    0.747251803529E-016
    0.702000000000E+003    0.192046884447E-015
    0.752000000000E+003    0.449995056657E-015
    0.802000000000E+003    0.975131262829E-015
    0.852000000000E+003    0.197660532111E-014
    0.902000000000E+003    0.378249133297E-014
    0.952000000000E+003    0.688506973892E-014
    0.100200000000E+004    0.119954214837E-013
    0.105200000000E+004    0.201074496776E-013
    0.110200000000E+004    0.325712269566E-013
    0.115200000000E+004    0.511753883594E-013
    0.120200000000E+004    0.782381417468E-013
    0.125200000000E+004    0.116706341985E-012
    0.130200000000E+004    0.170261974863E-012
    0.135200000000E+004    0.243435330074E-012
    0.140200000000E+004    0.341724111549E-012
    0.145200000000E+004    0.471717734443E-012
    0.150200000000E+004    0.641226086041E-012
    0.155200000000E+004    0.859412073795E-012
    0.160200000000E+004    0.113692732717E-011
    0.165200000000E+004    0.148605044154E-011
    0.170200000000E+004    0.192082715849E-011
    0.175200000000E+004    0.245721189355E-011
    0.180200000000E+004    0.311321006166E-011
    0.185200000000E+004    0.390902071046E-011
    0.190200000000E+004    0.486717904365E-011
    0.195200000000E+004    0.601269849501E-011
    0.200200000000E+004    0.737321207987E-011
    0.205200000000E+004    0.897911277733E-011
    0.210200000000E+004    0.108636926804E-010
    0.215200000000E+004    0.130632806287E-010
    0.220200000000E+004    0.156173780488E-010
    0.225200000000E+004    0.185687927695E-010
    0.230200000000E+004    0.219637706475E-010
    0.235200000000E+004    0.258521249088E-010
    0.240200000000E+004    0.302873631773E-010
    0.245200000000E+004    0.353268121911E-010
    0.250200000000E+004    0.410317401706E-010
    0.255200000000E+004    0.474674767386E-010
    0.260200000000E+004    0.547035302482E-010
    0.265200000000E+004    0.628137023899E-010
    0.270200000000E+004    0.718762000074E-010
    0.275200000000E+004    0.819737441268E-010
    0.280200000000E+004    0.931936762751E-010
    0.285200000000E+004    0.105628062207E-009
    0.290200000000E+004    0.119373793144E-009
    0.295200000000E+004    0.134532684528E-009
    0.300200000000E+004    0.151211572224E-009
    0.305200000000E+004    0.169522406050E-009
    0.310200000000E+004    0.189582340558E-009
    0.315200000000E+004    0.211513823091E-009
    0.320200000000E+004    0.235444679202E-009
    0.325200000000E+004    0.261508195599E-009
    0.330200000000E+004    0.289843200806E-009
    0.335200000000E+004    0.320594143621E-009
    0.340200000000E+004    0.353911169369E-009
    0.345200000000E+004    0.389950193827E-009
    0.350200000000E+004    0.428872974718E-009
    0.355200000000E+004    0.470847180720E-009
    0.360200000000E+004    0.516046458075E-009
    0.365200000000E+004    0.564650494959E-009
    0.370200000000E+004    0.616845083814E-009
    0.375200000000E+004    0.672822181821E-009
    0.380200000000E+004    0.732779969586E-009
    0.385200000000E+004    0.796922907930E-009
    0.390200000000E+004    0.865461792650E-009
    0.395200000000E+004    0.938613807134E-009
    0.400200000000E+004    0.101660257284E-008
    0.405200000000E+004    0.109965819774E-008
    0.410200000000E+004    0.118801732303E-008
    0.415200000000E+004    0.128192316814E-008
    0.420200000000E+004    0.138162557443E-008
    0.425200000000E+004    0.148738104739E-008
    0.430200000000E+004    0.159945279720E-008
    0.435200000000E+004    0.171811077758E-008
    0.440200000000E+004    0.184363172271E-008
    0.445200000000E+004    0.197629918238E-008
    0.450200000000E+004    0.211640355556E-008
    0.455200000000E+004    0.226424212247E-008
    0.460200000000E+004    0.242011907559E-008
    0.465200000000E+004    0.258434554956E-008
    0.470200000000E+004    0.275723964987E-008
    0.475200000000E+004    0.293912648015E-008
    0.480200000000E+004    0.313033816790E-008
    0.485200000000E+004    0.333121388869E-008
    0.490200000000E+004    0.354209988871E-008
    0.495200000000E+004    0.376334950626E-008
    0.500200000000E+004    0.399532319206E-008
    0.505200000000E+004    0.423838852886E-008
    0.510200000000E+004    0.449292025018E-008
    0.515200000000E+004    0.475930025799E-008
    0.520200000000E+004    0.503791763922E-008
    0.525200000000E+004    0.532916868088E-008
    0.530200000000E+004    0.563345688371E-008
    0.535200000000E+004    0.595119297483E-008
    0.540200000000E+004    0.628279491927E-008
    0.545200000000E+004    0.662868793099E-008
    0.550200000000E+004    0.698930448325E-008
    0.555200000000E+004    0.736508431832E-008
    0.560200000000E+004    0.775647445632E-008
    0.565200000000E+004    0.816392920291E-008
    0.570200000000E+004    0.858791015576E-008
    0.575200000000E+004    0.902888620988E-008
    0.580200000000E+004    0.948733356205E-008
    0.585200000000E+004    0.996373571466E-008
    0.590200000000E+004    0.104585834791E-007
    0.595200000000E+004    0.109723749789E-007
    0.600200000000E+004    0.115056156520E-007
    0.605200000000E+004    0.120588182525E-007
    0.610200000000E+004    0.126325028511E-007
    0.615200000000E+004    0.132271968350E-007
    0.620200000000E+004    0.138434349060E-007
    0.625200000000E+004    0.144817590787E-007
    0.630200000000E+004    0.151427186781E-007
    0.635200000000E+004    0.158268703372E-007
    0.640200000000E+004    0.165347779938E-007
    0.645200000000E+004    0.172670128875E-007
    0.650200000000E+004    0.180241535551E-007
    0.655200000000E+004    0.188067858255E-007
    0.660200000000E+004    0.196155028141E-007
    0.665200000000E+004    0.204509049154E-007
    0.670200000000E+004    0.213135997962E-007
    0.675200000000E+004    0.222042023882E-007
    0.680200000000E+004    0.231233348811E-007
    0.685200000000E+004    0.240716267143E-007
    0.690200000000E+004    0.250497145693E-007
    0.695200000000E+004    0.260582423606E-007
    0.700200000000E+004    0.270978612261E-007
    0.705200000000E+004    0.281692295162E-007
    0.710200000000E+004    0.292730127832E-007
    0.715200000000E+004    0.304098837701E-007
    0.720200000000E+004    0.315805223993E-007
    0.725200000000E+004    0.327856157618E-007
    0.730200000000E+004    0.340258581055E-007
    0.735200000000E+004    0.353019508236E-007
    0.740200000000E+004    0.366146024416E-007
    0.745200000000E+004    0.379645286041E-007
    0.750200000000E+004    0.393524520605E-007
    0.755200000000E+004    0.407791026512E-007
    0.760200000000E+004    0.422452172928E-007
    0.765200000000E+004    0.437515399644E-007
    0.770200000000E+004    0.452988216936E-007
    0.775200000000E+004    0.468878205416E-007
    0.780200000000E+004    0.485193015886E-007
    0.785200000000E+004    0.501940369182E-007
    0.790200000000E+004    0.519128056005E-007
    0.795200000000E+004    0.536763936758E-007
    0.800200000000E+004    0.554855941378E-007
    0.805200000000E+004    0.573412069170E-007
    0.810200000000E+004    0.592440388640E-007
    0.815200000000E+004    0.611949037335E-007
    0.820200000000E+004    0.631946221670E-007
    0.825200000000E+004    0.652440216756E-007
    0.830200000000E+004    0.673439366219E-007
    0.835200000000E+004    0.694952082013E-007
    0.840200000000E+004    0.716986844233E-007
    0.845200000000E+004    0.739552200926E-007
    0.850200000000E+004    0.762656767911E-007
    0.855200000000E+004    0.786309228595E-007
    0.860200000000E+004    0.810518333787E-007
    0.865200000000E+004    0.835292901514E-007
    0.870200000000E+004    0.860641816825E-007
    0.875200000000E+004    0.886574031591E-007
    0.880200000000E+004    0.913098564301E-007
    0.885200000000E+004    0.940224499864E-007
    0.890200000000E+004    0.967960989401E-007
    0.895200000000E+004    0.996317250054E-007
    0.900200000000E+004    0.102530256479E-006
    0.905200000000E+004    0.105492628219E-006
    0.910200000000E+004    0.108519781626E-006
    0.915200000000E+004    0.111612664623E-006
    0.920200000000E+004    0.114772231630E-006
    0.925200000000E+004    0.117999443548E-006
    0.930200000000E+004    0.121295267732E-006
    0.935200000000E+004    0.124660677976E-006
    0.940200000000E+004    0.128096654485E-006
    0.945200000000E+004    0.131604183863E-006
    0.950200000000E+004    0.135184259083E-006
    0.955200000000E+004    0.138837879472E-006
    0.960200000000E+004    0.142566050686E-006
    0.965200000000E+004    0.146369784688E-006
    0.970200000000E+004    0.150250099725E-006
    0.975200000000E+004    0.154208020309E-006
    0.980200000000E+004    0.158244577191E-006
    0.985200000000E+004    0.162360807342E-006
    0.990200000000E+004    0.166557753931E-006
    0.995200000000E+004    0.170836466303E-006
    0.100020000000E+005    0.175197999955E-006
    0.100520000000E+005    0.179643416516E-006
    0.101020000000E+005    0.184173783723E-006
    0.101520000000E+005    0.188790175396E-006
    0.102020000000E+005    0.193493671417E-006
    0.102520000000E+005    0.198285357709E-006
    0.103020000000E+005    0.203166326211E-006
    0.103520000000E+005    0.208137674859E-006
    0.104020000000E+005    0.213200507560E-006
    0.104520000000E+005    0.218355934171E-006
    0.105020000000E+005    0.223605070478E-006
    0.105520000000E+005    0.228949038165E-006
    0.106020000000E+005    0.234388964798E-006
    0.106520000000E+005    0.239925983800E-006
    0.107020000000E+005    0.245561234427E-006
    0.107520000000E+005    0.251295861746E-006
    0.108020000000E+005    0.257131016614E-006
    0.108520000000E+005    0.263067855654E-006
    0.109020000000E+005    0.269107541229E-006
    0.109520000000E+005    0.275251241424E-006
    0.110020000000E+005    0.281500130014E-006
    0.110520000000E+005    0.287855386450E-006
    0.111020000000E+005    0.294318195826E-006
    0.111520000000E+005    0.300889748867E-006
    0.112020000000E+005    0.307571241898E-006
    0.112520000000E+005    0.314363876824E-006
    0.113020000000E+005    0.321268861108E-006
    0.113520000000E+005    0.328287407742E-006
    0.114020000000E+005    0.335420735231E-006
    0.114520000000E+005    0.342670067561E-006
    0.115020000000E+005    0.350036634183E-006
    0.115520000000E+005    0.357521669983E-006
    0.116020000000E+005    0.365126415266E-006
    0.116520000000E+005    0.372852115728E-006
    0.117020000000E+005    0.380700022436E-006
    0.117520000000E+005    0.388671391804E-006
    0.118020000000E+005    0.396767485564E-006
    0.118520000000E+005    0.404989570750E-006
    0.119020000000E+005    0.413338919669E-006
    0.119520000000E+005    0.421816809880E-006
    0.120020000000E+005    0.430424524170E-006
    0.120520000000E+005    0.439163350532E-006
    0.121020000000E+005    0.448034582143E-006
    0.121520000000E+005    0.457039517338E-006
    0.122020000000E+005    0.466179459589E-006
    0.122520000000E+005    0.475455717478E-006
    0.123020000000E+005    0.484869604677E-006
    0.123520000000E+005    0.494422439921E-006
    0.124020000000E+005    0.504115546989E-006
    0.124520000000E+005    0.513950254677E-006
    0.125020000000E+005    0.523927896779E-006
    0.125520000000E+005    0.534049812061E-006
    0.126020000000E+005    0.544317344242E-006
    0.126520000000E+005    0.554731841964E-006
    0.127020000000E+005    0.565294658773E-006
    0.127520000000E+005    0.576007153094E-006
    0.128020000000E+005    0.586870688208E-006
    0.128520000000E+005    0.597886632230E-006
    0.129020000000E+005    0.609056358086E-006
    0.129520000000E+005    0.620381243491E-006
    0.130020000000E+005    0.631862670924E-006
    0.130520000000E+005    0.643502027607E-006
    0.131020000000E+005    0.655300705481E-006
    0.131520000000E+005    0.667260101182E-006
    0.132020000000E+005    0.679381616016E-006
    0.132520000000E+005    0.691666655942E-006
    0.133020000000E+005    0.704116631544E-006
    0.133520000000E+005    0.716732958012E-006
    0.134020000000E+005    0.729517055116E-006
    0.134520000000E+005    0.742470347190E-006
    0.135020000000E+005    0.755594263099E-006
    0.135520000000E+005    0.768890236226E-006
    0.136020000000E+005    0.782359704440E-006
    0.136520000000E+005    0.796004110079E-006
    0.137020000000E+005    0.809824899927E-006
    0.137520000000E+005    0.823823525190E-006
    0.138020000000E+005    0.838001441476E-006
    0.138520000000E+005    0.852360108772E-006
    0.139020000000E+005    0.866900991420E-006
    0.139520000000E+005    0.881625558095E-006
    0.140020000000E+005    0.896535281784E-006
    0.140520000000E+005    0.911631639759E-006
    0.141020000000E+005    0.926916113560E-006
    0.141520000000E+005    0.942390188969E-006
    0.142020000000E+005    0.958055355992E-006
    0.142520000000E+005    0.973913108832E-006
    0.143020000000E+005    0.989964945873E-006
    0.143520000000E+005    0.100621236965E-005
    0.144020000000E+005    0.102265688685E-005
    0.144520000000E+005    0.103930000823E-005
    0.145020000000E+005    0.105614324868E-005
    0.145520000000E+005    0.107318812712E-005
    0.146020000000E+005    0.109043616655E-005
    0.146520000000E+005    0.110788889397E-005
    0.147020000000E+005    0.112554784038E-005
    0.147520000000E+005    0.114341454078E-005
    0.148020000000E+005    0.116149053411E-005
    0.148520000000E+005    0.117977736325E-005
    0.149020000000E+005    0.119827657501E-005
    0.149520000000E+005    0.121698972007E-005
    0.150020000000E+005    0.123591835300E-005
    0.150520000000E+005    0.125506403220E-005
    0.151020000000E+005    0.127442831992E-005
    0.151520000000E+005    0.129401278220E-005
    0.152020000000E+005    0.131381898888E-005
    0.152520000000E+005    0.133384851356E-005
    0.153020000000E+005    0.135410293359E-005
    0.153520000000E+005    0.137458383001E-005
    0.154020000000E+005    0.139529278761E-005
    0.154520000000E+005    0.141623139481E-005
    0.155020000000E+005    0.143740124373E-005
    0.155520000000E+005    0.145880393009E-005
    0.156020000000E+005    0.148044105327E-005
    0.156520000000E+005    0.150231421621E-005
    0.157020000000E+005    0.152442502544E-005
    0.157520000000E+005    0.154677509105E-005
    0.158020000000E+005    0.156936602663E-005
    0.158520000000E+005    0.159219944932E-005
    0.159020000000E+005    0.161527697973E-005
    0.159520000000E+005    0.163860024195E-005
    0.160020000000E+005    0.166217086351E-005
    0.160520000000E+005    0.168599047539E-005
    0.161020000000E+005    0.171006071196E-005
    0.161520000000E+005    0.173438321099E-005
    0.162020000000E+005    0.175895961360E-005
    0.162520000000E+005    0.178379156428E-005
    0.163020000000E+005    0.180888071083E-005
    0.163520000000E+005    0.183422870436E-005
    0.164020000000E+005    0.185983719928E-005
    0.164520000000E+005    0.188570785326E-005
    0.165020000000E+005    0.191184232720E-005
    0.165520000000E+005    0.193824228526E-005
    0.166020000000E+005    0.196490939477E-005
    0.166520000000E+005    0.199184532627E-005
    0.167020000000E+005    0.201905175345E-005
    0.167520000000E+005    0.204653035317E-005
    0.168020000000E+005    0.207428280539E-005
    0.168520000000E+005    0.210231079319E-005
    0.169020000000E+005    0.213061600273E-005
    0.169520000000E+005    0.215920012327E-005
    0.170020000000E+005    0.218806484706E-005
    0.170520000000E+005    0.221721186943E-005
    0.171020000000E+005    0.224664288869E-005
    0.171520000000E+005    0.227635960614E-005
    0.172020000000E+005    0.230636372606E-005
    0.172520000000E+005    0.233665695568E-005
    0.173020000000E+005    0.236724100515E-005
    0.173520000000E+005    0.239811758755E-005
    0.174020000000E+005    0.242928841884E-005
    0.174520000000E+005    0.246075521784E-005
    0.175020000000E+005    0.249251970626E-005
    0.175520000000E+005    0.252458360860E-005
    0.176020000000E+005    0.255694865221E-005
    0.176520000000E+005    0.258961656722E-005
    0.177020000000E+005    0.262258908656E-005
    0.177520000000E+005    0.265586794588E-005
    0.178020000000E+005    0.268945488361E-005
    0.178520000000E+005    0.272335164087E-005
    0.179020000000E+005    0.275755996151E-005
    0.179520000000E+005    0.279208159205E-005
    0.180020000000E+005    0.282691828166E-005
    0.180520000000E+005    0.286207178219E-005
    0.181020000000E+005    0.289754384809E-005
    0.181520000000E+005    0.293333623643E-005
    0.182020000000E+005    0.296945070687E-005
    0.182520000000E+005    0.300588902166E-005
    0.183020000000E+005    0.304265294557E-005
    0.183520000000E+005    0.307974424594E-005
    0.184020000000E+005    0.311716469260E-005
    0.184520000000E+005    0.315491605790E-005
    0.185020000000E+005    0.319300011666E-005
    0.185520000000E+005    0.323141864617E-005
    0.186020000000E+005    0.327017342616E-005
    0.186520000000E+005    0.330926623879E-005
    0.187020000000E+005    0.334869886863E-005
    0.187520000000E+005    0.338847310265E-005
    0.188020000000E+005    0.342859073019E-005
    0.188520000000E+005    0.346905354292E-005
    0.189020000000E+005    0.350986333488E-005
    0.189520000000E+005    0.355102190242E-005
    0.190020000000E+005    0.359253104420E-005
    0.190520000000E+005    0.363439256116E-005
    0.191020000000E+005    0.367660825649E-005
    0.191520000000E+005    0.371917993566E-005
    0.192020000000E+005    0.376210940636E-005
    0.192520000000E+005    0.380539847850E-005
    0.193020000000E+005    0.384904896417E-005
    0.193520000000E+005    0.389306267766E-005
    0.194020000000E+005    0.393744143542E-005
    0.194520000000E+005    0.398218705604E-005
    0.195020000000E+005    0.402730136025E-005
    0.195520000000E+005    0.407278617089E-005
    0.196020000000E+005    0.411864331288E-005
    0.196520000000E+005    0.416487461324E-005
    0.197020000000E+005    0.421148190103E-005
    0.197520000000E+005    0.425846700738E-005
    0.198020000000E+005    0.430583176541E-005
    0.198520000000E+005    0.435357801030E-005
    0.199020000000E+005    0.440170757918E-005
    0.199520000000E+005    0.445022231118E-005
    0.200020000000E+005    0.449912404738E-005
    0.200520000000E+005    0.454841463082E-005
    0.201020000000E+005    0.459809590646E-005
    0.201520000000E+005    0.464816972115E-005
    0.202020000000E+005    0.469863792366E-005
    0.202520000000E+005    0.474950236463E-005
    0.203020000000E+005    0.480076489657E-005
    0.203520000000E+005    0.485242737382E-005
    0.204020000000E+005    0.490449165256E-005
    0.204520000000E+005    0.495695959078E-005
    0.205020000000E+005    0.500983304827E-005
    0.205520000000E+005    0.506311388659E-005
    0.206020000000E+005    0.511680396908E-005
    0.206520000000E+005    0.517090516081E-005
    0.207020000000E+005    0.522541932860E-005
    0.207520000000E+005    0.528034834098E-005
    0.208020000000E+005    0.533569406818E-005
    0.208520000000E+005    0.539145838212E-005
    0.209020000000E+005    0.544764315639E-005
    0.209520000000E+005    0.550425026622E-005
    0.210020000000E+005    0.556128158848E-005
    0.210520000000E+005    0.561873900169E-005
    0.211020000000E+005    0.567662438593E-005
    0.211520000000E+005    0.573493962292E-005
    0.212020000000E+005    0.579368659592E-005
    0.212520000000E+005    0.585286718976E-005
    0.213020000000E+005    0.591248329083E-005
    0.213520000000E+005    0.597253678703E-005
    0.214020000000E+005    0.603302956778E-005
    0.214520000000E+005    0.609396352399E-005
    0.215020000000E+005    0.615534054808E-005
    0.215520000000E+005    0.621716253392E-005
    0.216020000000E+005    0.627943137682E-005
    0.216520000000E+005    0.634214897355E-005
    0.217020000000E+005    0.640531722231E-005
    0.217520000000E+005    0.646893802268E-005
    0.218020000000E+005    0.653301327565E-005
    0.218520000000E+005    0.659754488359E-005
    0.219020000000E+005    0.666253475023E-005
    0.219520000000E+005    0.672798478064E-005
    0.220020000000E+005    0.679389688125E-005
    0.220520000000E+005    0.686027295977E-005
    0.221020000000E+005    0.692711492526E-005
    0.221520000000E+005    0.699442468804E-005
    0.222020000000E+005    0.706220415970E-005
    0.222520000000E+005    0.713045525312E-005
    0.223020000000E+005    0.719917988240E-005
    0.223520000000E+005    0.726837996289E-005
    0.224020000000E+005    0.733805741114E-005
    0.224520000000E+005    0.740821414492E-005
    0.225020000000E+005    0.747885208318E-005
    0.225520000000E+005    0.754997314605E-005
    0.226020000000E+005    0.762157925481E-005
    0.226520000000E+005    0.769367233190E-005
    0.227020000000E+005    0.776625430089E-005
    0.227520000000E+005    0.783932708646E-005
    0.228020000000E+005    0.791289261440E-005
    0.228520000000E+005    0.798695281158E-005
    0.229020000000E+005    0.806150960597E-005
    0.229520000000E+005    0.813656492658E-005
    0.230020000000E+005    0.821212070348E-005
    0.230520000000E+005    0.828817886777E-005
    0.231020000000E+005    0.836474135157E-005
    0.231520000000E+005    0.844181008801E-005
    0.232020000000E+005    0.851938701121E-005
    0.232520000000E+005    0.859747405627E-005
    0.233020000000E+005    0.867607315928E-005
    0.233520000000E+005    0.875518625723E-005
    0.234020000000E+005    0.883481528811E-005
    0.234520000000E+005    0.891496219079E-005
    0.235020000000E+005    0.899562890508E-005
    0.235520000000E+005    0.907681737167E-005
    0.236020000000E+005    0.915852953215E-005
    0.236520000000E+005    0.924076732897E-005
    0.237020000000E+005    0.932353270545E-005
    0.237520000000E+005    0.940682760575E-005
    0.238020000000E+005    0.949065397487E-005
    0.238520000000E+005    0.957501375863E-005
    0.239020000000E+005    0.965990890363E-005
    0.239520000000E+005    0.974534135730E-005
    0.240020000000E+005    0.983131306784E-005
    0.240520000000E+005    0.991782598420E-005
    0.241020000000E+005    0.100048820561E-004
    0.241520000000E+005    0.100924832340E-004
    0.242020000000E+005    0.101806314691E-004
    0.242520000000E+005    0.102693287133E-004
    0.243020000000E+005    0.103585769192E-004
    0.243520000000E+005    0.104483780401E-004
    0.244020000000E+005    0.105387340300E-004
    0.244520000000E+005    0.106296468435E-004
    0.245020000000E+005    0.107211184359E-004
    0.245520000000E+005    0.108131507632E-004
    0.246020000000E+005    0.109057457819E-004
    0.246520000000E+005    0.109989054492E-004
    0.247020000000E+005    0.110926317229E-004
    0.247520000000E+005    0.111869265613E-004
    0.248020000000E+005    0.112817919235E-004
    0.248520000000E+005    0.113772297689E-004
    0.249020000000E+005    0.114732420575E-004
    0.249520000000E+005    0.115698307501E-004
    0.250020000000E+005    0.116669978078E-004
    0.250520000000E+005    0.117647451922E-004
    0.251020000000E+005    0.118630748654E-004
    0.251520000000E+005    0.119619887902E-004
    0.252020000000E+005    0.120614889297E-004
    0.252520000000E+005    0.121615772475E-004
    0.253020000000E+005    0.122622557076E-004
    0.253520000000E+005    0.123635262746E-004
    0.254020000000E+005    0.124653909134E-004
    0.254520000000E+005    0.125678515894E-004
    0.255020000000E+005    0.126709102684E-004
    0.255520000000E+005    0.127745689165E-004
    0.256020000000E+005    0.128788295003E-004
    0.256520000000E+005    0.129836939867E-004
    0.257020000000E+005    0.130891643431E-004
    0.257520000000E+005    0.131952425371E-004
    0.258020000000E+005    0.133019305366E-004
    0.258520000000E+005    0.134092303101E-004
    0.259020000000E+005    0.135171438261E-004
    0.259520000000E+005    0.136256730535E-004
    0.260020000000E+005    0.137348199617E-004
    0.260520000000E+005    0.138445865202E-004
    0.261020000000E+005    0.139549746987E-004
    0.261520000000E+005    0.140659864672E-004
    0.262020000000E+005    0.141776237962E-004
    0.262520000000E+005    0.142898886561E-004
    0.263020000000E+005    0.144027830177E-004
    0.263520000000E+005    0.145163088519E-004
    0.264020000000E+005    0.146304681301E-004
    0.264520000000E+005    0.147452628235E-004
    0.265020000000E+005    0.148606949037E-004
    0.265520000000E+005    0.149767663424E-004
    0.266020000000E+005    0.150934791117E-004
    0.266520000000E+005    0.152108351834E-004
    0.267020000000E+005    0.153288365298E-004
    0.267520000000E+005    0.154474851231E-004
    0.268020000000E+005    0.155667829360E-004
    0.268520000000E+005    0.156867319407E-004
    0.269020000000E+005    0.158073341101E-004
    0.269520000000E+005    0.159285914168E-004
    0.270020000000E+005    0.160505058336E-004
    0.270520000000E+005    0.161730793333E-004
    0.271020000000E+005    0.162963138889E-004
    0.271520000000E+005    0.164202114734E-004
    0.272020000000E+005    0.165447740596E-004
    0.272520000000E+005    0.166700036207E-004
    0.273020000000E+005    0.167959021296E-004
    0.273520000000E+005    0.169224715594E-004
    0.274020000000E+005    0.170497138831E-004
    0.274520000000E+005    0.171776310736E-004
    0.275020000000E+005    0.173062251039E-004
    0.275520000000E+005    0.174354979469E-004
    0.276020000000E+005    0.175654515756E-004
    0.276520000000E+005    0.176960879627E-004
    0.277020000000E+005    0.178274090809E-004
    0.277520000000E+005    0.179594169030E-004
    0.278020000000E+005    0.180921134015E-004
    0.278520000000E+005    0.182255005488E-004
    0.279020000000E+005    0.183595803173E-004
    0.279520000000E+005    0.184943546793E-004
    0.280020000000E+005    0.186298256068E-004
    0.280520000000E+005    0.187659950719E-004
    0.281020000000E+005    0.189028650463E-004
    0.281520000000E+005    0.190404375016E-004
    0.282020000000E+005    0.191787144094E-004
    0.282520000000E+005    0.193176977410E-004
    0.283020000000E+005    0.194573894675E-004
    0.283520000000E+005    0.195977915598E-004
    0.284020000000E+005    0.197389059885E-004
    0.284520000000E+005    0.198807347243E-004
    0.285020000000E+005    0.200232797373E-004
    0.285520000000E+005    0.201665429976E-004
    0.286020000000E+005    0.203105264749E-004
    0.286520000000E+005    0.204552321387E-004
    0.287020000000E+005    0.206006619584E-004
    0.287520000000E+005    0.207468179029E-004
    0.288020000000E+005    0.208937019408E-004
    0.288520000000E+005    0.210413160406E-004
    0.289020000000E+005    0.211896621704E-004
    0.289520000000E+005    0.213387422979E-004
    0.290020000000E+005    0.214885583906E-004
    0.290520000000E+005    0.216391124156E-004
    0.291020000000E+005    0.217904063397E-004
    0.291520000000E+005    0.219424421293E-004
    0.292020000000E+005    0.220952217506E-004
    0.292520000000E+005    0.222487471692E-004
    0.293020000000E+005    0.224030203504E-004
    0.293520000000E+005    0.225580432593E-004
    0.294020000000E+005    0.227138178602E-004
    0.294520000000E+005    0.228703461175E-004
    0.295020000000E+005    0.230276299948E-004
    0.295520000000E+005    0.231856714554E-004
    0.296020000000E+005    0.233444724622E-004
    0.296520000000E+005    0.235040349777E-004
    0.297020000000E+005    0.236643609638E-004
    0.297520000000E+005    0.238254523821E-004
    0.298020000000E+005    0.239873111936E-004
    0.298520000000E+005    0.241499393590E-004
    0.299020000000E+005    0.243133388383E-004
    0.299520000000E+005    0.244775115911E-004
    0.300020000000E+005    0.246424595767E-004
    0.300520000000E+005    0.248081847535E-004
    0.301020000000E+005    0.249746890796E-004
    0.301520000000E+005    0.251419745127E-004
    0.302020000000E+005    0.253100430098E-004
    0.302520000000E+005    0.254788965273E-004
    0.303020000000E+005    0.256485370212E-004
    0.303520000000E+005    0.258189664468E-004
    0.304020000000E+005    0.259901867590E-004
    0.304520000000E+005    0.261621999120E-004
    0.305020000000E+005    0.263350078594E-004
    0.305520000000E+005    0.265086125543E-004
    0.306020000000E+005    0.266830159491E-004
    0.306520000000E+005    0.268582199956E-004
    0.307020000000E+005    0.270342266451E-004
    0.307520000000E+005    0.272110378482E-004
    0.308020000000E+005    0.273886555548E-004
    0.308520000000E+005    0.275670817143E-004
    0.309020000000E+005    0.277463182752E-004
    0.309520000000E+005    0.279263671857E-004
    0.310020000000E+005    0.281072303930E-004
    0.310520000000E+005    0.282889098438E-004
    0.311020000000E+005    0.284714074841E-004
    0.311520000000E+005    0.286547252592E-004
    0.312020000000E+005    0.288388651136E-004
    0.312520000000E+005    0.290238289914E-004
    0.313020000000E+005    0.292096188355E-004
    0.313520000000E+005    0.293962365886E-004
    0.314020000000E+005    0.295836841922E-004
    0.314520000000E+005    0.297719635874E-004
    0.315020000000E+005    0.299610767145E-004
    0.315520000000E+005    0.301510255128E-004
    0.316020000000E+005    0.303418119212E-004
    0.316520000000E+005    0.305334378776E-004
    0.317020000000E+005    0.307259053191E-004
    0.317520000000E+005    0.309192161822E-004
    0.318020000000E+005    0.311133724025E-004
    0.318520000000E+005    0.313083759147E-004
    0.319020000000E+005    0.315042286529E-004
    0.319520000000E+005    0.317009325503E-004
    0.320020000000E+005    0.318984895392E-004
    0.320520000000E+005    0.320969015511E-004
    0.321020000000E+005    0.322961705168E-004
    0.321520000000E+005    0.324962983661E-004
    0.322020000000E+005    0.326972870280E-004
    0.322520000000E+005    0.328991384308E-004
    0.323020000000E+005    0.331018545015E-004
    0.323520000000E+005    0.333054371668E-004
    0.324020000000E+005    0.335098883520E-004
    0.324520000000E+005    0.337152099819E-004
    0.325020000000E+005    0.339214039802E-004
    0.325520000000E+005    0.341284722698E-004
    0.326020000000E+005    0.343364167725E-004
    0.326520000000E+005    0.345452394095E-004
    0.327020000000E+005    0.347549421008E-004
    0.327520000000E+005    0.349655267656E-004
    0.328020000000E+005    0.351769953221E-004
    0.328520000000E+005    0.353893496877E-004
    0.329020000000E+005    0.356025917786E-004
    0.329520000000E+005    0.358167235104E-004
    0.330020000000E+005    0.360317467973E-004
    0.330520000000E+005    0.362476635529E-004
    0.331020000000E+005    0.364644756896E-004
    0.331520000000E+005    0.366821851189E-004
    0.332020000000E+005    0.369007937513E-004
    0.332520000000E+005    0.371203034964E-004
    0.333020000000E+005    0.373407162625E-004
    0.333520000000E+005    0.375620339573E-004
    0.334020000000E+005    0.377842584871E-004
    0.334520000000E+005    0.380073917574E-004
    0.335020000000E+005    0.382314356726E-004
    0.335520000000E+005    0.384563921361E-004
    0.336020000000E+005    0.386822630502E-004
    0.336520000000E+005    0.389090503162E-004
    0.337020000000E+005    0.391367558343E-004
    0.337520000000E+005    0.393653815036E-004
    0.338020000000E+005    0.395949292223E-004
    0.338520000000E+005    0.398254008873E-004
    0.339020000000E+005    0.400567983945E-004
    0.339520000000E+005    0.402891236388E-004
    0.340020000000E+005    0.405223785139E-004
    0.340520000000E+005    0.407565649125E-004
    0.341020000000E+005    0.409916847260E-004
    0.341520000000E+005    0.412277398449E-004
    0.342020000000E+005    0.414647321584E-004
    0.342520000000E+005    0.417026635547E-004
    0.343020000000E+005    0.419415359208E-004
    0.343520000000E+005    0.421813511427E-004
    0.344020000000E+005    0.424221111049E-004
    0.344520000000E+005    0.426638176911E-004
    0.345020000000E+005    0.429064727838E-004
    0.345520000000E+005    0.431500782641E-004
    0.346020000000E+005    0.433946360122E-004
    0.346520000000E+005    0.436401479069E-004
    0.347020000000E+005    0.438866158260E-004
    0.347520000000E+005    0.441340416460E-004
    0.348020000000E+005    0.443824272423E-004
    0.348520000000E+005    0.446317744889E-004
    0.349020000000E+005    0.448820852588E-004
    0.349520000000E+005    0.451333614238E-004
    0.350020000000E+005    0.453856048542E-004
    0.350520000000E+005    0.456388174194E-004
    0.351020000000E+005    0.458930009874E-004
    0.351520000000E+005    0.461481574251E-004
    0.352020000000E+005    0.464042885979E-004
    0.352520000000E+005    0.466613963701E-004
    0.353020000000E+005    0.469194826049E-004
    0.353520000000E+005    0.471785491641E-004
    0.354020000000E+005    0.474385979080E-004
    0.354520000000E+005    0.476996306961E-004
    0.355020000000E+005    0.479616493863E-004
    0.355520000000E+005    0.482246558352E-004
    0.356020000000E+005    0.484886518984E-004
    0.356520000000E+005    0.487536394298E-004
    0.357020000000E+005    0.490196202824E-004
    0.357520000000E+005    0.492865963076E-004
    0.358020000000E+005    0.495545693556E-004
    0.358520000000E+005    0.498235412753E-004
    0.359020000000E+005    0.500935139143E-004
    0.359520000000E+005    0.503644891189E-004
    0.360020000000E+005    0.506364687338E-004
    0.360520000000E+005    0.509094546027E-004
    0.361020000000E+005    0.511834485678E-004
    0.361520000000E+005    0.514584524699E-004
    0.362020000000E+005    0.517344681487E-004
    0.362520000000E+005    0.520114974421E-004
    0.363020000000E+005    0.522895421871E-004
    0.363520000000E+005    0.525686042191E-004
    0.364020000000E+005    0.528486853721E-004
    0.364520000000E+005    0.531297874787E-004
    0.365020000000E+005    0.534119123703E-004
    0.365520000000E+005    0.536950618767E-004
    0.366020000000E+005    0.539792378264E-004
    0.366520000000E+005    0.542644420466E-004
    0.367020000000E+005    0.545506763629E-004
    0.367520000000E+005    0.548379425996E-004
    0.368020000000E+005    0.551262425795E-004
    0.368520000000E+005    0.554155781241E-004
    0.369020000000E+005    0.557059510534E-004
    0.369520000000E+005    0.559973631860E-004
    0.370020000000E+005    0.562898163390E-004
    0.370520000000E+005    0.565833123281E-004
    0.371020000000E+005    0.568778529675E-004
    0.371520000000E+005    0.571734400701E-004
    0.372020000000E+005    0.574700754473E-004
    0.372520000000E+005    0.577677609088E-004
    0.373020000000E+005    0.580664982631E-004
    0.373520000000E+005    0.583662893171E-004
    0.374020000000E+005    0.586671358764E-004
    0.374520000000E+005    0.589690397449E-004
    0.375020000000E+005    0.592720027250E-004
    0.375520000000E+005    0.595760266179E-004
    0.376020000000E+005    0.598811132231E-004
    0.376520000000E+005    0.601872643384E-004
    0.377020000000E+005    0.604944817606E-004
    0.377520000000E+005    0.608027672844E-004
    0.378020000000E+005    0.611121227036E-004
    0.378520000000E+005    0.614225498099E-004
    0.379020000000E+005    0.617340503939E-004
    0.379520000000E+005    0.620466262445E-004
    0.380020000000E+005    0.623602791491E-004
    0.380520000000E+005    0.626750108934E-004
    0.381020000000E+005    0.629908232619E-004
    0.381520000000E+005    0.633077180372E-004
    0.382020000000E+005    0.636256970006E-004
    0.382520000000E+005    0.639447619318E-004
    0.383020000000E+005    0.642649146088E-004
    0.383520000000E+005    0.645861568081E-004
    0.384020000000E+005    0.649084903047E-004
    0.384520000000E+005    0.652319168721E-004
    0.385020000000E+005    0.655564382819E-004
    0.385520000000E+005    0.658820563045E-004
    0.386020000000E+005    0.662087727085E-004
    0.386520000000E+005    0.665365892609E-004
    0.387020000000E+005    0.668655077272E-004
    0.387520000000E+005    0.671955298712E-004
    0.388020000000E+005    0.675266574552E-004
    0.388520000000E+005    0.678588922398E-004
    0.389020000000E+005    0.681922359841E-004
    0.389520000000E+005    0.685266904455E-004
    0.390020000000E+005    0.688622573798E-004
    0.390520000000E+005    0.691989385412E-004
    0.391020000000E+005    0.695367356821E-004
    0.391520000000E+005    0.698756505535E-004
    0.392020000000E+005    0.702156849047E-004
    0.392520000000E+005    0.705568404833E-004
    0.393020000000E+005    0.708991190354E-004
    0.393520000000E+005    0.712425223051E-004
    0.394020000000E+005    0.715870520352E-004
    0.394520000000E+005    0.719327099668E-004
    0.395020000000E+005    0.722794978392E-004
    0.395520000000E+005    0.726274173901E-004
    0.396020000000E+005    0.729764703555E-004
    0.396520000000E+005    0.733266584698E-004
    0.397020000000E+005    0.736779834657E-004
    0.397520000000E+005    0.740304470741E-004
    0.398020000000E+005    0.743840510244E-004
    0.398520000000E+005    0.747387970441E-004
    0.399020000000E+005    0.750946868593E-004
    0.399520000000E+005    0.754517221941E-004
    0.400020000000E+005    0.758099047711E-004
    0.400520000000E+005    0.761692363111E-004
    0.401020000000E+005    0.765297185333E-004
    0.401520000000E+005    0.768913531549E-004
    0.402020000000E+005    0.772541418918E-004
    0.402520000000E+005    0.776180864578E-004
    0.403020000000E+005    0.779831885653E-004
    0.403520000000E+005    0.783494499248E-004
    0.404020000000E+005    0.787168722450E-004
    0.404520000000E+005    0.790854572329E-004
    0.405020000000E+005    0.794552065940E-004
    0.405520000000E+005    0.798261220318E-004
    0.406020000000E+005    0.801982052481E-004
    0.406520000000E+005    0.805714579429E-004
    0.407020000000E+005    0.809458818147E-004
    0.407520000000E+005    0.813214785600E-004
    0.408020000000E+005    0.816982498735E-004
    0.408520000000E+005    0.820761974484E-004
    0.409020000000E+005    0.824553229759E-004
    0.409520000000E+005    0.828356281456E-004
    0.410020000000E+005    0.832171146451E-004
    0.410520000000E+005    0.835997841605E-004
    0.411020000000E+005    0.839836383758E-004
    0.411520000000E+005    0.843686789735E-004
    0.412020000000E+005    0.847549076343E-004
    0.412520000000E+005    0.851423260368E-004
    0.413020000000E+005    0.855309358582E-004
    0.413520000000E+005    0.859207387736E-004
    0.414020000000E+005    0.863117364565E-004
    0.414520000000E+005    0.867039305785E-004
    0.415020000000E+005    0.870973228094E-004
    0.415520000000E+005    0.874919148171E-004
    0.416020000000E+005    0.878877082679E-004
    0.416520000000E+005    0.882847048262E-004
    0.417020000000E+005    0.886829061544E-004
    0.417520000000E+005    0.890823139134E-004
    0.418020000000E+005    0.894829297619E-004
    0.418520000000E+005    0.898847553571E-004
    0.419020000000E+005    0.902877923541E-004
    0.419520000000E+005    0.906920424064E-004
    0.420020000000E+005    0.910975071655E-004
    0.420520000000E+005    0.915041882811E-004
    0.421020000000E+005    0.919120874010E-004
    0.421520000000E+005    0.923212061714E-004
    0.422020000000E+005    0.927315462363E-004
    0.422520000000E+005    0.931431092379E-004
    0.423020000000E+005    0.935558968169E-004
    0.423520000000E+005    0.939699106117E-004
    0.424020000000E+005    0.943851522591E-004
    0.424520000000E+005    0.948016233939E-004
    0.425020000000E+005    0.952193256490E-004
    0.425520000000E+005    0.956382606557E-004
    0.426020000000E+005    0.960584300430E-004
    0.426520000000E+005    0.964798354383E-004
    0.427020000000E+005    0.969024784672E-004
    0.427520000000E+005    0.973263607531E-004
    0.428020000000E+005    0.977514839178E-004
    0.428520000000E+005    0.981778495811E-004
    0.429020000000E+005    0.986054593608E-004
    0.429520000000E+005    0.990343148729E-004
    0.430020000000E+005    0.994644177315E-004
    0.430520000000E+005    0.998957695490E-004
    0.431020000000E+005    0.100328371935E-003
    0.431520000000E+005    0.100762226499E-003
    0.432020000000E+005    0.101197334847E-003
    0.432520000000E+005    0.101633698583E-003
    0.433020000000E+005    0.102071319310E-003
    0.433520000000E+005    0.102510198629E-003
    0.434020000000E+005    0.102950338139E-003
    0.434520000000E+005    0.103391739436E-003
    0.435020000000E+005    0.103834404116E-003
    0.435520000000E+005    0.104278333770E-003
    0.436020000000E+005    0.104723529992E-003
    0.436520000000E+005    0.105169994369E-003
    0.437020000000E+005    0.105617728489E-003
    0.437520000000E+005    0.106066733936E-003
    0.438020000000E+005    0.106517012296E-003
    0.438520000000E+005    0.106968565148E-003
    0.439020000000E+005    0.107421394072E-003
    0.439520000000E+005    0.107875500646E-003
    0.440020000000E+005    0.108330886445E-003
    0.440520000000E+005    0.108787553043E-003
    0.441020000000E+005    0.109245502011E-003
    0.441520000000E+005    0.109704734919E-003
    0.442020000000E+005    0.110165253335E-003
    0.442520000000E+005    0.110627058824E-003
    0.443020000000E+005    0.111090152950E-003
    0.443520000000E+005    0.111554537274E-003
    0.444020000000E+005    0.112020213358E-003
    0.444520000000E+005    0.112487182758E-003
    0.445020000000E+005    0.112955447030E-003
    0.445520000000E+005    0.113425007728E-003
    0.446020000000E+005    0.113895866405E-003
    0.446520000000E+005    0.114368024609E-003
    0.447020000000E+005    0.114841483889E-003
    0.447520000000E+005    0.115316245790E-003
    0.448020000000E+005    0.115792311857E-003
    0.448520000000E+005    0.116269683631E-003
    0.449020000000E+005    0.116748362653E-003
    0.449520000000E+005    0.117228350460E-003
    0.450020000000E+005    0.117709648588E-003
    0.450520000000E+005    0.118192258572E-003
    0.451020000000E+005    0.118676181942E-003
    0.451520000000E+005    0.119161420229E-003
    0.452020000000E+005    0.119647974961E-003
    0.452520000000E+005    0.120135847663E-003
    0.453020000000E+005    0.120625039860E-003
    0.453520000000E+005    0.121115553073E-003
    0.454020000000E+005    0.121607388822E-003
    0.454520000000E+005    0.122100548624E-003
    0.455020000000E+005    0.122595033997E-003
    0.455520000000E+005    0.123090846453E-003
    0.456020000000E+005    0.123587987503E-003
    0.456520000000E+005    0.124086458659E-003
    0.457020000000E+005    0.124586261426E-003
    0.457520000000E+005    0.125087397312E-003
    0.458020000000E+005    0.125589867819E-003
    0.458520000000E+005    0.126093674449E-003
    0.459020000000E+005    0.126598818701E-003
    0.459520000000E+005    0.127105302074E-003
    0.460020000000E+005    0.127613126061E-003
    0.460520000000E+005    0.128122292157E-003
    0.461020000000E+005    0.128632801853E-003
    0.461520000000E+005    0.129144656639E-003
    0.462020000000E+005    0.129657858000E-003
    0.462520000000E+005    0.130172407423E-003
    0.463020000000E+005    0.130688306391E-003
    0.463520000000E+005    0.131205556384E-003
    0.464020000000E+005    0.131724158881E-003
    0.464520000000E+005    0.132244115360E-003
    0.465020000000E+005    0.132765427295E-003
    0.465520000000E+005    0.133288096160E-003
    0.466020000000E+005    0.133812123423E-003
    0.466520000000E+005    0.134337510555E-003
    0.467020000000E+005    0.134864259022E-003
    0.467520000000E+005    0.135392370288E-003
    0.468020000000E+005    0.135921845815E-003
    0.468520000000E+005    0.136452687065E-003
    0.469020000000E+005    0.136984895495E-003
    0.469520000000E+005    0.137518472561E-003
    0.470020000000E+005    0.138053419717E-003
    0.470520000000E+005    0.138589738416E-003
    0.471020000000E+005    0.139127430107E-003
    0.471520000000E+005    0.139666496238E-003
    0.472020000000E+005    0.140206938254E-003
    0.472520000000E+005    0.140748757600E-003
    0.473020000000E+005    0.141291955717E-003
    0.473520000000E+005    0.141836534045E-003
    0.474020000000E+005    0.142382494020E-003
    0.474520000000E+005    0.142929837078E-003
    0.475020000000E+005    0.143478564651E-003
    0.475520000000E+005    0.144028678172E-003
    0.476020000000E+005    0.144580179069E-003
    0.476520000000E+005    0.145133068769E-003
    0.477020000000E+005    0.145687348696E-003
    0.477520000000E+005    0.146243020273E-003
    0.478020000000E+005    0.146800084921E-003
    0.478520000000E+005    0.147358544057E-003
    0.479020000000E+005    0.147918399099E-003
    0.479520000000E+005    0.148479651460E-003
    0.480020000000E+005    0.149042302553E-003
    0.480520000000E+005    0.149606353786E-003
    0.481020000000E+005    0.150171806569E-003
    0.481520000000E+005    0.150738662307E-003
    0.482020000000E+005    0.151306922403E-003
    0.482520000000E+005    0.151876588258E-003
    0.483020000000E+005    0.152447661273E-003
    0.483520000000E+005    0.153020142843E-003
    0.484020000000E+005    0.153594034365E-003
    0.484520000000E+005    0.154169337231E-003
    0.485020000000E+005    0.154746052832E-003
    0.485520000000E+005    0.155324182556E-003
    0.486020000000E+005    0.155903727791E-003
    0.486520000000E+005    0.156484689919E-003
    0.487020000000E+005    0.157067070325E-003
    0.487520000000E+005    0.157650870387E-003
    0.488020000000E+005    0.158236091483E-003
    0.488520000000E+005    0.158822734990E-003
    0.489020000000E+005    0.159410802282E-003
    0.489520000000E+005    0.160000294729E-003
    0.490020000000E+005    0.160591213701E-003
    0.490520000000E+005    0.161183560565E-003
    0.491020000000E+005    0.161777336686E-003
    0.491520000000E+005    0.162372543428E-003
    0.492020000000E+005    0.162969182151E-003
    0.492520000000E+005    0.163567254214E-003
    0.493020000000E+005    0.164166760972E-003
    0.493520000000E+005    0.164767703781E-003
    0.494020000000E+005    0.165370083993E-003
    0.494520000000E+005    0.165973902957E-003
    0.495020000000E+005    0.166579162022E-003
    0.495520000000E+005    0.167185862533E-003
    0.496020000000E+005    0.167794005834E-003
    0.496520000000E+005    0.168403593266E-003
    0.497020000000E+005    0.169014626168E-003
    0.497520000000E+005    0.169627105877E-003
    0.498020000000E+005    0.170241033729E-003
    0.498520000000E+005    0.170856411055E-003
    0.499020000000E+005    0.171473239187E-003
    0.499520000000E+005    0.172091519452E-003
    0.500020000000E+005    0.172711253177E-003
    0.500520000000E+005    0.173332441687E-003
    0.501020000000E+005    0.173955086302E-003
    0.501520000000E+005    0.174579188343E-003
    0.502020000000E+005    0.175204749126E-003
    0.502520000000E+005    0.175831769968E-003
    0.503020000000E+005    0.176460252182E-003
    0.503520000000E+005    0.177090197078E-003
    0.504020000000E+005    0.177721605965E-003
    0.504520000000E+005    0.178354480150E-003
    0.505020000000E+005    0.178988820937E-003
    0.505520000000E+005    0.179624629628E-003
    0.506020000000E+005    0.180261907525E-003
    0.506520000000E+005    0.180900655923E-003
    0.507020000000E+005    0.181540876120E-003
    0.507520000000E+005    0.182182569409E-003
    0.508020000000E+005    0.182825737080E-003
    0.508520000000E+005    0.183470380424E-003
    0.509020000000E+005    0.184116500727E-003
    0.509520000000E+005    0.184764099273E-003
    0.510020000000E+005    0.185413177346E-003
    0.510520000000E+005    0.186063736226E-003
    0.511020000000E+005    0.186715777190E-003
    0.511520000000E+005    0.187369301516E-003
    0.512020000000E+005    0.188024310476E-003
    0.512520000000E+005    0.188680805343E-003
    0.513020000000E+005    0.189338787385E-003
    0.513520000000E+005    0.189998257870E-003
    0.514020000000E+005    0.190659218063E-003
    0.514520000000E+005    0.191321669226E-003
    0.515020000000E+005    0.191985612621E-003
    0.515520000000E+005    0.192651049506E-003
    0.516020000000E+005    0.193317981136E-003
    0.516520000000E+005    0.193986408767E-003
    0.517020000000E+005    0.194656333649E-003
    0.517520000000E+005    0.195327757032E-003
    0.518020000000E+005    0.196000680165E-003
    0.518520000000E+005    0.196675104290E-003
    0.519020000000E+005    0.197351030653E-003
    0.519520000000E+005    0.198028460494E-003
    0.520020000000E+005    0.198707395050E-003
    0.520520000000E+005    0.199387835559E-003
    0.521020000000E+005    0.200069783255E-003
    0.521520000000E+005    0.200753239369E-003
    0.522020000000E+005    0.201438205132E-003
    0.522520000000E+005    0.202124681770E-003
    0.523020000000E+005    0.202812670510E-003
    0.523520000000E+005    0.203502172574E-003
    0.524020000000E+005    0.204193189183E-003
    0.524520000000E+005    0.204885721555E-003
    0.525020000000E+005    0.205579770908E-003
    0.525520000000E+005    0.206275338455E-003
    0.526020000000E+005    0.206972425409E-003
    0.526520000000E+005    0.207671032979E-003
    0.527020000000E+005    0.208371162372E-003
    0.527520000000E+005    0.209072814795E-003
    0.528020000000E+005    0.209775991450E-003
    0.528520000000E+005    0.210480693538E-003
    0.529020000000E+005    0.211186922258E-003
    0.529520000000E+005    0.211894678807E-003
    0.530020000000E+005    0.212603964378E-003
    0.530520000000E+005    0.213314780164E-003
    0.531020000000E+005    0.214027127354E-003
    0.531520000000E+005    0.214741007137E-003
    0.532020000000E+005    0.215456420696E-003
    0.532520000000E+005    0.216173369217E-003
    0.533020000000E+005    0.216891853879E-003
    0.533520000000E+005    0.217611875861E-003
    0.534020000000E+005    0.218333436340E-003
    0.534520000000E+005    0.219056536490E-003
    0.535020000000E+005    0.219781177483E-003
    0.535520000000E+005    0.220507360488E-003
    0.536020000000E+005    0.221235086674E-003
    0.536520000000E+005    0.221964357206E-003
    0.537020000000E+005    0.222695173246E-003
    0.537520000000E+005    0.223427535956E-003
    0.538020000000E+005    0.224161446494E-003
    0.538520000000E+005    0.224896906016E-003
    0.539020000000E+005    0.225633915678E-003
    0.539520000000E+005    0.226372476631E-003
    0.540020000000E+005    0.227112590024E-003
    0.540520000000E+005    0.227854257005E-003
    0.541020000000E+005    0.228597478719E-003
    0.541520000000E+005    0.229342256310E-003
    0.542020000000E+005    0.230088590918E-003
    0.542520000000E+005    0.230836483681E-003
    0.543020000000E+005    0.231585935737E-003
    0.543520000000E+005    0.232336948218E-003
    0.544020000000E+005    0.233089522258E-003
    0.544520000000E+005    0.233843658985E-003
    0.545020000000E+005    0.234599359528E-003
    0.545520000000E+005    0.235356625010E-003
    0.546020000000E+005    0.236115456556E-003
    0.546520000000E+005    0.236875855285E-003
    0.547020000000E+005    0.237637822317E-003
    0.547520000000E+005    0.238401358767E-003
    0.548020000000E+005    0.239166465749E-003
    0.548520000000E+005    0.239933144376E-003
    0.549020000000E+005    0.240701395756E-003
    0.549520000000E+005    0.241471220997E-003
    0.550020000000E+005    0.242242621204E-003
    0.550520000000E+005    0.243015597480E-003
    0.551020000000E+005    0.243790150925E-003
    0.551520000000E+005    0.244566282638E-003
    0.552020000000E+005    0.245343993714E-003
    0.552520000000E+005    0.246123285248E-003
    0.553020000000E+005    0.246904158331E-003
    0.553520000000E+005    0.247686614053E-003
    0.554020000000E+005    0.248470653500E-003
    0.554520000000E+005    0.249256277757E-003
    0.555020000000E+005    0.250043487907E-003
    0.555520000000E+005    0.250832285031E-003
    0.556020000000E+005    0.251622670206E-003
    0.556520000000E+005    0.252414644509E-003
    0.557020000000E+005    0.253208209013E-003
    0.557520000000E+005    0.254003364790E-003
    0.558020000000E+005    0.254800112908E-003
    0.558520000000E+005    0.255598454435E-003
    0.559020000000E+005    0.256398390436E-003
    0.559520000000E+005    0.257199921972E-003
    0.560020000000E+005    0.258003050105E-003
    0.560520000000E+005    0.258807775891E-003
    0.561020000000E+005    0.259614100388E-003
    0.561520000000E+005    0.260422024647E-003
    0.562020000000E+005    0.261231549721E-003
    0.562520000000E+005    0.262042676659E-003
    0.563020000000E+005    0.262855406507E-003
    0.563520000000E+005    0.263669740310E-003
    0.564020000000E+005    0.264485679110E-003
    0.564520000000E+005    0.265303223947E-003
    0.565020000000E+005    0.266122375859E-003
    0.565520000000E+005    0.266943135881E-003
    0.566020000000E+005    0.267765505047E-003
    0.566520000000E+005    0.268589484388E-003
    0.567020000000E+005    0.269415074933E-003
    0.567520000000E+005    0.270242277708E-003
    0.568020000000E+005    0.271071093737E-003
    0.568520000000E+005    0.271901524044E-003
    0.569020000000E+005    0.272733569646E-003
    0.569520000000E+005    0.273567231563E-003
    0.570020000000E+005    0.274402510809E-003
    0.570520000000E+005    0.275239408398E-003
    0.571020000000E+005    0.276077925340E-003
    0.571520000000E+005    0.276918062644E-003
    0.572020000000E+005    0.277759821316E-003
    0.572520000000E+005    0.278603202361E-003
    0.573020000000E+005    0.279448206781E-003
    0.573520000000E+005    0.280294835575E-003
    0.574020000000E+005    0.281143089740E-003
    0.574520000000E+005    0.281992970272E-003
    0.575020000000E+005    0.282844478164E-003
    0.575520000000E+005    0.283697614405E-003
    0.576020000000E+005    0.284552379986E-003
    0.576520000000E+005    0.285408775892E-003
    0.577020000000E+005    0.286266803106E-003
    0.577520000000E+005    0.287126462611E-003
    0.578020000000E+005    0.287987755386E-003
    0.578520000000E+005    0.288850682409E-003
    0.579020000000E+005    0.289715244654E-003
    0.579520000000E+005    0.290581443093E-003
    0.580020000000E+005    0.291449278699E-003
    0.580520000000E+005    0.292318752438E-003
    0.581020000000E+005    0.293189865276E-003
    0.581520000000E+005    0.294062618179E-003
    0.582020000000E+005    0.294937012106E-003
    0.582520000000E+005    0.295813048018E-003
    0.583020000000E+005    0.296690726871E-003
    0.583520000000E+005    0.297570049621E-003
    0.584020000000E+005    0.298451017219E-003
    0.584520000000E+005    0.299333630616E-003
    0.585020000000E+005    0.300217890761E-003
    0.585520000000E+005    0.301103798599E-003
    0.586020000000E+005    0.301991355073E-003
    0.586520000000E+005    0.302880561125E-003
    0.587020000000E+005    0.303771417695E-003
    0.587520000000E+005    0.304663925718E-003
    0.588020000000E+005    0.305558086130E-003
    0.588520000000E+005    0.306453899863E-003
    0.589020000000E+005    0.307351367848E-003
    0.589520000000E+005    0.308250491011E-003
    0.590020000000E+005    0.309151270280E-003
    0.590520000000E+005    0.310053706576E-003
    0.591020000000E+005    0.310957800823E-003
    0.591520000000E+005    0.311863553937E-003
    0.592020000000E+005    0.312770966837E-003
    0.592520000000E+005    0.313680040437E-003
    0.593020000000E+005    0.314590775648E-003
    0.593520000000E+005    0.315503173382E-003
    0.594020000000E+005    0.316417234545E-003
    0.594520000000E+005    0.317332960044E-003
    0.595020000000E+005    0.318250350782E-003
    0.595520000000E+005    0.319169407659E-003
    0.596020000000E+005    0.320090131574E-003
    0.596520000000E+005    0.321012523425E-003
    0.597020000000E+005    0.321936584106E-003
    0.597520000000E+005    0.322862314508E-003
    0.598020000000E+005    0.323789715522E-003
    0.598520000000E+005    0.324718788035E-003
    0.599020000000E+005    0.325649532933E-003
    0.599520000000E+005    0.326581951099E-003
    0.600020000000E+005    0.327516043414E-003
    0.600520000000E+005    0.328451810756E-003
    0.601020000000E+005    0.329389254003E-003
    0.601520000000E+005    0.330328374028E-003
    0.602020000000E+005    0.331269171703E-003
    0.602520000000E+005    0.332211647899E-003
    0.603020000000E+005    0.333155803483E-003
    0.603520000000E+005    0.334101639320E-003
    0.604020000000E+005    0.335049156273E-003
    0.604520000000E+005    0.335998355204E-003
    0.605020000000E+005    0.336949236970E-003
    0.605520000000E+005    0.337901802429E-003
    0.606020000000E+005    0.338856052435E-003
    0.606520000000E+005    0.339811987839E-003
    0.607020000000E+005    0.340769609491E-003
    0.607520000000E+005    0.341728918240E-003
    0.608020000000E+005    0.342689914929E-003
    0.608520000000E+005    0.343652600403E-003
    0.609020000000E+005    0.344616975502E-003
    0.609520000000E+005    0.345583041064E-003
    0.610020000000E+005    0.346550797926E-003
    0.610520000000E+005    0.347520246923E-003
    0.611020000000E+005    0.348491388886E-003
    0.611520000000E+005    0.349464224645E-003
    0.612020000000E+005    0.350438755028E-003
    0.612520000000E+005    0.351414980859E-003
    0.613020000000E+005    0.352392902962E-003
    0.613520000000E+005    0.353372522157E-003
    0.614020000000E+005    0.354353839264E-003
    0.614520000000E+005    0.355336855099E-003
    0.615020000000E+005    0.356321570475E-003
    0.615520000000E+005    0.357307986205E-003
    0.616020000000E+005    0.358296103098E-003
    0.616520000000E+005    0.359285921963E-003
    0.617020000000E+005    0.360277443604E-003
    0.617520000000E+005    0.361270668824E-003
    0.618020000000E+005    0.362265598425E-003
    0.618520000000E+005    0.363262233204E-003
    0.619020000000E+005    0.364260573959E-003
    0.619520000000E+005    0.365260621483E-003
    0.620020000000E+005    0.366262376569E-003
    0.620520000000E+005    0.367265840007E-003
    0.621020000000E+005    0.368271012583E-003
    0.621520000000E+005    0.369277895083E-003
    0.622020000000E+005    0.370286488291E-003
    0.622520000000E+005    0.371296792988E-003
    0.623020000000E+005    0.372308809951E-003
    0.623520000000E+005    0.373322539958E-003
    0.624020000000E+005    0.374337983783E-003
    0.624520000000E+005    0.375355142198E-003
    0.625020000000E+005    0.376374015972E-003
    0.625520000000E+005    0.377394605875E-003
    0.626020000000E+005    0.378416912670E-003
    0.626520000000E+005    0.379440937121E-003
    0.627020000000E+005    0.380466679990E-003
    0.627520000000E+005    0.381494142035E-003
    0.628020000000E+005    0.382523324013E-003
    0.628520000000E+005    0.383554226678E-003
    0.629020000000E+005    0.384586850782E-003
    0.629520000000E+005    0.385621197076E-003
    0.630020000000E+005    0.386657266307E-003
    0.630520000000E+005    0.387695059221E-003
    0.631020000000E+005    0.388734576561E-003
    0.631520000000E+005    0.389775819069E-003
    0.632020000000E+005    0.390818787483E-003
    0.632520000000E+005    0.391863482541E-003
    0.633020000000E+005    0.392909904977E-003
    0.633520000000E+005    0.393958055523E-003
    0.634020000000E+005    0.395007934909E-003
    0.634520000000E+005    0.396059543864E-003
    0.635020000000E+005    0.397112883114E-003
    0.635520000000E+005    0.398167953381E-003
    0.636020000000E+005    0.399224755388E-003
    0.636520000000E+005    0.400283289854E-003
    0.637020000000E+005    0.401343557496E-003
    0.637520000000E+005    0.402405559027E-003
    0.638020000000E+005    0.403469295163E-003
    0.638520000000E+005    0.404534766611E-003
    0.639020000000E+005    0.405601974082E-003
    0.639520000000E+005    0.406670918281E-003
    0.640020000000E+005    0.407741599912E-003
    0.640520000000E+005    0.408814019676E-003
    0.641020000000E+005    0.409888178273E-003
    0.641520000000E+005    0.410964076401E-003
    0.642020000000E+005    0.412041714754E-003
    0.642520000000E+005    0.413121094026E-003
    0.643020000000E+005    0.414202214907E-003
    0.643520000000E+005    0.415285078086E-003
    0.644020000000E+005    0.416369684249E-003
    0.644520000000E+005    0.417456034080E-003
    0.645020000000E+005    0.418544128262E-003
    0.645520000000E+005    0.419633967475E-003
    0.646020000000E+005    0.420725552395E-003
    0.646520000000E+005    0.421818883698E-003
    0.647020000000E+005    0.422913962058E-003
    0.647520000000E+005    0.424010788146E-003
    0.648020000000E+005    0.425109362631E-003
    0.648520000000E+005    0.426209686179E-003
    0.649020000000E+005    0.427311759456E-003
    0.649520000000E+005    0.428415583122E-003
    0.650020000000E+005    0.429521157840E-003
    0.650520000000E+005    0.430628484266E-003
    0.651020000000E+005    0.431737563057E-003
    0.651520000000E+005    0.432848394867E-003
    0.652020000000E+005    0.433960980346E-003
    0.652520000000E+005    0.435075320145E-003
    0.653020000000E+005    0.436191414910E-003
    0.653520000000E+005    0.437309265287E-003
    0.654020000000E+005    0.438428871918E-003
    0.654520000000E+005    0.439550235444E-003
    0.655020000000E+005    0.440673356503E-003
    0.655520000000E+005    0.441798235733E-003
    0.656020000000E+005    0.442924873766E-003
    0.656520000000E+005    0.444053271236E-003
    0.657020000000E+005    0.445183428772E-003
    0.657520000000E+005    0.446315347001E-003
    0.658020000000E+005    0.447449026550E-003
    0.658520000000E+005    0.448584468041E-003
    0.659020000000E+005    0.449721672097E-003
    0.659520000000E+005    0.450860639334E-003
    0.660020000000E+005    0.452001370372E-003
    0.660520000000E+005    0.453143865824E-003
    0.661020000000E+005    0.454288126303E-003
    0.661520000000E+005    0.455434152420E-003
    0.662020000000E+005    0.456581944782E-003
    0.662520000000E+005    0.457731503997E-003
    0.663020000000E+005    0.458882830666E-003
    0.663520000000E+005    0.460035925394E-003
    0.664020000000E+005    0.461190788779E-003
    0.664520000000E+005    0.462347421418E-003
    0.665020000000E+005    0.463505823908E-003
    0.665520000000E+005    0.464665996840E-003
    0.666020000000E+005    0.465827940807E-003
    0.666520000000E+005    0.466991656398E-003
    0.667020000000E+005    0.468157144198E-003
    0.667520000000E+005    0.469324404793E-003
    0.668020000000E+005    0.470493438764E-003
    0.668520000000E+005    0.471664246693E-003
    0.669020000000E+005    0.472836829158E-003
    0.669520000000E+005    0.474011186734E-003
    0.670020000000E+005    0.475187319995E-003
    0.670520000000E+005    0.476365229514E-003
    0.671020000000E+005    0.477544915859E-003
    0.671520000000E+005    0.478726379598E-003
    0.672020000000E+005    0.479909621297E-003
    0.672520000000E+005    0.481094641519E-003
    0.673020000000E+005    0.482281440824E-003
    0.673520000000E+005    0.483470019773E-003
    0.674020000000E+005    0.484660378920E-003
    0.674520000000E+005    0.485852518822E-003
    0.675020000000E+005    0.487046440030E-003
    0.675520000000E+005    0.488242143096E-003
    0.676020000000E+005    0.489439628566E-003
    0.676520000000E+005    0.490638896988E-003
    0.677020000000E+005    0.491839948906E-003
    0.677520000000E+005    0.493042784860E-003
    0.678020000000E+005    0.494247405392E-003
    0.678520000000E+005    0.495453811038E-003
    0.679020000000E+005    0.496662002335E-003
    0.679520000000E+005    0.497871979814E-003
    0.680020000000E+005    0.499083744009E-003
    0.680520000000E+005    0.500297295447E-003
    0.681020000000E+005    0.501512634657E-003
    0.681520000000E+005    0.502729762162E-003
    0.682020000000E+005    0.503948678485E-003
    0.682520000000E+005    0.505169384147E-003
    0.683020000000E+005    0.506391879667E-003
    0.683520000000E+005    0.507616165562E-003
    0.684020000000E+005    0.508842242344E-003
    0.684520000000E+005    0.510070110527E-003
    0.685020000000E+005    0.511299770620E-003
    0.685520000000E+005    0.512531223132E-003
    0.686020000000E+005    0.513764468569E-003
    0.686520000000E+005    0.514999507433E-003
    0.687020000000E+005    0.516236340227E-003
    0.687520000000E+005    0.517474967451E-003
    0.688020000000E+005    0.518715389601E-003
    0.688520000000E+005    0.519957607173E-003
    0.689020000000E+005    0.521201620659E-003
    0.689520000000E+005    0.522447430553E-003
    0.690020000000E+005    0.523695037341E-003
    0.690520000000E+005    0.524944441511E-003
    0.691020000000E+005    0.526195643549E-003
    0.691520000000E+005    0.527448643935E-003
    0.692020000000E+005    0.528703443152E-003
    0.692520000000E+005    0.529960041678E-003
    0.693020000000E+005    0.531218439988E-003
    0.693520000000E+005    0.532478638558E-003
    0.694020000000E+005    0.533740637859E-003
    0.694520000000E+005    0.535004438362E-003
    0.695020000000E+005    0.536270040534E-003
    0.695520000000E+005    0.537537444841E-003
    0.696020000000E+005    0.538806651748E-003
    0.696520000000E+005    0.540077661716E-003
    0.697020000000E+005    0.541350475205E-003
    0.697520000000E+005    0.542625092672E-003
    0.698020000000E+005    0.543901514573E-003
    0.698520000000E+005    0.545179741360E-003
    0.699020000000E+005    0.546459773486E-003
    0.699520000000E+005    0.547741611400E-003
    0.700020000000E+005    0.549025255548E-003
    0.700520000000E+005    0.550310706376E-003
    0.701020000000E+005    0.551597964327E-003
    0.701520000000E+005    0.552887029842E-003
    0.702020000000E+005    0.554177903359E-003
    0.702520000000E+005    0.555470585315E-003
    0.703020000000E+005    0.556765076145E-003
    0.703520000000E+005    0.558061376281E-003
    0.704020000000E+005    0.559359486155E-003
    0.704520000000E+005    0.560659406194E-003
    0.705020000000E+005    0.561961136824E-003
    0.705520000000E+005    0.563264678471E-003
    0.706020000000E+005    0.564570031555E-003
    0.706520000000E+005    0.565877196499E-003
    0.707020000000E+005    0.567186173718E-003
    0.707520000000E+005    0.568496963630E-003
    0.708020000000E+005    0.569809566649E-003
    0.708520000000E+005    0.571123983186E-003
    0.709020000000E+005    0.572440213652E-003
    0.709520000000E+005    0.573758258453E-003
    0.710020000000E+005    0.575078117996E-003
    0.710520000000E+005    0.576399792684E-003
    0.711020000000E+005    0.577723282919E-003
    0.711520000000E+005    0.579048589101E-003
    0.712020000000E+005    0.580375711626E-003
    0.712520000000E+005    0.581704650891E-003
    0.713020000000E+005    0.583035407289E-003
    0.713520000000E+005    0.584367981210E-003
    0.714020000000E+005    0.585702373045E-003
    0.714520000000E+005    0.587038583181E-003
    0.715020000000E+005    0.588376612002E-003
    0.715520000000E+005    0.589716459891E-003
    0.716020000000E+005    0.591058127231E-003
    0.716520000000E+005    0.592401614399E-003
    0.717020000000E+005    0.593746921773E-003
    0.717520000000E+005    0.595094049728E-003
    0.718020000000E+005    0.596442998636E-003
    0.718520000000E+005    0.597793768869E-003
    0.719020000000E+005    0.599146360795E-003
    0.719520000000E+005    0.600500774781E-003
    0.720020000000E+005    0.601857011192E-003
    0.720520000000E+005    0.603215070390E-003
    0.721020000000E+005    0.604574952737E-003
    0.721520000000E+005    0.605936658590E-003
    0.722020000000E+005    0.607300188306E-003
    0.722520000000E+005    0.608665542240E-003
    0.723020000000E+005    0.610032720744E-003
    0.723520000000E+005    0.611401724169E-003
    0.724020000000E+005    0.612772552863E-003
    0.724520000000E+005    0.614145207174E-003
    0.725020000000E+005    0.615519687444E-003
    0.725520000000E+005    0.616895994016E-003
    0.726020000000E+005    0.618274127232E-003
    0.726520000000E+005    0.619654087428E-003
    0.727020000000E+005    0.621035874942E-003
    0.727520000000E+005    0.622419490108E-003
    0.728020000000E+005    0.623804933257E-003
    0.728520000000E+005    0.625192204721E-003
    0.729020000000E+005    0.626581304828E-003
    0.729520000000E+005    0.627972233903E-003
    0.730020000000E+005    0.629364992271E-003
    0.730520000000E+005    0.630759580254E-003
    0.731020000000E+005    0.632155998172E-003
    0.731520000000E+005    0.633554246344E-003
    0.732020000000E+005    0.634954325085E-003
    0.732520000000E+005    0.636356234709E-003
    0.733020000000E+005    0.637759975530E-003
    0.733520000000E+005    0.639165547857E-003
    0.734020000000E+005    0.640572951997E-003
    0.734520000000E+005    0.641982188258E-003
    0.735020000000E+005    0.643393256943E-003
    0.735520000000E+005    0.644806158354E-003
    0.736020000000E+005    0.646220892792E-003
    0.736520000000E+005    0.647637460555E-003
    0.737020000000E+005    0.649055861938E-003
    0.737520000000E+005    0.650476097236E-003
    0.738020000000E+005    0.651898166740E-003
    0.738520000000E+005    0.653322070742E-003
    0.739020000000E+005    0.654747809529E-003
    0.739520000000E+005    0.656175383388E-003
    0.740020000000E+005    0.657604792602E-003
    0.740520000000E+005    0.659036037453E-003
    0.741020000000E+005    0.660469118222E-003
    0.741520000000E+005    0.661904035187E-003
    0.742020000000E+005    0.663340788625E-003
    0.742520000000E+005    0.664779378808E-003
    0.743020000000E+005    0.666219806010E-003
    0.743520000000E+005    0.667662070501E-003
    0.744020000000E+005    0.669106172549E-003
    0.744520000000E+005    0.670552112421E-003
    0.745020000000E+005    0.671999890380E-003
    0.745520000000E+005    0.673449506688E-003
    0.746020000000E+005    0.674900961608E-003
    0.746520000000E+005    0.676354255396E-003
    0.747020000000E+005    0.677809388308E-003
    0.747520000000E+005    0.679266360601E-003
    0.748020000000E+005    0.680725172525E-003
    0.748520000000E+005    0.682185824332E-003
    0.749020000000E+005    0.683648316269E-003
    0.749520000000E+005    0.685112648585E-003
    0.750020000000E+005    0.686578821522E-003
    0.750520000000E+005    0.688046835323E-003
    0.751020000000E+005    0.689516690230E-003
    0.751520000000E+005    0.690988386481E-003
    0.752020000000E+005    0.692461924313E-003
    0.752520000000E+005    0.693937303960E-003
    0.753020000000E+005    0.695414525656E-003
    0.753520000000E+005    0.696893589630E-003
    0.754020000000E+005    0.698374496112E-003
    0.754520000000E+005    0.699857245330E-003
    0.755020000000E+005    0.701341837507E-003
    0.755520000000E+005    0.702828272867E-003
    0.756020000000E+005    0.704316551631E-003
    0.756520000000E+005    0.705806674018E-003
    0.757020000000E+005    0.707298640246E-003
    0.757520000000E+005    0.708792450529E-003
    0.758020000000E+005    0.710288105080E-003
    0.758520000000E+005    0.711785604112E-003
    0.759020000000E+005    0.713284947833E-003
    0.759520000000E+005    0.714786136451E-003
    0.760020000000E+005    0.716289170172E-003
    0.760520000000E+005    0.717794049199E-003
    0.761020000000E+005    0.719300773733E-003
    0.761520000000E+005    0.720809343974E-003
    0.762020000000E+005    0.722319760121E-003
    0.762520000000E+005    0.723832022369E-003
    0.763020000000E+005    0.725346130911E-003
    0.763520000000E+005    0.726862085940E-003
    0.764020000000E+005    0.728379887645E-003
    0.764520000000E+005    0.729899536216E-003
    0.765020000000E+005    0.731421031837E-003
    0.765520000000E+005    0.732944374693E-003
    0.766020000000E+005    0.734469564967E-003
    0.766520000000E+005    0.735996602839E-003
    0.767020000000E+005    0.737525488487E-003
    0.767520000000E+005    0.739056222088E-003
    0.768020000000E+005    0.740588803817E-003
    0.768520000000E+005    0.742123233845E-003
    0.769020000000E+005    0.743659512345E-003
    0.769520000000E+005    0.745197639484E-003
    0.770020000000E+005    0.746737615430E-003
    0.770520000000E+005    0.748279440347E-003
    0.771020000000E+005    0.749823114400E-003
    0.771520000000E+005    0.751368637748E-003
    0.772020000000E+005    0.752916010552E-003
    0.772520000000E+005    0.754465232969E-003
    0.773020000000E+005    0.756016305153E-003
    0.773520000000E+005    0.757569227259E-003
    0.774020000000E+005    0.759123999439E-003
    0.774520000000E+005    0.760680621842E-003
    0.775020000000E+005    0.762239094616E-003
    0.775520000000E+005    0.763799417906E-003
    0.776020000000E+005    0.765361591858E-003
    0.776520000000E+005    0.766925616613E-003
    0.777020000000E+005    0.768491492311E-003
    0.777520000000E+005    0.770059219090E-003
    0.778020000000E+005    0.771628797088E-003
    0.778520000000E+005    0.773200226439E-003
    0.779020000000E+005    0.774773507275E-003
    0.779520000000E+005    0.776348639727E-003
    0.780020000000E+005    0.777925623924E-003
    0.780520000000E+005    0.779504459993E-003
    0.781020000000E+005    0.781085148060E-003
    0.781520000000E+005    0.782667688246E-003
    0.782020000000E+005    0.784252080675E-003
    0.782520000000E+005    0.785838325464E-003
    0.783020000000E+005    0.787426422732E-003
    0.783520000000E+005    0.789016372595E-003
    0.784020000000E+005    0.790608175166E-003
    0.784520000000E+005    0.792201830557E-003
    0.785020000000E+005    0.793797338879E-003
    0.785520000000E+005    0.795394700238E-003
    0.786020000000E+005    0.796993914743E-003
    0.786520000000E+005    0.798594982496E-003
    0.787020000000E+005    0.800197903602E-003
    0.787520000000E+005    0.801802678159E-003
    0.788020000000E+005    0.803409306268E-003
    0.788520000000E+005    0.805017788025E-003
    0.789020000000E+005    0.806628123526E-003
    0.789520000000E+005    0.808240312863E-003
    0.790020000000E+005    0.809854356127E-003
    0.790520000000E+005    0.811470253409E-003
    0.791020000000E+005    0.813088004796E-003
    0.791520000000E+005    0.814707610374E-003
    0.792020000000E+005    0.816329070227E-003
    0.792520000000E+005    0.817952384436E-003
    0.793020000000E+005    0.819577553082E-003
    0.793520000000E+005    0.821204576243E-003
    0.794020000000E+005    0.822833453996E-003
    0.794520000000E+005    0.824464186416E-003
    0.795020000000E+005    0.826096773574E-003
    0.795520000000E+005    0.827731215543E-003
    0.796020000000E+005    0.829367512391E-003
    0.796520000000E+005    0.831005664186E-003
    0.797020000000E+005    0.832645670992E-003
    0.797520000000E+005    0.834287532874E-003
    0.798020000000E+005    0.835931249893E-003
    0.798520000000E+005    0.837576822110E-003
    0.799020000000E+005    0.839224249581E-003
    0.799520000000E+005    0.840873532363E-003
    0.800020000000E+005    0.842524670511E-003
    0.800520000000E+005    0.844177664078E-003
    0.801020000000E+005    0.845832513113E-003
    0.801520000000E+005    0.847489217666E-003
    0.802020000000E+005    0.849147777783E-003
    0.802520000000E+005    0.850808193511E-003
    0.803020000000E+005    0.852470464892E-003
    0.803520000000E+005    0.854134591967E-003
    0.804020000000E+005    0.855800574777E-003
    0.804520000000E+005    0.857468413360E-003
    0.805020000000E+005    0.859138107751E-003
    0.805520000000E+005    0.860809657985E-003
    0.806020000000E+005    0.862483064094E-003
    0.806520000000E+005    0.864158326108E-003
    0.807020000000E+005    0.865835444057E-003
    0.807520000000E+005    0.867514417968E-003
    0.808020000000E+005    0.869195247865E-003
    0.808520000000E+005    0.870877933772E-003
    0.809020000000E+005    0.872562475711E-003
    0.809520000000E+005    0.874248873701E-003
    0.810020000000E+005    0.875937127760E-003
    0.810520000000E+005    0.877627237904E-003
    0.811020000000E+005    0.879319204147E-003
    0.811520000000E+005    0.881013026502E-003
    0.812020000000E+005    0.882708704980E-003
    0.812520000000E+005    0.884406239590E-003
    0.813020000000E+005    0.886105630338E-003
    0.813520000000E+005    0.887806877229E-003
    0.814020000000E+005    0.889509980268E-003
    0.814520000000E+005    0.891214939456E-003
    0.815020000000E+005    0.892921754792E-003
    0.815520000000E+005    0.894630426276E-003
    0.816020000000E+005    0.896340953902E-003
    0.816520000000E+005    0.898053337666E-003
    0.817020000000E+005    0.899767577560E-003
    0.817520000000E+005    0.901483673576E-003
    0.818020000000E+005    0.903201625701E-003
    0.818520000000E+005    0.904921433925E-003
    0.819020000000E+005    0.906643098231E-003
    0.819520000000E+005    0.908366618605E-003
    0.820020000000E+005    0.910091995027E-003
    0.820520000000E+005    0.911819227478E-003
    0.821020000000E+005    0.913548315937E-003
    0.821520000000E+005    0.915279260380E-003
    0.822020000000E+005    0.917012060782E-003
    0.822520000000E+005    0.918746717116E-003
    0.823020000000E+005    0.920483229353E-003
    0.823520000000E+005    0.922221597463E-003
    0.824020000000E+005    0.923961821414E-003
    0.824520000000E+005    0.925703901171E-003
    0.825020000000E+005    0.927447836700E-003
    0.825520000000E+005    0.929193627961E-003
    0.826020000000E+005    0.930941274917E-003
    0.826520000000E+005    0.932690777525E-003
    0.827020000000E+005    0.934442135743E-003
    0.827520000000E+005    0.936195349527E-003
    0.828020000000E+005    0.937950418829E-003
    0.828520000000E+005    0.939707343603E-003
    0.829020000000E+005    0.941466123797E-003
    0.829520000000E+005    0.943226759361E-003
    0.830020000000E+005    0.944989250241E-003
    0.830520000000E+005    0.946753596381E-003
    0.831020000000E+005    0.948519797726E-003
    0.831520000000E+005    0.950287854215E-003
    0.832020000000E+005    0.952057765789E-003
    0.832520000000E+005    0.953829532386E-003
    0.833020000000E+005    0.955603153941E-003
    0.833520000000E+005    0.957378630390E-003
    0.834020000000E+005    0.959155961664E-003
    0.834520000000E+005    0.960935147694E-003
    0.835020000000E+005    0.962716188410E-003
    0.835520000000E+005    0.964499083739E-003
    0.836020000000E+005    0.966283833607E-003
    0.836520000000E+005    0.968070437937E-003
    0.837020000000E+005    0.969858896651E-003
    0.837520000000E+005    0.971649209670E-003
    0.838020000000E+005    0.973441376914E-003
    0.838520000000E+005    0.975235398297E-003
    0.839020000000E+005    0.977031273737E-003
    0.839520000000E+005    0.978829003145E-003
    0.840020000000E+005    0.980628586435E-003
    0.840520000000E+005    0.982430023516E-003
    0.841020000000E+005    0.984233314297E-003
    0.841520000000E+005    0.986038458683E-003
    0.842020000000E+005    0.987845456580E-003
    0.842520000000E+005    0.989654307891E-003
    0.843020000000E+005    0.991465012518E-003
    0.843520000000E+005    0.993277570359E-003
    0.844020000000E+005    0.995091981314E-003
    0.844520000000E+005    0.996908245278E-003
    0.845020000000E+005    0.998726362146E-003
    0.845520000000E+005    0.100054633181E-002
    0.846020000000E+005    0.100236815416E-002
    0.846520000000E+005    0.100419182909E-002
    0.847020000000E+005    0.100601735649E-002
    0.847520000000E+005    0.100784473623E-002
    0.848020000000E+005    0.100967396821E-002
    0.848520000000E+005    0.101150505231E-002
    0.849020000000E+005    0.101333798841E-002
    0.849520000000E+005    0.101517277638E-002
    0.850020000000E+005    0.101700941611E-002
    0.850520000000E+005    0.101884790747E-002
    0.851020000000E+005    0.102068825034E-002
    0.851520000000E+005    0.102253044458E-002
    0.852020000000E+005    0.102437449007E-002
    0.852520000000E+005    0.102622038668E-002
    0.853020000000E+005    0.102806813428E-002
    0.853520000000E+005    0.102991773272E-002
    0.854020000000E+005    0.103176918188E-002
    0.854520000000E+005    0.103362248161E-002
    0.855020000000E+005    0.103547763178E-002
    0.855520000000E+005    0.103733463225E-002
    0.856020000000E+005    0.103919348287E-002
    0.856520000000E+005    0.104105418349E-002
    0.857020000000E+005    0.104291673398E-002
    0.857520000000E+005    0.104478113418E-002
    0.858020000000E+005    0.104664738395E-002
    0.858520000000E+005    0.104851548313E-002
    0.859020000000E+005    0.105038543157E-002
    0.859520000000E+005    0.105225722912E-002
    0.860020000000E+005    0.105413087562E-002
    0.860520000000E+005    0.105600637091E-002
    0.861020000000E+005    0.105788371483E-002
    0.861520000000E+005    0.105976290722E-002
    0.862020000000E+005    0.106164394792E-002
    0.862520000000E+005    0.106352683676E-002
    0.863020000000E+005    0.106541157358E-002
    0.863520000000E+005    0.106729815821E-002
    0.864020000000E+005    0.106918659047E-002
    0.864520000000E+005    0.107107687021E-002
    0.865020000000E+005    0.107296899724E-002
    0.865520000000E+005    0.107486297139E-002
    0.866020000000E+005    0.107675879249E-002
    0.866520000000E+005    0.107865646035E-002
    0.867020000000E+005    0.108055597480E-002
    0.867520000000E+005    0.108245733565E-002
    0.868020000000E+005    0.108436054273E-002
    0.868520000000E+005    0.108626559584E-002
    0.869020000000E+005    0.108817249481E-002
    0.869520000000E+005    0.109008123944E-002
    0.870020000000E+005    0.109199182955E-002
    0.870520000000E+005    0.109390426494E-002
    0.871020000000E+005    0.109581854542E-002
    0.871520000000E+005    0.109773467080E-002
    0.872020000000E+005    0.109965264088E-002
    0.872520000000E+005    0.110157245546E-002
    0.873020000000E+005    0.110349411435E-002
    0.873520000000E+005    0.110541761733E-002
    0.874020000000E+005    0.110734296422E-002
    0.874520000000E+005    0.110927015481E-002
    0.875020000000E+005    0.111119918888E-002
    0.875520000000E+005    0.111313006624E-002
    0.876020000000E+005    0.111506278667E-002
    0.876520000000E+005    0.111699734997E-002
    0.877020000000E+005    0.111893375591E-002
    0.877520000000E+005    0.112087200429E-002
    0.878020000000E+005    0.112281209489E-002
    0.878520000000E+005    0.112475402750E-002
    0.879020000000E+005    0.112669780189E-002
    0.879520000000E+005    0.112864341785E-002
    0.880020000000E+005    0.113059087514E-002
    0.880520000000E+005    0.113254017356E-002
    0.881020000000E+005    0.113449131287E-002
    0.881520000000E+005    0.113644429284E-002
    0.882020000000E+005    0.113839911326E-002
    0.882520000000E+005    0.114035577388E-002
    0.883020000000E+005    0.114231427448E-002
    0.883520000000E+005    0.114427461482E-002
    0.884020000000E+005    0.114623679466E-002
    0.884520000000E+005    0.114820081378E-002
    0.885020000000E+005    0.115016667193E-002
    0.885520000000E+005    0.115213436888E-002
    0.886020000000E+005    0.115410390437E-002
    0.886520000000E+005    0.115607527818E-002
    0.887020000000E+005    0.115804849005E-002
    0.887520000000E+005    0.116002353973E-002
    0.888020000000E+005    0.116200042699E-002
    0.888520000000E+005    0.116397915157E-002
    0.889020000000E+005    0.116595971321E-002
    0.889520000000E+005    0.116794211168E-002
    0.890020000000E+005    0.116992634670E-002
    0.890520000000E+005    0.117191241804E-002
    0.891020000000E+005    0.117390032542E-002
    0.891520000000E+005    0.117589006859E-002
    0.892020000000E+005    0.117788164730E-002
    0.892520000000E+005    0.117987506127E-002
    0.893020000000E+005    0.118187031025E-002
    0.893520000000E+005    0.118386739396E-002
    0.894020000000E+005    0.118586631215E-002
    0.894520000000E+005    0.118786706455E-002
    0.895020000000E+005    0.118986965087E-002
    0.895520000000E+005    0.119187407086E-002
    0.896020000000E+005    0.119388032424E-002
    0.896520000000E+005    0.119588841074E-002
    0.897020000000E+005    0.119789833007E-002
    0.897520000000E+005    0.119991008196E-002
    0.898020000000E+005    0.120192366613E-002
    0.898520000000E+005    0.120393908231E-002
    0.899020000000E+005    0.120595633020E-002
    0.899520000000E+005    0.120797540952E-002
    0.900020000000E+005    0.120999631999E-002
    0.900520000000E+005    0.121201906133E-002
    0.901020000000E+005    0.121404363323E-002
    0.901520000000E+005    0.121607003541E-002
    0.902020000000E+005    0.121809826759E-002
    0.902520000000E+005    0.122012832946E-002
    0.903020000000E+005    0.122216022073E-002
    0.903520000000E+005    0.122419394110E-002
    0.904020000000E+005    0.122622949028E-002
    0.904520000000E+005    0.122826686797E-002
    0.905020000000E+005    0.123030607386E-002
    0.905520000000E+005    0.123234710765E-002
    0.906020000000E+005    0.123438996904E-002
    0.906520000000E+005    0.123643465773E-002
    0.907020000000E+005    0.123848117339E-002
    0.907520000000E+005    0.124052951574E-002
    0.908020000000E+005    0.124257968444E-002
    0.908520000000E+005    0.124463167920E-002
    0.909020000000E+005    0.124668549970E-002
    0.909520000000E+005    0.124874114563E-002
    0.910020000000E+005    0.125079861666E-002
    0.910520000000E+005    0.125285791248E-002
    0.911020000000E+005    0.125491903277E-002
    0.911520000000E+005    0.125698197721E-002
    0.912020000000E+005    0.125904674547E-002
    0.912520000000E+005    0.126111333724E-002
    0.913020000000E+005    0.126318175218E-002
    0.913520000000E+005    0.126525198996E-002
    0.914020000000E+005    0.126732405027E-002
    0.914520000000E+005    0.126939793277E-002
    0.915020000000E+005    0.127147363712E-002
    0.915520000000E+005    0.127355116299E-002
    0.916020000000E+005    0.127563051005E-002
    0.916520000000E+005    0.127771167797E-002
    0.917020000000E+005    0.127979466639E-002
    0.917520000000E+005    0.128187947499E-002
    0.918020000000E+005    0.128396610343E-002
    0.918520000000E+005    0.128605455135E-002
    0.919020000000E+005    0.128814481842E-002
    0.919520000000E+005    0.129023690429E-002
    0.920020000000E+005    0.129233080862E-002
    0.920520000000E+005    0.129442653104E-002
    0.921020000000E+005    0.129652407123E-002
    0.921520000000E+005    0.129862342881E-002
    0.922020000000E+005    0.130072460345E-002
    0.922520000000E+005    0.130282759478E-002
    0.923020000000E+005    0.130493240245E-002
    0.923520000000E+005    0.130703902610E-002
    0.924020000000E+005    0.130914746538E-002
    0.924520000000E+005    0.131125771991E-002
    0.925020000000E+005    0.131336978935E-002
    0.925520000000E+005    0.131548367332E-002
    0.926020000000E+005    0.131759937146E-002
    0.926520000000E+005    0.131971688341E-002
    0.927020000000E+005    0.132183620879E-002
    0.927520000000E+005    0.132395734724E-002
    0.928020000000E+005    0.132608029838E-002
    0.928520000000E+005    0.132820506185E-002
    0.929020000000E+005    0.133033163726E-002
    0.929520000000E+005    0.133246002425E-002
    0.930020000000E+005    0.133459022244E-002
    0.930520000000E+005    0.133672223144E-002
    0.931020000000E+005    0.133885605088E-002
    0.931520000000E+005    0.134099168038E-002
    0.932020000000E+005    0.134312911955E-002
    0.932520000000E+005    0.134526836801E-002
    0.933020000000E+005    0.134740942537E-002
    0.933520000000E+005    0.134955229125E-002
    0.934020000000E+005    0.135169696526E-002
    0.934520000000E+005    0.135384344700E-002
    0.935020000000E+005    0.135599173609E-002
    0.935520000000E+005    0.135814183213E-002
    0.936020000000E+005    0.136029373473E-002
    0.936520000000E+005    0.136244744349E-002
    0.937020000000E+005    0.136460295801E-002
    0.937520000000E+005    0.136676027790E-002
    0.938020000000E+005    0.136891940275E-002
    0.938520000000E+005    0.137108033216E-002
    0.939020000000E+005    0.137324306574E-002
    0.939520000000E+005    0.137540760306E-002
    0.940020000000E+005    0.137757394373E-002
    0.940520000000E+005    0.137974208734E-002
    0.941020000000E+005    0.138191203349E-002
    0.941520000000E+005    0.138408378175E-002
    0.942020000000E+005    0.138625733172E-002
    0.942520000000E+005    0.138843268298E-002
    0.943020000000E+005    0.139060983512E-002
    0.943520000000E+005    0.139278878772E-002
    0.944020000000E+005    0.139496954037E-002
    0.944520000000E+005    0.139715209264E-002
    0.945020000000E+005    0.139933644412E-002
    0.945520000000E+005    0.140152259438E-002
    0.946020000000E+005    0.140371054300E-002
    0.946520000000E+005    0.140590028954E-002
    0.947020000000E+005    0.140809183360E-002
    0.947520000000E+005    0.141028517474E-002
    0.948020000000E+005    0.141248031252E-002
    0.948520000000E+005    0.141467724652E-002
    0.949020000000E+005    0.141687597631E-002
    0.949520000000E+005    0.141907650145E-002
    0.950020000000E+005    0.142127882150E-002
    0.950520000000E+005    0.142348293604E-002
    0.951020000000E+005    0.142568884462E-002
    0.951520000000E+005    0.142789654680E-002
    0.952020000000E+005    0.143010604215E-002
    0.952520000000E+005    0.143231733021E-002
    0.953020000000E+005    0.143453041055E-002
    0.953520000000E+005    0.143674528272E-002
    0.954020000000E+005    0.143896194628E-002
    0.954520000000E+005    0.144118040077E-002
    0.955020000000E+005    0.144340064575E-002
    0.955520000000E+005    0.144562268077E-002
    0.956020000000E+005    0.144784650537E-002
    0.956520000000E+005    0.145007211910E-002
    0.957020000000E+005    0.145229952150E-002
    0.957520000000E+005    0.145452871213E-002
    0.958020000000E+005    0.145675969052E-002
    0.958520000000E+005    0.145899245621E-002
    0.959020000000E+005    0.146122700874E-002
    0.959520000000E+005    0.146346334765E-002
    0.960020000000E+005    0.146570147248E-002
    0.960520000000E+005    0.146794138276E-002
    0.961020000000E+005    0.147018307802E-002
    0.961520000000E+005    0.147242655780E-002
    0.962020000000E+005    0.147467182163E-002
    0.962520000000E+005    0.147691886904E-002
    0.963020000000E+005    0.147916769955E-002
    0.963520000000E+005    0.148141831270E-002
    0.964020000000E+005    0.148367070801E-002
    0.964520000000E+005    0.148592488500E-002
    0.965020000000E+005    0.148818084319E-002
    0.965520000000E+005    0.149043858211E-002
    0.966020000000E+005    0.149269810128E-002
    0.966520000000E+005    0.149495940021E-002
    0.967020000000E+005    0.149722247843E-002
    0.967520000000E+005    0.149948733544E-002
    0.968020000000E+005    0.150175397077E-002
    0.968520000000E+005    0.150402238392E-002
    0.969020000000E+005    0.150629257440E-002
    0.969520000000E+005    0.150856454174E-002
    0.970020000000E+005    0.151083828543E-002
    0.970520000000E+005    0.151311380498E-002
    0.971020000000E+005    0.151539109990E-002
    0.971520000000E+005    0.151767016970E-002
    0.972020000000E+005    0.151995101387E-002
    0.972520000000E+005    0.152223363193E-002
    0.973020000000E+005    0.152451802336E-002
    0.973520000000E+005    0.152680418767E-002
    0.974020000000E+005    0.152909212436E-002
    0.974520000000E+005    0.153138183293E-002
    0.975020000000E+005    0.153367331286E-002
    0.975520000000E+005    0.153596656366E-002
    0.976020000000E+005    0.153826158481E-002
    0.976520000000E+005    0.154055837581E-002
    0.977020000000E+005    0.154285693614E-002
    0.977520000000E+005    0.154515726530E-002
    0.978020000000E+005    0.154745936277E-002
    0.978520000000E+005    0.154976322804E-002
    0.979020000000E+005    0.155206886059E-002
    0.979520000000E+005    0.155437625990E-002
    0.980020000000E+005    0.155668542547E-002
    0.980520000000E+005    0.155899635675E-002
    0.981020000000E+005    0.156130905325E-002
    0.981520000000E+005    0.156362351442E-002
    0.982020000000E+005    0.156593973976E-002
    0.982520000000E+005    0.156825772873E-002
    0.983020000000E+005    0.157057748081E-002
    0.983520000000E+005    0.157289899547E-002
    0.984020000000E+005    0.157522227218E-002
    0.984520000000E+005    0.157754731041E-002
    0.985020000000E+005    0.157987410964E-002
    0.985520000000E+005    0.158220266931E-002
    0.986020000000E+005    0.158453298891E-002
    0.986520000000E+005    0.158686506790E-002
    0.987020000000E+005    0.158919890573E-002
    0.987520000000E+005    0.159153450187E-002
    0.988020000000E+005    0.159387185579E-002
    0.988520000000E+005    0.159621096693E-002
    0.989020000000E+005    0.159855183477E-002
    0.989520000000E+005    0.160089445874E-002
    0.990020000000E+005    0.160323883831E-002
    0.990520000000E+005    0.160558497294E-002
    0.991020000000E+005    0.160793286207E-002
    0.991520000000E+005    0.161028250516E-002
    0.992020000000E+005    0.161263390165E-002
    0.992520000000E+005    0.161498705100E-002
    0.993020000000E+005    0.161734195264E-002
    0.993520000000E+005    0.161969860604E-002
    0.994020000000E+005    0.162205701062E-002
    0.994520000000E+005    0.162441716584E-002
    0.995020000000E+005    0.162677907114E-002
    0.995520000000E+005    0.162914272595E-002
    0.996020000000E+005    0.163150812971E-002
    0.996520000000E+005    0.163387528188E-002
    0.997020000000E+005    0.163624418187E-002
    0.997520000000E+005    0.163861482912E-002
    0.998020000000E+005    0.164098722308E-002
    0.998520000000E+005    0.164336136317E-002
    0.999020000000E+005    0.164573724883E-002
    0.999520000000E+005    0.164811487947E-002
