TITLE = "0D Field KU"
VARIABLES = N ,"KU_Ha100Rem1Re100"
ZONE DATAPACKING = POINT
    0.200000000000E+001    0.000000000000E+000
    0.520000000000E+002    0.160544900620E-015
    0.102000000000E+003    0.111127381048E-011
    0.152000000000E+003    0.608964588937E-010
    0.202000000000E+003    0.704797347162E-009
    0.252000000000E+003    0.392008641692E-008
    0.302000000000E+003    0.143960574446E-007
    0.352000000000E+003    0.406270117388E-007
    0.402000000000E+003    0.957362599779E-007
    0.452000000000E+003    0.198033064761E-006
    0.502000000000E+003    0.371354621613E-006
    0.552000000000E+003    0.645238744634E-006
    0.602000000000E+003    0.105493969465E-005
    0.652000000000E+003    0.164129660999E-005
    0.702000000000E+003    0.245053308306E-005
    0.752000000000E+003    0.353402147603E-005
    0.802000000000E+003    0.494800729832E-005
    0.852000000000E+003    0.675330662731E-005
    0.902000000000E+003    0.901500368088E-005
    0.952000000000E+003    0.118021647632E-004
    0.100200000000E+004    0.151875557100E-004
    0.105200000000E+004    0.192473150968E-004
    0.110200000000E+004    0.240605955800E-004
    0.115200000000E+004    0.297092514401E-004
    0.120200000000E+004    0.362775638583E-004
    0.125200000000E+004    0.438519720644E-004
    0.130200000000E+004    0.525208217937E-004
    0.135200000000E+004    0.623741475713E-004
    0.140200000000E+004    0.735034864149E-004
    0.145200000000E+004    0.860016812613E-004
    0.150200000000E+004    0.999626316529E-004
    0.155200000000E+004    0.115481042398E-003
    0.160200000000E+004    0.132652238079E-003
    0.165200000000E+004    0.151572009549E-003
    0.170200000000E+004    0.172336463878E-003
    0.175200000000E+004    0.195041897919E-003
    0.180200000000E+004    0.219784703914E-003
    0.185200000000E+004    0.246661286402E-003
    0.190200000000E+004    0.275767937512E-003
    0.195200000000E+004    0.307200660084E-003
    0.200200000000E+004    0.341055014892E-003
    0.205200000000E+004    0.377426033524E-003
    0.210200000000E+004    0.416408149080E-003
    0.215200000000E+004    0.458095130011E-003
    0.220200000000E+004    0.502580040121E-003
    0.225200000000E+004    0.549955219788E-003
    0.230200000000E+004    0.600312250750E-003
    0.235200000000E+004    0.653741859891E-003
    0.240200000000E+004    0.710333788890E-003
    0.245200000000E+004    0.770176709834E-003
    0.250200000000E+004    0.833358197253E-003
    0.255200000000E+004    0.899964707380E-003
    0.260200000000E+004    0.970081564887E-003
    0.265200000000E+004    0.104379297461E-002
    0.270200000000E+004    0.112118203682E-002
    0.275200000000E+004    0.120233072063E-002
    0.280200000000E+004    0.128731977462E-002
    0.285200000000E+004    0.137622863033E-002
    0.290200000000E+004    0.146913536463E-002
    0.295200000000E+004    0.156611670523E-002
    0.300200000000E+004    0.166724803867E-002
    0.305200000000E+004    0.177260343108E-002
    0.310200000000E+004    0.188225566654E-002
    0.315200000000E+004    0.199627626756E-002
    0.320200000000E+004    0.211473545720E-002
    0.325200000000E+004    0.223770207199E-002
    0.330200000000E+004    0.236524349471E-002
    0.335200000000E+004    0.249742564903E-002
    0.340200000000E+004    0.263431302402E-002
    0.345200000000E+004    0.277596870142E-002
    0.350200000000E+004    0.292245439761E-002
    0.355200000000E+004    0.307383050974E-002
    0.360200000000E+004    0.323015612339E-002
    0.365200000000E+004    0.339148895791E-002
    0.370200000000E+004    0.355788528542E-002
    0.375200000000E+004    0.372939989077E-002
    0.380200000000E+004    0.390608608825E-002
    0.385200000000E+004    0.408799575795E-002
    0.390200000000E+004    0.427517938691E-002
    0.395200000000E+004    0.446768612179E-002
    0.400200000000E+004    0.466556380789E-002
    0.405200000000E+004    0.486885897516E-002
    0.410200000000E+004    0.507761677001E-002
    0.415200000000E+004    0.529188088642E-002
    0.420200000000E+004    0.551169355029E-002
    0.425200000000E+004    0.573709555116E-002
    0.430200000000E+004    0.596812628667E-002
    0.435200000000E+004    0.620482381306E-002
    0.440200000000E+004    0.644722489791E-002
    0.445200000000E+004    0.669536504158E-002
    0.450200000000E+004    0.694927843978E-002
    0.455200000000E+004    0.720899790920E-002
    0.460200000000E+004    0.747455483542E-002
    0.465200000000E+004    0.774597917773E-002
    0.470200000000E+004    0.802329951062E-002
    0.475200000000E+004    0.830654307386E-002
    0.480200000000E+004    0.859573582641E-002
    0.485200000000E+004    0.889090248933E-002
    0.490200000000E+004    0.919206654340E-002
    0.495200000000E+004    0.949925017177E-002
    0.500200000000E+004    0.981247418738E-002
    0.505200000000E+004    0.101317579997E-001
    0.510200000000E+004    0.104571196355E-001
    0.515200000000E+004    0.107885757861E-001
    0.520200000000E+004    0.111261418601E-001
    0.525200000000E+004    0.114698320338E-001
    0.530200000000E+004    0.118196592760E-001
    0.535200000000E+004    0.121756353201E-001
    0.540200000000E+004    0.125377705942E-001
    0.545200000000E+004    0.129060741562E-001
    0.550200000000E+004    0.132805536801E-001
    0.555200000000E+004    0.136612154874E-001
    0.560200000000E+004    0.140480645977E-001
    0.565200000000E+004    0.144411047806E-001
    0.570200000000E+004    0.148403385949E-001
    0.575200000000E+004    0.152457673912E-001
    0.580200000000E+004    0.156573912614E-001
    0.585200000000E+004    0.160752089635E-001
    0.590200000000E+004    0.164992178721E-001
    0.595200000000E+004    0.169294139798E-001
    0.600200000000E+004    0.173657919385E-001
    0.605200000000E+004    0.178083451098E-001
    0.610200000000E+004    0.182570656122E-001
    0.615200000000E+004    0.187119443449E-001
    0.620200000000E+004    0.191729709667E-001
    0.625200000000E+004    0.196401338304E-001
    0.630200000000E+004    0.201134199116E-001
    0.635200000000E+004    0.205928147768E-001
    0.640200000000E+004    0.210783026013E-001
    0.645200000000E+004    0.215698662155E-001
    0.650200000000E+004    0.220674871562E-001
    0.655200000000E+004    0.225711457046E-001
    0.660200000000E+004    0.230808208930E-001
    0.665200000000E+004    0.235964904640E-001
    0.670200000000E+004    0.241181307996E-001
    0.675200000000E+004    0.246457168624E-001
    0.680200000000E+004    0.251792221846E-001
    0.685200000000E+004    0.257186189002E-001
    0.690200000000E+004    0.262638777977E-001
    0.695200000000E+004    0.268149683693E-001
    0.700200000000E+004    0.273718588397E-001
    0.705200000000E+004    0.279345161564E-001
    0.710200000000E+004    0.285029059366E-001
    0.715200000000E+004    0.290769924016E-001
    0.720200000000E+004    0.296567383381E-001
    0.725200000000E+004    0.302421051088E-001
    0.730200000000E+004    0.308330526995E-001
    0.735200000000E+004    0.314295397769E-001
    0.740200000000E+004    0.320315237361E-001
    0.745200000000E+004    0.326389607191E-001
    0.750200000000E+004    0.332518055926E-001
    0.755200000000E+004    0.338700118930E-001
    0.760200000000E+004    0.344935317744E-001
    0.765200000000E+004    0.351223159952E-001
    0.770200000000E+004    0.357563139509E-001
    0.775200000000E+004    0.363954737345E-001
    0.780200000000E+004    0.370397421991E-001
    0.785200000000E+004    0.376890650018E-001
    0.790200000000E+004    0.383433866134E-001
    0.795200000000E+004    0.390026502893E-001
    0.800200000000E+004    0.396667980202E-001
    0.805200000000E+004    0.403357705020E-001
    0.810200000000E+004    0.410095071486E-001
    0.815200000000E+004    0.416879461452E-001
    0.820200000000E+004    0.423710245203E-001
    0.825200000000E+004    0.430586782097E-001
    0.830200000000E+004    0.437508420960E-001
    0.835200000000E+004    0.444474500101E-001
    0.840200000000E+004    0.451484347007E-001
    0.845200000000E+004    0.458537277984E-001
    0.850200000000E+004    0.465632598098E-001
    0.855200000000E+004    0.472769601546E-001
    0.860200000000E+004    0.479947572368E-001
    0.865200000000E+004    0.487165785228E-001
    0.870200000000E+004    0.494423506040E-001
    0.875200000000E+004    0.501719992291E-001
    0.880200000000E+004    0.509054492989E-001
    0.885200000000E+004    0.516426248390E-001
    0.890200000000E+004    0.523834489807E-001
    0.895200000000E+004    0.531278439791E-001
    0.900200000000E+004    0.538757312708E-001
    0.905200000000E+004    0.546270315562E-001
    0.910200000000E+004    0.553816648782E-001
    0.915200000000E+004    0.561395506797E-001
    0.920200000000E+004    0.569006078250E-001
    0.925200000000E+004    0.576647545902E-001
    0.930200000000E+004    0.584319086420E-001
    0.935200000000E+004    0.592019870365E-001
    0.940200000000E+004    0.599749062572E-001
    0.945200000000E+004    0.607505822880E-001
    0.950200000000E+004    0.615289306988E-001
    0.955200000000E+004    0.623098667198E-001
    0.960200000000E+004    0.630933052874E-001
    0.965200000000E+004    0.638791610550E-001
    0.970200000000E+004    0.646673483798E-001
    0.975200000000E+004    0.654577813088E-001
    0.980200000000E+004    0.662503735949E-001
    0.985200000000E+004    0.670450387500E-001
    0.990200000000E+004    0.678416901253E-001
    0.995200000000E+004    0.686402409937E-001
    0.100020000000E+005    0.694406046137E-001
    0.100520000000E+005    0.702426942606E-001
    0.101020000000E+005    0.710464232265E-001
    0.101520000000E+005    0.718517048039E-001
    0.102020000000E+005    0.726584522821E-001
    0.102520000000E+005    0.734665789755E-001
    0.103020000000E+005    0.742759982874E-001
    0.103520000000E+005    0.750866237900E-001
    0.104020000000E+005    0.758983692980E-001
    0.104520000000E+005    0.767111489176E-001
    0.105020000000E+005    0.775248770612E-001
    0.105520000000E+005    0.783394684373E-001
    0.106020000000E+005    0.791548380344E-001
    0.106520000000E+005    0.799709011262E-001
    0.107020000000E+005    0.807875733103E-001
    0.107520000000E+005    0.816047705758E-001
    0.108020000000E+005    0.824224093777E-001
    0.108520000000E+005    0.832404066972E-001
    0.109020000000E+005    0.840586800724E-001
    0.109520000000E+005    0.848771475982E-001
    0.110020000000E+005    0.856957279079E-001
    0.110520000000E+005    0.865143401598E-001
    0.111020000000E+005    0.873329040506E-001
    0.111520000000E+005    0.881513398611E-001
    0.112020000000E+005    0.889695685227E-001
    0.112520000000E+005    0.897875116815E-001
    0.113020000000E+005    0.906050917423E-001
    0.113520000000E+005    0.914222318812E-001
    0.114020000000E+005    0.922388560321E-001
    0.114520000000E+005    0.930548888637E-001
    0.115020000000E+005    0.938702557711E-001
    0.115520000000E+005    0.946848828962E-001
    0.116020000000E+005    0.954986971771E-001
    0.116520000000E+005    0.963116264092E-001
    0.117020000000E+005    0.971235992961E-001
    0.117520000000E+005    0.979345454757E-001
    0.118020000000E+005    0.987443955168E-001
    0.118520000000E+005    0.995530808947E-001
    0.119020000000E+005    0.100360533969E+000
    0.119520000000E+005    0.101166687978E+000
    0.120020000000E+005    0.101971477070E+000
    0.120520000000E+005    0.102774836349E+000
    0.121020000000E+005    0.103576701928E+000
    0.121520000000E+005    0.104377010966E+000
    0.122020000000E+005    0.105175701675E+000
    0.122520000000E+005    0.105972713304E+000
    0.123020000000E+005    0.106767986111E+000
    0.123520000000E+005    0.107561461336E+000
    0.124020000000E+005    0.108353081212E+000
    0.124520000000E+005    0.109142788992E+000
    0.125020000000E+005    0.109930528994E+000
    0.125520000000E+005    0.110716246647E+000
    0.126020000000E+005    0.111499888507E+000
    0.126520000000E+005    0.112281402255E+000
    0.127020000000E+005    0.113060736664E+000
    0.127520000000E+005    0.113837841569E+000
    0.128020000000E+005    0.114612667852E+000
    0.128520000000E+005    0.115385167453E+000
    0.129020000000E+005    0.116155293398E+000
    0.129520000000E+005    0.116922999847E+000
    0.130020000000E+005    0.117688242115E+000
    0.130520000000E+005    0.118450976684E+000
    0.131020000000E+005    0.119211161179E+000
    0.131520000000E+005    0.119968754334E+000
    0.132020000000E+005    0.120723715963E+000
    0.132520000000E+005    0.121476006948E+000
    0.133020000000E+005    0.122225589258E+000
    0.133520000000E+005    0.122972425976E+000
    0.134020000000E+005    0.123716481335E+000
    0.134520000000E+005    0.124457720735E+000
    0.135020000000E+005    0.125196110731E+000
    0.135520000000E+005    0.125931619002E+000
    0.136020000000E+005    0.126664214318E+000
    0.136520000000E+005    0.127393866510E+000
    0.137020000000E+005    0.128120546468E+000
    0.137520000000E+005    0.128844226159E+000
    0.138020000000E+005    0.129564878656E+000
    0.138520000000E+005    0.130282478165E+000
    0.139020000000E+005    0.130997000018E+000
    0.139520000000E+005    0.131708420662E+000
    0.140020000000E+005    0.132416717614E+000
    0.140520000000E+005    0.133121869431E+000
    0.141020000000E+005    0.133823855684E+000
    0.141520000000E+005    0.134522656962E+000
    0.142020000000E+005    0.135218254892E+000
    0.142520000000E+005    0.135910632165E+000
    0.143020000000E+005    0.136599772544E+000
    0.143520000000E+005    0.137285660858E+000
    0.144020000000E+005    0.137968282965E+000
    0.144520000000E+005    0.138647625720E+000
    0.145020000000E+005    0.139323676932E+000
    0.145520000000E+005    0.139996425360E+000
    0.146020000000E+005    0.140665860709E+000
    0.146520000000E+005    0.141331973658E+000
    0.147020000000E+005    0.141994755873E+000
    0.147520000000E+005    0.142654200005E+000
    0.148020000000E+005    0.143310299675E+000
    0.148520000000E+005    0.143963049432E+000
    0.149020000000E+005    0.144612444711E+000
    0.149520000000E+005    0.145258481812E+000
    0.150020000000E+005    0.145901157882E+000
    0.150520000000E+005    0.146540470933E+000
    0.151020000000E+005    0.147176419854E+000
    0.151520000000E+005    0.147809004420E+000
    0.152020000000E+005    0.148438225283E+000
    0.152520000000E+005    0.149064083941E+000
    0.153020000000E+005    0.149686582698E+000
    0.153520000000E+005    0.150305724625E+000
    0.154020000000E+005    0.150921513537E+000
    0.154520000000E+005    0.151533953995E+000
    0.155020000000E+005    0.152143051310E+000
    0.155520000000E+005    0.152748811561E+000
    0.156020000000E+005    0.153351241593E+000
    0.156520000000E+005    0.153950348994E+000
    0.157020000000E+005    0.154546142062E+000
    0.157520000000E+005    0.155138629767E+000
    0.158020000000E+005    0.155727821709E+000
    0.158520000000E+005    0.156313728113E+000
    0.159020000000E+005    0.156896359821E+000
    0.159520000000E+005    0.157475728312E+000
    0.160020000000E+005    0.158051845699E+000
    0.160520000000E+005    0.158624724730E+000
    0.161020000000E+005    0.159194378750E+000
    0.161520000000E+005    0.159760821672E+000
    0.162020000000E+005    0.160324067933E+000
    0.162520000000E+005    0.160884132468E+000
    0.163020000000E+005    0.161441030699E+000
    0.163520000000E+005    0.161994778546E+000
    0.164020000000E+005    0.162545392430E+000
    0.164520000000E+005    0.163092889275E+000
    0.165020000000E+005    0.163637286494E+000
    0.165520000000E+005    0.164178601954E+000
    0.166020000000E+005    0.164716853936E+000
    0.166520000000E+005    0.165252061105E+000
    0.167020000000E+005    0.165784242485E+000
    0.167520000000E+005    0.166313417463E+000
    0.168020000000E+005    0.166839605789E+000
    0.168520000000E+005    0.167362827586E+000
    0.169020000000E+005    0.167883103342E+000
    0.169520000000E+005    0.168400453890E+000
    0.170020000000E+005    0.168914900372E+000
    0.170520000000E+005    0.169426464201E+000
    0.171020000000E+005    0.169935167035E+000
    0.171520000000E+005    0.170441030765E+000
    0.172020000000E+005    0.170944077516E+000
    0.172520000000E+005    0.171444329656E+000
    0.173020000000E+005    0.171941809794E+000
    0.173520000000E+005    0.172436540776E+000
    0.174020000000E+005    0.172928545650E+000
    0.174520000000E+005    0.173417847639E+000
    0.175020000000E+005    0.173904470105E+000
    0.175520000000E+005    0.174388436527E+000
    0.176020000000E+005    0.174869770501E+000
    0.176520000000E+005    0.175348495741E+000
    0.177020000000E+005    0.175824636089E+000
    0.177520000000E+005    0.176298215510E+000
    0.178020000000E+005    0.176769258079E+000
    0.178520000000E+005    0.177237787952E+000
    0.179020000000E+005    0.177703829333E+000
    0.179520000000E+005    0.178167406448E+000
    0.180020000000E+005    0.178628543533E+000
    0.180520000000E+005    0.179087264835E+000
    0.181020000000E+005    0.179543594620E+000
    0.181520000000E+005    0.179997557176E+000
    0.182020000000E+005    0.180449176812E+000
    0.182520000000E+005    0.180898477834E+000
    0.183020000000E+005    0.181345484520E+000
    0.183520000000E+005    0.181790221089E+000
    0.184020000000E+005    0.182232711687E+000
    0.184520000000E+005    0.182672980377E+000
    0.185020000000E+005    0.183111051147E+000
    0.185520000000E+005    0.183546947919E+000
    0.186020000000E+005    0.183980694549E+000
    0.186520000000E+005    0.184412314823E+000
    0.187020000000E+005    0.184841832432E+000
    0.187520000000E+005    0.185269270947E+000
    0.188020000000E+005    0.185694653798E+000
    0.188520000000E+005    0.186118004261E+000
    0.189020000000E+005    0.186539345458E+000
    0.189520000000E+005    0.186958700370E+000
    0.190020000000E+005    0.187376091841E+000
    0.190520000000E+005    0.187791542583E+000
    0.191020000000E+005    0.188205075159E+000
    0.191520000000E+005    0.188616711966E+000
    0.192020000000E+005    0.189026475211E+000
    0.192520000000E+005    0.189434386896E+000
    0.193020000000E+005    0.189840468810E+000
    0.193520000000E+005    0.190244742539E+000
    0.194020000000E+005    0.190647229477E+000
    0.194520000000E+005    0.191047950832E+000
    0.195020000000E+005    0.191446927622E+000
    0.195520000000E+005    0.191844180666E+000
    0.196020000000E+005    0.192239730557E+000
    0.196520000000E+005    0.192633597654E+000
    0.197020000000E+005    0.193025802061E+000
    0.197520000000E+005    0.193416363639E+000
    0.198020000000E+005    0.193805302010E+000
    0.198520000000E+005    0.194192636570E+000
    0.199020000000E+005    0.194578386495E+000
    0.199520000000E+005    0.194962570735E+000
    0.200020000000E+005    0.195345208002E+000
    0.200520000000E+005    0.195726316748E+000
    0.201020000000E+005    0.196105915158E+000
    0.201520000000E+005    0.196484021140E+000
    0.202020000000E+005    0.196860652339E+000
    0.202520000000E+005    0.197235826144E+000
    0.203020000000E+005    0.197609559702E+000
    0.203520000000E+005    0.197981869919E+000
    0.204020000000E+005    0.198352773453E+000
    0.204520000000E+005    0.198722286702E+000
    0.205020000000E+005    0.199090425787E+000
    0.205520000000E+005    0.199457206546E+000
    0.206020000000E+005    0.199822644536E+000
    0.206520000000E+005    0.200186755045E+000
    0.207020000000E+005    0.200549553104E+000
    0.207520000000E+005    0.200911053494E+000
    0.208020000000E+005    0.201271270750E+000
    0.208520000000E+005    0.201630219152E+000
    0.209020000000E+005    0.201987912708E+000
    0.209520000000E+005    0.202344365150E+000
    0.210020000000E+005    0.202699589925E+000
    0.210520000000E+005    0.203053600208E+000
    0.211020000000E+005    0.203406408912E+000
    0.211520000000E+005    0.203758028699E+000
    0.212020000000E+005    0.204108471992E+000
    0.212520000000E+005    0.204457750966E+000
    0.213020000000E+005    0.204805877545E+000
    0.213520000000E+005    0.205152863386E+000
    0.214020000000E+005    0.205498719877E+000
    0.214520000000E+005    0.205843458138E+000
    0.215020000000E+005    0.206187089029E+000
    0.215520000000E+005    0.206529623168E+000
    0.216020000000E+005    0.206871070938E+000
    0.216520000000E+005    0.207211442494E+000
    0.217020000000E+005    0.207550747757E+000
    0.217520000000E+005    0.207888996407E+000
    0.218020000000E+005    0.208226197872E+000
    0.218520000000E+005    0.208562361326E+000
    0.219020000000E+005    0.208897495699E+000
    0.219520000000E+005    0.209231609686E+000
    0.220020000000E+005    0.209564711760E+000
    0.220520000000E+005    0.209896810184E+000
    0.221020000000E+005    0.210227913010E+000
    0.221520000000E+005    0.210558028071E+000
    0.222020000000E+005    0.210887162980E+000
    0.222520000000E+005    0.211215325116E+000
    0.223020000000E+005    0.211542521633E+000
    0.223520000000E+005    0.211868759463E+000
    0.224020000000E+005    0.212194045334E+000
    0.224520000000E+005    0.212518385780E+000
    0.225020000000E+005    0.212841787147E+000
    0.225520000000E+005    0.213164255591E+000
    0.226020000000E+005    0.213485797075E+000
    0.226520000000E+005    0.213806417357E+000
    0.227020000000E+005    0.214126121994E+000
    0.227520000000E+005    0.214444916339E+000
    0.228020000000E+005    0.214762805560E+000
    0.228520000000E+005    0.215079794648E+000
    0.229020000000E+005    0.215395888429E+000
    0.229520000000E+005    0.215711091564E+000
    0.230020000000E+005    0.216025408551E+000
    0.230520000000E+005    0.216338843715E+000
    0.231020000000E+005    0.216651401204E+000
    0.231520000000E+005    0.216963084988E+000
    0.232020000000E+005    0.217273898870E+000
    0.232520000000E+005    0.217583846494E+000
    0.233020000000E+005    0.217892931360E+000
    0.233520000000E+005    0.218201156828E+000
    0.234020000000E+005    0.218508526121E+000
    0.234520000000E+005    0.218815042320E+000
    0.235020000000E+005    0.219120708358E+000
    0.235520000000E+005    0.219425527016E+000
    0.236020000000E+005    0.219729500928E+000
    0.236520000000E+005    0.220032632590E+000
    0.237020000000E+005    0.220334924369E+000
    0.237520000000E+005    0.220636378516E+000
    0.238020000000E+005    0.220936997171E+000
    0.238520000000E+005    0.221236782356E+000
    0.239020000000E+005    0.221535735976E+000
    0.239520000000E+005    0.221833859812E+000
    0.240020000000E+005    0.222131155519E+000
    0.240520000000E+005    0.222427624632E+000
    0.241020000000E+005    0.222723268577E+000
    0.241520000000E+005    0.223018088680E+000
    0.242020000000E+005    0.223312086179E+000
    0.242520000000E+005    0.223605262218E+000
    0.243020000000E+005    0.223897617850E+000
    0.243520000000E+005    0.224189154032E+000
    0.244020000000E+005    0.224479871615E+000
    0.244520000000E+005    0.224769771353E+000
    0.245020000000E+005    0.225058853907E+000
    0.245520000000E+005    0.225347119852E+000
    0.246020000000E+005    0.225634569693E+000
    0.246520000000E+005    0.225921203862E+000
    0.247020000000E+005    0.226207022726E+000
    0.247520000000E+005    0.226492026574E+000
    0.248020000000E+005    0.226776215619E+000
    0.248520000000E+005    0.227059589994E+000
    0.249020000000E+005    0.227342149751E+000
    0.249520000000E+005    0.227623894878E+000
    0.250020000000E+005    0.227904825300E+000
    0.250520000000E+005    0.228184940890E+000
    0.251020000000E+005    0.228464241472E+000
    0.251520000000E+005    0.228742726818E+000
    0.252020000000E+005    0.229020396641E+000
    0.252520000000E+005    0.229297250595E+000
    0.253020000000E+005    0.229573288270E+000
    0.253520000000E+005    0.229848509203E+000
    0.254020000000E+005    0.230122912880E+000
    0.254520000000E+005    0.230396498751E+000
    0.255020000000E+005    0.230669266226E+000
    0.255520000000E+005    0.230941214686E+000
    0.256020000000E+005    0.231212343471E+000
    0.256520000000E+005    0.231482651878E+000
    0.257020000000E+005    0.231752139159E+000
    0.257520000000E+005    0.232020804521E+000
    0.258020000000E+005    0.232288647136E+000
    0.258520000000E+005    0.232555666141E+000
    0.259020000000E+005    0.232821860655E+000
    0.259520000000E+005    0.233087229771E+000
    0.260020000000E+005    0.233351772565E+000
    0.260520000000E+005    0.233615488084E+000
    0.261020000000E+005    0.233878375342E+000
    0.261520000000E+005    0.234140433325E+000
    0.262020000000E+005    0.234401660988E+000
    0.262520000000E+005    0.234662057262E+000
    0.263020000000E+005    0.234921621066E+000
    0.263520000000E+005    0.235180351305E+000
    0.264020000000E+005    0.235438246877E+000
    0.264520000000E+005    0.235695306665E+000
    0.265020000000E+005    0.235951529538E+000
    0.265520000000E+005    0.236206914340E+000
    0.266020000000E+005    0.236461459899E+000
    0.266520000000E+005    0.236715165022E+000
    0.267020000000E+005    0.236968028510E+000
    0.267520000000E+005    0.237220049158E+000
    0.268020000000E+005    0.237471225763E+000
    0.268520000000E+005    0.237721557116E+000
    0.269020000000E+005    0.237971042007E+000
    0.269520000000E+005    0.238219679213E+000
    0.270020000000E+005    0.238467467499E+000
    0.270520000000E+005    0.238714405621E+000
    0.271020000000E+005    0.238960492328E+000
    0.271520000000E+005    0.239205726369E+000
    0.272020000000E+005    0.239450106499E+000
    0.272520000000E+005    0.239693631479E+000
    0.273020000000E+005    0.239936300074E+000
    0.273520000000E+005    0.240178111047E+000
    0.274020000000E+005    0.240419063160E+000
    0.274520000000E+005    0.240659155167E+000
    0.275020000000E+005    0.240898385821E+000
    0.275520000000E+005    0.241136753876E+000
    0.276020000000E+005    0.241374258096E+000
    0.276520000000E+005    0.241610897256E+000
    0.277020000000E+005    0.241846670142E+000
    0.277520000000E+005    0.242081575546E+000
    0.278020000000E+005    0.242315612265E+000
    0.278520000000E+005    0.242548779095E+000
    0.279020000000E+005    0.242781074833E+000
    0.279520000000E+005    0.243012498280E+000
    0.280020000000E+005    0.243243048248E+000
    0.280520000000E+005    0.243472723562E+000
    0.281020000000E+005    0.243701523061E+000
    0.281520000000E+005    0.243929445599E+000
    0.282020000000E+005    0.244156490038E+000
    0.282520000000E+005    0.244382655247E+000
    0.283020000000E+005    0.244607940100E+000
    0.283520000000E+005    0.244832343474E+000
    0.284020000000E+005    0.245055864256E+000
    0.284520000000E+005    0.245278501351E+000
    0.285020000000E+005    0.245500253676E+000
    0.285520000000E+005    0.245721120170E+000
    0.286020000000E+005    0.245941099783E+000
    0.286520000000E+005    0.246160191478E+000
    0.287020000000E+005    0.246378394225E+000
    0.287520000000E+005    0.246595707000E+000
    0.288020000000E+005    0.246812128790E+000
    0.288520000000E+005    0.247027658596E+000
    0.289020000000E+005    0.247242295433E+000
    0.289520000000E+005    0.247456038341E+000
    0.290020000000E+005    0.247668886373E+000
    0.290520000000E+005    0.247880838599E+000
    0.291020000000E+005    0.248091894100E+000
    0.291520000000E+005    0.248302051967E+000
    0.292020000000E+005    0.248511311298E+000
    0.292520000000E+005    0.248719671205E+000
    0.293020000000E+005    0.248927130817E+000
    0.293520000000E+005    0.249133689281E+000
    0.294020000000E+005    0.249339345765E+000
    0.294520000000E+005    0.249544099455E+000
    0.295020000000E+005    0.249747949551E+000
    0.295520000000E+005    0.249950895263E+000
    0.296020000000E+005    0.250152935813E+000
    0.296520000000E+005    0.250354070433E+000
    0.297020000000E+005    0.250554298369E+000
    0.297520000000E+005    0.250753618889E+000
    0.298020000000E+005    0.250952031276E+000
    0.298520000000E+005    0.251149534836E+000
    0.299020000000E+005    0.251346128892E+000
    0.299520000000E+005    0.251541812779E+000
    0.300020000000E+005    0.251736585843E+000
    0.300520000000E+005    0.251930447441E+000
    0.301020000000E+005    0.252123396943E+000
    0.301520000000E+005    0.252315433736E+000
    0.302020000000E+005    0.252506557226E+000
    0.302520000000E+005    0.252696766838E+000
    0.303020000000E+005    0.252886062016E+000
    0.303520000000E+005    0.253074442220E+000
    0.304020000000E+005    0.253261906921E+000
    0.304520000000E+005    0.253448455602E+000
    0.305020000000E+005    0.253634087757E+000
    0.305520000000E+005    0.253818802894E+000
    0.306020000000E+005    0.254002600539E+000
    0.306520000000E+005    0.254185480236E+000
    0.307020000000E+005    0.254367441549E+000
    0.307520000000E+005    0.254548484058E+000
    0.308020000000E+005    0.254728607358E+000
    0.308520000000E+005    0.254907811055E+000
    0.309020000000E+005    0.255086094764E+000
    0.309520000000E+005    0.255263458114E+000
    0.310020000000E+005    0.255439900749E+000
    0.310520000000E+005    0.255615422328E+000
    0.311020000000E+005    0.255790022532E+000
    0.311520000000E+005    0.255963701057E+000
    0.312020000000E+005    0.256136457615E+000
    0.312520000000E+005    0.256308291932E+000
    0.313020000000E+005    0.256479203741E+000
    0.313520000000E+005    0.256649192787E+000
    0.314020000000E+005    0.256818258830E+000
    0.314520000000E+005    0.256986401640E+000
    0.315020000000E+005    0.257153621010E+000
    0.315520000000E+005    0.257319916746E+000
    0.316020000000E+005    0.257485288673E+000
    0.316520000000E+005    0.257649736628E+000
    0.317020000000E+005    0.257813260458E+000
    0.317520000000E+005    0.257975860022E+000
    0.318020000000E+005    0.258137535186E+000
    0.318520000000E+005    0.258298285832E+000
    0.319020000000E+005    0.258458111856E+000
    0.319520000000E+005    0.258617013171E+000
    0.320020000000E+005    0.258774989706E+000
    0.320520000000E+005    0.258932041404E+000
    0.321020000000E+005    0.259088168219E+000
    0.321520000000E+005    0.259243370116E+000
    0.322020000000E+005    0.259397647067E+000
    0.322520000000E+005    0.259550999057E+000
    0.323020000000E+005    0.259703426081E+000
    0.323520000000E+005    0.259854928153E+000
    0.324020000000E+005    0.260005505300E+000
    0.324520000000E+005    0.260155157563E+000
    0.325020000000E+005    0.260303884997E+000
    0.325520000000E+005    0.260451687666E+000
    0.326020000000E+005    0.260598565642E+000
    0.326520000000E+005    0.260744519007E+000
    0.327020000000E+005    0.260889547854E+000
    0.327520000000E+005    0.261033652286E+000
    0.328020000000E+005    0.261176832425E+000
    0.328520000000E+005    0.261319088405E+000
    0.329020000000E+005    0.261460420371E+000
    0.329520000000E+005    0.261600828482E+000
    0.330020000000E+005    0.261740312903E+000
    0.330520000000E+005    0.261878873808E+000
    0.331020000000E+005    0.262016511380E+000
    0.331520000000E+005    0.262153225812E+000
    0.332020000000E+005    0.262289017309E+000
    0.332520000000E+005    0.262423886093E+000
    0.333020000000E+005    0.262557832396E+000
    0.333520000000E+005    0.262690856461E+000
    0.334020000000E+005    0.262822958542E+000
    0.334520000000E+005    0.262954138898E+000
    0.335020000000E+005    0.263084397797E+000
    0.335520000000E+005    0.263213735516E+000
    0.336020000000E+005    0.263342152343E+000
    0.336520000000E+005    0.263469648577E+000
    0.337020000000E+005    0.263596224530E+000
    0.337520000000E+005    0.263721880528E+000
    0.338020000000E+005    0.263846616903E+000
    0.338520000000E+005    0.263970433996E+000
    0.339020000000E+005    0.264093332156E+000
    0.339520000000E+005    0.264215311736E+000
    0.340020000000E+005    0.264336373103E+000
    0.340520000000E+005    0.264456516630E+000
    0.341020000000E+005    0.264575742705E+000
    0.341520000000E+005    0.264694051725E+000
    0.342020000000E+005    0.264811444100E+000
    0.342520000000E+005    0.264927920246E+000
    0.343020000000E+005    0.265043480585E+000
    0.343520000000E+005    0.265158125548E+000
    0.344020000000E+005    0.265271855570E+000
    0.344520000000E+005    0.265384671099E+000
    0.345020000000E+005    0.265496572590E+000
    0.345520000000E+005    0.265607560511E+000
    0.346020000000E+005    0.265717635341E+000
    0.346520000000E+005    0.265826797566E+000
    0.347020000000E+005    0.265935047679E+000
    0.347520000000E+005    0.266042386180E+000
    0.348020000000E+005    0.266148813576E+000
    0.348520000000E+005    0.266254330378E+000
    0.349020000000E+005    0.266358937110E+000
    0.349520000000E+005    0.266462634305E+000
    0.350020000000E+005    0.266565422506E+000
    0.350520000000E+005    0.266667302265E+000
    0.351020000000E+005    0.266768274142E+000
    0.351520000000E+005    0.266868338702E+000
    0.352020000000E+005    0.266967496517E+000
    0.352520000000E+005    0.267065748164E+000
    0.353020000000E+005    0.267163094230E+000
    0.353520000000E+005    0.267259535309E+000
    0.354020000000E+005    0.267355072004E+000
    0.354520000000E+005    0.267449704931E+000
    0.355020000000E+005    0.267543434711E+000
    0.355520000000E+005    0.267636261973E+000
    0.356020000000E+005    0.267728187350E+000
    0.356520000000E+005    0.267819211482E+000
    0.357020000000E+005    0.267909335014E+000
    0.357520000000E+005    0.267998558602E+000
    0.358020000000E+005    0.268086882907E+000
    0.358520000000E+005    0.268174308601E+000
    0.359020000000E+005    0.268260836367E+000
    0.359520000000E+005    0.268346466891E+000
    0.360020000000E+005    0.268431200867E+000
    0.360520000000E+005    0.268515038995E+000
    0.361020000000E+005    0.268597981977E+000
    0.361520000000E+005    0.268680030527E+000
    0.362020000000E+005    0.268761185362E+000
    0.362520000000E+005    0.268841447211E+000
    0.363020000000E+005    0.268920816812E+000
    0.363520000000E+005    0.268999294907E+000
    0.364020000000E+005    0.269076882249E+000
    0.364520000000E+005    0.269153579593E+000
    0.365020000000E+005    0.269229387701E+000
    0.365520000000E+005    0.269304307340E+000
    0.366020000000E+005    0.269378339283E+000
    0.366520000000E+005    0.269451484314E+000
    0.367020000000E+005    0.269523743222E+000
    0.367520000000E+005    0.269595116807E+000
    0.368020000000E+005    0.269665605875E+000
    0.368520000000E+005    0.269735211237E+000
    0.369020000000E+005    0.269803933710E+000
    0.369520000000E+005    0.269871774115E+000
    0.370020000000E+005    0.269938733281E+000
    0.370520000000E+005    0.270004812043E+000
    0.371020000000E+005    0.270070011244E+000
    0.371520000000E+005    0.270134331736E+000
    0.372020000000E+005    0.270197774378E+000
    0.372520000000E+005    0.270260340035E+000
    0.373020000000E+005    0.270322029578E+000
    0.373520000000E+005    0.270382843883E+000
    0.374020000000E+005    0.270442783831E+000
    0.374520000000E+005    0.270501850309E+000
    0.375020000000E+005    0.270560044212E+000
    0.375520000000E+005    0.270617366443E+000
    0.376020000000E+005    0.270673817915E+000
    0.376520000000E+005    0.270729399543E+000
    0.377020000000E+005    0.270784112253E+000
    0.377520000000E+005    0.270837956972E+000
    0.378020000000E+005    0.270890934635E+000
    0.378520000000E+005    0.270943046181E+000
    0.379020000000E+005    0.270994292556E+000
    0.379520000000E+005    0.271044674714E+000
    0.380020000000E+005    0.271094193618E+000
    0.380520000000E+005    0.271142850237E+000
    0.381020000000E+005    0.271190645545E+000
    0.381520000000E+005    0.271237580525E+000
    0.382020000000E+005    0.271283656163E+000
    0.382520000000E+005    0.271328873449E+000
    0.383020000000E+005    0.271373233382E+000
    0.383520000000E+005    0.271416736966E+000
    0.384020000000E+005    0.271459385212E+000
    0.384520000000E+005    0.271501179142E+000
    0.385020000000E+005    0.271542119783E+000
    0.385520000000E+005    0.271582208166E+000
    0.386020000000E+005    0.271621445330E+000
    0.386520000000E+005    0.271659832319E+000
    0.387020000000E+005    0.271697370180E+000
    0.387520000000E+005    0.271734059969E+000
    0.388020000000E+005    0.271769902749E+000
    0.388520000000E+005    0.271804899590E+000
    0.389020000000E+005    0.271839051570E+000
    0.389520000000E+005    0.271872359772E+000
    0.390020000000E+005    0.271904825286E+000
    0.390520000000E+005    0.271936449207E+000
    0.391020000000E+005    0.271967232635E+000
    0.391520000000E+005    0.271997176676E+000
    0.392020000000E+005    0.272026282443E+000
    0.392520000000E+005    0.272054551056E+000
    0.393020000000E+005    0.272081983643E+000
    0.393520000000E+005    0.272108581338E+000
    0.394020000000E+005    0.272134345283E+000
    0.394520000000E+005    0.272159276624E+000
    0.395020000000E+005    0.272183376513E+000
    0.395520000000E+005    0.272206646105E+000
    0.396020000000E+005    0.272229086566E+000
    0.396520000000E+005    0.272250699064E+000
    0.397020000000E+005    0.272271484778E+000
    0.397520000000E+005    0.272291444893E+000
    0.398020000000E+005    0.272310580600E+000
    0.398520000000E+005    0.272328893098E+000
    0.399020000000E+005    0.272346383588E+000
    0.399520000000E+005    0.272363053280E+000
    0.400020000000E+005    0.272378903386E+000
    0.400520000000E+005    0.272393935128E+000
    0.401020000000E+005    0.272408149734E+000
    0.401520000000E+005    0.272421548438E+000
    0.402020000000E+005    0.272434132482E+000
    0.402520000000E+005    0.272445903115E+000
    0.403020000000E+005    0.272456861591E+000
    0.403520000000E+005    0.272467009169E+000
    0.404020000000E+005    0.272476347114E+000
    0.404520000000E+005    0.272484876697E+000
    0.405020000000E+005    0.272492599196E+000
    0.405520000000E+005    0.272499515895E+000
    0.406020000000E+005    0.272505628086E+000
    0.406520000000E+005    0.272510937068E+000
    0.407020000000E+005    0.272515444146E+000
    0.407520000000E+005    0.272519150631E+000
    0.408020000000E+005    0.272522057837E+000
    0.408520000000E+005    0.272524167086E+000
    0.409020000000E+005    0.272525479706E+000
    0.409520000000E+005    0.272525997031E+000
    0.410020000000E+005    0.272525720402E+000
    0.410520000000E+005    0.272524651169E+000
    0.411020000000E+005    0.272522790686E+000
    0.411520000000E+005    0.272520140315E+000
    0.412020000000E+005    0.272516701420E+000
    0.412520000000E+005    0.272512475374E+000
    0.413020000000E+005    0.272507463555E+000
    0.413520000000E+005    0.272501667345E+000
    0.414020000000E+005    0.272495088136E+000
    0.414520000000E+005    0.272487727326E+000
    0.415020000000E+005    0.272479586319E+000
    0.415520000000E+005    0.272470666527E+000
    0.416020000000E+005    0.272460969364E+000
    0.416520000000E+005    0.272450496253E+000
    0.417020000000E+005    0.272439248621E+000
    0.417520000000E+005    0.272427227900E+000
    0.418020000000E+005    0.272414435530E+000
    0.418520000000E+005    0.272400872958E+000
    0.419020000000E+005    0.272386541638E+000
    0.419520000000E+005    0.272371443028E+000
    0.420020000000E+005    0.272355578595E+000
    0.420520000000E+005    0.272338949808E+000
    0.421020000000E+005    0.272321558145E+000
    0.421520000000E+005    0.272303405087E+000
    0.422020000000E+005    0.272284492122E+000
    0.422520000000E+005    0.272264820745E+000
    0.423020000000E+005    0.272244392456E+000
    0.423520000000E+005    0.272223208763E+000
    0.424020000000E+005    0.272201271181E+000
    0.424520000000E+005    0.272178581229E+000
    0.425020000000E+005    0.272155140431E+000
    0.425520000000E+005    0.272130950317E+000
    0.426020000000E+005    0.272106012423E+000
    0.426520000000E+005    0.272080328289E+000
    0.427020000000E+005    0.272053899466E+000
    0.427520000000E+005    0.272026727507E+000
    0.428020000000E+005    0.271998813974E+000
    0.428520000000E+005    0.271970160433E+000
    0.429020000000E+005    0.271940768456E+000
    0.429520000000E+005    0.271910639620E+000
    0.430020000000E+005    0.271879775509E+000
    0.430520000000E+005    0.271848177708E+000
    0.431020000000E+005    0.271815847814E+000
    0.431520000000E+005    0.271782787427E+000
    0.432020000000E+005    0.271748998154E+000
    0.432520000000E+005    0.271714481607E+000
    0.433020000000E+005    0.271679239405E+000
    0.433520000000E+005    0.271643273170E+000
    0.434020000000E+005    0.271606584532E+000
    0.434520000000E+005    0.271569175123E+000
    0.435020000000E+005    0.271531046583E+000
    0.435520000000E+005    0.271492200557E+000
    0.436020000000E+005    0.271452638697E+000
    0.436520000000E+005    0.271412362659E+000
    0.437020000000E+005    0.271371374107E+000
    0.437520000000E+005    0.271329674709E+000
    0.438020000000E+005    0.271287266137E+000
    0.438520000000E+005    0.271244150069E+000
    0.439020000000E+005    0.271200328188E+000
    0.439520000000E+005    0.271155802182E+000
    0.440020000000E+005    0.271110573746E+000
    0.440520000000E+005    0.271064644581E+000
    0.441020000000E+005    0.271018016392E+000
    0.441520000000E+005    0.270970690889E+000
    0.442020000000E+005    0.270922669790E+000
    0.442520000000E+005    0.270873954814E+000
    0.443020000000E+005    0.270824547686E+000
    0.443520000000E+005    0.270774450136E+000
    0.444020000000E+005    0.270723663902E+000
    0.444520000000E+005    0.270672190723E+000
    0.445020000000E+005    0.270620032349E+000
    0.445520000000E+005    0.270567190530E+000
    0.446020000000E+005    0.270513667023E+000
    0.446520000000E+005    0.270459463590E+000
    0.447020000000E+005    0.270404581998E+000
    0.447520000000E+005    0.270349024015E+000
    0.448020000000E+005    0.270292791419E+000
    0.448520000000E+005    0.270235885991E+000
    0.449020000000E+005    0.270178309516E+000
    0.449520000000E+005    0.270120063786E+000
    0.450020000000E+005    0.270061150599E+000
    0.450520000000E+005    0.270001571753E+000
    0.451020000000E+005    0.269941329054E+000
    0.451520000000E+005    0.269880424311E+000
    0.452020000000E+005    0.269818859339E+000
    0.452520000000E+005    0.269756635954E+000
    0.453020000000E+005    0.269693755982E+000
    0.453520000000E+005    0.269630221252E+000
    0.454020000000E+005    0.269566033596E+000
    0.454520000000E+005    0.269501194852E+000
    0.455020000000E+005    0.269435706862E+000
    0.455520000000E+005    0.269369571472E+000
    0.456020000000E+005    0.269302790532E+000
    0.456520000000E+005    0.269235365896E+000
    0.457020000000E+005    0.269167299423E+000
    0.457520000000E+005    0.269098592977E+000
    0.458020000000E+005    0.269029248426E+000
    0.458520000000E+005    0.268959267644E+000
    0.459020000000E+005    0.268888652506E+000
    0.459520000000E+005    0.268817404893E+000
    0.460020000000E+005    0.268745526689E+000
    0.460520000000E+005    0.268673019782E+000
    0.461020000000E+005    0.268599886064E+000
    0.461520000000E+005    0.268526127433E+000
    0.462020000000E+005    0.268451745788E+000
    0.462520000000E+005    0.268376743036E+000
    0.463020000000E+005    0.268301121085E+000
    0.463520000000E+005    0.268224881848E+000
    0.464020000000E+005    0.268148027241E+000
    0.464520000000E+005    0.268070559183E+000
    0.465020000000E+005    0.267992479599E+000
    0.465520000000E+005    0.267913790414E+000
    0.466020000000E+005    0.267834493561E+000
    0.466520000000E+005    0.267754590975E+000
    0.467020000000E+005    0.267674084596E+000
    0.467520000000E+005    0.267592976365E+000
    0.468020000000E+005    0.267511268229E+000
    0.468520000000E+005    0.267428962136E+000
    0.469020000000E+005    0.267346060038E+000
    0.469520000000E+005    0.267262563891E+000
    0.470020000000E+005    0.267178475654E+000
    0.470520000000E+005    0.267093797292E+000
    0.471020000000E+005    0.267008530770E+000
    0.471520000000E+005    0.266922678058E+000
    0.472020000000E+005    0.266836241130E+000
    0.472520000000E+005    0.266749221961E+000
    0.473020000000E+005    0.266661622529E+000
    0.473520000000E+005    0.266573444817E+000
    0.474020000000E+005    0.266484690810E+000
    0.474520000000E+005    0.266395362496E+000
    0.475020000000E+005    0.266305461866E+000
    0.475520000000E+005    0.266214990916E+000
    0.476020000000E+005    0.266123951644E+000
    0.476520000000E+005    0.266032346049E+000
    0.477020000000E+005    0.265940176135E+000
    0.477520000000E+005    0.265847443906E+000
    0.478020000000E+005    0.265754151371E+000
    0.478520000000E+005    0.265660300542E+000
    0.479020000000E+005    0.265565893433E+000
    0.479520000000E+005    0.265470932060E+000
    0.480020000000E+005    0.265375418444E+000
    0.480520000000E+005    0.265279354607E+000
    0.481020000000E+005    0.265182742574E+000
    0.481520000000E+005    0.265085584370E+000
    0.482020000000E+005    0.264987882025E+000
    0.482520000000E+005    0.264889637571E+000
    0.483020000000E+005    0.264790853042E+000
    0.483520000000E+005    0.264691530474E+000
    0.484020000000E+005    0.264591671908E+000
    0.484520000000E+005    0.264491279385E+000
    0.485020000000E+005    0.264390354948E+000
    0.485520000000E+005    0.264288900643E+000
    0.486020000000E+005    0.264186918517E+000
    0.486520000000E+005    0.264084410620E+000
    0.487020000000E+005    0.263981379002E+000
    0.487520000000E+005    0.263877825719E+000
    0.488020000000E+005    0.263773752827E+000
    0.488520000000E+005    0.263669162384E+000
    0.489020000000E+005    0.263564056450E+000
    0.489520000000E+005    0.263458437086E+000
    0.490020000000E+005    0.263352306357E+000
    0.490520000000E+005    0.263245666325E+000
    0.491020000000E+005    0.263138519059E+000
    0.491520000000E+005    0.263030866628E+000
    0.492020000000E+005    0.262922711100E+000
    0.492520000000E+005    0.262814054550E+000
    0.493020000000E+005    0.262704899050E+000
    0.493520000000E+005    0.262595246677E+000
    0.494020000000E+005    0.262485099506E+000
    0.494520000000E+005    0.262374459616E+000
    0.495020000000E+005    0.262263329084E+000
    0.495520000000E+005    0.262151709993E+000
    0.496020000000E+005    0.262039604425E+000
    0.496520000000E+005    0.261927014462E+000
    0.497020000000E+005    0.261813942191E+000
    0.497520000000E+005    0.261700389698E+000
    0.498020000000E+005    0.261586359069E+000
    0.498520000000E+005    0.261471852394E+000
    0.499020000000E+005    0.261356871760E+000
    0.499520000000E+005    0.261241419259E+000
    0.500020000000E+005    0.261125496981E+000
    0.500520000000E+005    0.261009107020E+000
    0.501020000000E+005    0.260892251469E+000
    0.501520000000E+005    0.260774932422E+000
    0.502020000000E+005    0.260657151976E+000
    0.502520000000E+005    0.260538912226E+000
    0.503020000000E+005    0.260420215268E+000
    0.503520000000E+005    0.260301063201E+000
    0.504020000000E+005    0.260181458121E+000
    0.504520000000E+005    0.260061402128E+000
    0.505020000000E+005    0.259940897322E+000
    0.505520000000E+005    0.259819945803E+000
    0.506020000000E+005    0.259698549673E+000
    0.506520000000E+005    0.259576711031E+000
    0.507020000000E+005    0.259454431981E+000
    0.507520000000E+005    0.259331714623E+000
    0.508020000000E+005    0.259208561060E+000
    0.508520000000E+005    0.259084973395E+000
    0.509020000000E+005    0.258960953731E+000
    0.509520000000E+005    0.258836504172E+000
    0.510020000000E+005    0.258711626821E+000
    0.510520000000E+005    0.258586323783E+000
    0.511020000000E+005    0.258460597161E+000
    0.511520000000E+005    0.258334449060E+000
    0.512020000000E+005    0.258207881584E+000
    0.512520000000E+005    0.258080896836E+000
    0.513020000000E+005    0.257953496921E+000
    0.513520000000E+005    0.257825683944E+000
    0.514020000000E+005    0.257697460008E+000
    0.514520000000E+005    0.257568827218E+000
    0.515020000000E+005    0.257439787678E+000
    0.515520000000E+005    0.257310343491E+000
    0.516020000000E+005    0.257180496762E+000
    0.516520000000E+005    0.257050249592E+000
    0.517020000000E+005    0.256919604085E+000
    0.517520000000E+005    0.256788562343E+000
    0.518020000000E+005    0.256657126469E+000
    0.518520000000E+005    0.256525298565E+000
    0.519020000000E+005    0.256393080732E+000
    0.519520000000E+005    0.256260475071E+000
    0.520020000000E+005    0.256127483682E+000
    0.520520000000E+005    0.255994108666E+000
    0.521020000000E+005    0.255860352120E+000
    0.521520000000E+005    0.255726216143E+000
    0.522020000000E+005    0.255591702834E+000
    0.522520000000E+005    0.255456814290E+000
    0.523020000000E+005    0.255321552606E+000
    0.523520000000E+005    0.255185919880E+000
    0.524020000000E+005    0.255049918206E+000
    0.524520000000E+005    0.254913549677E+000
    0.525020000000E+005    0.254776816386E+000
    0.525520000000E+005    0.254639720426E+000
    0.526020000000E+005    0.254502263887E+000
    0.526520000000E+005    0.254364448860E+000
    0.527020000000E+005    0.254226277434E+000
    0.527520000000E+005    0.254087751698E+000
    0.528020000000E+005    0.253948873738E+000
    0.528520000000E+005    0.253809645639E+000
    0.529020000000E+005    0.253670069488E+000
    0.529520000000E+005    0.253530147365E+000
    0.530020000000E+005    0.253389881355E+000
    0.530520000000E+005    0.253249273537E+000
    0.531020000000E+005    0.253108325991E+000
    0.531520000000E+005    0.252967040796E+000
    0.532020000000E+005    0.252825420028E+000
    0.532520000000E+005    0.252683465764E+000
    0.533020000000E+005    0.252541180076E+000
    0.533520000000E+005    0.252398565036E+000
    0.534020000000E+005    0.252255622717E+000
    0.534520000000E+005    0.252112355186E+000
    0.535020000000E+005    0.251968764512E+000
    0.535520000000E+005    0.251824852761E+000
    0.536020000000E+005    0.251680621997E+000
    0.536520000000E+005    0.251536074284E+000
    0.537020000000E+005    0.251391211681E+000
    0.537520000000E+005    0.251246036249E+000
    0.538020000000E+005    0.251100550045E+000
    0.538520000000E+005    0.250954755123E+000
    0.539020000000E+005    0.250808653539E+000
    0.539520000000E+005    0.250662247342E+000
    0.540020000000E+005    0.250515538585E+000
    0.540520000000E+005    0.250368529314E+000
    0.541020000000E+005    0.250221221576E+000
    0.541520000000E+005    0.250073617414E+000
    0.542020000000E+005    0.249925718870E+000
    0.542520000000E+005    0.249777527984E+000
    0.543020000000E+005    0.249629046793E+000
    0.543520000000E+005    0.249480277333E+000
    0.544020000000E+005    0.249331221637E+000
    0.544520000000E+005    0.249181881736E+000
    0.545020000000E+005    0.249032259659E+000
    0.545520000000E+005    0.248882357432E+000
    0.546020000000E+005    0.248732177080E+000
    0.546520000000E+005    0.248581720625E+000
    0.547020000000E+005    0.248430990084E+000
    0.547520000000E+005    0.248279987477E+000
    0.548020000000E+005    0.248128714816E+000
    0.548520000000E+005    0.247977174114E+000
    0.549020000000E+005    0.247825367382E+000
    0.549520000000E+005    0.247673296626E+000
    0.550020000000E+005    0.247520963851E+000
    0.550520000000E+005    0.247368371057E+000
    0.551020000000E+005    0.247215520246E+000
    0.551520000000E+005    0.247062413412E+000
    0.552020000000E+005    0.246909052550E+000
    0.552520000000E+005    0.246755439651E+000
    0.553020000000E+005    0.246601576704E+000
    0.553520000000E+005    0.246447465695E+000
    0.554020000000E+005    0.246293108606E+000
    0.554520000000E+005    0.246138507417E+000
    0.555020000000E+005    0.245983664106E+000
    0.555520000000E+005    0.245828580647E+000
    0.556020000000E+005    0.245673259010E+000
    0.556520000000E+005    0.245517701165E+000
    0.557020000000E+005    0.245361909077E+000
    0.557520000000E+005    0.245205884709E+000
    0.558020000000E+005    0.245049630019E+000
    0.558520000000E+005    0.244893146965E+000
    0.559020000000E+005    0.244736437499E+000
    0.559520000000E+005    0.244579503572E+000
    0.560020000000E+005    0.244422347130E+000
    0.560520000000E+005    0.244264970117E+000
    0.561020000000E+005    0.244107374474E+000
    0.561520000000E+005    0.243949562139E+000
    0.562020000000E+005    0.243791535045E+000
    0.562520000000E+005    0.243633295124E+000
    0.563020000000E+005    0.243474844303E+000
    0.563520000000E+005    0.243316184506E+000
    0.564020000000E+005    0.243157317653E+000
    0.564520000000E+005    0.242998245663E+000
    0.565020000000E+005    0.242838970450E+000
    0.565520000000E+005    0.242679493923E+000
    0.566020000000E+005    0.242519817991E+000
    0.566520000000E+005    0.242359944557E+000
    0.567020000000E+005    0.242199875521E+000
    0.567520000000E+005    0.242039612780E+000
    0.568020000000E+005    0.241879158227E+000
    0.568520000000E+005    0.241718513750E+000
    0.569020000000E+005    0.241557681237E+000
    0.569520000000E+005    0.241396662569E+000
    0.570020000000E+005    0.241235459624E+000
    0.570520000000E+005    0.241074074278E+000
    0.571020000000E+005    0.240912508402E+000
    0.571520000000E+005    0.240750763863E+000
    0.572020000000E+005    0.240588842525E+000
    0.572520000000E+005    0.240426746247E+000
    0.573020000000E+005    0.240264476886E+000
    0.573520000000E+005    0.240102036294E+000
    0.574020000000E+005    0.239939426318E+000
    0.574520000000E+005    0.239776648804E+000
    0.575020000000E+005    0.239613705592E+000
    0.575520000000E+005    0.239450598520E+000
    0.576020000000E+005    0.239287329418E+000
    0.576520000000E+005    0.239123900117E+000
    0.577020000000E+005    0.238960312441E+000
    0.577520000000E+005    0.238796568210E+000
    0.578020000000E+005    0.238632669241E+000
    0.578520000000E+005    0.238468617347E+000
    0.579020000000E+005    0.238304414336E+000
    0.579520000000E+005    0.238140062013E+000
    0.580020000000E+005    0.237975562179E+000
    0.580520000000E+005    0.237810916628E+000
    0.581020000000E+005    0.237646127154E+000
    0.581520000000E+005    0.237481195543E+000
    0.582020000000E+005    0.237316123580E+000
    0.582520000000E+005    0.237150913044E+000
    0.583020000000E+005    0.236985565710E+000
    0.583520000000E+005    0.236820083348E+000
    0.584020000000E+005    0.236654467726E+000
    0.584520000000E+005    0.236488720606E+000
    0.585020000000E+005    0.236322843745E+000
    0.585520000000E+005    0.236156838897E+000
    0.586020000000E+005    0.235990707810E+000
    0.586520000000E+005    0.235824452231E+000
    0.587020000000E+005    0.235658073899E+000
    0.587520000000E+005    0.235491574550E+000
    0.588020000000E+005    0.235324955916E+000
    0.588520000000E+005    0.235158219724E+000
    0.589020000000E+005    0.234991367696E+000
    0.589520000000E+005    0.234824401551E+000
    0.590020000000E+005    0.234657323001E+000
    0.590520000000E+005    0.234490133756E+000
    0.591020000000E+005    0.234322835520E+000
    0.591520000000E+005    0.234155429993E+000
    0.592020000000E+005    0.233987918870E+000
    0.592520000000E+005    0.233820303843E+000
    0.593020000000E+005    0.233652586597E+000
    0.593520000000E+005    0.233484768812E+000
    0.594020000000E+005    0.233316852167E+000
    0.594520000000E+005    0.233148838333E+000
    0.595020000000E+005    0.232980728977E+000
    0.595520000000E+005    0.232812525762E+000
    0.596020000000E+005    0.232644230346E+000
    0.596520000000E+005    0.232475844382E+000
    0.597020000000E+005    0.232307369519E+000
    0.597520000000E+005    0.232138807399E+000
    0.598020000000E+005    0.231970159662E+000
    0.598520000000E+005    0.231801427942E+000
    0.599020000000E+005    0.231632613868E+000
    0.599520000000E+005    0.231463719064E+000
    0.600020000000E+005    0.231294745150E+000
    0.600520000000E+005    0.231125693741E+000
    0.601020000000E+005    0.230956566445E+000
    0.601520000000E+005    0.230787364869E+000
    0.602020000000E+005    0.230618090612E+000
    0.602520000000E+005    0.230448745268E+000
    0.603020000000E+005    0.230279330428E+000
    0.603520000000E+005    0.230109847678E+000
    0.604020000000E+005    0.229940298596E+000
    0.604520000000E+005    0.229770684759E+000
    0.605020000000E+005    0.229601007736E+000
    0.605520000000E+005    0.229431269093E+000
    0.606020000000E+005    0.229261470390E+000
    0.606520000000E+005    0.229091613182E+000
    0.607020000000E+005    0.228921699018E+000
    0.607520000000E+005    0.228751729445E+000
    0.608020000000E+005    0.228581706001E+000
    0.608520000000E+005    0.228411630221E+000
    0.609020000000E+005    0.228241503636E+000
    0.609520000000E+005    0.228071327770E+000
    0.610020000000E+005    0.227901104143E+000
    0.610520000000E+005    0.227730834268E+000
    0.611020000000E+005    0.227560519656E+000
    0.611520000000E+005    0.227390161809E+000
    0.612020000000E+005    0.227219762227E+000
    0.612520000000E+005    0.227049322404E+000
    0.613020000000E+005    0.226878843829E+000
    0.613520000000E+005    0.226708327983E+000
    0.614020000000E+005    0.226537776347E+000
    0.614520000000E+005    0.226367190392E+000
    0.615020000000E+005    0.226196571587E+000
    0.615520000000E+005    0.226025921393E+000
    0.616020000000E+005    0.225855241269E+000
    0.616520000000E+005    0.225684532665E+000
    0.617020000000E+005    0.225513797028E+000
    0.617520000000E+005    0.225343035800E+000
    0.618020000000E+005    0.225172250418E+000
    0.618520000000E+005    0.225001442311E+000
    0.619020000000E+005    0.224830612905E+000
    0.619520000000E+005    0.224659763621E+000
    0.620020000000E+005    0.224488895873E+000
    0.620520000000E+005    0.224318011071E+000
    0.621020000000E+005    0.224147110619E+000
    0.621520000000E+005    0.223976195916E+000
    0.622020000000E+005    0.223805268355E+000
    0.622520000000E+005    0.223634329324E+000
    0.623020000000E+005    0.223463380207E+000
    0.623520000000E+005    0.223292422380E+000
    0.624020000000E+005    0.223121457216E+000
    0.624520000000E+005    0.222950486081E+000
    0.625020000000E+005    0.222779510336E+000
    0.625520000000E+005    0.222608531337E+000
    0.626020000000E+005    0.222437550434E+000
    0.626520000000E+005    0.222266568973E+000
    0.627020000000E+005    0.222095588293E+000
    0.627520000000E+005    0.221924609728E+000
    0.628020000000E+005    0.221753634606E+000
    0.628520000000E+005    0.221582664252E+000
    0.629020000000E+005    0.221411699982E+000
    0.629520000000E+005    0.221240743108E+000
    0.630020000000E+005    0.221069794939E+000
    0.630520000000E+005    0.220898856774E+000
    0.631020000000E+005    0.220727929911E+000
    0.631520000000E+005    0.220557015639E+000
    0.632020000000E+005    0.220386115243E+000
    0.632520000000E+005    0.220215230004E+000
    0.633020000000E+005    0.220044361194E+000
    0.633520000000E+005    0.219873510082E+000
    0.634020000000E+005    0.219702677931E+000
    0.634520000000E+005    0.219531865999E+000
    0.635020000000E+005    0.219361075538E+000
    0.635520000000E+005    0.219190307794E+000
    0.636020000000E+005    0.219019564008E+000
    0.636520000000E+005    0.218848845415E+000
    0.637020000000E+005    0.218678153246E+000
    0.637520000000E+005    0.218507488724E+000
    0.638020000000E+005    0.218336853069E+000
    0.638520000000E+005    0.218166247493E+000
    0.639020000000E+005    0.217995673206E+000
    0.639520000000E+005    0.217825131408E+000
    0.640020000000E+005    0.217654623297E+000
    0.640520000000E+005    0.217484150063E+000
    0.641020000000E+005    0.217313712893E+000
    0.641520000000E+005    0.217143312966E+000
    0.642020000000E+005    0.216972951457E+000
    0.642520000000E+005    0.216802629535E+000
    0.643020000000E+005    0.216632348363E+000
    0.643520000000E+005    0.216462109100E+000
    0.644020000000E+005    0.216291912897E+000
    0.644520000000E+005    0.216121760902E+000
    0.645020000000E+005    0.215951654255E+000
    0.645520000000E+005    0.215781594092E+000
    0.646020000000E+005    0.215611581544E+000
    0.646520000000E+005    0.215441617734E+000
    0.647020000000E+005    0.215271703782E+000
    0.647520000000E+005    0.215101840802E+000
    0.648020000000E+005    0.214932029900E+000
    0.648520000000E+005    0.214762272180E+000
    0.649020000000E+005    0.214592568739E+000
    0.649520000000E+005    0.214422920667E+000
    0.650020000000E+005    0.214253329050E+000
    0.650520000000E+005    0.214083794968E+000
    0.651020000000E+005    0.213914319496E+000
    0.651520000000E+005    0.213744903702E+000
    0.652020000000E+005    0.213575548651E+000
    0.652520000000E+005    0.213406255400E+000
    0.653020000000E+005    0.213237025001E+000
    0.653520000000E+005    0.213067858502E+000
    0.654020000000E+005    0.212898756942E+000
    0.654520000000E+005    0.212729721359E+000
    0.655020000000E+005    0.212560752782E+000
    0.655520000000E+005    0.212391852235E+000
    0.656020000000E+005    0.212223020739E+000
    0.656520000000E+005    0.212054259305E+000
    0.657020000000E+005    0.211885568943E+000
    0.657520000000E+005    0.211716950655E+000
    0.658020000000E+005    0.211548405438E+000
    0.658520000000E+005    0.211379934282E+000
    0.659020000000E+005    0.211211538175E+000
    0.659520000000E+005    0.211043218095E+000
    0.660020000000E+005    0.210874975019E+000
    0.660520000000E+005    0.210706809915E+000
    0.661020000000E+005    0.210538723747E+000
    0.661520000000E+005    0.210370717474E+000
    0.662020000000E+005    0.210202792048E+000
    0.662520000000E+005    0.210034948416E+000
    0.663020000000E+005    0.209867187521E+000
    0.663520000000E+005    0.209699510298E+000
    0.664020000000E+005    0.209531917678E+000
    0.664520000000E+005    0.209364410587E+000
    0.665020000000E+005    0.209196989944E+000
    0.665520000000E+005    0.209029656664E+000
    0.666020000000E+005    0.208862411656E+000
    0.666520000000E+005    0.208695255822E+000
    0.667020000000E+005    0.208528190062E+000
    0.667520000000E+005    0.208361215266E+000
    0.668020000000E+005    0.208194332324E+000
    0.668520000000E+005    0.208027542115E+000
    0.669020000000E+005    0.207860845516E+000
    0.669520000000E+005    0.207694243398E+000
    0.670020000000E+005    0.207527736626E+000
    0.670520000000E+005    0.207361326060E+000
    0.671020000000E+005    0.207195012555E+000
    0.671520000000E+005    0.207028796958E+000
    0.672020000000E+005    0.206862680115E+000
    0.672520000000E+005    0.206696662862E+000
    0.673020000000E+005    0.206530746033E+000
    0.673520000000E+005    0.206364930456E+000
    0.674020000000E+005    0.206199216951E+000
    0.674520000000E+005    0.206033606337E+000
    0.675020000000E+005    0.205868099424E+000
    0.675520000000E+005    0.205702697017E+000
    0.676020000000E+005    0.205537399919E+000
    0.676520000000E+005    0.205372208923E+000
    0.677020000000E+005    0.205207124819E+000
    0.677520000000E+005    0.205042148393E+000
    0.678020000000E+005    0.204877280423E+000
    0.678520000000E+005    0.204712521683E+000
    0.679020000000E+005    0.204547872942E+000
    0.679520000000E+005    0.204383334963E+000
    0.680020000000E+005    0.204218908503E+000
    0.680520000000E+005    0.204054594316E+000
    0.681020000000E+005    0.203890393149E+000
    0.681520000000E+005    0.203726305744E+000
    0.682020000000E+005    0.203562332838E+000
    0.682520000000E+005    0.203398475162E+000
    0.683020000000E+005    0.203234733443E+000
    0.683520000000E+005    0.203071108401E+000
    0.684020000000E+005    0.202907600753E+000
    0.684520000000E+005    0.202744211209E+000
    0.685020000000E+005    0.202580940475E+000
    0.685520000000E+005    0.202417789251E+000
    0.686020000000E+005    0.202254758231E+000
    0.686520000000E+005    0.202091848106E+000
    0.687020000000E+005    0.201929059560E+000
    0.687520000000E+005    0.201766393273E+000
    0.688020000000E+005    0.201603849918E+000
    0.688520000000E+005    0.201441430166E+000
    0.689020000000E+005    0.201279134680E+000
    0.689520000000E+005    0.201116964118E+000
    0.690020000000E+005    0.200954919135E+000
    0.690520000000E+005    0.200793000379E+000
    0.691020000000E+005    0.200631208494E+000
    0.691520000000E+005    0.200469544119E+000
    0.692020000000E+005    0.200308007885E+000
    0.692520000000E+005    0.200146600423E+000
    0.693020000000E+005    0.199985322354E+000
    0.693520000000E+005    0.199824174298E+000
    0.694020000000E+005    0.199663156866E+000
    0.694520000000E+005    0.199502270668E+000
    0.695020000000E+005    0.199341516306E+000
    0.695520000000E+005    0.199180894378E+000
    0.696020000000E+005    0.199020405478E+000
    0.696520000000E+005    0.198860050192E+000
    0.697020000000E+005    0.198699829106E+000
    0.697520000000E+005    0.198539742795E+000
    0.698020000000E+005    0.198379791834E+000
    0.698520000000E+005    0.198219976791E+000
    0.699020000000E+005    0.198060298228E+000
    0.699520000000E+005    0.197900756705E+000
    0.700020000000E+005    0.197741352775E+000
    0.700520000000E+005    0.197582086985E+000
    0.701020000000E+005    0.197422959881E+000
    0.701520000000E+005    0.197263971999E+000
    0.702020000000E+005    0.197105123875E+000
    0.702520000000E+005    0.196946416037E+000
    0.703020000000E+005    0.196787849010E+000
    0.703520000000E+005    0.196629423312E+000
    0.704020000000E+005    0.196471139459E+000
    0.704520000000E+005    0.196312997959E+000
    0.705020000000E+005    0.196154999318E+000
    0.705520000000E+005    0.195997144035E+000
    0.706020000000E+005    0.195839432607E+000
    0.706520000000E+005    0.195681865524E+000
    0.707020000000E+005    0.195524443271E+000
    0.707520000000E+005    0.195367166329E+000
    0.708020000000E+005    0.195210035176E+000
    0.708520000000E+005    0.195053050282E+000
    0.709020000000E+005    0.194896212114E+000
    0.709520000000E+005    0.194739521135E+000
    0.710020000000E+005    0.194582977803E+000
    0.710520000000E+005    0.194426582569E+000
    0.711020000000E+005    0.194270335883E+000
    0.711520000000E+005    0.194114238188E+000
    0.712020000000E+005    0.193958289923E+000
    0.712520000000E+005    0.193802491522E+000
    0.713020000000E+005    0.193646843416E+000
    0.713520000000E+005    0.193491346029E+000
    0.714020000000E+005    0.193335999782E+000
    0.714520000000E+005    0.193180805092E+000
    0.715020000000E+005    0.193025762368E+000
    0.715520000000E+005    0.192870872020E+000
    0.716020000000E+005    0.192716134448E+000
    0.716520000000E+005    0.192561550052E+000
    0.717020000000E+005    0.192407119224E+000
    0.717520000000E+005    0.192252842354E+000
    0.718020000000E+005    0.192098719826E+000
    0.718520000000E+005    0.191944752020E+000
    0.719020000000E+005    0.191790939312E+000
    0.719520000000E+005    0.191637282073E+000
    0.720020000000E+005    0.191483780670E+000
    0.720520000000E+005    0.191330435465E+000
    0.721020000000E+005    0.191177246816E+000
    0.721520000000E+005    0.191024215077E+000
    0.722020000000E+005    0.190871340598E+000
    0.722520000000E+005    0.190718623722E+000
    0.723020000000E+005    0.190566064792E+000
    0.723520000000E+005    0.190413664143E+000
    0.724020000000E+005    0.190261422107E+000
    0.724520000000E+005    0.190109339011E+000
    0.725020000000E+005    0.189957415181E+000
    0.725520000000E+005    0.189805650933E+000
    0.726020000000E+005    0.189654046585E+000
    0.726520000000E+005    0.189502602446E+000
    0.727020000000E+005    0.189351318822E+000
    0.727520000000E+005    0.189200196017E+000
    0.728020000000E+005    0.189049234328E+000
    0.728520000000E+005    0.188898434050E+000
    0.729020000000E+005    0.188747795471E+000
    0.729520000000E+005    0.188597318879E+000
    0.730020000000E+005    0.188447004554E+000
    0.730520000000E+005    0.188296852773E+000
    0.731020000000E+005    0.188146863811E+000
    0.731520000000E+005    0.187997037936E+000
    0.732020000000E+005    0.187847375413E+000
    0.732520000000E+005    0.187697876504E+000
    0.733020000000E+005    0.187548541466E+000
    0.733520000000E+005    0.187399370552E+000
    0.734020000000E+005    0.187250364010E+000
    0.734520000000E+005    0.187101522087E+000
    0.735020000000E+005    0.186952845023E+000
    0.735520000000E+005    0.186804333055E+000
    0.736020000000E+005    0.186655986416E+000
    0.736520000000E+005    0.186507805335E+000
    0.737020000000E+005    0.186359790039E+000
    0.737520000000E+005    0.186211940748E+000
    0.738020000000E+005    0.186064257679E+000
    0.738520000000E+005    0.185916741047E+000
    0.739020000000E+005    0.185769391062E+000
    0.739520000000E+005    0.185622207928E+000
    0.740020000000E+005    0.185475191849E+000
    0.740520000000E+005    0.185328343022E+000
    0.741020000000E+005    0.185181661643E+000
    0.741520000000E+005    0.185035147901E+000
    0.742020000000E+005    0.184888801984E+000
    0.742520000000E+005    0.184742624074E+000
    0.743020000000E+005    0.184596614353E+000
    0.743520000000E+005    0.184450772994E+000
    0.744020000000E+005    0.184305100170E+000
    0.744520000000E+005    0.184159596050E+000
    0.745020000000E+005    0.184014260798E+000
    0.745520000000E+005    0.183869094575E+000
    0.746020000000E+005    0.183724097538E+000
    0.746520000000E+005    0.183579269842E+000
    0.747020000000E+005    0.183434611635E+000
    0.747520000000E+005    0.183290123066E+000
    0.748020000000E+005    0.183145804276E+000
    0.748520000000E+005    0.183001655405E+000
    0.749020000000E+005    0.182857676589E+000
    0.749520000000E+005    0.182713867959E+000
    0.750020000000E+005    0.182570229646E+000
    0.750520000000E+005    0.182426761773E+000
    0.751020000000E+005    0.182283464463E+000
    0.751520000000E+005    0.182140337834E+000
    0.752020000000E+005    0.181997382001E+000
    0.752520000000E+005    0.181854597075E+000
    0.753020000000E+005    0.181711983164E+000
    0.753520000000E+005    0.181569540372E+000
    0.754020000000E+005    0.181427268801E+000
    0.754520000000E+005    0.181285168548E+000
    0.755020000000E+005    0.181143239707E+000
    0.755520000000E+005    0.181001482370E+000
    0.756020000000E+005    0.180859896625E+000
    0.756520000000E+005    0.180718482555E+000
    0.757020000000E+005    0.180577240242E+000
    0.757520000000E+005    0.180436169763E+000
    0.758020000000E+005    0.180295271193E+000
    0.758520000000E+005    0.180154544604E+000
    0.759020000000E+005    0.180013990062E+000
    0.759520000000E+005    0.179873607633E+000
    0.760020000000E+005    0.179733397378E+000
    0.760520000000E+005    0.179593359356E+000
    0.761020000000E+005    0.179453493622E+000
    0.761520000000E+005    0.179313800228E+000
    0.762020000000E+005    0.179174279222E+000
    0.762520000000E+005    0.179034930651E+000
    0.763020000000E+005    0.178895754556E+000
    0.763520000000E+005    0.178756750978E+000
    0.764020000000E+005    0.178617919953E+000
    0.764520000000E+005    0.178479261514E+000
    0.765020000000E+005    0.178340775691E+000
    0.765520000000E+005    0.178202462512E+000
    0.766020000000E+005    0.178064322001E+000
    0.766520000000E+005    0.177926354179E+000
    0.767020000000E+005    0.177788559064E+000
    0.767520000000E+005    0.177650936672E+000
    0.768020000000E+005    0.177513487014E+000
    0.768520000000E+005    0.177376210100E+000
    0.769020000000E+005    0.177239105937E+000
    0.769520000000E+005    0.177102174528E+000
    0.770020000000E+005    0.176965415874E+000
    0.770520000000E+005    0.176828829971E+000
    0.771020000000E+005    0.176692416816E+000
    0.771520000000E+005    0.176556176399E+000
    0.772020000000E+005    0.176420108711E+000
    0.772520000000E+005    0.176284213737E+000
    0.773020000000E+005    0.176148491461E+000
    0.773520000000E+005    0.176012941864E+000
    0.774020000000E+005    0.175877564923E+000
    0.774520000000E+005    0.175742360614E+000
    0.775020000000E+005    0.175607328909E+000
    0.775520000000E+005    0.175472469778E+000
    0.776020000000E+005    0.175337783188E+000
    0.776520000000E+005    0.175203269103E+000
    0.777020000000E+005    0.175068927485E+000
    0.777520000000E+005    0.174934758292E+000
    0.778020000000E+005    0.174800761481E+000
    0.778520000000E+005    0.174666937006E+000
    0.779020000000E+005    0.174533284818E+000
    0.779520000000E+005    0.174399804865E+000
    0.780020000000E+005    0.174266497092E+000
    0.780520000000E+005    0.174133361444E+000
    0.781020000000E+005    0.174000397860E+000
    0.781520000000E+005    0.173867606280E+000
    0.782020000000E+005    0.173734986638E+000
    0.782520000000E+005    0.173602538868E+000
    0.783020000000E+005    0.173470262900E+000
    0.783520000000E+005    0.173338158662E+000
    0.784020000000E+005    0.173206226081E+000
    0.784520000000E+005    0.173074465078E+000
    0.785020000000E+005    0.172942875576E+000
    0.785520000000E+005    0.172811457492E+000
    0.786020000000E+005    0.172680210742E+000
    0.786520000000E+005    0.172549135240E+000
    0.787020000000E+005    0.172418230897E+000
    0.787520000000E+005    0.172287497622E+000
    0.788020000000E+005    0.172156935321E+000
    0.788520000000E+005    0.172026543898E+000
    0.789020000000E+005    0.171896323256E+000
    0.789520000000E+005    0.171766273292E+000
    0.790020000000E+005    0.171636393906E+000
    0.790520000000E+005    0.171506684991E+000
    0.791020000000E+005    0.171377146440E+000
    0.791520000000E+005    0.171247778145E+000
    0.792020000000E+005    0.171118579992E+000
    0.792520000000E+005    0.170989551868E+000
    0.793020000000E+005    0.170860693657E+000
    0.793520000000E+005    0.170732005240E+000
    0.794020000000E+005    0.170603486496E+000
    0.794520000000E+005    0.170475137304E+000
    0.795020000000E+005    0.170346957537E+000
    0.795520000000E+005    0.170218947070E+000
    0.796020000000E+005    0.170091105773E+000
    0.796520000000E+005    0.169963433514E+000
    0.797020000000E+005    0.169835930161E+000
    0.797520000000E+005    0.169708595578E+000
    0.798020000000E+005    0.169581429628E+000
    0.798520000000E+005    0.169454432171E+000
    0.799020000000E+005    0.169327603065E+000
    0.799520000000E+005    0.169200942168E+000
    0.800020000000E+005    0.169074449334E+000
    0.800520000000E+005    0.168948124415E+000
    0.801020000000E+005    0.168821967262E+000
    0.801520000000E+005    0.168695977723E+000
    0.802020000000E+005    0.168570155646E+000
    0.802520000000E+005    0.168444500874E+000
    0.803020000000E+005    0.168319013251E+000
    0.803520000000E+005    0.168193692618E+000
    0.804020000000E+005    0.168068538814E+000
    0.804520000000E+005    0.167943551676E+000
    0.805020000000E+005    0.167818731039E+000
    0.805520000000E+005    0.167694076737E+000
    0.806020000000E+005    0.167569588602E+000
    0.806520000000E+005    0.167445266463E+000
    0.807020000000E+005    0.167321110149E+000
    0.807520000000E+005    0.167197119485E+000
    0.808020000000E+005    0.167073294297E+000
    0.808520000000E+005    0.166949634407E+000
    0.809020000000E+005    0.166826139636E+000
    0.809520000000E+005    0.166702809803E+000
    0.810020000000E+005    0.166579644726E+000
    0.810520000000E+005    0.166456644222E+000
    0.811020000000E+005    0.166333808103E+000
    0.811520000000E+005    0.166211136183E+000
    0.812020000000E+005    0.166088628273E+000
    0.812520000000E+005    0.165966284181E+000
    0.813020000000E+005    0.165844103716E+000
    0.813520000000E+005    0.165722086683E+000
    0.814020000000E+005    0.165600232887E+000
    0.814520000000E+005    0.165478542130E+000
    0.815020000000E+005    0.165357014214E+000
    0.815520000000E+005    0.165235648938E+000
    0.816020000000E+005    0.165114446100E+000
    0.816520000000E+005    0.164993405498E+000
    0.817020000000E+005    0.164872526925E+000
    0.817520000000E+005    0.164751810176E+000
    0.818020000000E+005    0.164631255042E+000
    0.818520000000E+005    0.164510861315E+000
    0.819020000000E+005    0.164390628782E+000
    0.819520000000E+005    0.164270557232E+000
    0.820020000000E+005    0.164150646451E+000
    0.820520000000E+005    0.164030896224E+000
    0.821020000000E+005    0.163911306333E+000
    0.821520000000E+005    0.163791876561E+000
    0.822020000000E+005    0.163672606689E+000
    0.822520000000E+005    0.163553496494E+000
    0.823020000000E+005    0.163434545756E+000
    0.823520000000E+005    0.163315754251E+000
    0.824020000000E+005    0.163197121753E+000
    0.824520000000E+005    0.163078648036E+000
    0.825020000000E+005    0.162960332873E+000
    0.825520000000E+005    0.162842176035E+000
    0.826020000000E+005    0.162724177292E+000
    0.826520000000E+005    0.162606336412E+000
    0.827020000000E+005    0.162488653162E+000
    0.827520000000E+005    0.162371127308E+000
    0.828020000000E+005    0.162253758616E+000
    0.828520000000E+005    0.162136546849E+000
    0.829020000000E+005    0.162019491769E+000
    0.829520000000E+005    0.161902593137E+000
    0.830020000000E+005    0.161785850713E+000
    0.830520000000E+005    0.161669264256E+000
    0.831020000000E+005    0.161552833524E+000
    0.831520000000E+005    0.161436558272E+000
    0.832020000000E+005    0.161320438257E+000
    0.832520000000E+005    0.161204473232E+000
    0.833020000000E+005    0.161088662951E+000
    0.833520000000E+005    0.160973007165E+000
    0.834020000000E+005    0.160857505625E+000
    0.834520000000E+005    0.160742158081E+000
    0.835020000000E+005    0.160626964281E+000
    0.835520000000E+005    0.160511923974E+000
    0.836020000000E+005    0.160397036905E+000
    0.836520000000E+005    0.160282302821E+000
    0.837020000000E+005    0.160167721465E+000
    0.837520000000E+005    0.160053292582E+000
    0.838020000000E+005    0.159939015913E+000
    0.838520000000E+005    0.159824891201E+000
    0.839020000000E+005    0.159710918185E+000
    0.839520000000E+005    0.159597096606E+000
    0.840020000000E+005    0.159483426202E+000
    0.840520000000E+005    0.159369906711E+000
    0.841020000000E+005    0.159256537869E+000
    0.841520000000E+005    0.159143319411E+000
    0.842020000000E+005    0.159030251074E+000
    0.842520000000E+005    0.158917332591E+000
    0.843020000000E+005    0.158804563696E+000
    0.843520000000E+005    0.158691944119E+000
    0.844020000000E+005    0.158579473593E+000
    0.844520000000E+005    0.158467151849E+000
    0.845020000000E+005    0.158354978616E+000
    0.845520000000E+005    0.158242953622E+000
    0.846020000000E+005    0.158131076596E+000
    0.846520000000E+005    0.158019347265E+000
    0.847020000000E+005    0.157907765355E+000
    0.847520000000E+005    0.157796330593E+000
    0.848020000000E+005    0.157685042702E+000
    0.848520000000E+005    0.157573901407E+000
    0.849020000000E+005    0.157462906432E+000
    0.849520000000E+005    0.157352057498E+000
    0.850020000000E+005    0.157241354328E+000
    0.850520000000E+005    0.157130796643E+000
    0.851020000000E+005    0.157020384163E+000
    0.851520000000E+005    0.156910116608E+000
    0.852020000000E+005    0.156799993696E+000
    0.852520000000E+005    0.156690015147E+000
    0.853020000000E+005    0.156580180678E+000
    0.853520000000E+005    0.156470490005E+000
    0.854020000000E+005    0.156360942846E+000
    0.854520000000E+005    0.156251538916E+000
    0.855020000000E+005    0.156142277929E+000
    0.855520000000E+005    0.156033159601E+000
    0.856020000000E+005    0.155924183645E+000
    0.856520000000E+005    0.155815349774E+000
    0.857020000000E+005    0.155706657702E+000
    0.857520000000E+005    0.155598107139E+000
    0.858020000000E+005    0.155489697798E+000
    0.858520000000E+005    0.155381429390E+000
    0.859020000000E+005    0.155273301624E+000
    0.859520000000E+005    0.155165314211E+000
    0.860020000000E+005    0.155057466860E+000
    0.860520000000E+005    0.154949759280E+000
    0.861020000000E+005    0.154842191178E+000
    0.861520000000E+005    0.154734762264E+000
    0.862020000000E+005    0.154627472243E+000
    0.862520000000E+005    0.154520320823E+000
    0.863020000000E+005    0.154413307710E+000
    0.863520000000E+005    0.154306432611E+000
    0.864020000000E+005    0.154199695229E+000
    0.864520000000E+005    0.154093095271E+000
    0.865020000000E+005    0.153986632440E+000
    0.865520000000E+005    0.153880306441E+000
    0.866020000000E+005    0.153774116977E+000
    0.866520000000E+005    0.153668063752E+000
    0.867020000000E+005    0.153562146469E+000
    0.867520000000E+005    0.153456364829E+000
    0.868020000000E+005    0.153350718535E+000
    0.868520000000E+005    0.153245207289E+000
    0.869020000000E+005    0.153139830792E+000
    0.869520000000E+005    0.153034588744E+000
    0.870020000000E+005    0.152929480848E+000
    0.870520000000E+005    0.152824506802E+000
    0.871020000000E+005    0.152719666306E+000
    0.871520000000E+005    0.152614959061E+000
    0.872020000000E+005    0.152510384766E+000
    0.872520000000E+005    0.152405943119E+000
    0.873020000000E+005    0.152301633820E+000
    0.873520000000E+005    0.152197456566E+000
    0.874020000000E+005    0.152093411057E+000
    0.874520000000E+005    0.151989496989E+000
    0.875020000000E+005    0.151885714060E+000
    0.875520000000E+005    0.151782061969E+000
    0.876020000000E+005    0.151678540411E+000
    0.876520000000E+005    0.151575149083E+000
    0.877020000000E+005    0.151471887684E+000
    0.877520000000E+005    0.151368755908E+000
    0.878020000000E+005    0.151265753452E+000
    0.878520000000E+005    0.151162880012E+000
    0.879020000000E+005    0.151060135284E+000
    0.879520000000E+005    0.150957518963E+000
    0.880020000000E+005    0.150855030745E+000
    0.880520000000E+005    0.150752670326E+000
    0.881020000000E+005    0.150650437399E+000
    0.881520000000E+005    0.150548331661E+000
    0.882020000000E+005    0.150446352806E+000
    0.882520000000E+005    0.150344500528E+000
    0.883020000000E+005    0.150242774523E+000
    0.883520000000E+005    0.150141174485E+000
    0.884020000000E+005    0.150039700107E+000
    0.884520000000E+005    0.149938351084E+000
    0.885020000000E+005    0.149837127110E+000
    0.885520000000E+005    0.149736027880E+000
    0.886020000000E+005    0.149635053086E+000
    0.886520000000E+005    0.149534202423E+000
    0.887020000000E+005    0.149433475584E+000
    0.887520000000E+005    0.149332872264E+000
    0.888020000000E+005    0.149232392155E+000
    0.888520000000E+005    0.149132034952E+000
    0.889020000000E+005    0.149031800347E+000
    0.889520000000E+005    0.148931688035E+000
    0.890020000000E+005    0.148831697708E+000
    0.890520000000E+005    0.148731829061E+000
    0.891020000000E+005    0.148632081786E+000
    0.891520000000E+005    0.148532455576E+000
    0.892020000000E+005    0.148432950126E+000
    0.892520000000E+005    0.148333565129E+000
    0.893020000000E+005    0.148234300277E+000
    0.893520000000E+005    0.148135155265E+000
    0.894020000000E+005    0.148036129786E+000
    0.894520000000E+005    0.147937223533E+000
    0.895020000000E+005    0.147838436200E+000
    0.895520000000E+005    0.147739767481E+000
    0.896020000000E+005    0.147641217068E+000
    0.896520000000E+005    0.147542784656E+000
    0.897020000000E+005    0.147444469938E+000
    0.897520000000E+005    0.147346272609E+000
    0.898020000000E+005    0.147248192362E+000
    0.898520000000E+005    0.147150228890E+000
    0.899020000000E+005    0.147052381889E+000
    0.899520000000E+005    0.146954651052E+000
    0.900020000000E+005    0.146857036073E+000
    0.900520000000E+005    0.146759536647E+000
    0.901020000000E+005    0.146662152468E+000
    0.901520000000E+005    0.146564883231E+000
    0.902020000000E+005    0.146467728630E+000
    0.902520000000E+005    0.146370688361E+000
    0.903020000000E+005    0.146273762119E+000
    0.903520000000E+005    0.146176949597E+000
    0.904020000000E+005    0.146080250493E+000
    0.904520000000E+005    0.145983664500E+000
    0.905020000000E+005    0.145887191316E+000
    0.905520000000E+005    0.145790830635E+000
    0.906020000000E+005    0.145694582153E+000
    0.906520000000E+005    0.145598445567E+000
    0.907020000000E+005    0.145502420573E+000
    0.907520000000E+005    0.145406506868E+000
    0.908020000000E+005    0.145310704147E+000
    0.908520000000E+005    0.145215012109E+000
    0.909020000000E+005    0.145119430450E+000
    0.909520000000E+005    0.145023958867E+000
    0.910020000000E+005    0.144928597057E+000
    0.910520000000E+005    0.144833344720E+000
    0.911020000000E+005    0.144738201552E+000
    0.911520000000E+005    0.144643167253E+000
    0.912020000000E+005    0.144548241519E+000
    0.912520000000E+005    0.144453424051E+000
    0.913020000000E+005    0.144358714547E+000
    0.913520000000E+005    0.144264112706E+000
    0.914020000000E+005    0.144169618227E+000
    0.914520000000E+005    0.144075230811E+000
    0.915020000000E+005    0.143980950158E+000
    0.915520000000E+005    0.143886775967E+000
    0.916020000000E+005    0.143792707940E+000
    0.916520000000E+005    0.143698745777E+000
    0.917020000000E+005    0.143604889179E+000
    0.917520000000E+005    0.143511137847E+000
    0.918020000000E+005    0.143417491485E+000
    0.918520000000E+005    0.143323949793E+000
    0.919020000000E+005    0.143230512473E+000
    0.919520000000E+005    0.143137179229E+000
    0.920020000000E+005    0.143043949764E+000
    0.920520000000E+005    0.142950823781E+000
    0.921020000000E+005    0.142857800983E+000
    0.921520000000E+005    0.142764881074E+000
    0.922020000000E+005    0.142672063759E+000
    0.922520000000E+005    0.142579348743E+000
    0.923020000000E+005    0.142486735730E+000
    0.923520000000E+005    0.142394224426E+000
    0.924020000000E+005    0.142301814536E+000
    0.924520000000E+005    0.142209505767E+000
    0.925020000000E+005    0.142117297825E+000
    0.925520000000E+005    0.142025190417E+000
    0.926020000000E+005    0.141933183249E+000
    0.926520000000E+005    0.141841276030E+000
    0.927020000000E+005    0.141749468467E+000
    0.927520000000E+005    0.141657760269E+000
    0.928020000000E+005    0.141566151145E+000
    0.928520000000E+005    0.141474640803E+000
    0.929020000000E+005    0.141383228953E+000
    0.929520000000E+005    0.141291915305E+000
    0.930020000000E+005    0.141200699569E+000
    0.930520000000E+005    0.141109581456E+000
    0.931020000000E+005    0.141018560677E+000
    0.931520000000E+005    0.140927636944E+000
    0.932020000000E+005    0.140836809968E+000
    0.932520000000E+005    0.140746079462E+000
    0.933020000000E+005    0.140655445139E+000
    0.933520000000E+005    0.140564906711E+000
    0.934020000000E+005    0.140474463894E+000
    0.934520000000E+005    0.140384116400E+000
    0.935020000000E+005    0.140293863944E+000
    0.935520000000E+005    0.140203706242E+000
    0.936020000000E+005    0.140113643009E+000
    0.936520000000E+005    0.140023673960E+000
    0.937020000000E+005    0.139933798812E+000
    0.937520000000E+005    0.139844017283E+000
    0.938020000000E+005    0.139754329088E+000
    0.938520000000E+005    0.139664733947E+000
    0.939020000000E+005    0.139575231576E+000
    0.939520000000E+005    0.139485821696E+000
    0.940020000000E+005    0.139396504024E+000
    0.940520000000E+005    0.139307278282E+000
    0.941020000000E+005    0.139218144188E+000
    0.941520000000E+005    0.139129101464E+000
    0.942020000000E+005    0.139040149830E+000
    0.942520000000E+005    0.138951289008E+000
    0.943020000000E+005    0.138862518721E+000
    0.943520000000E+005    0.138773838691E+000
    0.944020000000E+005    0.138685248641E+000
    0.944520000000E+005    0.138596748295E+000
    0.945020000000E+005    0.138508337377E+000
    0.945520000000E+005    0.138420015611E+000
    0.946020000000E+005    0.138331782723E+000
    0.946520000000E+005    0.138243638438E+000
    0.947020000000E+005    0.138155582482E+000
    0.947520000000E+005    0.138067614583E+000
    0.948020000000E+005    0.137979734467E+000
    0.948520000000E+005    0.137891941862E+000
    0.949020000000E+005    0.137804236497E+000
    0.949520000000E+005    0.137716618100E+000
    0.950020000000E+005    0.137629086401E+000
    0.950520000000E+005    0.137541641130E+000
    0.951020000000E+005    0.137454282016E+000
    0.951520000000E+005    0.137367008792E+000
    0.952020000000E+005    0.137279821188E+000
    0.952520000000E+005    0.137192718937E+000
    0.953020000000E+005    0.137105701771E+000
    0.953520000000E+005    0.137018769424E+000
    0.954020000000E+005    0.136931921628E+000
    0.954520000000E+005    0.136845158120E+000
    0.955020000000E+005    0.136758478633E+000
    0.955520000000E+005    0.136671882902E+000
    0.956020000000E+005    0.136585370665E+000
    0.956520000000E+005    0.136498941657E+000
    0.957020000000E+005    0.136412595615E+000
    0.957520000000E+005    0.136326332278E+000
    0.958020000000E+005    0.136240151383E+000
    0.958520000000E+005    0.136154052670E+000
    0.959020000000E+005    0.136068035878E+000
    0.959520000000E+005    0.135982100746E+000
    0.960020000000E+005    0.135896247016E+000
    0.960520000000E+005    0.135810474428E+000
    0.961020000000E+005    0.135724782725E+000
    0.961520000000E+005    0.135639171649E+000
    0.962020000000E+005    0.135553640942E+000
    0.962520000000E+005    0.135468190349E+000
    0.963020000000E+005    0.135382819613E+000
    0.963520000000E+005    0.135297528480E+000
    0.964020000000E+005    0.135212316693E+000
    0.964520000000E+005    0.135127184001E+000
    0.965020000000E+005    0.135042130148E+000
    0.965520000000E+005    0.134957154882E+000
    0.966020000000E+005    0.134872257952E+000
    0.966520000000E+005    0.134787439104E+000
    0.967020000000E+005    0.134702698089E+000
    0.967520000000E+005    0.134618034656E+000
    0.968020000000E+005    0.134533448554E+000
    0.968520000000E+005    0.134448939536E+000
    0.969020000000E+005    0.134364507351E+000
    0.969520000000E+005    0.134280151753E+000
    0.970020000000E+005    0.134195872494E+000
    0.970520000000E+005    0.134111669327E+000
    0.971020000000E+005    0.134027542006E+000
    0.971520000000E+005    0.133943490286E+000
    0.972020000000E+005    0.133859513922E+000
    0.972520000000E+005    0.133775612669E+000
    0.973020000000E+005    0.133691786284E+000
    0.973520000000E+005    0.133608034524E+000
    0.974020000000E+005    0.133524357147E+000
    0.974520000000E+005    0.133440753911E+000
    0.975020000000E+005    0.133357224575E+000
    0.975520000000E+005    0.133273768898E+000
    0.976020000000E+005    0.133190386641E+000
    0.976520000000E+005    0.133107077564E+000
    0.977020000000E+005    0.133023841430E+000
    0.977520000000E+005    0.132940677999E+000
    0.978020000000E+005    0.132857587035E+000
    0.978520000000E+005    0.132774568302E+000
    0.979020000000E+005    0.132691621563E+000
    0.979520000000E+005    0.132608746583E+000
    0.980020000000E+005    0.132525943127E+000
    0.980520000000E+005    0.132443210962E+000
    0.981020000000E+005    0.132360549853E+000
    0.981520000000E+005    0.132277959569E+000
    0.982020000000E+005    0.132195439877E+000
    0.982520000000E+005    0.132112990545E+000
    0.983020000000E+005    0.132030611344E+000
    0.983520000000E+005    0.131948302042E+000
    0.984020000000E+005    0.131866062410E+000
    0.984520000000E+005    0.131783892220E+000
    0.985020000000E+005    0.131701791243E+000
    0.985520000000E+005    0.131619759252E+000
    0.986020000000E+005    0.131537796020E+000
    0.986520000000E+005    0.131455901321E+000
    0.987020000000E+005    0.131374074929E+000
    0.987520000000E+005    0.131292316619E+000
    0.988020000000E+005    0.131210626168E+000
    0.988520000000E+005    0.131129003351E+000
    0.989020000000E+005    0.131047447946E+000
    0.989520000000E+005    0.130965959730E+000
    0.990020000000E+005    0.130884538482E+000
    0.990520000000E+005    0.130803183980E+000
    0.991020000000E+005    0.130721896006E+000
    0.991520000000E+005    0.130640674339E+000
    0.992020000000E+005    0.130559518759E+000
    0.992520000000E+005    0.130478429050E+000
    0.993020000000E+005    0.130397404993E+000
    0.993520000000E+005    0.130316446371E+000
    0.994020000000E+005    0.130235552969E+000
    0.994520000000E+005    0.130154724570E+000
    0.995020000000E+005    0.130073960959E+000
    0.995520000000E+005    0.129993261923E+000
    0.996020000000E+005    0.129912627247E+000
    0.996520000000E+005    0.129832056720E+000
    0.997020000000E+005    0.129751550128E+000
    0.997520000000E+005    0.129671107260E+000
    0.998020000000E+005    0.129590727905E+000
    0.998520000000E+005    0.129510411852E+000
    0.999020000000E+005    0.129430158893E+000
    0.999520000000E+005    0.129349968819E+000
