TITLE = "0D Field KU"
VARIABLES = N ,"KU_Ha10Rem100Re500"
ZONE DATAPACKING = POINT
    0.200000000000E+001    0.224060554802E-040
    0.520000000000E+002    0.174461743546E-037
    0.102000000000E+003    0.609282477325E-037
    0.152000000000E+003    0.130775067900E-036
    0.202000000000E+003    0.219713844270E-036
    0.252000000000E+003    0.332414879652E-036
    0.302000000000E+003    0.462653086485E-036
    0.352000000000E+003    0.772647576837E-036
    0.402000000000E+003    0.482548774653E-035
    0.452000000000E+003    0.579160973930E-034
    0.502000000000E+003    0.706259375532E-033
    0.552000000000E+003    0.689916776902E-032
    0.602000000000E+003    0.525020841375E-031
    0.652000000000E+003    0.331002102629E-030
    0.702000000000E+003    0.180021269317E-029
    0.752000000000E+003    0.861602748364E-029
    0.802000000000E+003    0.369343480477E-028
    0.852000000000E+003    0.143817569372E-027
    0.902000000000E+003    0.514442473361E-027
    0.952000000000E+003    0.170587627904E-026
    0.100200000000E+004    0.528403264953E-026
    0.105200000000E+004    0.153900818353E-025
    0.110200000000E+004    0.423866743944E-025
    0.115200000000E+004    0.110934710293E-024
    0.120200000000E+004    0.277091832167E-024
    0.125200000000E+004    0.663039750442E-024
    0.130200000000E+004    0.152500049117E-023
    0.135200000000E+004    0.338149827002E-023
    0.140200000000E+004    0.724793026711E-023
    0.145200000000E+004    0.150529699782E-022
    0.150200000000E+004    0.303576751464E-022
    0.155200000000E+004    0.595659357270E-022
    0.160200000000E+004    0.113913985094E-021
    0.165200000000E+004    0.212668394758E-021
    0.170200000000E+004    0.388160951681E-021
    0.175200000000E+004    0.693562568024E-021
    0.180200000000E+004    0.121466923832E-020
    0.185200000000E+004    0.208746667801E-020
    0.190200000000E+004    0.352388791906E-020
    0.195200000000E+004    0.584901577165E-020
    0.200200000000E+004    0.955405055239E-020
    0.205200000000E+004    0.153707088127E-019
    0.210200000000E+004    0.243743947990E-019
    0.215200000000E+004    0.381255467091E-019
    0.220200000000E+004    0.588610702650E-019
    0.225200000000E+004    0.897507957164E-019
    0.230200000000E+004    0.135237503553E-018
    0.235200000000E+004    0.201483332517E-018
    0.240200000000E+004    0.296950387994E-018
    0.245200000000E+004    0.433149182591E-018
    0.250200000000E+004    0.625595254205E-018
    0.255200000000E+004    0.895021980782E-018
    0.260200000000E+004    0.126890634453E-017
    0.265200000000E+004    0.178337423995E-017
    0.270200000000E+004    0.248556297276E-017
    0.275200000000E+004    0.343653089182E-017
    0.280200000000E+004    0.471481772490E-017
    0.285200000000E+004    0.642077418998E-017
    0.290200000000E+004    0.868179586958E-017
    0.295200000000E+004    0.116586142252E-016
    0.300200000000E+004    0.155528169987E-016
    0.305200000000E+004    0.206157911334E-016
    0.310200000000E+004    0.271593037469E-016
    0.315200000000E+004    0.355679606138E-016
    0.320200000000E+004    0.463138070563E-016
    0.325200000000E+004    0.599733630493E-016
    0.330200000000E+004    0.772474127390E-016
    0.335200000000E+004    0.989838983530E-016
    0.340200000000E+004    0.126204299645E-015
    0.345200000000E+004    0.160133912458E-015
    0.350200000000E+004    0.202236473684E-015
    0.355200000000E+004    0.254253614699E-015
    0.360200000000E+004    0.318249661293E-015
    0.365200000000E+004    0.396662334892E-015
    0.370200000000E+004    0.492359947660E-015
    0.375200000000E+004    0.608705722482E-015
    0.380200000000E+004    0.749629907961E-015
    0.385200000000E+004    0.919710398183E-015
    0.390200000000E+004    0.112426260705E-014
    0.395200000000E+004    0.136943938728E-014
    0.400200000000E+004    0.166234182466E-014
    0.405200000000E+004    0.201114177855E-014
    0.410200000000E+004    0.242521708021E-014
    0.415200000000E+004    0.291530034037E-014
    0.420200000000E+004    0.349364235773E-014
    0.425200000000E+004    0.417419115887E-014
    0.430200000000E+004    0.497278773926E-014
    0.435200000000E+004    0.590737961284E-014
    0.440200000000E+004    0.699825331487E-014
    0.445200000000E+004    0.826828703901E-014
    0.450200000000E+004    0.974322462486E-014
    0.455200000000E+004    0.114519721461E-013
    0.460200000000E+004    0.134269183824E-013
    0.465200000000E+004    0.157042804895E-013
    0.470200000000E+004    0.183244762123E-013
    0.475200000000E+004    0.213325240133E-013
    0.480200000000E+004    0.247784725181E-013
    0.485200000000E+004    0.287178607014E-013
    0.490200000000E+004    0.332122102639E-013
    0.495200000000E+004    0.383295516713E-013
    0.500200000000E+004    0.441449853444E-013
    0.505200000000E+004    0.507412795125E-013
    0.510200000000E+004    0.582095062526E-013
    0.515200000000E+004    0.666497172563E-013
    0.520200000000E+004    0.761716608760E-013
    0.525200000000E+004    0.868955420128E-013
    0.530200000000E+004    0.989528264181E-013
    0.535200000000E+004    0.112487090986E-012
    0.540200000000E+004    0.127654921619E-012
    0.545200000000E+004    0.144626860252E-012
    0.550200000000E+004    0.163588402616E-012
    0.555200000000E+004    0.184741048337E-012
    0.560200000000E+004    0.208303404932E-012
    0.565200000000E+004    0.234512347289E-012
    0.570200000000E+004    0.263624234206E-012
    0.575200000000E+004    0.295916183521E-012
    0.580200000000E+004    0.331687407411E-012
    0.585200000000E+004    0.371260609374E-012
    0.590200000000E+004    0.414983444415E-012
    0.595200000000E+004    0.463230043954E-012
    0.600200000000E+004    0.516402606925E-012
    0.605200000000E+004    0.574933058528E-012
    0.610200000000E+004    0.639284778105E-012
    0.615200000000E+004    0.709954397522E-012
    0.620200000000E+004    0.787473671483E-012
    0.625200000000E+004    0.872411421136E-012
    0.630200000000E+004    0.965375552301E-012
    0.635200000000E+004    0.106701514966E-011
    0.640200000000E+004    0.117802264817E-011
    0.645200000000E+004    0.129913608294E-011
    0.650200000000E+004    0.143114141887E-011
    0.655200000000E+004    0.157487496108E-011
    0.660200000000E+004    0.173122584748E-011
    0.665200000000E+004    0.190113862439E-011
    0.670200000000E+004    0.208561590653E-011
    0.675200000000E+004    0.228572112210E-011
    0.680200000000E+004    0.250258134431E-011
    0.685200000000E+004    0.273739021004E-011
    0.690200000000E+004    0.299141092666E-011
    0.695200000000E+004    0.326597936797E-011
    0.700200000000E+004    0.356250725997E-011
    0.705200000000E+004    0.388248545726E-011
    0.710200000000E+004    0.422748731099E-011
    0.715200000000E+004    0.459917212889E-011
    0.720200000000E+004    0.499928872813E-011
    0.725200000000E+004    0.542967908163E-011
    0.730200000000E+004    0.589228205845E-011
    0.735200000000E+004    0.638913725865E-011
    0.740200000000E+004    0.692238894334E-011
    0.745200000000E+004    0.749429006017E-011
    0.750200000000E+004    0.810720636475E-011
    0.755200000000E+004    0.876362063838E-011
    0.760200000000E+004    0.946613700240E-011
    0.765200000000E+004    0.102174853293E-010
    0.770200000000E+004    0.110205257513E-010
    0.775200000000E+004    0.118782532654E-010
    0.780200000000E+004    0.127938024371E-010
    0.785200000000E+004    0.137704522003E-010
    0.790200000000E+004    0.148116307561E-010
    0.795200000000E+004    0.159209205679E-010
    0.800200000000E+004    0.171020634549E-010
    0.805200000000E+004    0.183589657833E-010
    0.810200000000E+004    0.196957037536E-010
    0.815200000000E+004    0.211165287866E-010
    0.820200000000E+004    0.226258730055E-010
    0.825200000000E+004    0.242283548148E-010
    0.830200000000E+004    0.259287845765E-010
    0.835200000000E+004    0.277321703808E-010
    0.840200000000E+004    0.296437239145E-010
    0.845200000000E+004    0.316688664237E-010
    0.850200000000E+004    0.338132347712E-010
    0.855200000000E+004    0.360826875893E-010
    0.860200000000E+004    0.384833115261E-010
    0.865200000000E+004    0.410214275848E-010
    0.870200000000E+004    0.437035975565E-010
    0.875200000000E+004    0.465366305450E-010
    0.880200000000E+004    0.495275895828E-010
    0.885200000000E+004    0.526837983386E-010
    0.890200000000E+004    0.560128479139E-010
    0.895200000000E+004    0.595226037306E-010
    0.900200000000E+004    0.632212125053E-010
    0.905200000000E+004    0.671171093129E-010
    0.910200000000E+004    0.712190247364E-010
    0.915200000000E+004    0.755359921029E-010
    0.920200000000E+004    0.800773548046E-010
    0.925200000000E+004    0.848527737043E-010
    0.930200000000E+004    0.898722346242E-010
    0.935200000000E+004    0.951460559165E-010
    0.940200000000E+004    0.100684896116E-009
    0.945200000000E+004    0.106499761671E-009
    0.950200000000E+004    0.112602014757E-009
    0.955200000000E+004    0.119003381165E-009
    0.960200000000E+004    0.125715958270E-009
    0.965200000000E+004    0.132752223068E-009
    0.970200000000E+004    0.140125040300E-009
    0.975200000000E+004    0.147847670638E-009
    0.980200000000E+004    0.155933778952E-009
    0.985200000000E+004    0.164397442638E-009
    0.990200000000E+004    0.173253160028E-009
    0.995200000000E+004    0.182515858859E-009
    0.100020000000E+005    0.192200904817E-009
    0.100520000000E+005    0.202324110137E-009
    0.101020000000E+005    0.212901742279E-009
    0.101520000000E+005    0.223950532662E-009
    0.102020000000E+005    0.235487685459E-009
    0.102520000000E+005    0.247530886455E-009
    0.103020000000E+005    0.260098311966E-009
    0.103520000000E+005    0.273208637813E-009
    0.104020000000E+005    0.286881048353E-009
    0.104520000000E+005    0.301135245568E-009
    0.105020000000E+005    0.315991458209E-009
    0.105520000000E+005    0.331470450986E-009
    0.106020000000E+005    0.347593533815E-009
    0.106520000000E+005    0.364382571116E-009
    0.107020000000E+005    0.381859991153E-009
    0.107520000000E+005    0.400048795430E-009
    0.108020000000E+005    0.418972568121E-009
    0.108520000000E+005    0.438655485557E-009
    0.109020000000E+005    0.459122325745E-009
    0.109520000000E+005    0.480398477936E-009
    0.110020000000E+005    0.502509952225E-009
    0.110520000000E+005    0.525483389201E-009
    0.111020000000E+005    0.549346069619E-009
    0.111520000000E+005    0.574125924122E-009
    0.112020000000E+005    0.599851542984E-009
    0.112520000000E+005    0.626552185898E-009
    0.113020000000E+005    0.654257791787E-009
    0.113520000000E+005    0.682998988644E-009
    0.114020000000E+005    0.712807103406E-009
    0.114520000000E+005    0.743714171852E-009
    0.115020000000E+005    0.775752948526E-009
    0.115520000000E+005    0.808956916679E-009
    0.116020000000E+005    0.843360298247E-009
    0.116520000000E+005    0.878998063836E-009
    0.117020000000E+005    0.915905942730E-009
    0.117520000000E+005    0.954120432927E-009
    0.118020000000E+005    0.993678811174E-009
    0.118520000000E+005    0.103461914304E-008
    0.119020000000E+005    0.107698029296E-008
    0.119520000000E+005    0.112080193438E-008
    0.120020000000E+005    0.116612455979E-008
    0.120520000000E+005    0.121298949086E-008
    0.121020000000E+005    0.126143888856E-008
    0.121520000000E+005    0.131151576329E-008
    0.122020000000E+005    0.136326398496E-008
    0.122520000000E+005    0.141672829319E-008
    0.123020000000E+005    0.147195430740E-008
    0.123520000000E+005    0.152898853694E-008
    0.124020000000E+005    0.158787839126E-008
    0.124520000000E+005    0.164867219002E-008
    0.125020000000E+005    0.171141917322E-008
    0.125520000000E+005    0.177616951136E-008
    0.126020000000E+005    0.184297431552E-008
    0.126520000000E+005    0.191188564749E-008
    0.127020000000E+005    0.198295652991E-008
    0.127520000000E+005    0.205624095631E-008
    0.128020000000E+005    0.213179390125E-008
    0.128520000000E+005    0.220967133038E-008
    0.129020000000E+005    0.228993021049E-008
    0.129520000000E+005    0.237262851960E-008
    0.130020000000E+005    0.245782525692E-008
    0.130520000000E+005    0.254558045297E-008
    0.131020000000E+005    0.263595517948E-008
    0.131520000000E+005    0.272901155944E-008
    0.132020000000E+005    0.282481277702E-008
    0.132520000000E+005    0.292342308756E-008
    0.133020000000E+005    0.302490782741E-008
    0.133520000000E+005    0.312933342389E-008
    0.134020000000E+005    0.323676740515E-008
    0.134520000000E+005    0.334727840996E-008
    0.135020000000E+005    0.346093619759E-008
    0.135520000000E+005    0.357781165757E-008
    0.136020000000E+005    0.369797681943E-008
    0.136520000000E+005    0.382150486248E-008
    0.137020000000E+005    0.394847012545E-008
    0.137520000000E+005    0.407894811617E-008
    0.138020000000E+005    0.421301552122E-008
    0.138520000000E+005    0.435075021553E-008
    0.139020000000E+005    0.449223127189E-008
    0.139520000000E+005    0.463753897054E-008
    0.140020000000E+005    0.478675480861E-008
    0.140520000000E+005    0.493996150959E-008
    0.141020000000E+005    0.509724303274E-008
    0.141520000000E+005    0.525868458245E-008
    0.142020000000E+005    0.542437261755E-008
    0.142520000000E+005    0.559439486065E-008
    0.143020000000E+005    0.576884030732E-008
    0.143520000000E+005    0.594779923535E-008
    0.144020000000E+005    0.613136321383E-008
    0.144520000000E+005    0.631962511233E-008
    0.145020000000E+005    0.651267910993E-008
    0.145520000000E+005    0.671062070421E-008
    0.146020000000E+005    0.691354672027E-008
    0.146520000000E+005    0.712155531960E-008
    0.147020000000E+005    0.733474600898E-008
    0.147520000000E+005    0.755321964927E-008
    0.148020000000E+005    0.777707846419E-008
    0.148520000000E+005    0.800642604906E-008
    0.149020000000E+005    0.824136737938E-008
    0.149520000000E+005    0.848200881955E-008
    0.150020000000E+005    0.872845813131E-008
    0.150520000000E+005    0.898082448234E-008
    0.151020000000E+005    0.923921845462E-008
    0.151520000000E+005    0.950375205286E-008
    0.152020000000E+005    0.977453871283E-008
    0.152520000000E+005    0.100516933096E-007
    0.153020000000E+005    0.103353321658E-007
    0.153520000000E+005    0.106255730598E-007
    0.154020000000E+005    0.109225352336E-007
    0.154520000000E+005    0.112263394012E-007
    0.155020000000E+005    0.115371077562E-007
    0.155520000000E+005    0.118549639802E-007
    0.156020000000E+005    0.121800332500E-007
    0.156520000000E+005    0.125124422461E-007
    0.157020000000E+005    0.128523191597E-007
    0.157520000000E+005    0.131997937012E-007
    0.158020000000E+005    0.135549971069E-007
    0.158520000000E+005    0.139180621473E-007
    0.159020000000E+005    0.142891231341E-007
    0.159520000000E+005    0.146683159276E-007
    0.160020000000E+005    0.150557779445E-007
    0.160520000000E+005    0.154516481647E-007
    0.161020000000E+005    0.158560671386E-007
    0.161520000000E+005    0.162691769945E-007
    0.162020000000E+005    0.166911214452E-007
    0.162520000000E+005    0.171220457956E-007
    0.163020000000E+005    0.175620969491E-007
    0.163520000000E+005    0.180114234148E-007
    0.164020000000E+005    0.184701753141E-007
    0.164520000000E+005    0.189385043875E-007
    0.165020000000E+005    0.194165640014E-007
    0.165520000000E+005    0.199045091544E-007
    0.166020000000E+005    0.204024964841E-007
    0.166520000000E+005    0.209106842734E-007
    0.167020000000E+005    0.214292324568E-007
    0.167520000000E+005    0.219583026270E-007
    0.168020000000E+005    0.224980580408E-007
    0.168520000000E+005    0.230486636254E-007
    0.169020000000E+005    0.236102859846E-007
    0.169520000000E+005    0.241830934046E-007
    0.170020000000E+005    0.247672558601E-007
    0.170520000000E+005    0.253629450202E-007
    0.171020000000E+005    0.259703342541E-007
    0.171520000000E+005    0.265895986367E-007
    0.172020000000E+005    0.272209149546E-007
    0.172520000000E+005    0.278644617114E-007
    0.173020000000E+005    0.285204191335E-007
    0.173520000000E+005    0.291889691749E-007
    0.174020000000E+005    0.298702955234E-007
    0.174520000000E+005    0.305645836053E-007
    0.175020000000E+005    0.312720205908E-007
    0.175520000000E+005    0.319927953990E-007
    0.176020000000E+005    0.327270987033E-007
    0.176520000000E+005    0.334751229360E-007
    0.177020000000E+005    0.342370622934E-007
    0.177520000000E+005    0.350131127407E-007
    0.178020000000E+005    0.358034720165E-007
    0.178520000000E+005    0.366083396377E-007
    0.179020000000E+005    0.374279169042E-007
    0.179520000000E+005    0.382624069032E-007
    0.180020000000E+005    0.391120145137E-007
    0.180520000000E+005    0.399769464111E-007
    0.181020000000E+005    0.408574110712E-007
    0.181520000000E+005    0.417536187746E-007
    0.182020000000E+005    0.426657816110E-007
    0.182520000000E+005    0.435941134830E-007
    0.183020000000E+005    0.445388301102E-007
    0.183520000000E+005    0.455001490333E-007
    0.184020000000E+005    0.464782896178E-007
    0.184520000000E+005    0.474734730578E-007
    0.185020000000E+005    0.484859223796E-007
    0.185520000000E+005    0.495158624456E-007
    0.186020000000E+005    0.505635199576E-007
    0.186520000000E+005    0.516291234605E-007
    0.187020000000E+005    0.527129033455E-007
    0.187520000000E+005    0.538150918536E-007
    0.188020000000E+005    0.549359230786E-007
    0.188520000000E+005    0.560756329707E-007
    0.189020000000E+005    0.572344593393E-007
    0.189520000000E+005    0.584126418558E-007
    0.190020000000E+005    0.596104220573E-007
    0.190520000000E+005    0.608280433488E-007
    0.191020000000E+005    0.620657510062E-007
    0.191520000000E+005    0.633237921792E-007
    0.192020000000E+005    0.646024158937E-007
    0.192520000000E+005    0.659018730546E-007
    0.193020000000E+005    0.672224164482E-007
    0.193520000000E+005    0.685643007447E-007
    0.194020000000E+005    0.699277825004E-007
    0.194520000000E+005    0.713131201603E-007
    0.195020000000E+005    0.727205740599E-007
    0.195520000000E+005    0.741504064277E-007
    0.196020000000E+005    0.756028813873E-007
    0.196520000000E+005    0.770782649589E-007
    0.197020000000E+005    0.785768250617E-007
    0.197520000000E+005    0.800988315158E-007
    0.198020000000E+005    0.816445560434E-007
    0.198520000000E+005    0.832142722713E-007
    0.199020000000E+005    0.848082557318E-007
    0.199520000000E+005    0.864267838647E-007
    0.200020000000E+005    0.880701360188E-007
    0.200520000000E+005    0.897385934530E-007
    0.201020000000E+005    0.914324393380E-007
    0.201520000000E+005    0.931519587573E-007
    0.202020000000E+005    0.948974387086E-007
    0.202520000000E+005    0.966691681048E-007
    0.203020000000E+005    0.984674377753E-007
    0.203520000000E+005    0.100292540466E-006
    0.204020000000E+005    0.102144770843E-006
    0.204520000000E+005    0.104024425490E-006
    0.205020000000E+005    0.105931802909E-006
    0.205520000000E+005    0.107867203527E-006
    0.206020000000E+005    0.109830929687E-006
    0.206520000000E+005    0.111823285659E-006
    0.207020000000E+005    0.113844577631E-006
    0.207520000000E+005    0.115895113717E-006
    0.208020000000E+005    0.117975203951E-006
    0.208520000000E+005    0.120085160294E-006
    0.209020000000E+005    0.122225296628E-006
    0.209520000000E+005    0.124395928759E-006
    0.210020000000E+005    0.126597374419E-006
    0.210520000000E+005    0.128829953263E-006
    0.211020000000E+005    0.131093986868E-006
    0.211520000000E+005    0.133389798738E-006
    0.212020000000E+005    0.135717714298E-006
    0.212520000000E+005    0.138078060900E-006
    0.213020000000E+005    0.140471167815E-006
    0.213520000000E+005    0.142897366240E-006
    0.214020000000E+005    0.145356989292E-006
    0.214520000000E+005    0.147850372013E-006
    0.215020000000E+005    0.150377851364E-006
    0.215520000000E+005    0.152939766227E-006
    0.216020000000E+005    0.155536457405E-006
    0.216520000000E+005    0.158168267620E-006
    0.217020000000E+005    0.160835541513E-006
    0.217520000000E+005    0.163538625641E-006
    0.218020000000E+005    0.166277868479E-006
    0.218520000000E+005    0.169053620419E-006
    0.219020000000E+005    0.171866233767E-006
    0.219520000000E+005    0.174716062740E-006
    0.220020000000E+005    0.177603463472E-006
    0.220520000000E+005    0.180528794004E-006
    0.221020000000E+005    0.183492414290E-006
    0.221520000000E+005    0.186494686191E-006
    0.222020000000E+005    0.189535973476E-006
    0.222520000000E+005    0.192616641820E-006
    0.223020000000E+005    0.195737058800E-006
    0.223520000000E+005    0.198897593897E-006
    0.224020000000E+005    0.202098618495E-006
    0.224520000000E+005    0.205340505874E-006
    0.225020000000E+005    0.208623631213E-006
    0.225520000000E+005    0.211948371587E-006
    0.226020000000E+005    0.215315105963E-006
    0.226520000000E+005    0.218724215202E-006
    0.227020000000E+005    0.222176082055E-006
    0.227520000000E+005    0.225671091157E-006
    0.228020000000E+005    0.229209629035E-006
    0.228520000000E+005    0.232792084093E-006
    0.229020000000E+005    0.236418846622E-006
    0.229520000000E+005    0.240090308787E-006
    0.230020000000E+005    0.243806864635E-006
    0.230520000000E+005    0.247568910083E-006
    0.231020000000E+005    0.251376842923E-006
    0.231520000000E+005    0.255231062814E-006
    0.232020000000E+005    0.259131971284E-006
    0.232520000000E+005    0.263079971725E-006
    0.233020000000E+005    0.267075469389E-006
    0.233520000000E+005    0.271118871390E-006
    0.234020000000E+005    0.275210586696E-006
    0.234520000000E+005    0.279351026129E-006
    0.235020000000E+005    0.283540602363E-006
    0.235520000000E+005    0.287779729918E-006
    0.236020000000E+005    0.292068825160E-006
    0.236520000000E+005    0.296408306296E-006
    0.237020000000E+005    0.300798593374E-006
    0.237520000000E+005    0.305240108276E-006
    0.238020000000E+005    0.309733274715E-006
    0.238520000000E+005    0.314278518237E-006
    0.239020000000E+005    0.318876266212E-006
    0.239520000000E+005    0.323526947833E-006
    0.240020000000E+005    0.328230994113E-006
    0.240520000000E+005    0.332988837882E-006
    0.241020000000E+005    0.337800913782E-006
    0.241520000000E+005    0.342667658264E-006
    0.242020000000E+005    0.347589509585E-006
    0.242520000000E+005    0.352566907804E-006
    0.243020000000E+005    0.357600294781E-006
    0.243520000000E+005    0.362690114168E-006
    0.244020000000E+005    0.367836811409E-006
    0.244520000000E+005    0.373040833738E-006
    0.245020000000E+005    0.378302630169E-006
    0.245520000000E+005    0.383622651499E-006
    0.246020000000E+005    0.389001350300E-006
    0.246520000000E+005    0.394439180917E-006
    0.247020000000E+005    0.399936599461E-006
    0.247520000000E+005    0.405494063811E-006
    0.248020000000E+005    0.411112033603E-006
    0.248520000000E+005    0.416790970231E-006
    0.249020000000E+005    0.422531336841E-006
    0.249520000000E+005    0.428333598325E-006
    0.250020000000E+005    0.434198221322E-006
    0.250520000000E+005    0.440125674208E-006
    0.251020000000E+005    0.446116427094E-006
    0.251520000000E+005    0.452170951825E-006
    0.252020000000E+005    0.458289721969E-006
    0.252520000000E+005    0.464473212818E-006
    0.253020000000E+005    0.470721901383E-006
    0.253520000000E+005    0.477036266385E-006
    0.254020000000E+005    0.483416788256E-006
    0.254520000000E+005    0.489863949132E-006
    0.255020000000E+005    0.496378232849E-006
    0.255520000000E+005    0.502960124938E-006
    0.256020000000E+005    0.509610112619E-006
    0.256520000000E+005    0.516328684800E-006
    0.257020000000E+005    0.523116332069E-006
    0.257520000000E+005    0.529973546689E-006
    0.258020000000E+005    0.536900822598E-006
    0.258520000000E+005    0.543898655397E-006
    0.259020000000E+005    0.550967542350E-006
    0.259520000000E+005    0.558107982380E-006
    0.260020000000E+005    0.565320476059E-006
    0.260520000000E+005    0.572605525608E-006
    0.261020000000E+005    0.579963634890E-006
    0.261520000000E+005    0.587395309404E-006
    0.262020000000E+005    0.594901056282E-006
    0.262520000000E+005    0.602481384283E-006
    0.263020000000E+005    0.610136803788E-006
    0.263520000000E+005    0.617867826794E-006
    0.264020000000E+005    0.625674966909E-006
    0.264520000000E+005    0.633558739350E-006
    0.265020000000E+005    0.641519660931E-006
    0.265520000000E+005    0.649558250067E-006
    0.266020000000E+005    0.657675026759E-006
    0.266520000000E+005    0.665870512595E-006
    0.267020000000E+005    0.674145230744E-006
    0.267520000000E+005    0.682499705948E-006
    0.268020000000E+005    0.690934464519E-006
    0.268520000000E+005    0.699450034332E-006
    0.269020000000E+005    0.708046944820E-006
    0.269520000000E+005    0.716725726971E-006
    0.270020000000E+005    0.725486913318E-006
    0.270520000000E+005    0.734331037935E-006
    0.271020000000E+005    0.743258636436E-006
    0.271520000000E+005    0.752270245961E-006
    0.272020000000E+005    0.761366405178E-006
    0.272520000000E+005    0.770547654273E-006
    0.273020000000E+005    0.779814534947E-006
    0.273520000000E+005    0.789167590407E-006
    0.274020000000E+005    0.798607365364E-006
    0.274520000000E+005    0.808134406025E-006
    0.275020000000E+005    0.817749260087E-006
    0.275520000000E+005    0.827452476732E-006
    0.276020000000E+005    0.837244606624E-006
    0.276520000000E+005    0.847126201896E-006
    0.277020000000E+005    0.857097816152E-006
    0.277520000000E+005    0.867160004456E-006
    0.278020000000E+005    0.877313323328E-006
    0.278520000000E+005    0.887558330738E-006
    0.279020000000E+005    0.897895586101E-006
    0.279520000000E+005    0.908325650267E-006
    0.280020000000E+005    0.918849085521E-006
    0.280520000000E+005    0.929466455573E-006
    0.281020000000E+005    0.940178325552E-006
    0.281520000000E+005    0.950985262003E-006
    0.282020000000E+005    0.961887832877E-006
    0.282520000000E+005    0.972886607527E-006
    0.283020000000E+005    0.983982156703E-006
    0.283520000000E+005    0.995175052544E-006
    0.284020000000E+005    0.100646586857E-005
    0.284520000000E+005    0.101785517969E-005
    0.285020000000E+005    0.102934356216E-005
    0.285520000000E+005    0.104093159363E-005
    0.286020000000E+005    0.105261985308E-005
    0.286520000000E+005    0.106440892087E-005
    0.287020000000E+005    0.107629937870E-005
    0.287520000000E+005    0.108829180958E-005
    0.288020000000E+005    0.110038679790E-005
    0.288520000000E+005    0.111258492934E-005
    0.289020000000E+005    0.112488679093E-005
    0.289520000000E+005    0.113729297099E-005
    0.290020000000E+005    0.114980405917E-005
    0.290520000000E+005    0.116242064641E-005
    0.291020000000E+005    0.117514332494E-005
    0.291520000000E+005    0.118797268830E-005
    0.292020000000E+005    0.120090933130E-005
    0.292520000000E+005    0.121395385002E-005
    0.293020000000E+005    0.122710684183E-005
    0.293520000000E+005    0.124036890534E-005
    0.294020000000E+005    0.125374064044E-005
    0.294520000000E+005    0.126722264827E-005
    0.295020000000E+005    0.128081553119E-005
    0.295520000000E+005    0.129451989282E-005
    0.296020000000E+005    0.130833633801E-005
    0.296520000000E+005    0.132226547282E-005
    0.297020000000E+005    0.133630790456E-005
    0.297520000000E+005    0.135046424172E-005
    0.298020000000E+005    0.136473509401E-005
    0.298520000000E+005    0.137912107234E-005
    0.299020000000E+005    0.139362278881E-005
    0.299520000000E+005    0.140824085671E-005
    0.300020000000E+005    0.142297589050E-005
    0.300520000000E+005    0.143782850582E-005
    0.301020000000E+005    0.145279931947E-005
    0.301520000000E+005    0.146788894943E-005
    0.302020000000E+005    0.148309801481E-005
    0.302520000000E+005    0.149842713587E-005
    0.303020000000E+005    0.151387693403E-005
    0.303520000000E+005    0.152944803181E-005
    0.304020000000E+005    0.154514105289E-005
    0.304520000000E+005    0.156095662205E-005
    0.305020000000E+005    0.157689536519E-005
    0.305520000000E+005    0.159295790931E-005
    0.306020000000E+005    0.160914488252E-005
    0.306520000000E+005    0.162545691402E-005
    0.307020000000E+005    0.164189463410E-005
    0.307520000000E+005    0.165845867411E-005
    0.308020000000E+005    0.167514966651E-005
    0.308520000000E+005    0.169196824480E-005
    0.309020000000E+005    0.170891504353E-005
    0.309520000000E+005    0.172599069834E-005
    0.310020000000E+005    0.174319584589E-005
    0.310520000000E+005    0.176053112389E-005
    0.311020000000E+005    0.177799717107E-005
    0.311520000000E+005    0.179559462720E-005
    0.312020000000E+005    0.181332413306E-005
    0.312520000000E+005    0.183118633047E-005
    0.313020000000E+005    0.184918186221E-005
    0.313520000000E+005    0.186731137209E-005
    0.314020000000E+005    0.188557550492E-005
    0.314520000000E+005    0.190397490647E-005
    0.315020000000E+005    0.192251022350E-005
    0.315520000000E+005    0.194118210376E-005
    0.316020000000E+005    0.195999119595E-005
    0.316520000000E+005    0.197893814971E-005
    0.317020000000E+005    0.199802361568E-005
    0.317520000000E+005    0.201724824539E-005
    0.318020000000E+005    0.203661269136E-005
    0.318520000000E+005    0.205611760700E-005
    0.319020000000E+005    0.207576364668E-005
    0.319520000000E+005    0.209555146566E-005
    0.320020000000E+005    0.211548172013E-005
    0.320520000000E+005    0.213555506718E-005
    0.321020000000E+005    0.215577216479E-005
    0.321520000000E+005    0.217613367185E-005
    0.322020000000E+005    0.219664024811E-005
    0.322520000000E+005    0.221729255422E-005
    0.323020000000E+005    0.223809125169E-005
    0.323520000000E+005    0.225903700289E-005
    0.324020000000E+005    0.228013047107E-005
    0.324520000000E+005    0.230137232029E-005
    0.325020000000E+005    0.232276321550E-005
    0.325520000000E+005    0.234430382246E-005
    0.326020000000E+005    0.236599480776E-005
    0.326520000000E+005    0.238783683882E-005
    0.327020000000E+005    0.240983058388E-005
    0.327520000000E+005    0.243197671199E-005
    0.328020000000E+005    0.245427589300E-005
    0.328520000000E+005    0.247672879755E-005
    0.329020000000E+005    0.249933609708E-005
    0.329520000000E+005    0.252209846381E-005
    0.330020000000E+005    0.254501657074E-005
    0.330520000000E+005    0.256809109162E-005
    0.331020000000E+005    0.259132270100E-005
    0.331520000000E+005    0.261471207415E-005
    0.332020000000E+005    0.263825988711E-005
    0.332520000000E+005    0.266196681666E-005
    0.333020000000E+005    0.268583354030E-005
    0.333520000000E+005    0.270986073628E-005
    0.334020000000E+005    0.273404908355E-005
    0.334520000000E+005    0.275839926181E-005
    0.335020000000E+005    0.278291195144E-005
    0.335520000000E+005    0.280758783353E-005
    0.336020000000E+005    0.283242758986E-005
    0.336520000000E+005    0.285743190291E-005
    0.337020000000E+005    0.288260145584E-005
    0.337520000000E+005    0.290793693247E-005
    0.338020000000E+005    0.293343901731E-005
    0.338520000000E+005    0.295910839553E-005
    0.339020000000E+005    0.298494575293E-005
    0.339520000000E+005    0.301095177599E-005
    0.340020000000E+005    0.303712715181E-005
    0.340520000000E+005    0.306347256813E-005
    0.341020000000E+005    0.308998871334E-005
    0.341520000000E+005    0.311667627642E-005
    0.342020000000E+005    0.314353594697E-005
    0.342520000000E+005    0.317056841523E-005
    0.343020000000E+005    0.319777437201E-005
    0.343520000000E+005    0.322515450871E-005
    0.344020000000E+005    0.325270951736E-005
    0.344520000000E+005    0.328044009053E-005
    0.345020000000E+005    0.330834692137E-005
    0.345520000000E+005    0.333643070364E-005
    0.346020000000E+005    0.336469213160E-005
    0.346520000000E+005    0.339313190012E-005
    0.347020000000E+005    0.342175070458E-005
    0.347520000000E+005    0.345054924093E-005
    0.348020000000E+005    0.347952820564E-005
    0.348520000000E+005    0.350868829571E-005
    0.349020000000E+005    0.353803020867E-005
    0.349520000000E+005    0.356755464257E-005
    0.350020000000E+005    0.359726229595E-005
    0.350520000000E+005    0.362715386786E-005
    0.351020000000E+005    0.365723005787E-005
    0.351520000000E+005    0.368749156601E-005
    0.352020000000E+005    0.371793909281E-005
    0.352520000000E+005    0.374857333926E-005
    0.353020000000E+005    0.377939500684E-005
    0.353520000000E+005    0.381040479749E-005
    0.354020000000E+005    0.384160341360E-005
    0.354520000000E+005    0.387299155801E-005
    0.355020000000E+005    0.390456993401E-005
    0.355520000000E+005    0.393633924533E-005
    0.356020000000E+005    0.396830019613E-005
    0.356520000000E+005    0.400045349099E-005
    0.357020000000E+005    0.403279983490E-005
    0.357520000000E+005    0.406533993330E-005
    0.358020000000E+005    0.409807449199E-005
    0.358520000000E+005    0.413100421720E-005
    0.359020000000E+005    0.416412981554E-005
    0.359520000000E+005    0.419745199400E-005
    0.360020000000E+005    0.423097145998E-005
    0.360520000000E+005    0.426468892121E-005
    0.361020000000E+005    0.429860508583E-005
    0.361520000000E+005    0.433272066231E-005
    0.362020000000E+005    0.436703635949E-005
    0.362520000000E+005    0.440155288656E-005
    0.363020000000E+005    0.443627095305E-005
    0.363520000000E+005    0.447119126881E-005
    0.364020000000E+005    0.450631454405E-005
    0.364520000000E+005    0.454164148928E-005
    0.365020000000E+005    0.457717281533E-005
    0.365520000000E+005    0.461290923335E-005
    0.366020000000E+005    0.464885145478E-005
    0.366520000000E+005    0.468500019138E-005
    0.367020000000E+005    0.472135615519E-005
    0.367520000000E+005    0.475792005853E-005
    0.368020000000E+005    0.479469261400E-005
    0.368520000000E+005    0.483167453449E-005
    0.369020000000E+005    0.486886653314E-005
    0.369520000000E+005    0.490626932335E-005
    0.370020000000E+005    0.494388361879E-005
    0.370520000000E+005    0.498171013338E-005
    0.371020000000E+005    0.501974958126E-005
    0.371520000000E+005    0.505800267682E-005
    0.372020000000E+005    0.509647013468E-005
    0.372520000000E+005    0.513515266969E-005
    0.373020000000E+005    0.517405099692E-005
    0.373520000000E+005    0.521316583163E-005
    0.374020000000E+005    0.525249788930E-005
    0.374520000000E+005    0.529204788563E-005
    0.375020000000E+005    0.533181653647E-005
    0.375520000000E+005    0.537180455790E-005
    0.376020000000E+005    0.541201266617E-005
    0.376520000000E+005    0.545244157768E-005
    0.377020000000E+005    0.549309200903E-005
    0.377520000000E+005    0.553396467697E-005
    0.378020000000E+005    0.557506029843E-005
    0.378520000000E+005    0.561637959045E-005
    0.379020000000E+005    0.565792327026E-005
    0.379520000000E+005    0.569969205519E-005
    0.380020000000E+005    0.574168666274E-005
    0.380520000000E+005    0.578390781052E-005
    0.381020000000E+005    0.582635621627E-005
    0.381520000000E+005    0.586903259782E-005
    0.382020000000E+005    0.591193767316E-005
    0.382520000000E+005    0.595507216033E-005
    0.383020000000E+005    0.599843677752E-005
    0.383520000000E+005    0.604203224297E-005
    0.384020000000E+005    0.608585927503E-005
    0.384520000000E+005    0.612991859213E-005
    0.385020000000E+005    0.617421091278E-005
    0.385520000000E+005    0.621873695554E-005
    0.386020000000E+005    0.626349743906E-005
    0.386520000000E+005    0.630849308202E-005
    0.387020000000E+005    0.635372460318E-005
    0.387520000000E+005    0.639919272133E-005
    0.388020000000E+005    0.644489815530E-005
    0.388520000000E+005    0.649084162398E-005
    0.389020000000E+005    0.653702384625E-005
    0.389520000000E+005    0.658344554104E-005
    0.390020000000E+005    0.663010742731E-005
    0.390520000000E+005    0.667701022399E-005
    0.391020000000E+005    0.672415465007E-005
    0.391520000000E+005    0.677154142450E-005
    0.392020000000E+005    0.681917126624E-005
    0.392520000000E+005    0.686704489425E-005
    0.393020000000E+005    0.691516302747E-005
    0.393520000000E+005    0.696352638480E-005
    0.394020000000E+005    0.701213568514E-005
    0.394520000000E+005    0.706099164735E-005
    0.395020000000E+005    0.711009499024E-005
    0.395520000000E+005    0.715944643259E-005
    0.396020000000E+005    0.720904669314E-005
    0.396520000000E+005    0.725889649056E-005
    0.397020000000E+005    0.730899654346E-005
    0.397520000000E+005    0.735934757040E-005
    0.398020000000E+005    0.740995028985E-005
    0.398520000000E+005    0.746080542023E-005
    0.399020000000E+005    0.751191367985E-005
    0.399520000000E+005    0.756327578696E-005
    0.400020000000E+005    0.761489245971E-005
    0.400520000000E+005    0.766676441613E-005
    0.401020000000E+005    0.771889237419E-005
    0.401520000000E+005    0.777127705171E-005
    0.402020000000E+005    0.782391916643E-005
    0.402520000000E+005    0.787681943595E-005
    0.403020000000E+005    0.792997857776E-005
    0.403520000000E+005    0.798339730921E-005
    0.404020000000E+005    0.803707634753E-005
    0.404520000000E+005    0.809101640979E-005
    0.405020000000E+005    0.814521821294E-005
    0.405520000000E+005    0.819968247376E-005
    0.406020000000E+005    0.825440990888E-005
    0.406520000000E+005    0.830940123478E-005
    0.407020000000E+005    0.836465716775E-005
    0.407520000000E+005    0.842017842395E-005
    0.408020000000E+005    0.847596571933E-005
    0.408520000000E+005    0.853201976966E-005
    0.409020000000E+005    0.858834129055E-005
    0.409520000000E+005    0.864493099739E-005
    0.410020000000E+005    0.870178960539E-005
    0.410520000000E+005    0.875891782956E-005
    0.411020000000E+005    0.881631638470E-005
    0.411520000000E+005    0.887398598539E-005
    0.412020000000E+005    0.893192734600E-005
    0.412520000000E+005    0.899014118069E-005
    0.413020000000E+005    0.904862820339E-005
    0.413520000000E+005    0.910738912777E-005
    0.414020000000E+005    0.916642466731E-005
    0.414520000000E+005    0.922573553521E-005
    0.415020000000E+005    0.928532244445E-005
    0.415520000000E+005    0.934518610775E-005
    0.416020000000E+005    0.940532723756E-005
    0.416520000000E+005    0.946574654609E-005
    0.417020000000E+005    0.952644474528E-005
    0.417520000000E+005    0.958742254680E-005
    0.418020000000E+005    0.964868066202E-005
    0.418520000000E+005    0.971021980207E-005
    0.419020000000E+005    0.977204067778E-005
    0.419520000000E+005    0.983414399967E-005
    0.420020000000E+005    0.989653047798E-005
    0.420520000000E+005    0.995920082267E-005
    0.421020000000E+005    0.100221557434E-004
    0.421520000000E+005    0.100853959494E-004
    0.422020000000E+005    0.101489221498E-004
    0.422520000000E+005    0.102127350533E-004
    0.423020000000E+005    0.102768353681E-004
    0.423520000000E+005    0.103412238025E-004
    0.424020000000E+005    0.104059010641E-004
    0.424520000000E+005    0.104708678602E-004
    0.425020000000E+005    0.105361248979E-004
    0.425520000000E+005    0.106016728840E-004
    0.426020000000E+005    0.106675125247E-004
    0.426520000000E+005    0.107336445260E-004
    0.427020000000E+005    0.108000695936E-004
    0.427520000000E+005    0.108667884327E-004
    0.428020000000E+005    0.109338017482E-004
    0.428520000000E+005    0.110011102447E-004
    0.429020000000E+005    0.110687146262E-004
    0.429520000000E+005    0.111366155966E-004
    0.430020000000E+005    0.112048138592E-004
    0.430520000000E+005    0.112733101170E-004
    0.431020000000E+005    0.113421050726E-004
    0.431520000000E+005    0.114111994281E-004
    0.432020000000E+005    0.114805938854E-004
    0.432520000000E+005    0.115502891458E-004
    0.433020000000E+005    0.116202859104E-004
    0.433520000000E+005    0.116905848795E-004
    0.434020000000E+005    0.117611867534E-004
    0.434520000000E+005    0.118320922318E-004
    0.435020000000E+005    0.119033020138E-004
    0.435520000000E+005    0.119748167984E-004
    0.436020000000E+005    0.120466372839E-004
    0.436520000000E+005    0.121187641684E-004
    0.437020000000E+005    0.121911981492E-004
    0.437520000000E+005    0.122639399234E-004
    0.438020000000E+005    0.123369901876E-004
    0.438520000000E+005    0.124103496380E-004
    0.439020000000E+005    0.124840189702E-004
    0.439520000000E+005    0.125579988795E-004
    0.440020000000E+005    0.126322900605E-004
    0.440520000000E+005    0.127068932074E-004
    0.441020000000E+005    0.127818090142E-004
    0.441520000000E+005    0.128570381740E-004
    0.442020000000E+005    0.129325813796E-004
    0.442520000000E+005    0.130084393233E-004
    0.443020000000E+005    0.130846126970E-004
    0.443520000000E+005    0.131611021920E-004
    0.444020000000E+005    0.132379084990E-004
    0.444520000000E+005    0.133150323083E-004
    0.445020000000E+005    0.133924743097E-004
    0.445520000000E+005    0.134702351925E-004
    0.446020000000E+005    0.135483156453E-004
    0.446520000000E+005    0.136267163565E-004
    0.447020000000E+005    0.137054380136E-004
    0.447520000000E+005    0.137844813039E-004
    0.448020000000E+005    0.138638469139E-004
    0.448520000000E+005    0.139435355297E-004
    0.449020000000E+005    0.140235478368E-004
    0.449520000000E+005    0.141038845202E-004
    0.450020000000E+005    0.141845462644E-004
    0.450520000000E+005    0.142655337531E-004
    0.451020000000E+005    0.143468476698E-004
    0.451520000000E+005    0.144284886970E-004
    0.452020000000E+005    0.145104575171E-004
    0.452520000000E+005    0.145927548116E-004
    0.453020000000E+005    0.146753812615E-004
    0.453520000000E+005    0.147583375473E-004
    0.454020000000E+005    0.148416243489E-004
    0.454520000000E+005    0.149252423454E-004
    0.455020000000E+005    0.150091922157E-004
    0.455520000000E+005    0.150934746378E-004
    0.456020000000E+005    0.151780902892E-004
    0.456520000000E+005    0.152630398467E-004
    0.457020000000E+005    0.153483239868E-004
    0.457520000000E+005    0.154339433850E-004
    0.458020000000E+005    0.155198987165E-004
    0.458520000000E+005    0.156061906556E-004
    0.459020000000E+005    0.156928198762E-004
    0.459520000000E+005    0.157797870516E-004
    0.460020000000E+005    0.158670928543E-004
    0.460520000000E+005    0.159547379563E-004
    0.461020000000E+005    0.160427230288E-004
    0.461520000000E+005    0.161310487427E-004
    0.462020000000E+005    0.162197157678E-004
    0.462520000000E+005    0.163087247736E-004
    0.463020000000E+005    0.163980764290E-004
    0.463520000000E+005    0.164877714019E-004
    0.464020000000E+005    0.165778103598E-004
    0.464520000000E+005    0.166681939695E-004
    0.465020000000E+005    0.167589228971E-004
    0.465520000000E+005    0.168499978082E-004
    0.466020000000E+005    0.169414193674E-004
    0.466520000000E+005    0.170331882389E-004
    0.467020000000E+005    0.171253050863E-004
    0.467520000000E+005    0.172177705721E-004
    0.468020000000E+005    0.173105853586E-004
    0.468520000000E+005    0.174037501072E-004
    0.469020000000E+005    0.174972654785E-004
    0.469520000000E+005    0.175911321326E-004
    0.470020000000E+005    0.176853507288E-004
    0.470520000000E+005    0.177799219257E-004
    0.471020000000E+005    0.178748463814E-004
    0.471520000000E+005    0.179701247530E-004
    0.472020000000E+005    0.180657576971E-004
    0.472520000000E+005    0.181617458694E-004
    0.473020000000E+005    0.182580899251E-004
    0.473520000000E+005    0.183547905185E-004
    0.474020000000E+005    0.184518483034E-004
    0.474520000000E+005    0.185492639326E-004
    0.475020000000E+005    0.186470380585E-004
    0.475520000000E+005    0.187451713324E-004
    0.476020000000E+005    0.188436644051E-004
    0.476520000000E+005    0.189425179267E-004
    0.477020000000E+005    0.190417325464E-004
    0.477520000000E+005    0.191413089127E-004
    0.478020000000E+005    0.192412476736E-004
    0.478520000000E+005    0.193415494760E-004
    0.479020000000E+005    0.194422149661E-004
    0.479520000000E+005    0.195432447897E-004
    0.480020000000E+005    0.196446395914E-004
    0.480520000000E+005    0.197464000153E-004
    0.481020000000E+005    0.198485267047E-004
    0.481520000000E+005    0.199510203020E-004
    0.482020000000E+005    0.200538814491E-004
    0.482520000000E+005    0.201571107868E-004
    0.483020000000E+005    0.202607089554E-004
    0.483520000000E+005    0.203646765943E-004
    0.484020000000E+005    0.204690143420E-004
    0.484520000000E+005    0.205737228366E-004
    0.485020000000E+005    0.206788027150E-004
    0.485520000000E+005    0.207842546135E-004
    0.486020000000E+005    0.208900791677E-004
    0.486520000000E+005    0.209962770122E-004
    0.487020000000E+005    0.211028487808E-004
    0.487520000000E+005    0.212097951069E-004
    0.488020000000E+005    0.213171166225E-004
    0.488520000000E+005    0.214248139593E-004
    0.489020000000E+005    0.215328877479E-004
    0.489520000000E+005    0.216413386182E-004
    0.490020000000E+005    0.217501671993E-004
    0.490520000000E+005    0.218593741194E-004
    0.491020000000E+005    0.219689600060E-004
    0.491520000000E+005    0.220789254856E-004
    0.492020000000E+005    0.221892711841E-004
    0.492520000000E+005    0.222999977265E-004
    0.493020000000E+005    0.224111057369E-004
    0.493520000000E+005    0.225225958385E-004
    0.494020000000E+005    0.226344686540E-004
    0.494520000000E+005    0.227467248048E-004
    0.495020000000E+005    0.228593649119E-004
    0.495520000000E+005    0.229723895951E-004
    0.496020000000E+005    0.230857994736E-004
    0.496520000000E+005    0.231995951657E-004
    0.497020000000E+005    0.233137772888E-004
    0.497520000000E+005    0.234283464595E-004
    0.498020000000E+005    0.235433032934E-004
    0.498520000000E+005    0.236586484056E-004
    0.499020000000E+005    0.237743824098E-004
    0.499520000000E+005    0.238905059194E-004
    0.500020000000E+005    0.240070195465E-004
    0.500520000000E+005    0.241239239027E-004
    0.501020000000E+005    0.242412195984E-004
    0.501520000000E+005    0.243589072434E-004
    0.502020000000E+005    0.244769874464E-004
    0.502520000000E+005    0.245954608154E-004
    0.503020000000E+005    0.247143279574E-004
    0.503520000000E+005    0.248335894786E-004
    0.504020000000E+005    0.249532459843E-004
    0.504520000000E+005    0.250732980789E-004
    0.505020000000E+005    0.251937463659E-004
    0.505520000000E+005    0.253145914481E-004
    0.506020000000E+005    0.254358339270E-004
    0.506520000000E+005    0.255574744036E-004
    0.507020000000E+005    0.256795134778E-004
    0.507520000000E+005    0.258019517487E-004
    0.508020000000E+005    0.259247898144E-004
    0.508520000000E+005    0.260480282722E-004
    0.509020000000E+005    0.261716677185E-004
    0.509520000000E+005    0.262957087487E-004
    0.510020000000E+005    0.264201519573E-004
    0.510520000000E+005    0.265449979379E-004
    0.511020000000E+005    0.266702472834E-004
    0.511520000000E+005    0.267959005854E-004
    0.512020000000E+005    0.269219584348E-004
    0.512520000000E+005    0.270484214217E-004
    0.513020000000E+005    0.271752901351E-004
    0.513520000000E+005    0.273025651630E-004
    0.514020000000E+005    0.274302470928E-004
    0.514520000000E+005    0.275583365105E-004
    0.515020000000E+005    0.276868340017E-004
    0.515520000000E+005    0.278157401507E-004
    0.516020000000E+005    0.279450555409E-004
    0.516520000000E+005    0.280747807550E-004
    0.517020000000E+005    0.282049163744E-004
    0.517520000000E+005    0.283354629800E-004
    0.518020000000E+005    0.284664211514E-004
    0.518520000000E+005    0.285977914673E-004
    0.519020000000E+005    0.287295745057E-004
    0.519520000000E+005    0.288617708433E-004
    0.520020000000E+005    0.289943810563E-004
    0.520520000000E+005    0.291274057194E-004
    0.521020000000E+005    0.292608454068E-004
    0.521520000000E+005    0.293947006916E-004
    0.522020000000E+005    0.295289721459E-004
    0.522520000000E+005    0.296636603408E-004
    0.523020000000E+005    0.297987658466E-004
    0.523520000000E+005    0.299342892324E-004
    0.524020000000E+005    0.300702310667E-004
    0.524520000000E+005    0.302065919167E-004
    0.525020000000E+005    0.303433723487E-004
    0.525520000000E+005    0.304805729282E-004
    0.526020000000E+005    0.306181942195E-004
    0.526520000000E+005    0.307562367861E-004
    0.527020000000E+005    0.308947011905E-004
    0.527520000000E+005    0.310335879941E-004
    0.528020000000E+005    0.311728977575E-004
    0.528520000000E+005    0.313126310402E-004
    0.529020000000E+005    0.314527884007E-004
    0.529520000000E+005    0.315933703967E-004
    0.530020000000E+005    0.317343775846E-004
    0.530520000000E+005    0.318758105202E-004
    0.531020000000E+005    0.320176697580E-004
    0.531520000000E+005    0.321599558516E-004
    0.532020000000E+005    0.323026693537E-004
    0.532520000000E+005    0.324458108159E-004
    0.533020000000E+005    0.325893807889E-004
    0.533520000000E+005    0.327333798223E-004
    0.534020000000E+005    0.328778084647E-004
    0.534520000000E+005    0.330226672639E-004
    0.535020000000E+005    0.331679567665E-004
    0.535520000000E+005    0.333136775182E-004
    0.536020000000E+005    0.334598300635E-004
    0.536520000000E+005    0.336064149461E-004
    0.537020000000E+005    0.337534327088E-004
    0.537520000000E+005    0.339008838930E-004
    0.538020000000E+005    0.340487690395E-004
    0.538520000000E+005    0.341970886879E-004
    0.539020000000E+005    0.343458433767E-004
    0.539520000000E+005    0.344950336435E-004
    0.540020000000E+005    0.346446600249E-004
    0.540520000000E+005    0.347947230566E-004
    0.541020000000E+005    0.349452232729E-004
    0.541520000000E+005    0.350961612074E-004
    0.542020000000E+005    0.352475373927E-004
    0.542520000000E+005    0.353993523602E-004
    0.543020000000E+005    0.355516066404E-004
    0.543520000000E+005    0.357043007626E-004
    0.544020000000E+005    0.358574352553E-004
    0.544520000000E+005    0.360110106459E-004
    0.545020000000E+005    0.361650274608E-004
    0.545520000000E+005    0.363194862251E-004
    0.546020000000E+005    0.364743874633E-004
    0.546520000000E+005    0.366297316985E-004
    0.547020000000E+005    0.367855194530E-004
    0.547520000000E+005    0.369417512480E-004
    0.548020000000E+005    0.370984276036E-004
    0.548520000000E+005    0.372555490390E-004
    0.549020000000E+005    0.374131160721E-004
    0.549520000000E+005    0.375711292201E-004
    0.550020000000E+005    0.377295889989E-004
    0.550520000000E+005    0.378884959235E-004
    0.551020000000E+005    0.380478505077E-004
    0.551520000000E+005    0.382076532645E-004
    0.552020000000E+005    0.383679047056E-004
    0.552520000000E+005    0.385286053418E-004
    0.553020000000E+005    0.386897556829E-004
    0.553520000000E+005    0.388513562374E-004
    0.554020000000E+005    0.390134075131E-004
    0.554520000000E+005    0.391759100164E-004
    0.555020000000E+005    0.393388642529E-004
    0.555520000000E+005    0.395022707270E-004
    0.556020000000E+005    0.396661299421E-004
    0.556520000000E+005    0.398304424007E-004
    0.557020000000E+005    0.399952086039E-004
    0.557520000000E+005    0.401604290520E-004
    0.558020000000E+005    0.403261042442E-004
    0.558520000000E+005    0.404922346785E-004
    0.559020000000E+005    0.406588208521E-004
    0.559520000000E+005    0.408258632609E-004
    0.560020000000E+005    0.409933623998E-004
    0.560520000000E+005    0.411613187626E-004
    0.561020000000E+005    0.413297328423E-004
    0.561520000000E+005    0.414986051304E-004
    0.562020000000E+005    0.416679361177E-004
    0.562520000000E+005    0.418377262938E-004
    0.563020000000E+005    0.420079761471E-004
    0.563520000000E+005    0.421786861651E-004
    0.564020000000E+005    0.423498568342E-004
    0.564520000000E+005    0.425214886396E-004
    0.565020000000E+005    0.426935820657E-004
    0.565520000000E+005    0.428661375955E-004
    0.566020000000E+005    0.430391557112E-004
    0.566520000000E+005    0.432126368937E-004
    0.567020000000E+005    0.433865816231E-004
    0.567520000000E+005    0.435609903780E-004
    0.568020000000E+005    0.437358636363E-004
    0.568520000000E+005    0.439112018747E-004
    0.569020000000E+005    0.440870055689E-004
    0.569520000000E+005    0.442632751932E-004
    0.570020000000E+005    0.444400112212E-004
    0.570520000000E+005    0.446172141253E-004
    0.571020000000E+005    0.447948843766E-004
    0.571520000000E+005    0.449730224455E-004
    0.572020000000E+005    0.451516288010E-004
    0.572520000000E+005    0.453307039111E-004
    0.573020000000E+005    0.455102482429E-004
    0.573520000000E+005    0.456902622620E-004
    0.574020000000E+005    0.458707464334E-004
    0.574520000000E+005    0.460517012206E-004
    0.575020000000E+005    0.462331270863E-004
    0.575520000000E+005    0.464150244919E-004
    0.576020000000E+005    0.465973938978E-004
    0.576520000000E+005    0.467802357634E-004
    0.577020000000E+005    0.469635505468E-004
    0.577520000000E+005    0.471473387053E-004
    0.578020000000E+005    0.473316006947E-004
    0.578520000000E+005    0.475163369701E-004
    0.579020000000E+005    0.477015479852E-004
    0.579520000000E+005    0.478872341929E-004
    0.580020000000E+005    0.480733960447E-004
    0.580520000000E+005    0.482600339913E-004
    0.581020000000E+005    0.484471484819E-004
    0.581520000000E+005    0.486347399651E-004
    0.582020000000E+005    0.488228088881E-004
    0.582520000000E+005    0.490113556969E-004
    0.583020000000E+005    0.492003808367E-004
    0.583520000000E+005    0.493898847514E-004
    0.584020000000E+005    0.495798678839E-004
    0.584520000000E+005    0.497703306758E-004
    0.585020000000E+005    0.499612735679E-004
    0.585520000000E+005    0.501526969996E-004
    0.586020000000E+005    0.503446014094E-004
    0.586520000000E+005    0.505369872346E-004
    0.587020000000E+005    0.507298549115E-004
    0.587520000000E+005    0.509232048752E-004
    0.588020000000E+005    0.511170375597E-004
    0.588520000000E+005    0.513113533978E-004
    0.589020000000E+005    0.515061528214E-004
    0.589520000000E+005    0.517014362612E-004
    0.590020000000E+005    0.518972041467E-004
    0.590520000000E+005    0.520934569065E-004
    0.591020000000E+005    0.522901949678E-004
    0.591520000000E+005    0.524874187570E-004
    0.592020000000E+005    0.526851286992E-004
    0.592520000000E+005    0.528833252184E-004
    0.593020000000E+005    0.530820087375E-004
    0.593520000000E+005    0.532811796784E-004
    0.594020000000E+005    0.534808384618E-004
    0.594520000000E+005    0.536809855072E-004
    0.595020000000E+005    0.538816212331E-004
    0.595520000000E+005    0.540827460568E-004
    0.596020000000E+005    0.542843603947E-004
    0.596520000000E+005    0.544864646619E-004
    0.597020000000E+005    0.546890592723E-004
    0.597520000000E+005    0.548921446390E-004
    0.598020000000E+005    0.550957211735E-004
    0.598520000000E+005    0.552997892868E-004
    0.599020000000E+005    0.555043493882E-004
    0.599520000000E+005    0.557094018863E-004
    0.600020000000E+005    0.559149471884E-004
    0.600520000000E+005    0.561209857007E-004
    0.601020000000E+005    0.563275178282E-004
    0.601520000000E+005    0.565345439750E-004
    0.602020000000E+005    0.567420645439E-004
    0.602520000000E+005    0.569500799367E-004
    0.603020000000E+005    0.571585905540E-004
    0.603520000000E+005    0.573675967952E-004
    0.604020000000E+005    0.575770990588E-004
    0.604520000000E+005    0.577870977420E-004
    0.605020000000E+005    0.579975932411E-004
    0.605520000000E+005    0.582085859509E-004
    0.606020000000E+005    0.584200762655E-004
    0.606520000000E+005    0.586320645775E-004
    0.607020000000E+005    0.588445512788E-004
    0.607520000000E+005    0.590575367597E-004
    0.608020000000E+005    0.592710214099E-004
    0.608520000000E+005    0.594850056174E-004
    0.609020000000E+005    0.596994897696E-004
    0.609520000000E+005    0.599144742525E-004
    0.610020000000E+005    0.601299594511E-004
    0.610520000000E+005    0.603459457491E-004
    0.611020000000E+005    0.605624335293E-004
    0.611520000000E+005    0.607794231732E-004
    0.612020000000E+005    0.609969150613E-004
    0.612520000000E+005    0.612149095730E-004
    0.613020000000E+005    0.614334070864E-004
    0.613520000000E+005    0.616524079786E-004
    0.614020000000E+005    0.618719126256E-004
    0.614520000000E+005    0.620919214022E-004
    0.615020000000E+005    0.623124346822E-004
    0.615520000000E+005    0.625334528382E-004
    0.616020000000E+005    0.627549762415E-004
    0.616520000000E+005    0.629770052626E-004
    0.617020000000E+005    0.631995402707E-004
    0.617520000000E+005    0.634225816339E-004
    0.618020000000E+005    0.636461297192E-004
    0.618520000000E+005    0.638701848924E-004
    0.619020000000E+005    0.640947475183E-004
    0.619520000000E+005    0.643198179605E-004
    0.620020000000E+005    0.645453965813E-004
    0.620520000000E+005    0.647714837424E-004
    0.621020000000E+005    0.649980798037E-004
    0.621520000000E+005    0.652251851245E-004
    0.622020000000E+005    0.654528000628E-004
    0.622520000000E+005    0.656809249754E-004
    0.623020000000E+005    0.659095602181E-004
    0.623520000000E+005    0.661387061454E-004
    0.624020000000E+005    0.663683631109E-004
    0.624520000000E+005    0.665985314669E-004
    0.625020000000E+005    0.668292115647E-004
    0.625520000000E+005    0.670604037544E-004
    0.626020000000E+005    0.672921083850E-004
    0.626520000000E+005    0.675243258043E-004
    0.627020000000E+005    0.677570563592E-004
    0.627520000000E+005    0.679903003952E-004
    0.628020000000E+005    0.682240582569E-004
    0.628520000000E+005    0.684583302875E-004
    0.629020000000E+005    0.686931168295E-004
    0.629520000000E+005    0.689284182238E-004
    0.630020000000E+005    0.691642348106E-004
    0.630520000000E+005    0.694005669287E-004
    0.631020000000E+005    0.696374149158E-004
    0.631520000000E+005    0.698747791085E-004
    0.632020000000E+005    0.701126598425E-004
    0.632520000000E+005    0.703510574521E-004
    0.633020000000E+005    0.705899722705E-004
    0.633520000000E+005    0.708294046300E-004
    0.634020000000E+005    0.710693548614E-004
    0.634520000000E+005    0.713098232948E-004
    0.635020000000E+005    0.715508102588E-004
    0.635520000000E+005    0.717923160812E-004
    0.636020000000E+005    0.720343410885E-004
    0.636520000000E+005    0.722768856061E-004
    0.637020000000E+005    0.725199499582E-004
    0.637520000000E+005    0.727635344681E-004
    0.638020000000E+005    0.730076394578E-004
    0.638520000000E+005    0.732522652481E-004
    0.639020000000E+005    0.734974121590E-004
    0.639520000000E+005    0.737430805090E-004
    0.640020000000E+005    0.739892706158E-004
    0.640520000000E+005    0.742359827958E-004
    0.641020000000E+005    0.744832173643E-004
    0.641520000000E+005    0.747309746354E-004
    0.642020000000E+005    0.749792549223E-004
    0.642520000000E+005    0.752280585369E-004
    0.643020000000E+005    0.754773857901E-004
    0.643520000000E+005    0.757272369916E-004
    0.644020000000E+005    0.759776124499E-004
    0.644520000000E+005    0.762285124726E-004
    0.645020000000E+005    0.764799373660E-004
    0.645520000000E+005    0.767318874354E-004
    0.646020000000E+005    0.769843629848E-004
    0.646520000000E+005    0.772373643173E-004
    0.647020000000E+005    0.774908917347E-004
    0.647520000000E+005    0.777449455379E-004
    0.648020000000E+005    0.779995260265E-004
    0.648520000000E+005    0.782546334990E-004
    0.649020000000E+005    0.785102682528E-004
    0.649520000000E+005    0.787664305843E-004
    0.650020000000E+005    0.790231207886E-004
    0.650520000000E+005    0.792803391598E-004
    0.651020000000E+005    0.795380859908E-004
    0.651520000000E+005    0.797963615735E-004
    0.652020000000E+005    0.800551661987E-004
    0.652520000000E+005    0.803145001558E-004
    0.653020000000E+005    0.805743637334E-004
    0.653520000000E+005    0.808347572190E-004
    0.654020000000E+005    0.810956808987E-004
    0.654520000000E+005    0.813571350577E-004
    0.655020000000E+005    0.816191199800E-004
    0.655520000000E+005    0.818816359486E-004
    0.656020000000E+005    0.821446832453E-004
    0.656520000000E+005    0.824082621508E-004
    0.657020000000E+005    0.826723729447E-004
    0.657520000000E+005    0.829370159055E-004
    0.658020000000E+005    0.832021913105E-004
    0.658520000000E+005    0.834678994359E-004
    0.659020000000E+005    0.837341405571E-004
    0.659520000000E+005    0.840009149478E-004
    0.660020000000E+005    0.842682228812E-004
    0.660520000000E+005    0.845360646291E-004
    0.661020000000E+005    0.848044404620E-004
    0.661520000000E+005    0.850733506497E-004
    0.662020000000E+005    0.853427954607E-004
    0.662520000000E+005    0.856127751622E-004
    0.663020000000E+005    0.858832900207E-004
    0.663520000000E+005    0.861543403012E-004
    0.664020000000E+005    0.864259262679E-004
    0.664520000000E+005    0.866980481837E-004
    0.665020000000E+005    0.869707063105E-004
    0.665520000000E+005    0.872439009090E-004
    0.666020000000E+005    0.875176322388E-004
    0.666520000000E+005    0.877919005585E-004
    0.667020000000E+005    0.880667061256E-004
    0.667520000000E+005    0.883420491964E-004
    0.668020000000E+005    0.886179300261E-004
    0.668520000000E+005    0.888943488689E-004
    0.669020000000E+005    0.891713059777E-004
    0.669520000000E+005    0.894488016045E-004
    0.670020000000E+005    0.897268360002E-004
    0.670520000000E+005    0.900054094145E-004
    0.671020000000E+005    0.902845220959E-004
    0.671520000000E+005    0.905641742921E-004
    0.672020000000E+005    0.908443662494E-004
    0.672520000000E+005    0.911250982132E-004
    0.673020000000E+005    0.914063704277E-004
    0.673520000000E+005    0.916881831361E-004
    0.674020000000E+005    0.919705365803E-004
    0.674520000000E+005    0.922534310014E-004
    0.675020000000E+005    0.925368666392E-004
    0.675520000000E+005    0.928208437324E-004
    0.676020000000E+005    0.931053625187E-004
    0.676520000000E+005    0.933904232347E-004
    0.677020000000E+005    0.936760261158E-004
    0.677520000000E+005    0.939621713964E-004
    0.678020000000E+005    0.942488593097E-004
    0.678520000000E+005    0.945360900881E-004
    0.679020000000E+005    0.948238639625E-004
    0.679520000000E+005    0.951121811630E-004
    0.680020000000E+005    0.954010419184E-004
    0.680520000000E+005    0.956904464568E-004
    0.681020000000E+005    0.959803950046E-004
    0.681520000000E+005    0.962708877877E-004
    0.682020000000E+005    0.965619250306E-004
    0.682520000000E+005    0.968535069567E-004
    0.683020000000E+005    0.971456337885E-004
    0.683520000000E+005    0.974383057471E-004
    0.684020000000E+005    0.977315230530E-004
    0.684520000000E+005    0.980252859251E-004
    0.685020000000E+005    0.983195945815E-004
    0.685520000000E+005    0.986144492392E-004
    0.686020000000E+005    0.989098501141E-004
    0.686520000000E+005    0.992057974210E-004
    0.687020000000E+005    0.995022913735E-004
    0.687520000000E+005    0.997993321842E-004
    0.688020000000E+005    0.100096920065E-003
    0.688520000000E+005    0.100395055226E-003
    0.689020000000E+005    0.100693737876E-003
    0.689520000000E+005    0.100992968225E-003
    0.690020000000E+005    0.101292746479E-003
    0.690520000000E+005    0.101593072844E-003
    0.691020000000E+005    0.101893947526E-003
    0.691520000000E+005    0.102195370728E-003
    0.692020000000E+005    0.102497342654E-003
    0.692520000000E+005    0.102799863504E-003
    0.693020000000E+005    0.103102933481E-003
    0.693520000000E+005    0.103406552784E-003
    0.694020000000E+005    0.103710721610E-003
    0.694520000000E+005    0.104015440159E-003
    0.695020000000E+005    0.104320708626E-003
    0.695520000000E+005    0.104626527207E-003
    0.696020000000E+005    0.104932896096E-003
    0.696520000000E+005    0.105239815486E-003
    0.697020000000E+005    0.105547285569E-003
    0.697520000000E+005    0.105855306538E-003
    0.698020000000E+005    0.106163878581E-003
    0.698520000000E+005    0.106473001888E-003
    0.699020000000E+005    0.106782676646E-003
    0.699520000000E+005    0.107092903043E-003
    0.700020000000E+005    0.107403681265E-003
    0.700520000000E+005    0.107715011495E-003
    0.701020000000E+005    0.108026893918E-003
    0.701520000000E+005    0.108339328716E-003
    0.702020000000E+005    0.108652316071E-003
    0.702520000000E+005    0.108965856164E-003
    0.703020000000E+005    0.109279949173E-003
    0.703520000000E+005    0.109594595277E-003
    0.704020000000E+005    0.109909794654E-003
    0.704520000000E+005    0.110225547479E-003
    0.705020000000E+005    0.110541853928E-003
    0.705520000000E+005    0.110858714175E-003
    0.706020000000E+005    0.111176128393E-003
    0.706520000000E+005    0.111494096753E-003
    0.707020000000E+005    0.111812619428E-003
    0.707520000000E+005    0.112131696587E-003
    0.708020000000E+005    0.112451328398E-003
    0.708520000000E+005    0.112771515030E-003
    0.709020000000E+005    0.113092256648E-003
    0.709520000000E+005    0.113413553420E-003
    0.710020000000E+005    0.113735405509E-003
    0.710520000000E+005    0.114057813079E-003
    0.711020000000E+005    0.114380776293E-003
    0.711520000000E+005    0.114704295312E-003
    0.712020000000E+005    0.115028370297E-003
    0.712520000000E+005    0.115353001406E-003
    0.713020000000E+005    0.115678188799E-003
    0.713520000000E+005    0.116003932632E-003
    0.714020000000E+005    0.116330233062E-003
    0.714520000000E+005    0.116657090244E-003
    0.715020000000E+005    0.116984504332E-003
    0.715520000000E+005    0.117312475480E-003
    0.716020000000E+005    0.117641003839E-003
    0.716520000000E+005    0.117970089560E-003
    0.717020000000E+005    0.118299732794E-003
    0.717520000000E+005    0.118629933689E-003
    0.718020000000E+005    0.118960692394E-003
    0.718520000000E+005    0.119292009054E-003
    0.719020000000E+005    0.119623883817E-003
    0.719520000000E+005    0.119956316827E-003
    0.720020000000E+005    0.120289308227E-003
    0.720520000000E+005    0.120622858160E-003
    0.721020000000E+005    0.120956966769E-003
    0.721520000000E+005    0.121291634193E-003
    0.722020000000E+005    0.121626860573E-003
    0.722520000000E+005    0.121962646047E-003
    0.723020000000E+005    0.122298990752E-003
    0.723520000000E+005    0.122635894826E-003
    0.724020000000E+005    0.122973358403E-003
    0.724520000000E+005    0.123311381618E-003
    0.725020000000E+005    0.123649964604E-003
    0.725520000000E+005    0.123989107495E-003
    0.726020000000E+005    0.124328810421E-003
    0.726520000000E+005    0.124669073514E-003
    0.727020000000E+005    0.125009896901E-003
    0.727520000000E+005    0.125351280711E-003
    0.728020000000E+005    0.125693225073E-003
    0.728520000000E+005    0.126035730112E-003
    0.729020000000E+005    0.126378795953E-003
    0.729520000000E+005    0.126722422721E-003
    0.730020000000E+005    0.127066610539E-003
    0.730520000000E+005    0.127411359528E-003
    0.731020000000E+005    0.127756669812E-003
    0.731520000000E+005    0.128102541508E-003
    0.732020000000E+005    0.128448974738E-003
    0.732520000000E+005    0.128795969618E-003
    0.733020000000E+005    0.129143526266E-003
    0.733520000000E+005    0.129491644799E-003
    0.734020000000E+005    0.129840325330E-003
    0.734520000000E+005    0.130189567975E-003
    0.735020000000E+005    0.130539372846E-003
    0.735520000000E+005    0.130889740056E-003
    0.736020000000E+005    0.131240669716E-003
    0.736520000000E+005    0.131592161935E-003
    0.737020000000E+005    0.131944216823E-003
    0.737520000000E+005    0.132296834487E-003
    0.738020000000E+005    0.132650015036E-003
    0.738520000000E+005    0.133003758574E-003
    0.739020000000E+005    0.133358065207E-003
    0.739520000000E+005    0.133712935040E-003
    0.740020000000E+005    0.134068368174E-003
    0.740520000000E+005    0.134424364712E-003
    0.741020000000E+005    0.134780924755E-003
    0.741520000000E+005    0.135138048404E-003
    0.742020000000E+005    0.135495735756E-003
    0.742520000000E+005    0.135853986911E-003
    0.743020000000E+005    0.136212801965E-003
    0.743520000000E+005    0.136572181015E-003
    0.744020000000E+005    0.136932124155E-003
    0.744520000000E+005    0.137292631479E-003
    0.745020000000E+005    0.137653703080E-003
    0.745520000000E+005    0.138015339052E-003
    0.746020000000E+005    0.138377539484E-003
    0.746520000000E+005    0.138740304467E-003
    0.747020000000E+005    0.139103634090E-003
    0.747520000000E+005    0.139467528440E-003
    0.748020000000E+005    0.139831987606E-003
    0.748520000000E+005    0.140197011674E-003
    0.749020000000E+005    0.140562600727E-003
    0.749520000000E+005    0.140928754852E-003
    0.750020000000E+005    0.141295474130E-003
    0.750520000000E+005    0.141662758645E-003
    0.751020000000E+005    0.142030608476E-003
    0.751520000000E+005    0.142399023706E-003
    0.752020000000E+005    0.142768004412E-003
    0.752520000000E+005    0.143137550673E-003
    0.753020000000E+005    0.143507662567E-003
    0.753520000000E+005    0.143878340170E-003
    0.754020000000E+005    0.144249583557E-003
    0.754520000000E+005    0.144621392802E-003
    0.755020000000E+005    0.144993767980E-003
    0.755520000000E+005    0.145366709162E-003
    0.756020000000E+005    0.145740216420E-003
    0.756520000000E+005    0.146114289824E-003
    0.757020000000E+005    0.146488929444E-003
    0.757520000000E+005    0.146864135349E-003
    0.758020000000E+005    0.147239907606E-003
    0.758520000000E+005    0.147616246281E-003
    0.759020000000E+005    0.147993151441E-003
    0.759520000000E+005    0.148370623150E-003
    0.760020000000E+005    0.148748661472E-003
    0.760520000000E+005    0.149127266470E-003
    0.761020000000E+005    0.149506438205E-003
    0.761520000000E+005    0.149886176738E-003
    0.762020000000E+005    0.150266482129E-003
    0.762520000000E+005    0.150647354438E-003
    0.763020000000E+005    0.151028793721E-003
    0.763520000000E+005    0.151410800036E-003
    0.764020000000E+005    0.151793373440E-003
    0.764520000000E+005    0.152176513986E-003
    0.765020000000E+005    0.152560221730E-003
    0.765520000000E+005    0.152944496725E-003
    0.766020000000E+005    0.153329339022E-003
    0.766520000000E+005    0.153714748673E-003
    0.767020000000E+005    0.154100725728E-003
    0.767520000000E+005    0.154487270238E-003
    0.768020000000E+005    0.154874382249E-003
    0.768520000000E+005    0.155262061810E-003
    0.769020000000E+005    0.155650308967E-003
    0.769520000000E+005    0.156039123766E-003
    0.770020000000E+005    0.156428506251E-003
    0.770520000000E+005    0.156818456467E-003
    0.771020000000E+005    0.157208974455E-003
    0.771520000000E+005    0.157600060258E-003
    0.772020000000E+005    0.157991713917E-003
    0.772520000000E+005    0.158383935471E-003
    0.773020000000E+005    0.158776724959E-003
    0.773520000000E+005    0.159170082420E-003
    0.774020000000E+005    0.159564007891E-003
    0.774520000000E+005    0.159958501407E-003
    0.775020000000E+005    0.160353563005E-003
    0.775520000000E+005    0.160749192718E-003
    0.776020000000E+005    0.161145390580E-003
    0.776520000000E+005    0.161542156623E-003
    0.777020000000E+005    0.161939490879E-003
    0.777520000000E+005    0.162337393379E-003
    0.778020000000E+005    0.162735864151E-003
    0.778520000000E+005    0.163134903225E-003
    0.779020000000E+005    0.163534510629E-003
    0.779520000000E+005    0.163934686389E-003
    0.780020000000E+005    0.164335430532E-003
    0.780520000000E+005    0.164736743082E-003
    0.781020000000E+005    0.165138624063E-003
    0.781520000000E+005    0.165541073499E-003
    0.782020000000E+005    0.165944091413E-003
    0.782520000000E+005    0.166347677824E-003
    0.783020000000E+005    0.166751832755E-003
    0.783520000000E+005    0.167156556223E-003
    0.784020000000E+005    0.167561848249E-003
    0.784520000000E+005    0.167967708849E-003
    0.785020000000E+005    0.168374138040E-003
    0.785520000000E+005    0.168781135839E-003
    0.786020000000E+005    0.169188702259E-003
    0.786520000000E+005    0.169596837316E-003
    0.787020000000E+005    0.170005541022E-003
    0.787520000000E+005    0.170414813389E-003
    0.788020000000E+005    0.170824654429E-003
    0.788520000000E+005    0.171235064152E-003
    0.789020000000E+005    0.171646042568E-003
    0.789520000000E+005    0.172057589684E-003
    0.790020000000E+005    0.172469705510E-003
    0.790520000000E+005    0.172882390051E-003
    0.791020000000E+005    0.173295643314E-003
    0.791520000000E+005    0.173709465303E-003
    0.792020000000E+005    0.174123856022E-003
    0.792520000000E+005    0.174538815475E-003
    0.793020000000E+005    0.174954343664E-003
    0.793520000000E+005    0.175370440590E-003
    0.794020000000E+005    0.175787106254E-003
    0.794520000000E+005    0.176204340655E-003
    0.795020000000E+005    0.176622143792E-003
    0.795520000000E+005    0.177040515663E-003
    0.796020000000E+005    0.177459456264E-003
    0.796520000000E+005    0.177878965592E-003
    0.797020000000E+005    0.178299043642E-003
    0.797520000000E+005    0.178719690408E-003
    0.798020000000E+005    0.179140905883E-003
    0.798520000000E+005    0.179562690059E-003
    0.799020000000E+005    0.179985042929E-003
    0.799520000000E+005    0.180407964483E-003
    0.800020000000E+005    0.180831454711E-003
    0.800520000000E+005    0.181255513602E-003
    0.801020000000E+005    0.181680141143E-003
    0.801520000000E+005    0.182105337322E-003
    0.802020000000E+005    0.182531102125E-003
    0.802520000000E+005    0.182957435537E-003
    0.803020000000E+005    0.183384337544E-003
    0.803520000000E+005    0.183811808128E-003
    0.804020000000E+005    0.184239847272E-003
    0.804520000000E+005    0.184668454959E-003
    0.805020000000E+005    0.185097631169E-003
    0.805520000000E+005    0.185527375883E-003
    0.806020000000E+005    0.185957689079E-003
    0.806520000000E+005    0.186388570736E-003
    0.807020000000E+005    0.186820020832E-003
    0.807520000000E+005    0.187252039343E-003
    0.808020000000E+005    0.187684626245E-003
    0.808520000000E+005    0.188117781513E-003
    0.809020000000E+005    0.188551505122E-003
    0.809520000000E+005    0.188985797043E-003
    0.810020000000E+005    0.189420657250E-003
    0.810520000000E+005    0.189856085714E-003
    0.811020000000E+005    0.190292082405E-003
    0.811520000000E+005    0.190728647294E-003
    0.812020000000E+005    0.191165780349E-003
    0.812520000000E+005    0.191603481539E-003
    0.813020000000E+005    0.192041750830E-003
    0.813520000000E+005    0.192480588189E-003
    0.814020000000E+005    0.192919993581E-003
    0.814520000000E+005    0.193359966970E-003
    0.815020000000E+005    0.193800508322E-003
    0.815520000000E+005    0.194241617598E-003
    0.816020000000E+005    0.194683294761E-003
    0.816520000000E+005    0.195125539771E-003
    0.817020000000E+005    0.195568352589E-003
    0.817520000000E+005    0.196011733176E-003
    0.818020000000E+005    0.196455681488E-003
    0.818520000000E+005    0.196900197485E-003
    0.819020000000E+005    0.197345281123E-003
    0.819520000000E+005    0.197790932358E-003
    0.820020000000E+005    0.198237151146E-003
    0.820520000000E+005    0.198683937441E-003
    0.821020000000E+005    0.199131291196E-003
    0.821520000000E+005    0.199579212365E-003
    0.822020000000E+005    0.200027700899E-003
    0.822520000000E+005    0.200476756749E-003
    0.823020000000E+005    0.200926379867E-003
    0.823520000000E+005    0.201376570200E-003
    0.824020000000E+005    0.201827327698E-003
    0.824520000000E+005    0.202278652309E-003
    0.825020000000E+005    0.202730543979E-003
    0.825520000000E+005    0.203183002655E-003
    0.826020000000E+005    0.203636028281E-003
    0.826520000000E+005    0.204089620803E-003
    0.827020000000E+005    0.204543780163E-003
    0.827520000000E+005    0.204998506305E-003
    0.828020000000E+005    0.205453799171E-003
    0.828520000000E+005    0.205909658702E-003
    0.829020000000E+005    0.206366084838E-003
    0.829520000000E+005    0.206823077518E-003
    0.830020000000E+005    0.207280636682E-003
    0.830520000000E+005    0.207738762266E-003
    0.831020000000E+005    0.208197454209E-003
    0.831520000000E+005    0.208656712447E-003
    0.832020000000E+005    0.209116536914E-003
    0.832520000000E+005    0.209576927546E-003
    0.833020000000E+005    0.210037884276E-003
    0.833520000000E+005    0.210499407037E-003
    0.834020000000E+005    0.210961495761E-003
    0.834520000000E+005    0.211424150380E-003
    0.835020000000E+005    0.211887370824E-003
    0.835520000000E+005    0.212351157023E-003
    0.836020000000E+005    0.212815508906E-003
    0.836520000000E+005    0.213280426401E-003
    0.837020000000E+005    0.213745909435E-003
    0.837520000000E+005    0.214211957935E-003
    0.838020000000E+005    0.214678571827E-003
    0.838520000000E+005    0.215145751035E-003
    0.839020000000E+005    0.215613495483E-003
    0.839520000000E+005    0.216081805095E-003
    0.840020000000E+005    0.216550679793E-003
    0.840520000000E+005    0.217020119499E-003
    0.841020000000E+005    0.217490124134E-003
    0.841520000000E+005    0.217960693618E-003
    0.842020000000E+005    0.218431827871E-003
    0.842520000000E+005    0.218903526810E-003
    0.843020000000E+005    0.219375790353E-003
    0.843520000000E+005    0.219848618418E-003
    0.844020000000E+005    0.220322010920E-003
    0.844520000000E+005    0.220795967776E-003
    0.845020000000E+005    0.221270488899E-003
    0.845520000000E+005    0.221745574203E-003
    0.846020000000E+005    0.222221223601E-003
    0.846520000000E+005    0.222697437006E-003
    0.847020000000E+005    0.223174214329E-003
    0.847520000000E+005    0.223651555480E-003
    0.848020000000E+005    0.224129460370E-003
    0.848520000000E+005    0.224607928907E-003
    0.849020000000E+005    0.225086961000E-003
    0.849520000000E+005    0.225566556556E-003
    0.850020000000E+005    0.226046715482E-003
    0.850520000000E+005    0.226527437685E-003
    0.851020000000E+005    0.227008723068E-003
    0.851520000000E+005    0.227490571537E-003
    0.852020000000E+005    0.227972982995E-003
    0.852520000000E+005    0.228455957345E-003
    0.853020000000E+005    0.228939494489E-003
    0.853520000000E+005    0.229423594329E-003
    0.854020000000E+005    0.229908256765E-003
    0.854520000000E+005    0.230393481697E-003
    0.855020000000E+005    0.230879269023E-003
    0.855520000000E+005    0.231365618643E-003
    0.856020000000E+005    0.231852530454E-003
    0.856520000000E+005    0.232340004351E-003
    0.857020000000E+005    0.232828040232E-003
    0.857520000000E+005    0.233316637992E-003
    0.858020000000E+005    0.233805797524E-003
    0.858520000000E+005    0.234295518724E-003
    0.859020000000E+005    0.234785801483E-003
    0.859520000000E+005    0.235276645693E-003
    0.860020000000E+005    0.235768051247E-003
    0.860520000000E+005    0.236260018034E-003
    0.861020000000E+005    0.236752545946E-003
    0.861520000000E+005    0.237245634870E-003
    0.862020000000E+005    0.237739284695E-003
    0.862520000000E+005    0.238233495309E-003
    0.863020000000E+005    0.238728266600E-003
    0.863520000000E+005    0.239223598452E-003
    0.864020000000E+005    0.239719490751E-003
    0.864520000000E+005    0.240215943383E-003
    0.865020000000E+005    0.240712956231E-003
    0.865520000000E+005    0.241210529177E-003
    0.866020000000E+005    0.241708662105E-003
    0.866520000000E+005    0.242207354897E-003
    0.867020000000E+005    0.242706607432E-003
    0.867520000000E+005    0.243206419592E-003
    0.868020000000E+005    0.243706791256E-003
    0.868520000000E+005    0.244207722303E-003
    0.869020000000E+005    0.244709212609E-003
    0.869520000000E+005    0.245211262054E-003
    0.870020000000E+005    0.245713870513E-003
    0.870520000000E+005    0.246217037862E-003
    0.871020000000E+005    0.246720763976E-003
    0.871520000000E+005    0.247225048730E-003
    0.872020000000E+005    0.247729891997E-003
    0.872520000000E+005    0.248235293649E-003
    0.873020000000E+005    0.248741253560E-003
    0.873520000000E+005    0.249247771600E-003
    0.874020000000E+005    0.249754847640E-003
    0.874520000000E+005    0.250262481551E-003
    0.875020000000E+005    0.250770673200E-003
    0.875520000000E+005    0.251279422458E-003
    0.876020000000E+005    0.251788729191E-003
    0.876520000000E+005    0.252298593266E-003
    0.877020000000E+005    0.252809014551E-003
    0.877520000000E+005    0.253319992910E-003
    0.878020000000E+005    0.253831528209E-003
    0.878520000000E+005    0.254343620312E-003
    0.879020000000E+005    0.254856269082E-003
    0.879520000000E+005    0.255369474381E-003
    0.880020000000E+005    0.255883236073E-003
    0.880520000000E+005    0.256397554018E-003
    0.881020000000E+005    0.256912428077E-003
    0.881520000000E+005    0.257427858110E-003
    0.882020000000E+005    0.257943843976E-003
    0.882520000000E+005    0.258460385533E-003
    0.883020000000E+005    0.258977482640E-003
    0.883520000000E+005    0.259495135154E-003
    0.884020000000E+005    0.260013342930E-003
    0.884520000000E+005    0.260532105825E-003
    0.885020000000E+005    0.261051423693E-003
    0.885520000000E+005    0.261571296389E-003
    0.886020000000E+005    0.262091723766E-003
    0.886520000000E+005    0.262612705678E-003
    0.887020000000E+005    0.263134241975E-003
    0.887520000000E+005    0.263656332511E-003
    0.888020000000E+005    0.264178977135E-003
    0.888520000000E+005    0.264702175698E-003
    0.889020000000E+005    0.265225928050E-003
    0.889520000000E+005    0.265750234037E-003
    0.890020000000E+005    0.266275093510E-003
    0.890520000000E+005    0.266800506315E-003
    0.891020000000E+005    0.267326472299E-003
    0.891520000000E+005    0.267852991307E-003
    0.892020000000E+005    0.268380063185E-003
    0.892520000000E+005    0.268907687778E-003
    0.893020000000E+005    0.269435864928E-003
    0.893520000000E+005    0.269964594481E-003
    0.894020000000E+005    0.270493876278E-003
    0.894520000000E+005    0.271023710160E-003
    0.895020000000E+005    0.271554095969E-003
    0.895520000000E+005    0.272085033546E-003
    0.896020000000E+005    0.272616522730E-003
    0.896520000000E+005    0.273148563361E-003
    0.897020000000E+005    0.273681155276E-003
    0.897520000000E+005    0.274214298314E-003
    0.898020000000E+005    0.274747992312E-003
    0.898520000000E+005    0.275282237105E-003
    0.899020000000E+005    0.275817032530E-003
    0.899520000000E+005    0.276352378422E-003
    0.900020000000E+005    0.276888274615E-003
    0.900520000000E+005    0.277424720944E-003
    0.901020000000E+005    0.277961717240E-003
    0.901520000000E+005    0.278499263336E-003
    0.902020000000E+005    0.279037359064E-003
    0.902520000000E+005    0.279576004256E-003
    0.903020000000E+005    0.280115198741E-003
    0.903520000000E+005    0.280654942349E-003
    0.904020000000E+005    0.281195234909E-003
    0.904520000000E+005    0.281736076250E-003
    0.905020000000E+005    0.282277466199E-003
    0.905520000000E+005    0.282819404584E-003
    0.906020000000E+005    0.283361891231E-003
    0.906520000000E+005    0.283904925965E-003
    0.907020000000E+005    0.284448508612E-003
    0.907520000000E+005    0.284992638996E-003
    0.908020000000E+005    0.285537316941E-003
    0.908520000000E+005    0.286082542270E-003
    0.909020000000E+005    0.286628314806E-003
    0.909520000000E+005    0.287174634370E-003
    0.910020000000E+005    0.287721500783E-003
    0.910520000000E+005    0.288268913867E-003
    0.911020000000E+005    0.288816873441E-003
    0.911520000000E+005    0.289365379324E-003
    0.912020000000E+005    0.289914431335E-003
    0.912520000000E+005    0.290464029291E-003
    0.913020000000E+005    0.291014173011E-003
    0.913520000000E+005    0.291564862311E-003
    0.914020000000E+005    0.292116097006E-003
    0.914520000000E+005    0.292667876913E-003
    0.915020000000E+005    0.293220201845E-003
    0.915520000000E+005    0.293773071618E-003
    0.916020000000E+005    0.294326486044E-003
    0.916520000000E+005    0.294880444936E-003
    0.917020000000E+005    0.295434948107E-003
    0.917520000000E+005    0.295989995368E-003
    0.918020000000E+005    0.296545586530E-003
    0.918520000000E+005    0.297101721403E-003
    0.919020000000E+005    0.297658399797E-003
    0.919520000000E+005    0.298215621521E-003
    0.920020000000E+005    0.298773386384E-003
    0.920520000000E+005    0.299331694193E-003
    0.921020000000E+005    0.299890544755E-003
    0.921520000000E+005    0.300449937877E-003
    0.922020000000E+005    0.301009873364E-003
    0.922520000000E+005    0.301570351023E-003
    0.923020000000E+005    0.302131370657E-003
    0.923520000000E+005    0.302692932071E-003
    0.924020000000E+005    0.303255035068E-003
    0.924520000000E+005    0.303817679451E-003
    0.925020000000E+005    0.304380865022E-003
    0.925520000000E+005    0.304944591583E-003
    0.926020000000E+005    0.305508858934E-003
    0.926520000000E+005    0.306073666876E-003
    0.927020000000E+005    0.306639015208E-003
    0.927520000000E+005    0.307204903730E-003
    0.928020000000E+005    0.307771332240E-003
    0.928520000000E+005    0.308338300536E-003
    0.929020000000E+005    0.308905808416E-003
    0.929520000000E+005    0.309473855675E-003
    0.930020000000E+005    0.310042442110E-003
    0.930520000000E+005    0.310611567516E-003
    0.931020000000E+005    0.311181231689E-003
    0.931520000000E+005    0.311751434422E-003
    0.932020000000E+005    0.312322175508E-003
    0.932520000000E+005    0.312893454742E-003
    0.933020000000E+005    0.313465271915E-003
    0.933520000000E+005    0.314037626819E-003
    0.934020000000E+005    0.314610519246E-003
    0.934520000000E+005    0.315183948985E-003
    0.935020000000E+005    0.315757915828E-003
    0.935520000000E+005    0.316332419563E-003
    0.936020000000E+005    0.316907459979E-003
    0.936520000000E+005    0.317483036864E-003
    0.937020000000E+005    0.318059150006E-003
    0.937520000000E+005    0.318635799193E-003
    0.938020000000E+005    0.319212984209E-003
    0.938520000000E+005    0.319790704842E-003
    0.939020000000E+005    0.320368960877E-003
    0.939520000000E+005    0.320947752098E-003
    0.940020000000E+005    0.321527078289E-003
    0.940520000000E+005    0.322106939233E-003
    0.941020000000E+005    0.322687334715E-003
    0.941520000000E+005    0.323268264515E-003
    0.942020000000E+005    0.323849728416E-003
    0.942520000000E+005    0.324431726199E-003
    0.943020000000E+005    0.325014257644E-003
    0.943520000000E+005    0.325597322531E-003
    0.944020000000E+005    0.326180920640E-003
    0.944520000000E+005    0.326765051750E-003
    0.945020000000E+005    0.327349715639E-003
    0.945520000000E+005    0.327934912084E-003
    0.946020000000E+005    0.328520640862E-003
    0.946520000000E+005    0.329106901751E-003
    0.947020000000E+005    0.329693694526E-003
    0.947520000000E+005    0.330281018962E-003
    0.948020000000E+005    0.330868874834E-003
    0.948520000000E+005    0.331457261916E-003
    0.949020000000E+005    0.332046179983E-003
    0.949520000000E+005    0.332635628807E-003
    0.950020000000E+005    0.333225608160E-003
    0.950520000000E+005    0.333816117815E-003
    0.951020000000E+005    0.334407157542E-003
    0.951520000000E+005    0.334998727114E-003
    0.952020000000E+005    0.335590826299E-003
    0.952520000000E+005    0.336183454868E-003
    0.953020000000E+005    0.336776612590E-003
    0.953520000000E+005    0.337370299234E-003
    0.954020000000E+005    0.337964514566E-003
    0.954520000000E+005    0.338559258355E-003
    0.955020000000E+005    0.339154530368E-003
    0.955520000000E+005    0.339750330371E-003
    0.956020000000E+005    0.340346658130E-003
    0.956520000000E+005    0.340943513410E-003
    0.957020000000E+005    0.341540895975E-003
    0.957520000000E+005    0.342138805590E-003
    0.958020000000E+005    0.342737242018E-003
    0.958520000000E+005    0.343336205023E-003
    0.959020000000E+005    0.343935694366E-003
    0.959520000000E+005    0.344535709810E-003
    0.960020000000E+005    0.345136251116E-003
    0.960520000000E+005    0.345737318044E-003
    0.961020000000E+005    0.346338910356E-003
    0.961520000000E+005    0.346941027810E-003
    0.962020000000E+005    0.347543670166E-003
    0.962520000000E+005    0.348146837183E-003
    0.963020000000E+005    0.348750528618E-003
    0.963520000000E+005    0.349354744229E-003
    0.964020000000E+005    0.349959483774E-003
    0.964520000000E+005    0.350564747007E-003
    0.965020000000E+005    0.351170533687E-003
    0.965520000000E+005    0.351776843567E-003
    0.966020000000E+005    0.352383676403E-003
    0.966520000000E+005    0.352991031949E-003
    0.967020000000E+005    0.353598909958E-003
    0.967520000000E+005    0.354207310185E-003
    0.968020000000E+005    0.354816232381E-003
    0.968520000000E+005    0.355425676299E-003
    0.969020000000E+005    0.356035641691E-003
    0.969520000000E+005    0.356646128307E-003
    0.970020000000E+005    0.357257135898E-003
    0.970520000000E+005    0.357868664215E-003
    0.971020000000E+005    0.358480713006E-003
    0.971520000000E+005    0.359093282021E-003
    0.972020000000E+005    0.359706371008E-003
    0.972520000000E+005    0.360319979716E-003
    0.973020000000E+005    0.360934107890E-003
    0.973520000000E+005    0.361548755280E-003
    0.974020000000E+005    0.362163921630E-003
    0.974520000000E+005    0.362779606687E-003
    0.975020000000E+005    0.363395810196E-003
    0.975520000000E+005    0.364012531902E-003
    0.976020000000E+005    0.364629771549E-003
    0.976520000000E+005    0.365247528881E-003
    0.977020000000E+005    0.365865803641E-003
    0.977520000000E+005    0.366484595572E-003
    0.978020000000E+005    0.367103904416E-003
    0.978520000000E+005    0.367723729915E-003
    0.979020000000E+005    0.368344071811E-003
    0.979520000000E+005    0.368964929843E-003
    0.980020000000E+005    0.369586303752E-003
    0.980520000000E+005    0.370208193278E-003
    0.981020000000E+005    0.370830598160E-003
    0.981520000000E+005    0.371453518136E-003
    0.982020000000E+005    0.372076952945E-003
    0.982520000000E+005    0.372700902325E-003
    0.983020000000E+005    0.373325366012E-003
    0.983520000000E+005    0.373950343743E-003
    0.984020000000E+005    0.374575835254E-003
    0.984520000000E+005    0.375201840282E-003
    0.985020000000E+005    0.375828358560E-003
    0.985520000000E+005    0.376455389825E-003
    0.986020000000E+005    0.377082933809E-003
    0.986520000000E+005    0.377710990247E-003
    0.987020000000E+005    0.378339558871E-003
    0.987520000000E+005    0.378968639415E-003
    0.988020000000E+005    0.379598231610E-003
    0.988520000000E+005    0.380228335189E-003
    0.989020000000E+005    0.380858949882E-003
    0.989520000000E+005    0.381490075419E-003
    0.990020000000E+005    0.382121711532E-003
    0.990520000000E+005    0.382753857950E-003
    0.991020000000E+005    0.383386514402E-003
    0.991520000000E+005    0.384019680617E-003
    0.992020000000E+005    0.384653356323E-003
    0.992520000000E+005    0.385287541248E-003
    0.993020000000E+005    0.385922235119E-003
    0.993520000000E+005    0.386557437663E-003
    0.994020000000E+005    0.387193148605E-003
    0.994520000000E+005    0.387829367673E-003
    0.995020000000E+005    0.388466094591E-003
    0.995520000000E+005    0.389103329084E-003
    0.996020000000E+005    0.389741070877E-003
    0.996520000000E+005    0.390379319693E-003
    0.997020000000E+005    0.391018075255E-003
    0.997520000000E+005    0.391657337288E-003
    0.998020000000E+005    0.392297105512E-003
    0.998520000000E+005    0.392937379651E-003
    0.999020000000E+005    0.393578159425E-003
    0.999520000000E+005    0.394219444556E-003
