TITLE = "0D Field KU"
VARIABLES = N ,"KU_Ha10Rem1Re1000"
ZONE DATAPACKING = POINT
    0.200000000000E+001    0.560151387005E-041
    0.520000000000E+002    0.228582170534E-021
    0.102000000000E+003    0.137552866361E-017
    0.152000000000E+003    0.744051957716E-016
    0.202000000000E+003    0.868276063274E-015
    0.252000000000E+003    0.489665807111E-014
    0.302000000000E+003    0.182577462694E-013
    0.352000000000E+003    0.523155243433E-013
    0.402000000000E+003    0.125123105482E-012
    0.452000000000E+003    0.262560532699E-012
    0.502000000000E+003    0.499224683044E-012
    0.552000000000E+003    0.879114154704E-012
    0.602000000000E+003    0.145612100654E-011
    0.652000000000E+003    0.229434072630E-011
    0.702000000000E+003    0.346828313556E-011
    0.752000000000E+003    0.506301869579E-011
    0.802000000000E+003    0.717425624519E-011
    0.852000000000E+003    0.990836641592E-011
    0.902000000000E+003    0.133823798115E-010
    0.952000000000E+003    0.177239774926E-010
    0.100200000000E+004    0.230714602806E-010
    0.105200000000E+004    0.295736469318E-010
    0.110200000000E+004    0.373897169201E-010
    0.115200000000E+004    0.466890809285E-010
    0.120200000000E+004    0.576512695700E-010
    0.125200000000E+004    0.704658085278E-010
    0.130200000000E+004    0.853320938523E-010
    0.135200000000E+004    0.102459286126E-009
    0.140200000000E+004    0.122066221563E-009
    0.145200000000E+004    0.144381295829E-009
    0.150200000000E+004    0.169642277189E-009
    0.155200000000E+004    0.198096105843E-009
    0.160200000000E+004    0.229998751209E-009
    0.165200000000E+004    0.265615090467E-009
    0.170200000000E+004    0.305218780089E-009
    0.175200000000E+004    0.349092143205E-009
    0.180200000000E+004    0.397526082367E-009
    0.185200000000E+004    0.450819995392E-009
    0.190200000000E+004    0.509281637976E-009
    0.195200000000E+004    0.573226924263E-009
    0.200200000000E+004    0.642979748442E-009
    0.205200000000E+004    0.718871870016E-009
    0.210200000000E+004    0.801242811254E-009
    0.215200000000E+004    0.890439753280E-009
    0.220200000000E+004    0.986817456251E-009
    0.225200000000E+004    0.109073819808E-008
    0.230200000000E+004    0.120257169084E-008
    0.235200000000E+004    0.132269492817E-008
    0.240200000000E+004    0.145149199458E-008
    0.245200000000E+004    0.158935392254E-008
    0.250200000000E+004    0.173667860623E-008
    0.255200000000E+004    0.189387071952E-008
    0.260200000000E+004    0.206134164073E-008
    0.265200000000E+004    0.223950940291E-008
    0.270200000000E+004    0.242879864596E-008
    0.275200000000E+004    0.262964052163E-008
    0.280200000000E+004    0.284247253058E-008
    0.285200000000E+004    0.306773835275E-008
    0.290200000000E+004    0.330588774017E-008
    0.295200000000E+004    0.355737645348E-008
    0.300200000000E+004    0.382266619992E-008
    0.305200000000E+004    0.410222458526E-008
    0.310200000000E+004    0.439652508472E-008
    0.315200000000E+004    0.470604699353E-008
    0.320200000000E+004    0.503127531442E-008
    0.325200000000E+004    0.537270059340E-008
    0.330200000000E+004    0.573081877850E-008
    0.335200000000E+004    0.610613114402E-008
    0.340200000000E+004    0.649914424509E-008
    0.345200000000E+004    0.691036987524E-008
    0.350200000000E+004    0.734032504112E-008
    0.355200000000E+004    0.778953194168E-008
    0.360200000000E+004    0.825851790569E-008
    0.365200000000E+004    0.874781526303E-008
    0.370200000000E+004    0.925796118965E-008
    0.375200000000E+004    0.978949759770E-008
    0.380200000000E+004    0.103429710854E-007
    0.385200000000E+004    0.109189329071E-007
    0.390200000000E+004    0.115179389494E-007
    0.395200000000E+004    0.121405497211E-007
    0.400200000000E+004    0.127873303289E-007
    0.405200000000E+004    0.134588503954E-007
    0.410200000000E+004    0.141556839217E-007
    0.415200000000E+004    0.148784091503E-007
    0.420200000000E+004    0.156276084855E-007
    0.425200000000E+004    0.164038684644E-007
    0.430200000000E+004    0.172077797407E-007
    0.435200000000E+004    0.180399370765E-007
    0.440200000000E+004    0.189009393386E-007
    0.445200000000E+004    0.197913894601E-007
    0.450200000000E+004    0.207118943408E-007
    0.455200000000E+004    0.216630647083E-007
    0.460200000000E+004    0.226455150061E-007
    0.465200000000E+004    0.236598633418E-007
    0.470200000000E+004    0.247067314737E-007
    0.475200000000E+004    0.257867448078E-007
    0.480200000000E+004    0.269005324010E-007
    0.485200000000E+004    0.280487269526E-007
    0.490200000000E+004    0.292319647479E-007
    0.495200000000E+004    0.304508855440E-007
    0.500200000000E+004    0.317061324406E-007
    0.505200000000E+004    0.329983517951E-007
    0.510200000000E+004    0.343281931938E-007
    0.515200000000E+004    0.356963094529E-007
    0.520200000000E+004    0.371033566254E-007
    0.525200000000E+004    0.385499940083E-007
    0.530200000000E+004    0.400368841225E-007
    0.535200000000E+004    0.415646926363E-007
    0.540200000000E+004    0.431340882451E-007
    0.545200000000E+004    0.447457425590E-007
    0.550200000000E+004    0.464003300448E-007
    0.555200000000E+004    0.480985280165E-007
    0.560200000000E+004    0.498410166471E-007
    0.565200000000E+004    0.516284789832E-007
    0.570200000000E+004    0.534616009473E-007
    0.575200000000E+004    0.553410713017E-007
    0.580200000000E+004    0.572675815545E-007
    0.585200000000E+004    0.592418258419E-007
    0.590200000000E+004    0.612645008377E-007
    0.595200000000E+004    0.633363057199E-007
    0.600200000000E+004    0.654579421769E-007
    0.605200000000E+004    0.676301144273E-007
    0.610200000000E+004    0.698535292361E-007
    0.615200000000E+004    0.721288959075E-007
    0.620200000000E+004    0.744569262283E-007
    0.625200000000E+004    0.768383343645E-007
    0.630200000000E+004    0.792738367529E-007
    0.635200000000E+004    0.817641520353E-007
    0.640200000000E+004    0.843100010462E-007
    0.645200000000E+004    0.869121068312E-007
    0.650200000000E+004    0.895711946714E-007
    0.655200000000E+004    0.922879920955E-007
    0.660200000000E+004    0.950632288571E-007
    0.665200000000E+004    0.978976368609E-007
    0.670200000000E+004    0.100791950056E-006
    0.675200000000E+004    0.103746904343E-006
    0.680200000000E+004    0.106763237534E-006
    0.685200000000E+004    0.109841689357E-006
    0.690200000000E+004    0.112983001483E-006
    0.695200000000E+004    0.116187917548E-006
    0.700200000000E+004    0.119457183160E-006
    0.705200000000E+004    0.122791545858E-006
    0.710200000000E+004    0.126191755019E-006
    0.715200000000E+004    0.129658561765E-006
    0.720200000000E+004    0.133192718883E-006
    0.725200000000E+004    0.136794980809E-006
    0.730200000000E+004    0.140466103650E-006
    0.735200000000E+004    0.144206845207E-006
    0.740200000000E+004    0.148017965006E-006
    0.745200000000E+004    0.151900224278E-006
    0.750200000000E+004    0.155854385903E-006
    0.755200000000E+004    0.159881214321E-006
    0.760200000000E+004    0.163981475434E-006
    0.765200000000E+004    0.168155936559E-006
    0.770200000000E+004    0.172405366429E-006
    0.775200000000E+004    0.176730535220E-006
    0.780200000000E+004    0.181132214584E-006
    0.785200000000E+004    0.185611177657E-006
    0.790200000000E+004    0.190168199035E-006
    0.795200000000E+004    0.194804054700E-006
    0.800200000000E+004    0.199519521926E-006
    0.805200000000E+004    0.204315379203E-006
    0.810200000000E+004    0.209192406210E-006
    0.815200000000E+004    0.214151383830E-006
    0.820200000000E+004    0.219193094182E-006
    0.825200000000E+004    0.224318320651E-006
    0.830200000000E+004    0.229527847888E-006
    0.835200000000E+004    0.234822461759E-006
    0.840200000000E+004    0.240202949271E-006
    0.845200000000E+004    0.245670098477E-006
    0.850200000000E+004    0.251224698426E-006
    0.855200000000E+004    0.256867539149E-006
    0.860200000000E+004    0.262599411689E-006
    0.865200000000E+004    0.268421108135E-006
    0.870200000000E+004    0.274333421645E-006
    0.875200000000E+004    0.280337146419E-006
    0.880200000000E+004    0.286433077654E-006
    0.885200000000E+004    0.292622011444E-006
    0.890200000000E+004    0.298904744715E-006
    0.895200000000E+004    0.305282075183E-006
    0.900200000000E+004    0.311754801363E-006
    0.905200000000E+004    0.318323722605E-006
    0.910200000000E+004    0.324989639121E-006
    0.915200000000E+004    0.331753352001E-006
    0.920200000000E+004    0.338615663171E-006
    0.925200000000E+004    0.345577375328E-006
    0.930200000000E+004    0.352639291856E-006
    0.935200000000E+004    0.359802216763E-006
    0.940200000000E+004    0.367066954669E-006
    0.945200000000E+004    0.374434310821E-006
    0.950200000000E+004    0.381905091134E-006
    0.955200000000E+004    0.389480102214E-006
    0.960200000000E+004    0.397160151355E-006
    0.965200000000E+004    0.404946046483E-006
    0.970200000000E+004    0.412838596090E-006
    0.975200000000E+004    0.420838609151E-006
    0.980200000000E+004    0.428946895082E-006
    0.985200000000E+004    0.437164263744E-006
    0.990200000000E+004    0.445491525470E-006
    0.995200000000E+004    0.453929491101E-006
    0.100020000000E+005    0.462478972001E-006
    0.100520000000E+005    0.471140780035E-006
    0.101020000000E+005    0.479915727507E-006
    0.101520000000E+005    0.488804627088E-006
    0.102020000000E+005    0.497808291745E-006
    0.102520000000E+005    0.506927534725E-006
    0.103020000000E+005    0.516163169563E-006
    0.103520000000E+005    0.525516010117E-006
    0.104020000000E+005    0.534986870604E-006
    0.104520000000E+005    0.544576565596E-006
    0.105020000000E+005    0.554285909982E-006
    0.105520000000E+005    0.564115718905E-006
    0.106020000000E+005    0.574066807689E-006
    0.106520000000E+005    0.584139991785E-006
    0.107020000000E+005    0.594336086772E-006
    0.107520000000E+005    0.604655908374E-006
    0.108020000000E+005    0.615100272499E-006
    0.108520000000E+005    0.625669995262E-006
    0.109020000000E+005    0.636365892967E-006
    0.109520000000E+005    0.647188782064E-006
    0.110020000000E+005    0.658139479073E-006
    0.110520000000E+005    0.669218800520E-006
    0.111020000000E+005    0.680427562912E-006
    0.111520000000E+005    0.691766582737E-006
    0.112020000000E+005    0.703236676497E-006
    0.112520000000E+005    0.714838660743E-006
    0.113020000000E+005    0.726573352083E-006
    0.113520000000E+005    0.738441567151E-006
    0.114020000000E+005    0.750444122555E-006
    0.114520000000E+005    0.762581834803E-006
    0.115020000000E+005    0.774855520255E-006
    0.115520000000E+005    0.787265995106E-006
    0.116020000000E+005    0.799814075403E-006
    0.116520000000E+005    0.812500577082E-006
    0.117020000000E+005    0.825326315994E-006
    0.117520000000E+005    0.838292107895E-006
    0.118020000000E+005    0.851398768413E-006
    0.118520000000E+005    0.864647112981E-006
    0.119020000000E+005    0.878037956775E-006
    0.119520000000E+005    0.891572114677E-006
    0.120020000000E+005    0.905250401274E-006
    0.120520000000E+005    0.919073630886E-006
    0.121020000000E+005    0.933042617597E-006
    0.121520000000E+005    0.947158175271E-006
    0.122020000000E+005    0.961421117537E-006
    0.122520000000E+005    0.975832257733E-006
    0.123020000000E+005    0.990392408848E-006
    0.123520000000E+005    0.100510238347E-005
    0.124020000000E+005    0.101996299375E-005
    0.124520000000E+005    0.103497505143E-005
    0.125020000000E+005    0.105013936789E-005
    0.125520000000E+005    0.106545675411E-005
    0.126020000000E+005    0.108092802076E-005
    0.126520000000E+005    0.109655397810E-005
    0.127020000000E+005    0.111233543597E-005
    0.127520000000E+005    0.112827320370E-005
    0.128020000000E+005    0.114436809008E-005
    0.128520000000E+005    0.116062090336E-005
    0.129020000000E+005    0.117703245126E-005
    0.129520000000E+005    0.119360354100E-005
    0.130020000000E+005    0.121033497935E-005
    0.130520000000E+005    0.122722757255E-005
    0.131020000000E+005    0.124428212637E-005
    0.131520000000E+005    0.126149944595E-005
    0.132020000000E+005    0.127888033582E-005
    0.132520000000E+005    0.129642559985E-005
    0.133020000000E+005    0.131413604123E-005
    0.133520000000E+005    0.133201246253E-005
    0.134020000000E+005    0.135005566572E-005
    0.134520000000E+005    0.136826645218E-005
    0.135020000000E+005    0.138664562267E-005
    0.135520000000E+005    0.140519397728E-005
    0.136020000000E+005    0.142391231540E-005
    0.136520000000E+005    0.144280143564E-005
    0.137020000000E+005    0.146186213583E-005
    0.137520000000E+005    0.148109521306E-005
    0.138020000000E+005    0.150050146368E-005
    0.138520000000E+005    0.152008168331E-005
    0.139020000000E+005    0.153983666689E-005
    0.139520000000E+005    0.155976720859E-005
    0.140020000000E+005    0.157987410182E-005
    0.140520000000E+005    0.160015813910E-005
    0.141020000000E+005    0.162062011210E-005
    0.141520000000E+005    0.164126081160E-005
    0.142020000000E+005    0.166208102754E-005
    0.142520000000E+005    0.168308154899E-005
    0.143020000000E+005    0.170426316425E-005
    0.143520000000E+005    0.172562666078E-005
    0.144020000000E+005    0.174717282515E-005
    0.144520000000E+005    0.176890244303E-005
    0.145020000000E+005    0.179081629912E-005
    0.145520000000E+005    0.181291517714E-005
    0.146020000000E+005    0.183519985984E-005
    0.146520000000E+005    0.185767112899E-005
    0.147020000000E+005    0.188032976549E-005
    0.147520000000E+005    0.190317654926E-005
    0.148020000000E+005    0.192621225934E-005
    0.148520000000E+005    0.194943767372E-005
    0.149020000000E+005    0.197285356940E-005
    0.149520000000E+005    0.199646072228E-005
    0.150020000000E+005    0.202025990720E-005
    0.150520000000E+005    0.204425189791E-005
    0.151020000000E+005    0.206843746716E-005
    0.151520000000E+005    0.209281738665E-005
    0.152020000000E+005    0.211739242707E-005
    0.152520000000E+005    0.214216335807E-005
    0.153020000000E+005    0.216713094819E-005
    0.153520000000E+005    0.219229596479E-005
    0.154020000000E+005    0.221765917411E-005
    0.154520000000E+005    0.224322134118E-005
    0.155020000000E+005    0.226898322992E-005
    0.155520000000E+005    0.229494560312E-005
    0.156020000000E+005    0.232110922244E-005
    0.156520000000E+005    0.234747484845E-005
    0.157020000000E+005    0.237404324054E-005
    0.157520000000E+005    0.240081515687E-005
    0.158020000000E+005    0.242779135439E-005
    0.158520000000E+005    0.245497258876E-005
    0.159020000000E+005    0.248235961442E-005
    0.159520000000E+005    0.250995318457E-005
    0.160020000000E+005    0.253775405121E-005
    0.160520000000E+005    0.256576296516E-005
    0.161020000000E+005    0.259398067599E-005
    0.161520000000E+005    0.262240793202E-005
    0.162020000000E+005    0.265104548024E-005
    0.162520000000E+005    0.267989406634E-005
    0.163020000000E+005    0.270895443462E-005
    0.163520000000E+005    0.273822732812E-005
    0.164020000000E+005    0.276771348853E-005
    0.164520000000E+005    0.279741365630E-005
    0.165020000000E+005    0.282732857058E-005
    0.165520000000E+005    0.285745896918E-005
    0.166020000000E+005    0.288780558856E-005
    0.166520000000E+005    0.291836916378E-005
    0.167020000000E+005    0.294915042849E-005
    0.167520000000E+005    0.298015011491E-005
    0.168020000000E+005    0.301136895388E-005
    0.168520000000E+005    0.304280767490E-005
    0.169020000000E+005    0.307446700607E-005
    0.169520000000E+005    0.310634767414E-005
    0.170020000000E+005    0.313845040444E-005
    0.170520000000E+005    0.317077592084E-005
    0.171020000000E+005    0.320332494573E-005
    0.171520000000E+005    0.323609820001E-005
    0.172020000000E+005    0.326909640311E-005
    0.172520000000E+005    0.330232027301E-005
    0.173020000000E+005    0.333577052625E-005
    0.173520000000E+005    0.336944787793E-005
    0.174020000000E+005    0.340335304171E-005
    0.174520000000E+005    0.343748672971E-005
    0.175020000000E+005    0.347184965255E-005
    0.175520000000E+005    0.350644251927E-005
    0.176020000000E+005    0.354126603737E-005
    0.176520000000E+005    0.357632091282E-005
    0.177020000000E+005    0.361160785006E-005
    0.177520000000E+005    0.364712755205E-005
    0.178020000000E+005    0.368288072023E-005
    0.178520000000E+005    0.371886805448E-005
    0.179020000000E+005    0.375509025312E-005
    0.179520000000E+005    0.379154801285E-005
    0.180020000000E+005    0.382824202876E-005
    0.180520000000E+005    0.386517299430E-005
    0.181020000000E+005    0.390234160138E-005
    0.181520000000E+005    0.393974854030E-005
    0.182020000000E+005    0.397739449981E-005
    0.182520000000E+005    0.401528016706E-005
    0.183020000000E+005    0.405340622761E-005
    0.183520000000E+005    0.409177336533E-005
    0.184020000000E+005    0.413038226242E-005
    0.184520000000E+005    0.416923359944E-005
    0.185020000000E+005    0.420832805524E-005
    0.185520000000E+005    0.424766630706E-005
    0.186020000000E+005    0.428724903050E-005
    0.186520000000E+005    0.432707689955E-005
    0.187020000000E+005    0.436715058652E-005
    0.187520000000E+005    0.440747076203E-005
    0.188020000000E+005    0.444803809499E-005
    0.188520000000E+005    0.448885325258E-005
    0.189020000000E+005    0.452991690023E-005
    0.189520000000E+005    0.457122970170E-005
    0.190020000000E+005    0.461279231904E-005
    0.190520000000E+005    0.465460541262E-005
    0.191020000000E+005    0.469666964112E-005
    0.191520000000E+005    0.473898566148E-005
    0.192020000000E+005    0.478155412891E-005
    0.192520000000E+005    0.482437569684E-005
    0.193020000000E+005    0.486745101689E-005
    0.193520000000E+005    0.491078073894E-005
    0.194020000000E+005    0.495436551112E-005
    0.194520000000E+005    0.499820597980E-005
    0.195020000000E+005    0.504230278964E-005
    0.195520000000E+005    0.508665658354E-005
    0.196020000000E+005    0.513126800262E-005
    0.196520000000E+005    0.517613768616E-005
    0.197020000000E+005    0.522126627165E-005
    0.197520000000E+005    0.526665439473E-005
    0.198020000000E+005    0.531230268926E-005
    0.198520000000E+005    0.535821178727E-005
    0.199020000000E+005    0.540438231905E-005
    0.199520000000E+005    0.545081491308E-005
    0.200020000000E+005    0.549751019605E-005
    0.200520000000E+005    0.554446879278E-005
    0.201020000000E+005    0.559169132625E-005
    0.201520000000E+005    0.563917841757E-005
    0.202020000000E+005    0.568693068599E-005
    0.202520000000E+005    0.573494874891E-005
    0.203020000000E+005    0.578323322191E-005
    0.203520000000E+005    0.583178471875E-005
    0.204020000000E+005    0.588060385133E-005
    0.204520000000E+005    0.592969122973E-005
    0.205020000000E+005    0.597904746211E-005
    0.205520000000E+005    0.602867315473E-005
    0.206020000000E+005    0.607856891196E-005
    0.206520000000E+005    0.612873533626E-005
    0.207020000000E+005    0.617917302823E-005
    0.207520000000E+005    0.622988258660E-005
    0.208020000000E+005    0.628086460825E-005
    0.208520000000E+005    0.633211968815E-005
    0.209020000000E+005    0.638364841940E-005
    0.209520000000E+005    0.643545139314E-005
    0.210020000000E+005    0.648752919857E-005
    0.210520000000E+005    0.653988242297E-005
    0.211020000000E+005    0.659251165170E-005
    0.211520000000E+005    0.664541746822E-005
    0.212020000000E+005    0.669860045407E-005
    0.212520000000E+005    0.675206118892E-005
    0.213020000000E+005    0.680580025050E-005
    0.213520000000E+005    0.685981821458E-005
    0.214020000000E+005    0.691411565499E-005
    0.214520000000E+005    0.696869314358E-005
    0.215020000000E+005    0.702355125022E-005
    0.215520000000E+005    0.707869054286E-005
    0.216020000000E+005    0.713411158752E-005
    0.216520000000E+005    0.718981494830E-005
    0.217020000000E+005    0.724580118733E-005
    0.217520000000E+005    0.730207086482E-005
    0.218020000000E+005    0.735862453896E-005
    0.218520000000E+005    0.741546276596E-005
    0.219020000000E+005    0.747258610003E-005
    0.219520000000E+005    0.752999509341E-005
    0.220020000000E+005    0.758769029637E-005
    0.220520000000E+005    0.764567225724E-005
    0.221020000000E+005    0.770394152238E-005
    0.221520000000E+005    0.776249863618E-005
    0.222020000000E+005    0.782134414103E-005
    0.222520000000E+005    0.788047857731E-005
    0.223020000000E+005    0.793990248339E-005
    0.223520000000E+005    0.799961639561E-005
    0.224020000000E+005    0.805962084833E-005
    0.224520000000E+005    0.811991637392E-005
    0.225020000000E+005    0.818050350279E-005
    0.225520000000E+005    0.824138276335E-005
    0.226020000000E+005    0.830255468200E-005
    0.226520000000E+005    0.836401978314E-005
    0.227020000000E+005    0.842577858911E-005
    0.227520000000E+005    0.848783162022E-005
    0.228020000000E+005    0.855017939477E-005
    0.228520000000E+005    0.861282242903E-005
    0.229020000000E+005    0.867576123729E-005
    0.229520000000E+005    0.873899633183E-005
    0.230020000000E+005    0.880252822292E-005
    0.230520000000E+005    0.886635741882E-005
    0.231020000000E+005    0.893048442571E-005
    0.231520000000E+005    0.899490974774E-005
    0.232020000000E+005    0.905963388701E-005
    0.232520000000E+005    0.912465734358E-005
    0.233020000000E+005    0.918998061549E-005
    0.233520000000E+005    0.925560419876E-005
    0.234020000000E+005    0.932152858741E-005
    0.234520000000E+005    0.938775427342E-005
    0.235020000000E+005    0.945428174672E-005
    0.235520000000E+005    0.952111149516E-005
    0.236020000000E+005    0.958824400454E-005
    0.236520000000E+005    0.965567975861E-005
    0.237020000000E+005    0.972341923907E-005
    0.237520000000E+005    0.979146292558E-005
    0.238020000000E+005    0.985981129578E-005
    0.238520000000E+005    0.992846482530E-005
    0.239020000000E+005    0.999742398768E-005
    0.239520000000E+005    0.100666892544E-004
    0.240020000000E+005    0.101362610949E-004
    0.240520000000E+005    0.102061399765E-004
    0.241020000000E+005    0.102763263645E-004
    0.241520000000E+005    0.103468207222E-004
    0.242020000000E+005    0.104176235106E-004
    0.242520000000E+005    0.104887351890E-004
    0.243020000000E+005    0.105601562145E-004
    0.243520000000E+005    0.106318870422E-004
    0.244020000000E+005    0.107039281249E-004
    0.244520000000E+005    0.107762799136E-004
    0.245020000000E+005    0.108489428571E-004
    0.245520000000E+005    0.109219174020E-004
    0.246020000000E+005    0.109952039932E-004
    0.246520000000E+005    0.110688030733E-004
    0.247020000000E+005    0.111427150828E-004
    0.247520000000E+005    0.112169404603E-004
    0.248020000000E+005    0.112914796422E-004
    0.248520000000E+005    0.113663330630E-004
    0.249020000000E+005    0.114415011549E-004
    0.249520000000E+005    0.115169843481E-004
    0.250020000000E+005    0.115927830709E-004
    0.250520000000E+005    0.116688977492E-004
    0.251020000000E+005    0.117453288071E-004
    0.251520000000E+005    0.118220766667E-004
    0.252020000000E+005    0.118991417479E-004
    0.252520000000E+005    0.119765244685E-004
    0.253020000000E+005    0.120542252443E-004
    0.253520000000E+005    0.121322444889E-004
    0.254020000000E+005    0.122105826139E-004
    0.254520000000E+005    0.122892400289E-004
    0.255020000000E+005    0.123682171414E-004
    0.255520000000E+005    0.124475143567E-004
    0.256020000000E+005    0.125271320784E-004
    0.256520000000E+005    0.126070707077E-004
    0.257020000000E+005    0.126873306437E-004
    0.257520000000E+005    0.127679122837E-004
    0.258020000000E+005    0.128488160227E-004
    0.258520000000E+005    0.129300422536E-004
    0.259020000000E+005    0.130115913674E-004
    0.259520000000E+005    0.130934637530E-004
    0.260020000000E+005    0.131756597972E-004
    0.260520000000E+005    0.132581798847E-004
    0.261020000000E+005    0.133410243983E-004
    0.261520000000E+005    0.134241937186E-004
    0.262020000000E+005    0.135076882240E-004
    0.262520000000E+005    0.135915082910E-004
    0.263020000000E+005    0.136756542940E-004
    0.263520000000E+005    0.137601266054E-004
    0.264020000000E+005    0.138449255954E-004
    0.264520000000E+005    0.139300516323E-004
    0.265020000000E+005    0.140155050823E-004
    0.265520000000E+005    0.141012863095E-004
    0.266020000000E+005    0.141873956759E-004
    0.266520000000E+005    0.142738335414E-004
    0.267020000000E+005    0.143606002639E-004
    0.267520000000E+005    0.144476961994E-004
    0.268020000000E+005    0.145351217016E-004
    0.268520000000E+005    0.146228771222E-004
    0.269020000000E+005    0.147109628110E-004
    0.269520000000E+005    0.147993791156E-004
    0.270020000000E+005    0.148881263816E-004
    0.270520000000E+005    0.149772049525E-004
    0.271020000000E+005    0.150666151697E-004
    0.271520000000E+005    0.151563573728E-004
    0.272020000000E+005    0.152464318989E-004
    0.272520000000E+005    0.153368390835E-004
    0.273020000000E+005    0.154275792599E-004
    0.273520000000E+005    0.155186527593E-004
    0.274020000000E+005    0.156100599109E-004
    0.274520000000E+005    0.157018010418E-004
    0.275020000000E+005    0.157938764772E-004
    0.275520000000E+005    0.158862865400E-004
    0.276020000000E+005    0.159790315512E-004
    0.276520000000E+005    0.160721118299E-004
    0.277020000000E+005    0.161655276929E-004
    0.277520000000E+005    0.162592794552E-004
    0.278020000000E+005    0.163533674297E-004
    0.278520000000E+005    0.164477919273E-004
    0.279020000000E+005    0.165425532566E-004
    0.279520000000E+005    0.166376517245E-004
    0.280020000000E+005    0.167330876356E-004
    0.280520000000E+005    0.168288612927E-004
    0.281020000000E+005    0.169249729965E-004
    0.281520000000E+005    0.170214230456E-004
    0.282020000000E+005    0.171182117366E-004
    0.282520000000E+005    0.172153393644E-004
    0.283020000000E+005    0.173128062213E-004
    0.283520000000E+005    0.174106125979E-004
    0.284020000000E+005    0.175087587829E-004
    0.284520000000E+005    0.176072450627E-004
    0.285020000000E+005    0.177060717219E-004
    0.285520000000E+005    0.178052390429E-004
    0.286020000000E+005    0.179047473064E-004
    0.286520000000E+005    0.180045967907E-004
    0.287020000000E+005    0.181047877725E-004
    0.287520000000E+005    0.182053205263E-004
    0.288020000000E+005    0.183061953243E-004
    0.288520000000E+005    0.184074124373E-004
    0.289020000000E+005    0.185089721335E-004
    0.289520000000E+005    0.186108746795E-004
    0.290020000000E+005    0.187131203399E-004
    0.290520000000E+005    0.188157093771E-004
    0.291020000000E+005    0.189186420516E-004
    0.291520000000E+005    0.190219186220E-004
    0.292020000000E+005    0.191255393448E-004
    0.292520000000E+005    0.192295044745E-004
    0.293020000000E+005    0.193338142637E-004
    0.293520000000E+005    0.194384689629E-004
    0.294020000000E+005    0.195434688208E-004
    0.294520000000E+005    0.196488140840E-004
    0.295020000000E+005    0.197545049971E-004
    0.295520000000E+005    0.198605418029E-004
    0.296020000000E+005    0.199669247420E-004
    0.296520000000E+005    0.200736540533E-004
    0.297020000000E+005    0.201807299733E-004
    0.297520000000E+005    0.202881527370E-004
    0.298020000000E+005    0.203959225772E-004
    0.298520000000E+005    0.205040397248E-004
    0.299020000000E+005    0.206125044087E-004
    0.299520000000E+005    0.207213168559E-004
    0.300020000000E+005    0.208304772915E-004
    0.300520000000E+005    0.209399859385E-004
    0.301020000000E+005    0.210498430181E-004
    0.301520000000E+005    0.211600487493E-004
    0.302020000000E+005    0.212706033495E-004
    0.302520000000E+005    0.213815070339E-004
    0.303020000000E+005    0.214927600159E-004
    0.303520000000E+005    0.216043625070E-004
    0.304020000000E+005    0.217163147166E-004
    0.304520000000E+005    0.218286168524E-004
    0.305020000000E+005    0.219412691199E-004
    0.305520000000E+005    0.220542717228E-004
    0.306020000000E+005    0.221676248628E-004
    0.306520000000E+005    0.222813287400E-004
    0.307020000000E+005    0.223953835522E-004
    0.307520000000E+005    0.225097894954E-004
    0.308020000000E+005    0.226245467638E-004
    0.308520000000E+005    0.227396555496E-004
    0.309020000000E+005    0.228551160431E-004
    0.309520000000E+005    0.229709284327E-004
    0.310020000000E+005    0.230870929048E-004
    0.310520000000E+005    0.232036096441E-004
    0.311020000000E+005    0.233204788332E-004
    0.311520000000E+005    0.234377006530E-004
    0.312020000000E+005    0.235552752823E-004
    0.312520000000E+005    0.236732028982E-004
    0.313020000000E+005    0.237914836759E-004
    0.313520000000E+005    0.239101177886E-004
    0.314020000000E+005    0.240291054075E-004
    0.314520000000E+005    0.241484467023E-004
    0.315020000000E+005    0.242681418406E-004
    0.315520000000E+005    0.243881909880E-004
    0.316020000000E+005    0.245085943085E-004
    0.316520000000E+005    0.246293519641E-004
    0.317020000000E+005    0.247504641149E-004
    0.317520000000E+005    0.248719309193E-004
    0.318020000000E+005    0.249937525337E-004
    0.318520000000E+005    0.251159291125E-004
    0.319020000000E+005    0.252384608086E-004
    0.319520000000E+005    0.253613477727E-004
    0.320020000000E+005    0.254845901540E-004
    0.320520000000E+005    0.256081880997E-004
    0.321020000000E+005    0.257321417550E-004
    0.321520000000E+005    0.258564512635E-004
    0.322020000000E+005    0.259811167668E-004
    0.322520000000E+005    0.261061384048E-004
    0.323020000000E+005    0.262315163155E-004
    0.323520000000E+005    0.263572506351E-004
    0.324020000000E+005    0.264833414979E-004
    0.324520000000E+005    0.266097890365E-004
    0.325020000000E+005    0.267365933816E-004
    0.325520000000E+005    0.268637546622E-004
    0.326020000000E+005    0.269912730053E-004
    0.326520000000E+005    0.271191485362E-004
    0.327020000000E+005    0.272473813785E-004
    0.327520000000E+005    0.273759716538E-004
    0.328020000000E+005    0.275049194820E-004
    0.328520000000E+005    0.276342249812E-004
    0.329020000000E+005    0.277638882677E-004
    0.329520000000E+005    0.278939094561E-004
    0.330020000000E+005    0.280242886591E-004
    0.330520000000E+005    0.281550259877E-004
    0.331020000000E+005    0.282861215510E-004
    0.331520000000E+005    0.284175754564E-004
    0.332020000000E+005    0.285493878096E-004
    0.332520000000E+005    0.286815587143E-004
    0.333020000000E+005    0.288140882728E-004
    0.333520000000E+005    0.289469765854E-004
    0.334020000000E+005    0.290802237505E-004
    0.334520000000E+005    0.292138298651E-004
    0.335020000000E+005    0.293477950243E-004
    0.335520000000E+005    0.294821193212E-004
    0.336020000000E+005    0.296168028475E-004
    0.336520000000E+005    0.297518456930E-004
    0.337020000000E+005    0.298872479458E-004
    0.337520000000E+005    0.300230096922E-004
    0.338020000000E+005    0.301591310169E-004
    0.338520000000E+005    0.302956120028E-004
    0.339020000000E+005    0.304324527310E-004
    0.339520000000E+005    0.305696532809E-004
    0.340020000000E+005    0.307072137303E-004
    0.340520000000E+005    0.308451341551E-004
    0.341020000000E+005    0.309834146296E-004
    0.341520000000E+005    0.311220552265E-004
    0.342020000000E+005    0.312610560166E-004
    0.342520000000E+005    0.314004170691E-004
    0.343020000000E+005    0.315401384514E-004
    0.343520000000E+005    0.316802202293E-004
    0.344020000000E+005    0.318206624670E-004
    0.344520000000E+005    0.319614652267E-004
    0.345020000000E+005    0.321026285691E-004
    0.345520000000E+005    0.322441525534E-004
    0.346020000000E+005    0.323860372369E-004
    0.346520000000E+005    0.325282826751E-004
    0.347020000000E+005    0.326708889222E-004
    0.347520000000E+005    0.328138560305E-004
    0.348020000000E+005    0.329571840506E-004
    0.348520000000E+005    0.331008730315E-004
    0.349020000000E+005    0.332449230206E-004
    0.349520000000E+005    0.333893340635E-004
    0.350020000000E+005    0.335341062042E-004
    0.350520000000E+005    0.336792394853E-004
    0.351020000000E+005    0.338247339474E-004
    0.351520000000E+005    0.339705896296E-004
    0.352020000000E+005    0.341168065694E-004
    0.352520000000E+005    0.342633848026E-004
    0.353020000000E+005    0.344103243634E-004
    0.353520000000E+005    0.345576252845E-004
    0.354020000000E+005    0.347052875966E-004
    0.354520000000E+005    0.348533113293E-004
    0.355020000000E+005    0.350016965102E-004
    0.355520000000E+005    0.351504431654E-004
    0.356020000000E+005    0.352995513194E-004
    0.356520000000E+005    0.354490209951E-004
    0.357020000000E+005    0.355988522138E-004
    0.357520000000E+005    0.357490449952E-004
    0.358020000000E+005    0.358995993573E-004
    0.358520000000E+005    0.360505153167E-004
    0.359020000000E+005    0.362017928882E-004
    0.359520000000E+005    0.363534320853E-004
    0.360020000000E+005    0.365054329197E-004
    0.360520000000E+005    0.366577954016E-004
    0.361020000000E+005    0.368105195395E-004
    0.361520000000E+005    0.369636053405E-004
    0.362020000000E+005    0.371170528100E-004
    0.362520000000E+005    0.372708619519E-004
    0.363020000000E+005    0.374250327687E-004
    0.363520000000E+005    0.375795652611E-004
    0.364020000000E+005    0.377344594283E-004
    0.364520000000E+005    0.378897152680E-004
    0.365020000000E+005    0.380453327764E-004
    0.365520000000E+005    0.382013119480E-004
    0.366020000000E+005    0.383576527760E-004
    0.366520000000E+005    0.385143552519E-004
    0.367020000000E+005    0.386714193656E-004
    0.367520000000E+005    0.388288451057E-004
    0.368020000000E+005    0.389866324591E-004
    0.368520000000E+005    0.391447814113E-004
    0.369020000000E+005    0.393032919462E-004
    0.369520000000E+005    0.394621640461E-004
    0.370020000000E+005    0.396213976921E-004
    0.370520000000E+005    0.397809928634E-004
    0.371020000000E+005    0.399409495380E-004
    0.371520000000E+005    0.401012676923E-004
    0.372020000000E+005    0.402619473011E-004
    0.372520000000E+005    0.404229883381E-004
    0.373020000000E+005    0.405843907749E-004
    0.373520000000E+005    0.407461545822E-004
    0.374020000000E+005    0.409082797289E-004
    0.374520000000E+005    0.410707661824E-004
    0.375020000000E+005    0.412336139088E-004
    0.375520000000E+005    0.413968228727E-004
    0.376020000000E+005    0.415603930371E-004
    0.376520000000E+005    0.417243243637E-004
    0.377020000000E+005    0.418886168127E-004
    0.377520000000E+005    0.420532703428E-004
    0.378020000000E+005    0.422182849112E-004
    0.378520000000E+005    0.423836604739E-004
    0.379020000000E+005    0.425493969852E-004
    0.379520000000E+005    0.427154943980E-004
    0.380020000000E+005    0.428819526638E-004
    0.380520000000E+005    0.430487717328E-004
    0.381020000000E+005    0.432159515536E-004
    0.381520000000E+005    0.433834920735E-004
    0.382020000000E+005    0.435513932382E-004
    0.382520000000E+005    0.437196549923E-004
    0.383020000000E+005    0.438882772786E-004
    0.383520000000E+005    0.440572600387E-004
    0.384020000000E+005    0.442266032128E-004
    0.384520000000E+005    0.443963067397E-004
    0.385020000000E+005    0.445663705568E-004
    0.385520000000E+005    0.447367946001E-004
    0.386020000000E+005    0.449075788041E-004
    0.386520000000E+005    0.450787231022E-004
    0.387020000000E+005    0.452502274260E-004
    0.387520000000E+005    0.454220917060E-004
    0.388020000000E+005    0.455943158714E-004
    0.388520000000E+005    0.457668998498E-004
    0.389020000000E+005    0.459398435676E-004
    0.389520000000E+005    0.461131469497E-004
    0.390020000000E+005    0.462868099197E-004
    0.390520000000E+005    0.464608323999E-004
    0.391020000000E+005    0.466352143113E-004
    0.391520000000E+005    0.468099555733E-004
    0.392020000000E+005    0.469850561042E-004
    0.392520000000E+005    0.471605158208E-004
    0.393020000000E+005    0.473363346387E-004
    0.393520000000E+005    0.475125124720E-004
    0.394020000000E+005    0.476890492336E-004
    0.394520000000E+005    0.478659448351E-004
    0.395020000000E+005    0.480431991867E-004
    0.395520000000E+005    0.482208121973E-004
    0.396020000000E+005    0.483987837745E-004
    0.396520000000E+005    0.485771138244E-004
    0.397020000000E+005    0.487558022521E-004
    0.397520000000E+005    0.489348489613E-004
    0.398020000000E+005    0.491142538543E-004
    0.398520000000E+005    0.492940168321E-004
    0.399020000000E+005    0.494741377945E-004
    0.399520000000E+005    0.496546166401E-004
    0.400020000000E+005    0.498354532660E-004
    0.400520000000E+005    0.500166475680E-004
    0.401020000000E+005    0.501981994408E-004
    0.401520000000E+005    0.503801087779E-004
    0.402020000000E+005    0.505623754712E-004
    0.402520000000E+005    0.507449994116E-004
    0.403020000000E+005    0.509279804886E-004
    0.403520000000E+005    0.511113185905E-004
    0.404020000000E+005    0.512950136044E-004
    0.404520000000E+005    0.514790654161E-004
    0.405020000000E+005    0.516634739100E-004
    0.405520000000E+005    0.518482389695E-004
    0.406020000000E+005    0.520333604766E-004
    0.406520000000E+005    0.522188383122E-004
    0.407020000000E+005    0.524046723557E-004
    0.407520000000E+005    0.525908624856E-004
    0.408020000000E+005    0.527774085790E-004
    0.408520000000E+005    0.529643105117E-004
    0.409020000000E+005    0.531515681585E-004
    0.409520000000E+005    0.533391813928E-004
    0.410020000000E+005    0.535271500868E-004
    0.410520000000E+005    0.537154741117E-004
    0.411020000000E+005    0.539041533371E-004
    0.411520000000E+005    0.540931876318E-004
    0.412020000000E+005    0.542825768632E-004
    0.412520000000E+005    0.544723208976E-004
    0.413020000000E+005    0.546624196000E-004
    0.413520000000E+005    0.548528728342E-004
    0.414020000000E+005    0.550436804630E-004
    0.414520000000E+005    0.552348423478E-004
    0.415020000000E+005    0.554263583490E-004
    0.415520000000E+005    0.556182283257E-004
    0.416020000000E+005    0.558104521360E-004
    0.416520000000E+005    0.560030296366E-004
    0.417020000000E+005    0.561959606833E-004
    0.417520000000E+005    0.563892451304E-004
    0.418020000000E+005    0.565828828315E-004
    0.418520000000E+005    0.567768736386E-004
    0.419020000000E+005    0.569712174029E-004
    0.419520000000E+005    0.571659139742E-004
    0.420020000000E+005    0.573609632014E-004
    0.420520000000E+005    0.575563649320E-004
    0.421020000000E+005    0.577521190127E-004
    0.421520000000E+005    0.579482252887E-004
    0.422020000000E+005    0.581446836043E-004
    0.422520000000E+005    0.583414938026E-004
    0.423020000000E+005    0.585386557258E-004
    0.423520000000E+005    0.587361692146E-004
    0.424020000000E+005    0.589340341089E-004
    0.424520000000E+005    0.591322502473E-004
    0.425020000000E+005    0.593308174675E-004
    0.425520000000E+005    0.595297356059E-004
    0.426020000000E+005    0.597290044980E-004
    0.426520000000E+005    0.599286239779E-004
    0.427020000000E+005    0.601285938790E-004
    0.427520000000E+005    0.603289140333E-004
    0.428020000000E+005    0.605295842719E-004
    0.428520000000E+005    0.607306044248E-004
    0.429020000000E+005    0.609319743208E-004
    0.429520000000E+005    0.611336937878E-004
    0.430020000000E+005    0.613357626525E-004
    0.430520000000E+005    0.615381807406E-004
    0.431020000000E+005    0.617409478767E-004
    0.431520000000E+005    0.619440638845E-004
    0.432020000000E+005    0.621475285864E-004
    0.432520000000E+005    0.623513418039E-004
    0.433020000000E+005    0.625555033574E-004
    0.433520000000E+005    0.627600130664E-004
    0.434020000000E+005    0.629648707491E-004
    0.434520000000E+005    0.631700762229E-004
    0.435020000000E+005    0.633756293040E-004
    0.435520000000E+005    0.635815298077E-004
    0.436020000000E+005    0.637877775482E-004
    0.436520000000E+005    0.639943723388E-004
    0.437020000000E+005    0.642013139916E-004
    0.437520000000E+005    0.644086023177E-004
    0.438020000000E+005    0.646162371275E-004
    0.438520000000E+005    0.648242182299E-004
    0.439020000000E+005    0.650325454332E-004
    0.439520000000E+005    0.652412185444E-004
    0.440020000000E+005    0.654502373699E-004
    0.440520000000E+005    0.656596017146E-004
    0.441020000000E+005    0.658693113829E-004
    0.441520000000E+005    0.660793661779E-004
    0.442020000000E+005    0.662897659017E-004
    0.442520000000E+005    0.665005103557E-004
    0.443020000000E+005    0.667115993400E-004
    0.443520000000E+005    0.669230326540E-004
    0.444020000000E+005    0.671348100960E-004
    0.444520000000E+005    0.673469314632E-004
    0.445020000000E+005    0.675593965521E-004
    0.445520000000E+005    0.677722051582E-004
    0.446020000000E+005    0.679853570758E-004
    0.446520000000E+005    0.681988520985E-004
    0.447020000000E+005    0.684126900189E-004
    0.447520000000E+005    0.686268706285E-004
    0.448020000000E+005    0.688413937182E-004
    0.448520000000E+005    0.690562590775E-004
    0.449020000000E+005    0.692714664954E-004
    0.449520000000E+005    0.694870157597E-004
    0.450020000000E+005    0.697029066574E-004
    0.450520000000E+005    0.699191389745E-004
    0.451020000000E+005    0.701357124961E-004
    0.451520000000E+005    0.703526270064E-004
    0.452020000000E+005    0.705698822887E-004
    0.452520000000E+005    0.707874781254E-004
    0.453020000000E+005    0.710054142978E-004
    0.453520000000E+005    0.712236905866E-004
    0.454020000000E+005    0.714423067715E-004
    0.454520000000E+005    0.716612626311E-004
    0.455020000000E+005    0.718805579434E-004
    0.455520000000E+005    0.721001924854E-004
    0.456020000000E+005    0.723201660330E-004
    0.456520000000E+005    0.725404783616E-004
    0.457020000000E+005    0.727611292454E-004
    0.457520000000E+005    0.729821184579E-004
    0.458020000000E+005    0.732034457717E-004
    0.458520000000E+005    0.734251109585E-004
    0.459020000000E+005    0.736471137891E-004
    0.459520000000E+005    0.738694540336E-004
    0.460020000000E+005    0.740921314609E-004
    0.460520000000E+005    0.743151458394E-004
    0.461020000000E+005    0.745384969365E-004
    0.461520000000E+005    0.747621845187E-004
    0.462020000000E+005    0.749862083517E-004
    0.462520000000E+005    0.752105682005E-004
    0.463020000000E+005    0.754352638290E-004
    0.463520000000E+005    0.756602950004E-004
    0.464020000000E+005    0.758856614770E-004
    0.464520000000E+005    0.761113630205E-004
    0.465020000000E+005    0.763373993914E-004
    0.465520000000E+005    0.765637703497E-004
    0.466020000000E+005    0.767904756544E-004
    0.466520000000E+005    0.770175150638E-004
    0.467020000000E+005    0.772448883352E-004
    0.467520000000E+005    0.774725952252E-004
    0.468020000000E+005    0.777006354898E-004
    0.468520000000E+005    0.779290088838E-004
    0.469020000000E+005    0.781577151614E-004
    0.469520000000E+005    0.783867540761E-004
    0.470020000000E+005    0.786161253804E-004
    0.470520000000E+005    0.788458288262E-004
    0.471020000000E+005    0.790758641645E-004
    0.471520000000E+005    0.793062311455E-004
    0.472020000000E+005    0.795369295187E-004
    0.472520000000E+005    0.797679590328E-004
    0.473020000000E+005    0.799993194356E-004
    0.473520000000E+005    0.802310104742E-004
    0.474020000000E+005    0.804630318951E-004
    0.474520000000E+005    0.806953834438E-004
    0.475020000000E+005    0.809280648652E-004
    0.475520000000E+005    0.811610759033E-004
    0.476020000000E+005    0.813944163014E-004
    0.476520000000E+005    0.816280858021E-004
    0.477020000000E+005    0.818620841472E-004
    0.477520000000E+005    0.820964110778E-004
    0.478020000000E+005    0.823310663342E-004
    0.478520000000E+005    0.825660496559E-004
    0.479020000000E+005    0.828013607818E-004
    0.479520000000E+005    0.830369994501E-004
    0.480020000000E+005    0.832729653980E-004
    0.480520000000E+005    0.835092583622E-004
    0.481020000000E+005    0.837458780786E-004
    0.481520000000E+005    0.839828242825E-004
    0.482020000000E+005    0.842200967083E-004
    0.482520000000E+005    0.844576950898E-004
    0.483020000000E+005    0.846956191600E-004
    0.483520000000E+005    0.849338686512E-004
    0.484020000000E+005    0.851724432951E-004
    0.484520000000E+005    0.854113428227E-004
    0.485020000000E+005    0.856505669641E-004
    0.485520000000E+005    0.858901154488E-004
    0.486020000000E+005    0.861299880058E-004
    0.486520000000E+005    0.863701843631E-004
    0.487020000000E+005    0.866107042482E-004
    0.487520000000E+005    0.868515473879E-004
    0.488020000000E+005    0.870927135083E-004
    0.488520000000E+005    0.873342023347E-004
    0.489020000000E+005    0.875760135919E-004
    0.489520000000E+005    0.878181470040E-004
    0.490020000000E+005    0.880606022943E-004
    0.490520000000E+005    0.883033791856E-004
    0.491020000000E+005    0.885464773999E-004
    0.491520000000E+005    0.887898966586E-004
    0.492020000000E+005    0.890336366824E-004
    0.492520000000E+005    0.892776971915E-004
    0.493020000000E+005    0.895220779052E-004
    0.493520000000E+005    0.897667785424E-004
    0.494020000000E+005    0.900117988211E-004
    0.494520000000E+005    0.902571384588E-004
    0.495020000000E+005    0.905027971724E-004
    0.495520000000E+005    0.907487746782E-004
    0.496020000000E+005    0.909950706916E-004
    0.496520000000E+005    0.912416849276E-004
    0.497020000000E+005    0.914886171005E-004
    0.497520000000E+005    0.917358669241E-004
    0.498020000000E+005    0.919834341113E-004
    0.498520000000E+005    0.922313183747E-004
    0.499020000000E+005    0.924795194260E-004
    0.499520000000E+005    0.927280369764E-004
    0.500020000000E+005    0.929768707367E-004
    0.500520000000E+005    0.932260204166E-004
    0.501020000000E+005    0.934754857257E-004
    0.501520000000E+005    0.937252663727E-004
    0.502020000000E+005    0.939753620658E-004
    0.502520000000E+005    0.942257725126E-004
    0.503020000000E+005    0.944764974201E-004
    0.503520000000E+005    0.947275364947E-004
    0.504020000000E+005    0.949788894421E-004
    0.504520000000E+005    0.952305559676E-004
    0.505020000000E+005    0.954825357759E-004
    0.505520000000E+005    0.957348285711E-004
    0.506020000000E+005    0.959874340565E-004
    0.506520000000E+005    0.962403519351E-004
    0.507020000000E+005    0.964935819093E-004
    0.507520000000E+005    0.967471236808E-004
    0.508020000000E+005    0.970009769508E-004
    0.508520000000E+005    0.972551414200E-004
    0.509020000000E+005    0.975096167884E-004
    0.509520000000E+005    0.977644027556E-004
    0.510020000000E+005    0.980194990205E-004
    0.510520000000E+005    0.982749052816E-004
    0.511020000000E+005    0.985306212367E-004
    0.511520000000E+005    0.987866465831E-004
    0.512020000000E+005    0.990429810176E-004
    0.512520000000E+005    0.992996242365E-004
    0.513020000000E+005    0.995565759354E-004
    0.513520000000E+005    0.998138358095E-004
    0.514020000000E+005    0.100071403553E-003
    0.514520000000E+005    0.100329278861E-003
    0.515020000000E+005    0.100587461427E-003
    0.515520000000E+005    0.100845950942E-003
    0.516020000000E+005    0.101104747101E-003
    0.516520000000E+005    0.101363849595E-003
    0.517020000000E+005    0.101623258116E-003
    0.517520000000E+005    0.101882972354E-003
    0.518020000000E+005    0.102142992000E-003
    0.518520000000E+005    0.102403316744E-003
    0.519020000000E+005    0.102663946275E-003
    0.519520000000E+005    0.102924880283E-003
    0.520020000000E+005    0.103186118455E-003
    0.520520000000E+005    0.103447660481E-003
    0.521020000000E+005    0.103709506046E-003
    0.521520000000E+005    0.103971654838E-003
    0.522020000000E+005    0.104234106544E-003
    0.522520000000E+005    0.104496860850E-003
    0.523020000000E+005    0.104759917441E-003
    0.523520000000E+005    0.105023276001E-003
    0.524020000000E+005    0.105286936217E-003
    0.524520000000E+005    0.105550897770E-003
    0.525020000000E+005    0.105815160347E-003
    0.525520000000E+005    0.106079723628E-003
    0.526020000000E+005    0.106344587298E-003
    0.526520000000E+005    0.106609751037E-003
    0.527020000000E+005    0.106875214529E-003
    0.527520000000E+005    0.107140977454E-003
    0.528020000000E+005    0.107407039492E-003
    0.528520000000E+005    0.107673400325E-003
    0.529020000000E+005    0.107940059632E-003
    0.529520000000E+005    0.108207017092E-003
    0.530020000000E+005    0.108474272385E-003
    0.530520000000E+005    0.108741825190E-003
    0.531020000000E+005    0.109009675183E-003
    0.531520000000E+005    0.109277822043E-003
    0.532020000000E+005    0.109546265447E-003
    0.532520000000E+005    0.109815005072E-003
    0.533020000000E+005    0.110084040594E-003
    0.533520000000E+005    0.110353371689E-003
    0.534020000000E+005    0.110622998032E-003
    0.534520000000E+005    0.110892919299E-003
    0.535020000000E+005    0.111163135164E-003
    0.535520000000E+005    0.111433645302E-003
    0.536020000000E+005    0.111704449386E-003
    0.536520000000E+005    0.111975547090E-003
    0.537020000000E+005    0.112246938086E-003
    0.537520000000E+005    0.112518622047E-003
    0.538020000000E+005    0.112790598645E-003
    0.538520000000E+005    0.113062867552E-003
    0.539020000000E+005    0.113335428440E-003
    0.539520000000E+005    0.113608280979E-003
    0.540020000000E+005    0.113881424839E-003
    0.540520000000E+005    0.114154859692E-003
    0.541020000000E+005    0.114428585206E-003
    0.541520000000E+005    0.114702601051E-003
    0.542020000000E+005    0.114976906896E-003
    0.542520000000E+005    0.115251502410E-003
    0.543020000000E+005    0.115526387260E-003
    0.543520000000E+005    0.115801561115E-003
    0.544020000000E+005    0.116077023642E-003
    0.544520000000E+005    0.116352774508E-003
    0.545020000000E+005    0.116628813379E-003
    0.545520000000E+005    0.116905139923E-003
    0.546020000000E+005    0.117181753804E-003
    0.546520000000E+005    0.117458654689E-003
    0.547020000000E+005    0.117735842242E-003
    0.547520000000E+005    0.118013316129E-003
    0.548020000000E+005    0.118291076014E-003
    0.548520000000E+005    0.118569121561E-003
    0.549020000000E+005    0.118847452434E-003
    0.549520000000E+005    0.119126068296E-003
    0.550020000000E+005    0.119404968810E-003
    0.550520000000E+005    0.119684153640E-003
    0.551020000000E+005    0.119963622446E-003
    0.551520000000E+005    0.120243374892E-003
    0.552020000000E+005    0.120523410639E-003
    0.552520000000E+005    0.120803729349E-003
    0.553020000000E+005    0.121084330681E-003
    0.553520000000E+005    0.121365214298E-003
    0.554020000000E+005    0.121646379859E-003
    0.554520000000E+005    0.121927827025E-003
    0.555020000000E+005    0.122209555454E-003
    0.555520000000E+005    0.122491564806E-003
    0.556020000000E+005    0.122773854741E-003
    0.556520000000E+005    0.123056424917E-003
    0.557020000000E+005    0.123339274993E-003
    0.557520000000E+005    0.123622404625E-003
    0.558020000000E+005    0.123905813473E-003
    0.558520000000E+005    0.124189501194E-003
    0.559020000000E+005    0.124473467444E-003
    0.559520000000E+005    0.124757711880E-003
    0.560020000000E+005    0.125042234160E-003
    0.560520000000E+005    0.125327033939E-003
    0.561020000000E+005    0.125612110873E-003
    0.561520000000E+005    0.125897464617E-003
    0.562020000000E+005    0.126183094827E-003
    0.562520000000E+005    0.126469001159E-003
    0.563020000000E+005    0.126755183266E-003
    0.563520000000E+005    0.127041640803E-003
    0.564020000000E+005    0.127328373424E-003
    0.564520000000E+005    0.127615380783E-003
    0.565020000000E+005    0.127902662534E-003
    0.565520000000E+005    0.128190218329E-003
    0.566020000000E+005    0.128478047822E-003
    0.566520000000E+005    0.128766150666E-003
    0.567020000000E+005    0.129054526513E-003
    0.567520000000E+005    0.129343175015E-003
    0.568020000000E+005    0.129632095823E-003
    0.568520000000E+005    0.129921288591E-003
    0.569020000000E+005    0.130210752968E-003
    0.569520000000E+005    0.130500488606E-003
    0.570020000000E+005    0.130790495156E-003
    0.570520000000E+005    0.131080772268E-003
    0.571020000000E+005    0.131371319593E-003
    0.571520000000E+005    0.131662136781E-003
    0.572020000000E+005    0.131953223481E-003
    0.572520000000E+005    0.132244579343E-003
    0.573020000000E+005    0.132536204017E-003
    0.573520000000E+005    0.132828097151E-003
    0.574020000000E+005    0.133120258393E-003
    0.574520000000E+005    0.133412687394E-003
    0.575020000000E+005    0.133705383800E-003
    0.575520000000E+005    0.133998347260E-003
    0.576020000000E+005    0.134291577422E-003
    0.576520000000E+005    0.134585073933E-003
    0.577020000000E+005    0.134878836441E-003
    0.577520000000E+005    0.135172864593E-003
    0.578020000000E+005    0.135467158035E-003
    0.578520000000E+005    0.135761716415E-003
    0.579020000000E+005    0.136056539378E-003
    0.579520000000E+005    0.136351626571E-003
    0.580020000000E+005    0.136646977640E-003
    0.580520000000E+005    0.136942592231E-003
    0.581020000000E+005    0.137238469988E-003
    0.581520000000E+005    0.137534610558E-003
    0.582020000000E+005    0.137831013586E-003
    0.582520000000E+005    0.138127678716E-003
    0.583020000000E+005    0.138424605593E-003
    0.583520000000E+005    0.138721793861E-003
    0.584020000000E+005    0.139019243165E-003
    0.584520000000E+005    0.139316953149E-003
    0.585020000000E+005    0.139614923457E-003
    0.585520000000E+005    0.139913153732E-003
    0.586020000000E+005    0.140211643617E-003
    0.586520000000E+005    0.140510392757E-003
    0.587020000000E+005    0.140809400793E-003
    0.587520000000E+005    0.141108667370E-003
    0.588020000000E+005    0.141408192129E-003
    0.588520000000E+005    0.141707974713E-003
    0.589020000000E+005    0.142008014764E-003
    0.589520000000E+005    0.142308311924E-003
    0.590020000000E+005    0.142608865836E-003
    0.590520000000E+005    0.142909676140E-003
    0.591020000000E+005    0.143210742479E-003
    0.591520000000E+005    0.143512064494E-003
    0.592020000000E+005    0.143813641826E-003
    0.592520000000E+005    0.144115474116E-003
    0.593020000000E+005    0.144417561005E-003
    0.593520000000E+005    0.144719902134E-003
    0.594020000000E+005    0.145022497142E-003
    0.594520000000E+005    0.145325345671E-003
    0.595020000000E+005    0.145628447360E-003
    0.595520000000E+005    0.145931801850E-003
    0.596020000000E+005    0.146235408780E-003
    0.596520000000E+005    0.146539267790E-003
    0.597020000000E+005    0.146843378520E-003
    0.597520000000E+005    0.147147740609E-003
    0.598020000000E+005    0.147452353695E-003
    0.598520000000E+005    0.147757217419E-003
    0.599020000000E+005    0.148062331419E-003
    0.599520000000E+005    0.148367695333E-003
    0.600020000000E+005    0.148673308801E-003
    0.600520000000E+005    0.148979171460E-003
    0.601020000000E+005    0.149285282949E-003
    0.601520000000E+005    0.149591642907E-003
    0.602020000000E+005    0.149898250971E-003
    0.602520000000E+005    0.150205106779E-003
    0.603020000000E+005    0.150512209969E-003
    0.603520000000E+005    0.150819560178E-003
    0.604020000000E+005    0.151127157044E-003
    0.604520000000E+005    0.151435000204E-003
    0.605020000000E+005    0.151743089296E-003
    0.605520000000E+005    0.152051423956E-003
    0.606020000000E+005    0.152360003822E-003
    0.606520000000E+005    0.152668828529E-003
    0.607020000000E+005    0.152977897716E-003
    0.607520000000E+005    0.153287211018E-003
    0.608020000000E+005    0.153596768072E-003
    0.608520000000E+005    0.153906568514E-003
    0.609020000000E+005    0.154216611981E-003
    0.609520000000E+005    0.154526898108E-003
    0.610020000000E+005    0.154837426532E-003
    0.610520000000E+005    0.155148196888E-003
    0.611020000000E+005    0.155459208813E-003
    0.611520000000E+005    0.155770461941E-003
    0.612020000000E+005    0.156081955908E-003
    0.612520000000E+005    0.156393690350E-003
    0.613020000000E+005    0.156705664902E-003
    0.613520000000E+005    0.157017879200E-003
    0.614020000000E+005    0.157330332878E-003
    0.614520000000E+005    0.157643025571E-003
    0.615020000000E+005    0.157955956914E-003
    0.615520000000E+005    0.158269126543E-003
    0.616020000000E+005    0.158582534092E-003
    0.616520000000E+005    0.158896179195E-003
    0.617020000000E+005    0.159210061487E-003
    0.617520000000E+005    0.159524180603E-003
    0.618020000000E+005    0.159838536176E-003
    0.618520000000E+005    0.160153127842E-003
    0.619020000000E+005    0.160467955234E-003
    0.619520000000E+005    0.160783017987E-003
    0.620020000000E+005    0.161098315734E-003
    0.620520000000E+005    0.161413848110E-003
    0.621020000000E+005    0.161729614747E-003
    0.621520000000E+005    0.162045615281E-003
    0.622020000000E+005    0.162361849345E-003
    0.622520000000E+005    0.162678316572E-003
    0.623020000000E+005    0.162995016596E-003
    0.623520000000E+005    0.163311949051E-003
    0.624020000000E+005    0.163629113569E-003
    0.624520000000E+005    0.163946509785E-003
    0.625020000000E+005    0.164264137331E-003
    0.625520000000E+005    0.164581995841E-003
    0.626020000000E+005    0.164900084948E-003
    0.626520000000E+005    0.165218404285E-003
    0.627020000000E+005    0.165536953485E-003
    0.627520000000E+005    0.165855732181E-003
    0.628020000000E+005    0.166174740006E-003
    0.628520000000E+005    0.166493976593E-003
    0.629020000000E+005    0.166813441574E-003
    0.629520000000E+005    0.167133134583E-003
    0.630020000000E+005    0.167453055252E-003
    0.630520000000E+005    0.167773203213E-003
    0.631020000000E+005    0.168093578100E-003
    0.631520000000E+005    0.168414179545E-003
    0.632020000000E+005    0.168735007180E-003
    0.632520000000E+005    0.169056060638E-003
    0.633020000000E+005    0.169377339551E-003
    0.633520000000E+005    0.169698843551E-003
    0.634020000000E+005    0.170020572272E-003
    0.634520000000E+005    0.170342525344E-003
    0.635020000000E+005    0.170664702402E-003
    0.635520000000E+005    0.170987103075E-003
    0.636020000000E+005    0.171309726998E-003
    0.636520000000E+005    0.171632573802E-003
    0.637020000000E+005    0.171955643119E-003
    0.637520000000E+005    0.172278934581E-003
    0.638020000000E+005    0.172602447820E-003
    0.638520000000E+005    0.172926182469E-003
    0.639020000000E+005    0.173250138159E-003
    0.639520000000E+005    0.173574314523E-003
    0.640020000000E+005    0.173898711191E-003
    0.640520000000E+005    0.174223327797E-003
    0.641020000000E+005    0.174548163972E-003
    0.641520000000E+005    0.174873219348E-003
    0.642020000000E+005    0.175198493556E-003
    0.642520000000E+005    0.175523986230E-003
    0.643020000000E+005    0.175849697000E-003
    0.643520000000E+005    0.176175625498E-003
    0.644020000000E+005    0.176501771357E-003
    0.644520000000E+005    0.176828134208E-003
    0.645020000000E+005    0.177154713682E-003
    0.645520000000E+005    0.177481509412E-003
    0.646020000000E+005    0.177808521029E-003
    0.646520000000E+005    0.178135748165E-003
    0.647020000000E+005    0.178463190453E-003
    0.647520000000E+005    0.178790847523E-003
    0.648020000000E+005    0.179118719007E-003
    0.648520000000E+005    0.179446804537E-003
    0.649020000000E+005    0.179775103745E-003
    0.649520000000E+005    0.180103616263E-003
    0.650020000000E+005    0.180432341723E-003
    0.650520000000E+005    0.180761279755E-003
    0.651020000000E+005    0.181090429993E-003
    0.651520000000E+005    0.181419792067E-003
    0.652020000000E+005    0.181749365609E-003
    0.652520000000E+005    0.182079150252E-003
    0.653020000000E+005    0.182409145627E-003
    0.653520000000E+005    0.182739351366E-003
    0.654020000000E+005    0.183069767101E-003
    0.654520000000E+005    0.183400392463E-003
    0.655020000000E+005    0.183731227085E-003
    0.655520000000E+005    0.184062270598E-003
    0.656020000000E+005    0.184393522634E-003
    0.656520000000E+005    0.184724982825E-003
    0.657020000000E+005    0.185056650804E-003
    0.657520000000E+005    0.185388526201E-003
    0.658020000000E+005    0.185720608649E-003
    0.658520000000E+005    0.186052897780E-003
    0.659020000000E+005    0.186385393226E-003
    0.659520000000E+005    0.186718094619E-003
    0.660020000000E+005    0.187051001592E-003
    0.660520000000E+005    0.187384113775E-003
    0.661020000000E+005    0.187717430802E-003
    0.661520000000E+005    0.188050952304E-003
    0.662020000000E+005    0.188384677914E-003
    0.662520000000E+005    0.188718607264E-003
    0.663020000000E+005    0.189052739986E-003
    0.663520000000E+005    0.189387075712E-003
    0.664020000000E+005    0.189721614076E-003
    0.664520000000E+005    0.190056354708E-003
    0.665020000000E+005    0.190391297243E-003
    0.665520000000E+005    0.190726441311E-003
    0.666020000000E+005    0.191061786546E-003
    0.666520000000E+005    0.191397332580E-003
    0.667020000000E+005    0.191733079046E-003
    0.667520000000E+005    0.192069025576E-003
    0.668020000000E+005    0.192405171803E-003
    0.668520000000E+005    0.192741517360E-003
    0.669020000000E+005    0.193078061879E-003
    0.669520000000E+005    0.193414804993E-003
    0.670020000000E+005    0.193751746336E-003
    0.670520000000E+005    0.194088885540E-003
    0.671020000000E+005    0.194426222238E-003
    0.671520000000E+005    0.194763756063E-003
    0.672020000000E+005    0.195101486649E-003
    0.672520000000E+005    0.195439413627E-003
    0.673020000000E+005    0.195777536633E-003
    0.673520000000E+005    0.196115855298E-003
    0.674020000000E+005    0.196454369256E-003
    0.674520000000E+005    0.196793078141E-003
    0.675020000000E+005    0.197131981585E-003
    0.675520000000E+005    0.197471079223E-003
    0.676020000000E+005    0.197810370688E-003
    0.676520000000E+005    0.198149855614E-003
    0.677020000000E+005    0.198489533634E-003
    0.677520000000E+005    0.198829404382E-003
    0.678020000000E+005    0.199169467492E-003
    0.678520000000E+005    0.199509722598E-003
    0.679020000000E+005    0.199850169334E-003
    0.679520000000E+005    0.200190807333E-003
    0.680020000000E+005    0.200531636230E-003
    0.680520000000E+005    0.200872655660E-003
    0.681020000000E+005    0.201213865256E-003
    0.681520000000E+005    0.201555264652E-003
    0.682020000000E+005    0.201896853484E-003
    0.682520000000E+005    0.202238631385E-003
    0.683020000000E+005    0.202580597991E-003
    0.683520000000E+005    0.202922752935E-003
    0.684020000000E+005    0.203265095853E-003
    0.684520000000E+005    0.203607626379E-003
    0.685020000000E+005    0.203950344149E-003
    0.685520000000E+005    0.204293248796E-003
    0.686020000000E+005    0.204636339957E-003
    0.686520000000E+005    0.204979617267E-003
    0.687020000000E+005    0.205323080360E-003
    0.687520000000E+005    0.205666728872E-003
    0.688020000000E+005    0.206010562438E-003
    0.688520000000E+005    0.206354580695E-003
    0.689020000000E+005    0.206698783276E-003
    0.689520000000E+005    0.207043169819E-003
    0.690020000000E+005    0.207387739959E-003
    0.690520000000E+005    0.207732493331E-003
    0.691020000000E+005    0.208077429572E-003
    0.691520000000E+005    0.208422548318E-003
    0.692020000000E+005    0.208767849205E-003
    0.692520000000E+005    0.209113331869E-003
    0.693020000000E+005    0.209458995947E-003
    0.693520000000E+005    0.209804841074E-003
    0.694020000000E+005    0.210150866888E-003
    0.694520000000E+005    0.210497073025E-003
    0.695020000000E+005    0.210843459122E-003
    0.695520000000E+005    0.211190024815E-003
    0.696020000000E+005    0.211536769742E-003
    0.696520000000E+005    0.211883693540E-003
    0.697020000000E+005    0.212230795846E-003
    0.697520000000E+005    0.212578076296E-003
    0.698020000000E+005    0.212925534530E-003
    0.698520000000E+005    0.213273170183E-003
    0.699020000000E+005    0.213620982893E-003
    0.699520000000E+005    0.213968972299E-003
    0.700020000000E+005    0.214317138038E-003
    0.700520000000E+005    0.214665479748E-003
    0.701020000000E+005    0.215013997067E-003
    0.701520000000E+005    0.215362689633E-003
    0.702020000000E+005    0.215711557084E-003
    0.702520000000E+005    0.216060599060E-003
    0.703020000000E+005    0.216409815197E-003
    0.703520000000E+005    0.216759205135E-003
    0.704020000000E+005    0.217108768513E-003
    0.704520000000E+005    0.217458504969E-003
    0.705020000000E+005    0.217808414143E-003
    0.705520000000E+005    0.218158495673E-003
    0.706020000000E+005    0.218508749199E-003
    0.706520000000E+005    0.218859174359E-003
    0.707020000000E+005    0.219209770795E-003
    0.707520000000E+005    0.219560538144E-003
    0.708020000000E+005    0.219911476047E-003
    0.708520000000E+005    0.220262584143E-003
    0.709020000000E+005    0.220613862073E-003
    0.709520000000E+005    0.220965309476E-003
    0.710020000000E+005    0.221316925993E-003
    0.710520000000E+005    0.221668711265E-003
    0.711020000000E+005    0.222020664930E-003
    0.711520000000E+005    0.222372786631E-003
    0.712020000000E+005    0.222725076008E-003
    0.712520000000E+005    0.223077532701E-003
    0.713020000000E+005    0.223430156353E-003
    0.713520000000E+005    0.223782946603E-003
    0.714020000000E+005    0.224135903093E-003
    0.714520000000E+005    0.224489025464E-003
    0.715020000000E+005    0.224842313358E-003
    0.715520000000E+005    0.225195766417E-003
    0.716020000000E+005    0.225549384283E-003
    0.716520000000E+005    0.225903166597E-003
    0.717020000000E+005    0.226257113001E-003
    0.717520000000E+005    0.226611223138E-003
    0.718020000000E+005    0.226965496650E-003
    0.718520000000E+005    0.227319933179E-003
    0.719020000000E+005    0.227674532369E-003
    0.719520000000E+005    0.228029293861E-003
    0.720020000000E+005    0.228384217300E-003
    0.720520000000E+005    0.228739302327E-003
    0.721020000000E+005    0.229094548586E-003
    0.721520000000E+005    0.229449955721E-003
    0.722020000000E+005    0.229805523375E-003
    0.722520000000E+005    0.230161251192E-003
    0.723020000000E+005    0.230517138815E-003
    0.723520000000E+005    0.230873185888E-003
    0.724020000000E+005    0.231229392056E-003
    0.724520000000E+005    0.231585756963E-003
    0.725020000000E+005    0.231942280253E-003
    0.725520000000E+005    0.232298961570E-003
    0.726020000000E+005    0.232655800560E-003
    0.726520000000E+005    0.233012796867E-003
    0.727020000000E+005    0.233369950137E-003
    0.727520000000E+005    0.233727260014E-003
    0.728020000000E+005    0.234084726144E-003
    0.728520000000E+005    0.234442348172E-003
    0.729020000000E+005    0.234800125744E-003
    0.729520000000E+005    0.235158058506E-003
    0.730020000000E+005    0.235516146103E-003
    0.730520000000E+005    0.235874388182E-003
    0.731020000000E+005    0.236232784389E-003
    0.731520000000E+005    0.236591334371E-003
    0.732020000000E+005    0.236950037774E-003
    0.732520000000E+005    0.237308894244E-003
    0.733020000000E+005    0.237667903429E-003
    0.733520000000E+005    0.238027064976E-003
    0.734020000000E+005    0.238386378532E-003
    0.734520000000E+005    0.238745843744E-003
    0.735020000000E+005    0.239105460261E-003
    0.735520000000E+005    0.239465227729E-003
    0.736020000000E+005    0.239825145797E-003
    0.736520000000E+005    0.240185214112E-003
    0.737020000000E+005    0.240545432324E-003
    0.737520000000E+005    0.240905800079E-003
    0.738020000000E+005    0.241266317028E-003
    0.738520000000E+005    0.241626982818E-003
    0.739020000000E+005    0.241987797099E-003
    0.739520000000E+005    0.242348759520E-003
    0.740020000000E+005    0.242709869730E-003
    0.740520000000E+005    0.243071127377E-003
    0.741020000000E+005    0.243432532113E-003
    0.741520000000E+005    0.243794083587E-003
    0.742020000000E+005    0.244155781448E-003
    0.742520000000E+005    0.244517625347E-003
    0.743020000000E+005    0.244879614934E-003
    0.743520000000E+005    0.245241749860E-003
    0.744020000000E+005    0.245604029774E-003
    0.744520000000E+005    0.245966454329E-003
    0.745020000000E+005    0.246329023175E-003
    0.745520000000E+005    0.246691735963E-003
    0.746020000000E+005    0.247054592345E-003
    0.746520000000E+005    0.247417591972E-003
    0.747020000000E+005    0.247780734495E-003
    0.747520000000E+005    0.248144019568E-003
    0.748020000000E+005    0.248507446841E-003
    0.748520000000E+005    0.248871015967E-003
    0.749020000000E+005    0.249234726599E-003
    0.749520000000E+005    0.249598578389E-003
    0.750020000000E+005    0.249962570990E-003
    0.750520000000E+005    0.250326704055E-003
    0.751020000000E+005    0.250690977237E-003
    0.751520000000E+005    0.251055390189E-003
    0.752020000000E+005    0.251419942566E-003
    0.752520000000E+005    0.251784634020E-003
    0.753020000000E+005    0.252149464206E-003
    0.753520000000E+005    0.252514432778E-003
    0.754020000000E+005    0.252879539391E-003
    0.754520000000E+005    0.253244783697E-003
    0.755020000000E+005    0.253610165354E-003
    0.755520000000E+005    0.253975684014E-003
    0.756020000000E+005    0.254341339334E-003
    0.756520000000E+005    0.254707130968E-003
    0.757020000000E+005    0.255073058572E-003
    0.757520000000E+005    0.255439121801E-003
    0.758020000000E+005    0.255805320313E-003
    0.758520000000E+005    0.256171653761E-003
    0.759020000000E+005    0.256538121803E-003
    0.759520000000E+005    0.256904724096E-003
    0.760020000000E+005    0.257271460294E-003
    0.760520000000E+005    0.257638330057E-003
    0.761020000000E+005    0.258005333040E-003
    0.761520000000E+005    0.258372468900E-003
    0.762020000000E+005    0.258739737296E-003
    0.762520000000E+005    0.259107137884E-003
    0.763020000000E+005    0.259474670322E-003
    0.763520000000E+005    0.259842334269E-003
    0.764020000000E+005    0.260210129383E-003
    0.764520000000E+005    0.260578055321E-003
    0.765020000000E+005    0.260946111743E-003
    0.765520000000E+005    0.261314298307E-003
    0.766020000000E+005    0.261682614673E-003
    0.766520000000E+005    0.262051060499E-003
    0.767020000000E+005    0.262419635445E-003
    0.767520000000E+005    0.262788339170E-003
    0.768020000000E+005    0.263157171334E-003
    0.768520000000E+005    0.263526131598E-003
    0.769020000000E+005    0.263895219621E-003
    0.769520000000E+005    0.264264435064E-003
    0.770020000000E+005    0.264633777587E-003
    0.770520000000E+005    0.265003246852E-003
    0.771020000000E+005    0.265372842519E-003
    0.771520000000E+005    0.265742564249E-003
    0.772020000000E+005    0.266112411704E-003
    0.772520000000E+005    0.266482384546E-003
    0.773020000000E+005    0.266852482436E-003
    0.773520000000E+005    0.267222705036E-003
    0.774020000000E+005    0.267593052010E-003
    0.774520000000E+005    0.267963523018E-003
    0.775020000000E+005    0.268334117724E-003
    0.775520000000E+005    0.268704835791E-003
    0.776020000000E+005    0.269075676882E-003
    0.776520000000E+005    0.269446640659E-003
    0.777020000000E+005    0.269817726788E-003
    0.777520000000E+005    0.270188934931E-003
    0.778020000000E+005    0.270560264752E-003
    0.778520000000E+005    0.270931715915E-003
    0.779020000000E+005    0.271303288086E-003
    0.779520000000E+005    0.271674980928E-003
    0.780020000000E+005    0.272046794106E-003
    0.780520000000E+005    0.272418727285E-003
    0.781020000000E+005    0.272790780131E-003
    0.781520000000E+005    0.273162952309E-003
    0.782020000000E+005    0.273535243484E-003
    0.782520000000E+005    0.273907653323E-003
    0.783020000000E+005    0.274280181491E-003
    0.783520000000E+005    0.274652827655E-003
    0.784020000000E+005    0.275025591482E-003
    0.784520000000E+005    0.275398472638E-003
    0.785020000000E+005    0.275771470789E-003
    0.785520000000E+005    0.276144585604E-003
    0.786020000000E+005    0.276517816750E-003
    0.786520000000E+005    0.276891163893E-003
    0.787020000000E+005    0.277264626703E-003
    0.787520000000E+005    0.277638204847E-003
    0.788020000000E+005    0.278011897994E-003
    0.788520000000E+005    0.278385705811E-003
    0.789020000000E+005    0.278759627968E-003
    0.789520000000E+005    0.279133664134E-003
    0.790020000000E+005    0.279507813977E-003
    0.790520000000E+005    0.279882077168E-003
    0.791020000000E+005    0.280256453375E-003
    0.791520000000E+005    0.280630942269E-003
    0.792020000000E+005    0.281005543519E-003
    0.792520000000E+005    0.281380256797E-003
    0.793020000000E+005    0.281755081771E-003
    0.793520000000E+005    0.282130018114E-003
    0.794020000000E+005    0.282505065496E-003
    0.794520000000E+005    0.282880223588E-003
    0.795020000000E+005    0.283255492062E-003
    0.795520000000E+005    0.283630870589E-003
    0.796020000000E+005    0.284006358841E-003
    0.796520000000E+005    0.284381956491E-003
    0.797020000000E+005    0.284757663210E-003
    0.797520000000E+005    0.285133478671E-003
    0.798020000000E+005    0.285509402547E-003
    0.798520000000E+005    0.285885434511E-003
    0.799020000000E+005    0.286261574236E-003
    0.799520000000E+005    0.286637821396E-003
    0.800020000000E+005    0.287014175663E-003
    0.800520000000E+005    0.287390636713E-003
    0.801020000000E+005    0.287767204219E-003
    0.801520000000E+005    0.288143877856E-003
    0.802020000000E+005    0.288520657298E-003
    0.802520000000E+005    0.288897542220E-003
    0.803020000000E+005    0.289274532297E-003
    0.803520000000E+005    0.289651627205E-003
    0.804020000000E+005    0.290028826618E-003
    0.804520000000E+005    0.290406130214E-003
    0.805020000000E+005    0.290783537667E-003
    0.805520000000E+005    0.291161048654E-003
    0.806020000000E+005    0.291538662851E-003
    0.806520000000E+005    0.291916379935E-003
    0.807020000000E+005    0.292294199584E-003
    0.807520000000E+005    0.292672121474E-003
    0.808020000000E+005    0.293050145282E-003
    0.808520000000E+005    0.293428270687E-003
    0.809020000000E+005    0.293806497365E-003
    0.809520000000E+005    0.294184824996E-003
    0.810020000000E+005    0.294563253258E-003
    0.810520000000E+005    0.294941781828E-003
    0.811020000000E+005    0.295320410387E-003
    0.811520000000E+005    0.295699138612E-003
    0.812020000000E+005    0.296077966184E-003
    0.812520000000E+005    0.296456892781E-003
    0.813020000000E+005    0.296835918084E-003
    0.813520000000E+005    0.297215041773E-003
    0.814020000000E+005    0.297594263527E-003
    0.814520000000E+005    0.297973583028E-003
    0.815020000000E+005    0.298352999956E-003
    0.815520000000E+005    0.298732513991E-003
    0.816020000000E+005    0.299112124816E-003
    0.816520000000E+005    0.299491832111E-003
    0.817020000000E+005    0.299871635559E-003
    0.817520000000E+005    0.300251534841E-003
    0.818020000000E+005    0.300631529639E-003
    0.818520000000E+005    0.301011619635E-003
    0.819020000000E+005    0.301391804514E-003
    0.819520000000E+005    0.301772083956E-003
    0.820020000000E+005    0.302152457645E-003
    0.820520000000E+005    0.302532925266E-003
    0.821020000000E+005    0.302913486501E-003
    0.821520000000E+005    0.303294141033E-003
    0.822020000000E+005    0.303674888548E-003
    0.822520000000E+005    0.304055728730E-003
    0.823020000000E+005    0.304436661263E-003
    0.823520000000E+005    0.304817685832E-003
    0.824020000000E+005    0.305198802121E-003
    0.824520000000E+005    0.305580009818E-003
    0.825020000000E+005    0.305961308606E-003
    0.825520000000E+005    0.306342698171E-003
    0.826020000000E+005    0.306724178201E-003
    0.826520000000E+005    0.307105748380E-003
    0.827020000000E+005    0.307487408396E-003
    0.827520000000E+005    0.307869157936E-003
    0.828020000000E+005    0.308250996685E-003
    0.828520000000E+005    0.308632924333E-003
    0.829020000000E+005    0.309014940565E-003
    0.829520000000E+005    0.309397045070E-003
    0.830020000000E+005    0.309779237537E-003
    0.830520000000E+005    0.310161517652E-003
    0.831020000000E+005    0.310543885105E-003
    0.831520000000E+005    0.310926339584E-003
    0.832020000000E+005    0.311308880779E-003
    0.832520000000E+005    0.311691508379E-003
    0.833020000000E+005    0.312074222072E-003
    0.833520000000E+005    0.312457021550E-003
    0.834020000000E+005    0.312839906501E-003
    0.834520000000E+005    0.313222876616E-003
    0.835020000000E+005    0.313605931586E-003
    0.835520000000E+005    0.313989071102E-003
    0.836020000000E+005    0.314372294853E-003
    0.836520000000E+005    0.314755602532E-003
    0.837020000000E+005    0.315138993831E-003
    0.837520000000E+005    0.315522468440E-003
    0.838020000000E+005    0.315906026051E-003
    0.838520000000E+005    0.316289666358E-003
    0.839020000000E+005    0.316673389052E-003
    0.839520000000E+005    0.317057193826E-003
    0.840020000000E+005    0.317441080374E-003
    0.840520000000E+005    0.317825048388E-003
    0.841020000000E+005    0.318209097562E-003
    0.841520000000E+005    0.318593227589E-003
    0.842020000000E+005    0.318977438165E-003
    0.842520000000E+005    0.319361728982E-003
    0.843020000000E+005    0.319746099735E-003
    0.843520000000E+005    0.320130550120E-003
    0.844020000000E+005    0.320515079831E-003
    0.844520000000E+005    0.320899688563E-003
    0.845020000000E+005    0.321284376013E-003
    0.845520000000E+005    0.321669141875E-003
    0.846020000000E+005    0.322053985845E-003
    0.846520000000E+005    0.322438907621E-003
    0.847020000000E+005    0.322823906898E-003
    0.847520000000E+005    0.323208983373E-003
    0.848020000000E+005    0.323594136744E-003
    0.848520000000E+005    0.323979366707E-003
    0.849020000000E+005    0.324364672961E-003
    0.849520000000E+005    0.324750055202E-003
    0.850020000000E+005    0.325135513130E-003
    0.850520000000E+005    0.325521046441E-003
    0.851020000000E+005    0.325906654836E-003
    0.851520000000E+005    0.326292338012E-003
    0.852020000000E+005    0.326678095669E-003
    0.852520000000E+005    0.327063927506E-003
    0.853020000000E+005    0.327449833223E-003
    0.853520000000E+005    0.327835812519E-003
    0.854020000000E+005    0.328221865094E-003
    0.854520000000E+005    0.328607990650E-003
    0.855020000000E+005    0.328994188886E-003
    0.855520000000E+005    0.329380459504E-003
    0.856020000000E+005    0.329766802204E-003
    0.856520000000E+005    0.330153216688E-003
    0.857020000000E+005    0.330539702657E-003
    0.857520000000E+005    0.330926259814E-003
    0.858020000000E+005    0.331312887860E-003
    0.858520000000E+005    0.331699586499E-003
    0.859020000000E+005    0.332086355432E-003
    0.859520000000E+005    0.332473194363E-003
    0.860020000000E+005    0.332860102994E-003
    0.860520000000E+005    0.333247081029E-003
    0.861020000000E+005    0.333634128173E-003
    0.861520000000E+005    0.334021244128E-003
    0.862020000000E+005    0.334408428599E-003
    0.862520000000E+005    0.334795681291E-003
    0.863020000000E+005    0.335183001908E-003
    0.863520000000E+005    0.335570390155E-003
    0.864020000000E+005    0.335957845738E-003
    0.864520000000E+005    0.336345368362E-003
    0.865020000000E+005    0.336732957732E-003
    0.865520000000E+005    0.337120613556E-003
    0.866020000000E+005    0.337508335538E-003
    0.866520000000E+005    0.337896123386E-003
    0.867020000000E+005    0.338283976806E-003
    0.867520000000E+005    0.338671895506E-003
    0.868020000000E+005    0.339059879192E-003
    0.868520000000E+005    0.339447927573E-003
    0.869020000000E+005    0.339836040357E-003
    0.869520000000E+005    0.340224217250E-003
    0.870020000000E+005    0.340612457962E-003
    0.870520000000E+005    0.341000762202E-003
    0.871020000000E+005    0.341389129678E-003
    0.871520000000E+005    0.341777560099E-003
    0.872020000000E+005    0.342166053175E-003
    0.872520000000E+005    0.342554608615E-003
    0.873020000000E+005    0.342943226130E-003
    0.873520000000E+005    0.343331905430E-003
    0.874020000000E+005    0.343720646224E-003
    0.874520000000E+005    0.344109448224E-003
    0.875020000000E+005    0.344498311141E-003
    0.875520000000E+005    0.344887234686E-003
    0.876020000000E+005    0.345276218570E-003
    0.876520000000E+005    0.345665262505E-003
    0.877020000000E+005    0.346054366204E-003
    0.877520000000E+005    0.346443529378E-003
    0.878020000000E+005    0.346832751741E-003
    0.878520000000E+005    0.347222033004E-003
    0.879020000000E+005    0.347611372881E-003
    0.879520000000E+005    0.348000771086E-003
    0.880020000000E+005    0.348390227331E-003
    0.880520000000E+005    0.348779741332E-003
    0.881020000000E+005    0.349169312801E-003
    0.881520000000E+005    0.349558941453E-003
    0.882020000000E+005    0.349948627003E-003
    0.882520000000E+005    0.350338369167E-003
    0.883020000000E+005    0.350728167658E-003
    0.883520000000E+005    0.351118022192E-003
    0.884020000000E+005    0.351507932486E-003
    0.884520000000E+005    0.351897898255E-003
    0.885020000000E+005    0.352287919216E-003
    0.885520000000E+005    0.352677995084E-003
    0.886020000000E+005    0.353068125577E-003
    0.886520000000E+005    0.353458310411E-003
    0.887020000000E+005    0.353848549304E-003
    0.887520000000E+005    0.354238841974E-003
    0.888020000000E+005    0.354629188138E-003
    0.888520000000E+005    0.355019587515E-003
    0.889020000000E+005    0.355410039822E-003
    0.889520000000E+005    0.355800544778E-003
    0.890020000000E+005    0.356191102103E-003
    0.890520000000E+005    0.356581711515E-003
    0.891020000000E+005    0.356972372733E-003
    0.891520000000E+005    0.357363085478E-003
    0.892020000000E+005    0.357753849470E-003
    0.892520000000E+005    0.358144664427E-003
    0.893020000000E+005    0.358535530072E-003
    0.893520000000E+005    0.358926446124E-003
    0.894020000000E+005    0.359317412305E-003
    0.894520000000E+005    0.359708428336E-003
    0.895020000000E+005    0.360099493938E-003
    0.895520000000E+005    0.360490608834E-003
    0.896020000000E+005    0.360881772744E-003
    0.896520000000E+005    0.361272985392E-003
    0.897020000000E+005    0.361664246501E-003
    0.897520000000E+005    0.362055555792E-003
    0.898020000000E+005    0.362446912989E-003
    0.898520000000E+005    0.362838317816E-003
    0.899020000000E+005    0.363229769995E-003
    0.899520000000E+005    0.363621269252E-003
    0.900020000000E+005    0.364012815310E-003
    0.900520000000E+005    0.364404407893E-003
    0.901020000000E+005    0.364796046726E-003
    0.901520000000E+005    0.365187731535E-003
    0.902020000000E+005    0.365579462044E-003
    0.902520000000E+005    0.365971237979E-003
    0.903020000000E+005    0.366363059066E-003
    0.903520000000E+005    0.366754925031E-003
    0.904020000000E+005    0.367146835599E-003
    0.904520000000E+005    0.367538790498E-003
    0.905020000000E+005    0.367930789454E-003
    0.905520000000E+005    0.368322832195E-003
    0.906020000000E+005    0.368714918448E-003
    0.906520000000E+005    0.369107047940E-003
    0.907020000000E+005    0.369499220399E-003
    0.907520000000E+005    0.369891435554E-003
    0.908020000000E+005    0.370283693132E-003
    0.908520000000E+005    0.370675992863E-003
    0.909020000000E+005    0.371068334476E-003
    0.909520000000E+005    0.371460717699E-003
    0.910020000000E+005    0.371853142263E-003
    0.910520000000E+005    0.372245607897E-003
    0.911020000000E+005    0.372638114330E-003
    0.911520000000E+005    0.373030661294E-003
    0.912020000000E+005    0.373423248518E-003
    0.912520000000E+005    0.373815875734E-003
    0.913020000000E+005    0.374208542673E-003
    0.913520000000E+005    0.374601249065E-003
    0.914020000000E+005    0.374993994644E-003
    0.914520000000E+005    0.375386779139E-003
    0.915020000000E+005    0.375779602285E-003
    0.915520000000E+005    0.376172463812E-003
    0.916020000000E+005    0.376565363454E-003
    0.916520000000E+005    0.376958300944E-003
    0.917020000000E+005    0.377351276014E-003
    0.917520000000E+005    0.377744288399E-003
    0.918020000000E+005    0.378137337832E-003
    0.918520000000E+005    0.378530424047E-003
    0.919020000000E+005    0.378923546778E-003
    0.919520000000E+005    0.379316705761E-003
    0.920020000000E+005    0.379709900729E-003
    0.920520000000E+005    0.380103131417E-003
    0.921020000000E+005    0.380496397562E-003
    0.921520000000E+005    0.380889698898E-003
    0.922020000000E+005    0.381283035162E-003
    0.922520000000E+005    0.381676406090E-003
    0.923020000000E+005    0.382069811418E-003
    0.923520000000E+005    0.382463250882E-003
    0.924020000000E+005    0.382856724221E-003
    0.924520000000E+005    0.383250231170E-003
    0.925020000000E+005    0.383643771467E-003
    0.925520000000E+005    0.384037344851E-003
    0.926020000000E+005    0.384430951059E-003
    0.926520000000E+005    0.384824589829E-003
    0.927020000000E+005    0.385218260900E-003
    0.927520000000E+005    0.385611964011E-003
    0.928020000000E+005    0.386005698900E-003
    0.928520000000E+005    0.386399465308E-003
    0.929020000000E+005    0.386793262973E-003
    0.929520000000E+005    0.387187091636E-003
    0.930020000000E+005    0.387580951037E-003
    0.930520000000E+005    0.387974840916E-003
    0.931020000000E+005    0.388368761013E-003
    0.931520000000E+005    0.388762711071E-003
    0.932020000000E+005    0.389156690829E-003
    0.932520000000E+005    0.389550700029E-003
    0.933020000000E+005    0.389944738414E-003
    0.933520000000E+005    0.390338805725E-003
    0.934020000000E+005    0.390732901704E-003
    0.934520000000E+005    0.391127026094E-003
    0.935020000000E+005    0.391521178638E-003
    0.935520000000E+005    0.391915359078E-003
    0.936020000000E+005    0.392309567158E-003
    0.936520000000E+005    0.392703802623E-003
    0.937020000000E+005    0.393098065214E-003
    0.937520000000E+005    0.393492354678E-003
    0.938020000000E+005    0.393886670757E-003
    0.938520000000E+005    0.394281013197E-003
    0.939020000000E+005    0.394675381743E-003
    0.939520000000E+005    0.395069776140E-003
    0.940020000000E+005    0.395464196132E-003
    0.940520000000E+005    0.395858641467E-003
    0.941020000000E+005    0.396253111890E-003
    0.941520000000E+005    0.396647607147E-003
    0.942020000000E+005    0.397042126985E-003
    0.942520000000E+005    0.397436671150E-003
    0.943020000000E+005    0.397831239390E-003
    0.943520000000E+005    0.398225831452E-003
    0.944020000000E+005    0.398620447084E-003
    0.944520000000E+005    0.399015086032E-003
    0.945020000000E+005    0.399409748047E-003
    0.945520000000E+005    0.399804432875E-003
    0.946020000000E+005    0.400199140265E-003
    0.946520000000E+005    0.400593869967E-003
    0.947020000000E+005    0.400988621730E-003
    0.947520000000E+005    0.401383395302E-003
    0.948020000000E+005    0.401778190435E-003
    0.948520000000E+005    0.402173006877E-003
    0.949020000000E+005    0.402567844379E-003
    0.949520000000E+005    0.402962702691E-003
    0.950020000000E+005    0.403357581565E-003
    0.950520000000E+005    0.403752480751E-003
    0.951020000000E+005    0.404147400000E-003
    0.951520000000E+005    0.404542339065E-003
    0.952020000000E+005    0.404937297696E-003
    0.952520000000E+005    0.405332275647E-003
    0.953020000000E+005    0.405727272669E-003
    0.953520000000E+005    0.406122288515E-003
    0.954020000000E+005    0.406517322938E-003
    0.954520000000E+005    0.406912375691E-003
    0.955020000000E+005    0.407307446527E-003
    0.955520000000E+005    0.407702535201E-003
    0.956020000000E+005    0.408097641466E-003
    0.956520000000E+005    0.408492765076E-003
    0.957020000000E+005    0.408887905786E-003
    0.957520000000E+005    0.409283063351E-003
    0.958020000000E+005    0.409678237525E-003
    0.958520000000E+005    0.410073428064E-003
    0.959020000000E+005    0.410468634724E-003
    0.959520000000E+005    0.410863857260E-003
    0.960020000000E+005    0.411259095428E-003
    0.960520000000E+005    0.411654348984E-003
    0.961020000000E+005    0.412049617686E-003
    0.961520000000E+005    0.412444901290E-003
    0.962020000000E+005    0.412840199553E-003
    0.962520000000E+005    0.413235512233E-003
    0.963020000000E+005    0.413630839087E-003
    0.963520000000E+005    0.414026179873E-003
    0.964020000000E+005    0.414421534349E-003
    0.964520000000E+005    0.414816902274E-003
    0.965020000000E+005    0.415212283407E-003
    0.965520000000E+005    0.415607677506E-003
    0.966020000000E+005    0.416003084331E-003
    0.966520000000E+005    0.416398503641E-003
    0.967020000000E+005    0.416793935196E-003
    0.967520000000E+005    0.417189378756E-003
    0.968020000000E+005    0.417584834081E-003
    0.968520000000E+005    0.417980300932E-003
    0.969020000000E+005    0.418375779070E-003
    0.969520000000E+005    0.418771268255E-003
    0.970020000000E+005    0.419166768249E-003
    0.970520000000E+005    0.419562278814E-003
    0.971020000000E+005    0.419957799712E-003
    0.971520000000E+005    0.420353330704E-003
    0.972020000000E+005    0.420748871554E-003
    0.972520000000E+005    0.421144422023E-003
    0.973020000000E+005    0.421539981875E-003
    0.973520000000E+005    0.421935550872E-003
    0.974020000000E+005    0.422331128779E-003
    0.974520000000E+005    0.422726715359E-003
    0.975020000000E+005    0.423122310376E-003
    0.975520000000E+005    0.423517913594E-003
    0.976020000000E+005    0.423913524777E-003
    0.976520000000E+005    0.424309143692E-003
    0.977020000000E+005    0.424704770101E-003
    0.977520000000E+005    0.425100403771E-003
    0.978020000000E+005    0.425496044468E-003
    0.978520000000E+005    0.425891691957E-003
    0.979020000000E+005    0.426287346004E-003
    0.979520000000E+005    0.426683006375E-003
    0.980020000000E+005    0.427078672838E-003
    0.980520000000E+005    0.427474345158E-003
    0.981020000000E+005    0.427870023104E-003
    0.981520000000E+005    0.428265706442E-003
    0.982020000000E+005    0.428661394940E-003
    0.982520000000E+005    0.429057088366E-003
    0.983020000000E+005    0.429452786488E-003
    0.983520000000E+005    0.429848489074E-003
    0.984020000000E+005    0.430244195894E-003
    0.984520000000E+005    0.430639906716E-003
    0.985020000000E+005    0.431035621310E-003
    0.985520000000E+005    0.431431339444E-003
    0.986020000000E+005    0.431827060889E-003
    0.986520000000E+005    0.432222785415E-003
    0.987020000000E+005    0.432618512791E-003
    0.987520000000E+005    0.433014242789E-003
    0.988020000000E+005    0.433409975179E-003
    0.988520000000E+005    0.433805709732E-003
    0.989020000000E+005    0.434201446219E-003
    0.989520000000E+005    0.434597184412E-003
    0.990020000000E+005    0.434992924084E-003
    0.990520000000E+005    0.435388665004E-003
    0.991020000000E+005    0.435784406948E-003
    0.991520000000E+005    0.436180149686E-003
    0.992020000000E+005    0.436575892991E-003
    0.992520000000E+005    0.436971636637E-003
    0.993020000000E+005    0.437367380398E-003
    0.993520000000E+005    0.437763124046E-003
    0.994020000000E+005    0.438158867356E-003
    0.994520000000E+005    0.438554610101E-003
    0.995020000000E+005    0.438950352057E-003
    0.995520000000E+005    0.439346092997E-003
    0.996020000000E+005    0.439741832697E-003
    0.996520000000E+005    0.440137570933E-003
    0.997020000000E+005    0.440533307478E-003
    0.997520000000E+005    0.440929042110E-003
    0.998020000000E+005    0.441324774603E-003
    0.998520000000E+005    0.441720504735E-003
    0.999020000000E+005    0.442116232282E-003
    0.999520000000E+005    0.442511957020E-003
