TITLE = "0D Field KU"
VARIABLES = N ,"KU_Ha10Rem1Re10000"
ZONE DATAPACKING = POINT
    0.200000000000E+001    0.560151387005E-043
    0.520000000000E+002    0.229123863267E-023
    0.102000000000E+003    0.138502502712E-019
    0.152000000000E+003    0.751856902284E-018
    0.202000000000E+003    0.880008310002E-017
    0.252000000000E+003    0.497591538351E-016
    0.302000000000E+003    0.185973894745E-015
    0.352000000000E+003    0.534045538056E-015
    0.402000000000E+003    0.127983934651E-014
    0.452000000000E+003    0.269064199541E-014
    0.502000000000E+003    0.512480354076E-014
    0.552000000000E+003    0.903927075390E-014
    0.602000000000E+003    0.149951202936E-013
    0.652000000000E+003    0.236612027570E-013
    0.702000000000E+003    0.358167268834E-013
    0.752000000000E+003    0.523531324620E-013
    0.802000000000E+003    0.742752167217E-013
    0.852000000000E+003    0.102701661946E-012
    0.902000000000E+003    0.138865261033E-012
    0.952000000000E+003    0.184113021691E-012
    0.100200000000E+004    0.239906018673E-012
    0.105200000000E+004    0.307818497657E-012
    0.110200000000E+004    0.389536392537E-012
    0.115200000000E+004    0.486856092745E-012
    0.120200000000E+004    0.601683368753E-012
    0.125200000000E+004    0.736032139485E-012
    0.130200000000E+004    0.892023222486E-012
    0.135200000000E+004    0.107188325693E-011
    0.140200000000E+004    0.127794378223E-011
    0.145200000000E+004    0.151264003022E-011
    0.150200000000E+004    0.177850899733E-011
    0.155200000000E+004    0.207818736873E-011
    0.160200000000E+004    0.241441001629E-011
    0.165200000000E+004    0.279000870265E-011
    0.170200000000E+004    0.320791070892E-011
    0.175200000000E+004    0.367113761684E-011
    0.180200000000E+004    0.418280434213E-011
    0.185200000000E+004    0.474611819574E-011
    0.190200000000E+004    0.536437740749E-011
    0.195200000000E+004    0.604096902452E-011
    0.200200000000E+004    0.677936701966E-011
    0.205200000000E+004    0.758313103848E-011
    0.210200000000E+004    0.845590526771E-011
    0.215200000000E+004    0.940141728963E-011
    0.220200000000E+004    0.104234771788E-010
    0.225200000000E+004    0.115259767860E-010
    0.230200000000E+004    0.127128887983E-010
    0.235200000000E+004    0.139882651046E-010
    0.240200000000E+004    0.153562347814E-010
    0.245200000000E+004    0.168210025582E-010
    0.250200000000E+004    0.183868478545E-010
    0.255200000000E+004    0.200581238607E-010
    0.260200000000E+004    0.218392566881E-010
    0.265200000000E+004    0.237347447777E-010
    0.270200000000E+004    0.257491583294E-010
    0.275200000000E+004    0.278871382580E-010
    0.280200000000E+004    0.301533944665E-010
    0.285200000000E+004    0.325527040544E-010
    0.290200000000E+004    0.350899101562E-010
    0.295200000000E+004    0.377699212212E-010
    0.300200000000E+004    0.405977103092E-010
    0.305200000000E+004    0.435783145299E-010
    0.310200000000E+004    0.467168346732E-010
    0.315200000000E+004    0.500184346384E-010
    0.320200000000E+004    0.534883402278E-010
    0.325200000000E+004    0.571318374210E-010
    0.330200000000E+004    0.609542708828E-010
    0.335200000000E+004    0.649610431327E-010
    0.340200000000E+004    0.691576140208E-010
    0.345200000000E+004    0.735495002361E-010
    0.350200000000E+004    0.781422749885E-010
    0.355200000000E+004    0.829415677389E-010
    0.360200000000E+004    0.879530635088E-010
    0.365200000000E+004    0.931825015243E-010
    0.370200000000E+004    0.986356735951E-010
    0.375200000000E+004    0.104318422951E-009
    0.380200000000E+004    0.110236643682E-009
    0.385200000000E+004    0.116396280385E-009
    0.390200000000E+004    0.122803327869E-009
    0.395200000000E+004    0.129463831005E-009
    0.400200000000E+004    0.136383884431E-009
    0.405200000000E+004    0.143569631680E-009
    0.410200000000E+004    0.151027263741E-009
    0.415200000000E+004    0.158763017630E-009
    0.420200000000E+004    0.166783175547E-009
    0.425200000000E+004    0.175094064535E-009
    0.430200000000E+004    0.183702056272E-009
    0.435200000000E+004    0.192613566955E-009
    0.440200000000E+004    0.201835057213E-009
    0.445200000000E+004    0.211373031691E-009
    0.450200000000E+004    0.221234037993E-009
    0.455200000000E+004    0.231424665248E-009
    0.460200000000E+004    0.241951542939E-009
    0.465200000000E+004    0.252821340346E-009
    0.470200000000E+004    0.264040766376E-009
    0.475200000000E+004    0.275616569495E-009
    0.480200000000E+004    0.287555537729E-009
    0.485200000000E+004    0.299864498547E-009
    0.490200000000E+004    0.312550318259E-009
    0.495200000000E+004    0.325619900824E-009
    0.500200000000E+004    0.339080186518E-009
    0.505200000000E+004    0.352938151043E-009
    0.510200000000E+004    0.367200805208E-009
    0.515200000000E+004    0.381875194905E-009
    0.520200000000E+004    0.396968401160E-009
    0.525200000000E+004    0.412487540171E-009
    0.530200000000E+004    0.428439763081E-009
    0.535200000000E+004    0.444832255182E-009
    0.540200000000E+004    0.461672234658E-009
    0.545200000000E+004    0.478966951435E-009
    0.550200000000E+004    0.496723686560E-009
    0.555200000000E+004    0.514949752086E-009
    0.560200000000E+004    0.533652491168E-009
    0.565200000000E+004    0.552839278180E-009
    0.570200000000E+004    0.572517518730E-009
    0.575200000000E+004    0.592694649258E-009
    0.580200000000E+004    0.613378136073E-009
    0.585200000000E+004    0.634575474126E-009
    0.590200000000E+004    0.656294186084E-009
    0.595200000000E+004    0.678541821961E-009
    0.600200000000E+004    0.701325959168E-009
    0.605200000000E+004    0.724654202690E-009
    0.610200000000E+004    0.748534185235E-009
    0.615200000000E+004    0.772973567135E-009
    0.620200000000E+004    0.797980035764E-009
    0.625200000000E+004    0.823561304460E-009
    0.630200000000E+004    0.849725111411E-009
    0.635200000000E+004    0.876479218973E-009
    0.640200000000E+004    0.903831413521E-009
    0.645200000000E+004    0.931789505627E-009
    0.650200000000E+004    0.960361330283E-009
    0.655200000000E+004    0.989554747015E-009
    0.660200000000E+004    0.101937763963E-008
    0.665200000000E+004    0.104983791547E-008
    0.670200000000E+004    0.108094350427E-008
    0.675200000000E+004    0.111270235724E-008
    0.680200000000E+004    0.114512244664E-008
    0.685200000000E+004    0.117821176577E-008
    0.690200000000E+004    0.121197832928E-008
    0.695200000000E+004    0.124643017339E-008
    0.700200000000E+004    0.128157535586E-008
    0.705200000000E+004    0.131742195565E-008
    0.710200000000E+004    0.135397807194E-008
    0.715200000000E+004    0.139125182312E-008
    0.720200000000E+004    0.142925134605E-008
    0.725200000000E+004    0.146798479580E-008
    0.730200000000E+004    0.150746034591E-008
    0.735200000000E+004    0.154768618863E-008
    0.740200000000E+004    0.158867053515E-008
    0.745200000000E+004    0.163042161544E-008
    0.750200000000E+004    0.167294767770E-008
    0.755200000000E+004    0.171625698734E-008
    0.760200000000E+004    0.176035782607E-008
    0.765200000000E+004    0.180525849136E-008
    0.770200000000E+004    0.185096729645E-008
    0.775200000000E+004    0.189749257063E-008
    0.780200000000E+004    0.194484265952E-008
    0.785200000000E+004    0.199302592520E-008
    0.790200000000E+004    0.204205074593E-008
    0.795200000000E+004    0.209192551538E-008
    0.800200000000E+004    0.214265864164E-008
    0.805200000000E+004    0.219425854650E-008
    0.810200000000E+004    0.224673366511E-008
    0.815200000000E+004    0.230009244613E-008
    0.820200000000E+004    0.235434335209E-008
    0.825200000000E+004    0.240949485964E-008
    0.830200000000E+004    0.246555545953E-008
    0.835200000000E+004    0.252253365616E-008
    0.840200000000E+004    0.258043796673E-008
    0.845200000000E+004    0.263927692030E-008
    0.850200000000E+004    0.269905905727E-008
    0.855200000000E+004    0.275979292924E-008
    0.860200000000E+004    0.282148709928E-008
    0.865200000000E+004    0.288415014231E-008
    0.870200000000E+004    0.294779064526E-008
    0.875200000000E+004    0.301241720688E-008
    0.880200000000E+004    0.307803843717E-008
    0.885200000000E+004    0.314466295647E-008
    0.890200000000E+004    0.321229939465E-008
    0.895200000000E+004    0.328095639079E-008
    0.900200000000E+004    0.335064259323E-008
    0.905200000000E+004    0.342136665987E-008
    0.910200000000E+004    0.349313725857E-008
    0.915200000000E+004    0.356596306715E-008
    0.920200000000E+004    0.363985277311E-008
    0.925200000000E+004    0.371481507281E-008
    0.930200000000E+004    0.379085867074E-008
    0.935200000000E+004    0.386799227877E-008
    0.940200000000E+004    0.394622461605E-008
    0.945200000000E+004    0.402556440920E-008
    0.950200000000E+004    0.410602039266E-008
    0.955200000000E+004    0.418760130899E-008
    0.960200000000E+004    0.427031590874E-008
    0.965200000000E+004    0.435417294998E-008
    0.970200000000E+004    0.443918119750E-008
    0.975200000000E+004    0.452534942207E-008
    0.980200000000E+004    0.461268639995E-008
    0.985200000000E+004    0.470120091290E-008
    0.990200000000E+004    0.479090174850E-008
    0.995200000000E+004    0.488179770049E-008
    0.100020000000E+005    0.497389756894E-008
    0.100520000000E+005    0.506721015998E-008
    0.101020000000E+005    0.516174428521E-008
    0.101520000000E+005    0.525750876089E-008
    0.102020000000E+005    0.535451240731E-008
    0.102520000000E+005    0.545276404848E-008
    0.103020000000E+005    0.555227251236E-008
    0.103520000000E+005    0.565304663113E-008
    0.104020000000E+005    0.575509524154E-008
    0.104520000000E+005    0.585842718490E-008
    0.105020000000E+005    0.596305130671E-008
    0.105520000000E+005    0.606897645595E-008
    0.106020000000E+005    0.617621148436E-008
    0.106520000000E+005    0.628476524589E-008
    0.107020000000E+005    0.639464659668E-008
    0.107520000000E+005    0.650586439525E-008
    0.108020000000E+005    0.661842750292E-008
    0.108520000000E+005    0.673234478398E-008
    0.109020000000E+005    0.684762510556E-008
    0.109520000000E+005    0.696427733713E-008
    0.110020000000E+005    0.708231034978E-008
    0.110520000000E+005    0.720173301555E-008
    0.111020000000E+005    0.732255420708E-008
    0.111520000000E+005    0.744478279772E-008
    0.112020000000E+005    0.756842766182E-008
    0.112520000000E+005    0.769349767510E-008
    0.113020000000E+005    0.782000171466E-008
    0.113520000000E+005    0.794794865880E-008
    0.114020000000E+005    0.807734738633E-008
    0.114520000000E+005    0.820820677590E-008
    0.115020000000E+005    0.834053570547E-008
    0.115520000000E+005    0.847434305216E-008
    0.116020000000E+005    0.860963769238E-008
    0.116520000000E+005    0.874642850226E-008
    0.117020000000E+005    0.888472435785E-008
    0.117520000000E+005    0.902453413509E-008
    0.118020000000E+005    0.916586670940E-008
    0.118520000000E+005    0.930873095502E-008
    0.119020000000E+005    0.945313574438E-008
    0.119520000000E+005    0.959908994770E-008
    0.120020000000E+005    0.974660243298E-008
    0.120520000000E+005    0.989568206628E-008
    0.121020000000E+005    0.100463377121E-007
    0.121520000000E+005    0.101985782333E-007
    0.122020000000E+005    0.103524124915E-007
    0.122520000000E+005    0.105078493457E-007
    0.123020000000E+005    0.106648976524E-007
    0.123520000000E+005    0.108235662646E-007
    0.124020000000E+005    0.109838640318E-007
    0.124520000000E+005    0.111457998001E-007
    0.125020000000E+005    0.113093824122E-007
    0.125520000000E+005    0.114746207081E-007
    0.126020000000E+005    0.116415235251E-007
    0.126520000000E+005    0.118100996971E-007
    0.127020000000E+005    0.119803580544E-007
    0.127520000000E+005    0.121523074230E-007
    0.128020000000E+005    0.123259566240E-007
    0.128520000000E+005    0.125013144738E-007
    0.129020000000E+005    0.126783897840E-007
    0.129520000000E+005    0.128571913621E-007
    0.130020000000E+005    0.130377280112E-007
    0.130520000000E+005    0.132200085306E-007
    0.131020000000E+005    0.134040417147E-007
    0.131520000000E+005    0.135898363526E-007
    0.132020000000E+005    0.137774012278E-007
    0.132520000000E+005    0.139667451178E-007
    0.133020000000E+005    0.141578767938E-007
    0.133520000000E+005    0.143508050216E-007
    0.134020000000E+005    0.145455385614E-007
    0.134520000000E+005    0.147420861679E-007
    0.135020000000E+005    0.149404565906E-007
    0.135520000000E+005    0.151406585727E-007
    0.136020000000E+005    0.153427008507E-007
    0.136520000000E+005    0.155465921543E-007
    0.137020000000E+005    0.157523412056E-007
    0.137520000000E+005    0.159599567198E-007
    0.138020000000E+005    0.161694474054E-007
    0.138520000000E+005    0.163808219641E-007
    0.139020000000E+005    0.165940890914E-007
    0.139520000000E+005    0.168092574755E-007
    0.140020000000E+005    0.170263357974E-007
    0.140520000000E+005    0.172453327301E-007
    0.141020000000E+005    0.174662569383E-007
    0.141520000000E+005    0.176891170783E-007
    0.142020000000E+005    0.179139217984E-007
    0.142520000000E+005    0.181406797391E-007
    0.143020000000E+005    0.183693995332E-007
    0.143520000000E+005    0.186000898057E-007
    0.144020000000E+005    0.188327591735E-007
    0.144520000000E+005    0.190674162447E-007
    0.145020000000E+005    0.193040696182E-007
    0.145520000000E+005    0.195427278835E-007
    0.146020000000E+005    0.197833996207E-007
    0.146520000000E+005    0.200260934011E-007
    0.147020000000E+005    0.202708177870E-007
    0.147520000000E+005    0.205175813320E-007
    0.148020000000E+005    0.207663925808E-007
    0.148520000000E+005    0.210172600686E-007
    0.149020000000E+005    0.212701923206E-007
    0.149520000000E+005    0.215251978518E-007
    0.150020000000E+005    0.217822851666E-007
    0.150520000000E+005    0.220414627593E-007
    0.151020000000E+005    0.223027391143E-007
    0.151520000000E+005    0.225661227061E-007
    0.152020000000E+005    0.228316219995E-007
    0.152520000000E+005    0.230992454491E-007
    0.153020000000E+005    0.233690014989E-007
    0.153520000000E+005    0.236408985818E-007
    0.154020000000E+005    0.239149451193E-007
    0.154520000000E+005    0.241911495216E-007
    0.155020000000E+005    0.244695201877E-007
    0.155520000000E+005    0.247500655061E-007
    0.156020000000E+005    0.250327938543E-007
    0.156520000000E+005    0.253177135991E-007
    0.157020000000E+005    0.256048330959E-007
    0.157520000000E+005    0.258941606884E-007
    0.158020000000E+005    0.261857047080E-007
    0.158520000000E+005    0.264794734740E-007
    0.159020000000E+005    0.267754752936E-007
    0.159520000000E+005    0.270737184619E-007
    0.160020000000E+005    0.273742112625E-007
    0.160520000000E+005    0.276769619674E-007
    0.161020000000E+005    0.279819788365E-007
    0.161520000000E+005    0.282892701174E-007
    0.162020000000E+005    0.285988440449E-007
    0.162520000000E+005    0.289107088407E-007
    0.163020000000E+005    0.292248727134E-007
    0.163520000000E+005    0.295413438587E-007
    0.164020000000E+005    0.298601304597E-007
    0.164520000000E+005    0.301812406870E-007
    0.165020000000E+005    0.305046826984E-007
    0.165520000000E+005    0.308304646390E-007
    0.166020000000E+005    0.311585946405E-007
    0.166520000000E+005    0.314890808206E-007
    0.167020000000E+005    0.318219312833E-007
    0.167520000000E+005    0.321571541187E-007
    0.168020000000E+005    0.324947574032E-007
    0.168520000000E+005    0.328347492000E-007
    0.169020000000E+005    0.331771375588E-007
    0.169520000000E+005    0.335219305158E-007
    0.170020000000E+005    0.338691360934E-007
    0.170520000000E+005    0.342187622994E-007
    0.171020000000E+005    0.345708171273E-007
    0.171520000000E+005    0.349253085558E-007
    0.172020000000E+005    0.352822445490E-007
    0.172520000000E+005    0.356416330568E-007
    0.173020000000E+005    0.360034820149E-007
    0.173520000000E+005    0.363677993450E-007
    0.174020000000E+005    0.367345929542E-007
    0.174520000000E+005    0.371038707349E-007
    0.175020000000E+005    0.374756405643E-007
    0.175520000000E+005    0.378499103042E-007
    0.176020000000E+005    0.382266878010E-007
    0.176520000000E+005    0.386059808860E-007
    0.177020000000E+005    0.389877973756E-007
    0.177520000000E+005    0.393721450714E-007
    0.178020000000E+005    0.397590317598E-007
    0.178520000000E+005    0.401484652123E-007
    0.179020000000E+005    0.405404531844E-007
    0.179520000000E+005    0.409350034158E-007
    0.180020000000E+005    0.413321236303E-007
    0.180520000000E+005    0.417318215354E-007
    0.181020000000E+005    0.421341048231E-007
    0.181520000000E+005    0.425389811699E-007
    0.182020000000E+005    0.429464582364E-007
    0.182520000000E+005    0.433565436680E-007
    0.183020000000E+005    0.437692450937E-007
    0.183520000000E+005    0.441845701261E-007
    0.184020000000E+005    0.446025263611E-007
    0.184520000000E+005    0.450231213782E-007
    0.185020000000E+005    0.454463627401E-007
    0.185520000000E+005    0.458722579935E-007
    0.186020000000E+005    0.463008146686E-007
    0.186520000000E+005    0.467320402797E-007
    0.187020000000E+005    0.471659423246E-007
    0.187520000000E+005    0.476025282841E-007
    0.188020000000E+005    0.480418056220E-007
    0.188520000000E+005    0.484837817848E-007
    0.189020000000E+005    0.489284642019E-007
    0.189520000000E+005    0.493758602857E-007
    0.190020000000E+005    0.498259774316E-007
    0.190520000000E+005    0.502788230185E-007
    0.191020000000E+005    0.507344044083E-007
    0.191520000000E+005    0.511927289459E-007
    0.192020000000E+005    0.516538039585E-007
    0.192520000000E+005    0.521176367557E-007
    0.193020000000E+005    0.525842346291E-007
    0.193520000000E+005    0.530536048530E-007
    0.194020000000E+005    0.535257546840E-007
    0.194520000000E+005    0.540006913614E-007
    0.195020000000E+005    0.544784221074E-007
    0.195520000000E+005    0.549589541265E-007
    0.196020000000E+005    0.554422946054E-007
    0.196520000000E+005    0.559284507127E-007
    0.197020000000E+005    0.564174295990E-007
    0.197520000000E+005    0.569092383961E-007
    0.198020000000E+005    0.574038842184E-007
    0.198520000000E+005    0.579013741618E-007
    0.199020000000E+005    0.584017153049E-007
    0.199520000000E+005    0.589049147081E-007
    0.200020000000E+005    0.594109794140E-007
    0.200520000000E+005    0.599199164467E-007
    0.201020000000E+005    0.604317328114E-007
    0.201520000000E+005    0.609464354949E-007
    0.202020000000E+005    0.614640314652E-007
    0.202520000000E+005    0.619845276720E-007
    0.203020000000E+005    0.625079310466E-007
    0.203520000000E+005    0.630342485020E-007
    0.204020000000E+005    0.635634869330E-007
    0.204520000000E+005    0.640956532156E-007
    0.205020000000E+005    0.646307542070E-007
    0.205520000000E+005    0.651687967451E-007
    0.206020000000E+005    0.657097876488E-007
    0.206520000000E+005    0.662537337181E-007
    0.207020000000E+005    0.668006417341E-007
    0.207520000000E+005    0.673505184592E-007
    0.208020000000E+005    0.679033706374E-007
    0.208520000000E+005    0.684592049934E-007
    0.209020000000E+005    0.690180282330E-007
    0.209520000000E+005    0.695798470427E-007
    0.210020000000E+005    0.701446680891E-007
    0.210520000000E+005    0.707124980199E-007
    0.211020000000E+005    0.712833434630E-007
    0.211520000000E+005    0.718572110276E-007
    0.212020000000E+005    0.724341073036E-007
    0.212520000000E+005    0.730140388620E-007
    0.213020000000E+005    0.735970122544E-007
    0.213520000000E+005    0.741830340126E-007
    0.214020000000E+005    0.747721106489E-007
    0.214520000000E+005    0.753642486555E-007
    0.215020000000E+005    0.759594545051E-007
    0.215520000000E+005    0.765577346509E-007
    0.216020000000E+005    0.771590955264E-007
    0.216520000000E+005    0.777635435461E-007
    0.217020000000E+005    0.783710851047E-007
    0.217520000000E+005    0.789817265773E-007
    0.218020000000E+005    0.795954743188E-007
    0.218520000000E+005    0.802123346643E-007
    0.219020000000E+005    0.808323139286E-007
    0.219520000000E+005    0.814554184065E-007
    0.220020000000E+005    0.820816543732E-007
    0.220520000000E+005    0.827110280842E-007
    0.221020000000E+005    0.833435457752E-007
    0.221520000000E+005    0.839792136621E-007
    0.222020000000E+005    0.846180379405E-007
    0.222520000000E+005    0.852600247859E-007
    0.223020000000E+005    0.859051803533E-007
    0.223520000000E+005    0.865535107774E-007
    0.224020000000E+005    0.872050221727E-007
    0.224520000000E+005    0.878597206340E-007
    0.225020000000E+005    0.885176122359E-007
    0.225520000000E+005    0.891787030330E-007
    0.226020000000E+005    0.898429990597E-007
    0.226520000000E+005    0.905105063300E-007
    0.227020000000E+005    0.911812308372E-007
    0.227520000000E+005    0.918551785543E-007
    0.228020000000E+005    0.925323554333E-007
    0.228520000000E+005    0.932127674065E-007
    0.229020000000E+005    0.938964203857E-007
    0.229520000000E+005    0.945833202626E-007
    0.230020000000E+005    0.952734729084E-007
    0.230520000000E+005    0.959668841741E-007
    0.231020000000E+005    0.966635598897E-007
    0.231520000000E+005    0.973635058646E-007
    0.232020000000E+005    0.980667278873E-007
    0.232520000000E+005    0.987732317259E-007
    0.233020000000E+005    0.994830231279E-007
    0.233520000000E+005    0.100196107821E-006
    0.234020000000E+005    0.100912491511E-006
    0.234520000000E+005    0.101632179884E-006
    0.235020000000E+005    0.102355178607E-006
    0.235520000000E+005    0.103081493323E-006
    0.236020000000E+005    0.103811129657E-006
    0.236520000000E+005    0.104544093210E-006
    0.237020000000E+005    0.105280389565E-006
    0.237520000000E+005    0.106020024284E-006
    0.238020000000E+005    0.106763002907E-006
    0.238520000000E+005    0.107509330955E-006
    0.239020000000E+005    0.108259013927E-006
    0.239520000000E+005    0.109012057301E-006
    0.240020000000E+005    0.109768466536E-006
    0.240520000000E+005    0.110528247068E-006
    0.241020000000E+005    0.111291404312E-006
    0.241520000000E+005    0.112057943663E-006
    0.242020000000E+005    0.112827870495E-006
    0.242520000000E+005    0.113601190162E-006
    0.243020000000E+005    0.114377907996E-006
    0.243520000000E+005    0.115158029308E-006
    0.244020000000E+005    0.115941559390E-006
    0.244520000000E+005    0.116728503511E-006
    0.245020000000E+005    0.117518866919E-006
    0.245520000000E+005    0.118312654840E-006
    0.246020000000E+005    0.119109872482E-006
    0.246520000000E+005    0.119910525031E-006
    0.247020000000E+005    0.120714617651E-006
    0.247520000000E+005    0.121522155486E-006
    0.248020000000E+005    0.122333143658E-006
    0.248520000000E+005    0.123147587271E-006
    0.249020000000E+005    0.123965491403E-006
    0.249520000000E+005    0.124786861114E-006
    0.250020000000E+005    0.125611701442E-006
    0.250520000000E+005    0.126440017405E-006
    0.251020000000E+005    0.127271814000E-006
    0.251520000000E+005    0.128107096201E-006
    0.252020000000E+005    0.128945868964E-006
    0.252520000000E+005    0.129788137222E-006
    0.253020000000E+005    0.130633905886E-006
    0.253520000000E+005    0.131483179848E-006
    0.254020000000E+005    0.132335963977E-006
    0.254520000000E+005    0.133192263122E-006
    0.255020000000E+005    0.134052082111E-006
    0.255520000000E+005    0.134915425751E-006
    0.256020000000E+005    0.135782298828E-006
    0.256520000000E+005    0.136652706106E-006
    0.257020000000E+005    0.137526652329E-006
    0.257520000000E+005    0.138404142219E-006
    0.258020000000E+005    0.139285180476E-006
    0.258520000000E+005    0.140169771782E-006
    0.259020000000E+005    0.141057920795E-006
    0.259520000000E+005    0.141949632153E-006
    0.260020000000E+005    0.142844910472E-006
    0.260520000000E+005    0.143743760350E-006
    0.261020000000E+005    0.144646186361E-006
    0.261520000000E+005    0.145552193057E-006
    0.262020000000E+005    0.146461784972E-006
    0.262520000000E+005    0.147374966617E-006
    0.263020000000E+005    0.148291742481E-006
    0.263520000000E+005    0.149212117034E-006
    0.264020000000E+005    0.150136094724E-006
    0.264520000000E+005    0.151063679979E-006
    0.265020000000E+005    0.151994877203E-006
    0.265520000000E+005    0.152929690783E-006
    0.266020000000E+005    0.153868125082E-006
    0.266520000000E+005    0.154810184442E-006
    0.267020000000E+005    0.155755873185E-006
    0.267520000000E+005    0.156705195611E-006
    0.268020000000E+005    0.157658156000E-006
    0.268520000000E+005    0.158614758610E-006
    0.269020000000E+005    0.159575007679E-006
    0.269520000000E+005    0.160538907424E-006
    0.270020000000E+005    0.161506462040E-006
    0.270520000000E+005    0.162477675701E-006
    0.271020000000E+005    0.163452552559E-006
    0.271520000000E+005    0.164431096748E-006
    0.272020000000E+005    0.165413312379E-006
    0.272520000000E+005    0.166399203541E-006
    0.273020000000E+005    0.167388774304E-006
    0.273520000000E+005    0.168382028718E-006
    0.274020000000E+005    0.169378970808E-006
    0.274520000000E+005    0.170379604583E-006
    0.275020000000E+005    0.171383934026E-006
    0.275520000000E+005    0.172391963102E-006
    0.276020000000E+005    0.173403695755E-006
    0.276520000000E+005    0.174419135907E-006
    0.277020000000E+005    0.175438287459E-006
    0.277520000000E+005    0.176461154294E-006
    0.278020000000E+005    0.177487740271E-006
    0.278520000000E+005    0.178518049229E-006
    0.279020000000E+005    0.179552084987E-006
    0.279520000000E+005    0.180589851341E-006
    0.280020000000E+005    0.181631352067E-006
    0.280520000000E+005    0.182676590921E-006
    0.281020000000E+005    0.183725571638E-006
    0.281520000000E+005    0.184778297933E-006
    0.282020000000E+005    0.185834773497E-006
    0.282520000000E+005    0.186895002005E-006
    0.283020000000E+005    0.187958987108E-006
    0.283520000000E+005    0.189026732435E-006
    0.284020000000E+005    0.190098241598E-006
    0.284520000000E+005    0.191173518186E-006
    0.285020000000E+005    0.192252565766E-006
    0.285520000000E+005    0.193335387888E-006
    0.286020000000E+005    0.194421988078E-006
    0.286520000000E+005    0.195512369844E-006
    0.287020000000E+005    0.196606536671E-006
    0.287520000000E+005    0.197704492025E-006
    0.288020000000E+005    0.198806239350E-006
    0.288520000000E+005    0.199911782069E-006
    0.289020000000E+005    0.201021123588E-006
    0.289520000000E+005    0.202134267287E-006
    0.290020000000E+005    0.203251216530E-006
    0.290520000000E+005    0.204371974660E-006
    0.291020000000E+005    0.205496544996E-006
    0.291520000000E+005    0.206624930840E-006
    0.292020000000E+005    0.207757135472E-006
    0.292520000000E+005    0.208893162151E-006
    0.293020000000E+005    0.210033014117E-006
    0.293520000000E+005    0.211176694589E-006
    0.294020000000E+005    0.212324206765E-006
    0.294520000000E+005    0.213475553823E-006
    0.295020000000E+005    0.214630738921E-006
    0.295520000000E+005    0.215789765196E-006
    0.296020000000E+005    0.216952635766E-006
    0.296520000000E+005    0.218119353726E-006
    0.297020000000E+005    0.219289922153E-006
    0.297520000000E+005    0.220464344103E-006
    0.298020000000E+005    0.221642622611E-006
    0.298520000000E+005    0.222824760693E-006
    0.299020000000E+005    0.224010761345E-006
    0.299520000000E+005    0.225200627541E-006
    0.300020000000E+005    0.226394362237E-006
    0.300520000000E+005    0.227591968367E-006
    0.301020000000E+005    0.228793448845E-006
    0.301520000000E+005    0.229998806566E-006
    0.302020000000E+005    0.231208044404E-006
    0.302520000000E+005    0.232421165213E-006
    0.303020000000E+005    0.233638171827E-006
    0.303520000000E+005    0.234859067061E-006
    0.304020000000E+005    0.236083853709E-006
    0.304520000000E+005    0.237312534544E-006
    0.305020000000E+005    0.238545112322E-006
    0.305520000000E+005    0.239781589775E-006
    0.306020000000E+005    0.241021969619E-006
    0.306520000000E+005    0.242266254546E-006
    0.307020000000E+005    0.243514447233E-006
    0.307520000000E+005    0.244766550333E-006
    0.308020000000E+005    0.246022566481E-006
    0.308520000000E+005    0.247282498293E-006
    0.309020000000E+005    0.248546348363E-006
    0.309520000000E+005    0.249814119267E-006
    0.310020000000E+005    0.251085813560E-006
    0.310520000000E+005    0.252361433778E-006
    0.311020000000E+005    0.253640982437E-006
    0.311520000000E+005    0.254924462035E-006
    0.312020000000E+005    0.256211875047E-006
    0.312520000000E+005    0.257503223931E-006
    0.313020000000E+005    0.258798511125E-006
    0.313520000000E+005    0.260097739048E-006
    0.314020000000E+005    0.261400910097E-006
    0.314520000000E+005    0.262708026651E-006
    0.315020000000E+005    0.264019091070E-006
    0.315520000000E+005    0.265334105694E-006
    0.316020000000E+005    0.266653072844E-006
    0.316520000000E+005    0.267975994822E-006
    0.317020000000E+005    0.269302873908E-006
    0.317520000000E+005    0.270633712366E-006
    0.318020000000E+005    0.271968512439E-006
    0.318520000000E+005    0.273307276349E-006
    0.319020000000E+005    0.274650006303E-006
    0.319520000000E+005    0.275996704485E-006
    0.320020000000E+005    0.277347373061E-006
    0.320520000000E+005    0.278702014178E-006
    0.321020000000E+005    0.280060629964E-006
    0.321520000000E+005    0.281423222528E-006
    0.322020000000E+005    0.282789793958E-006
    0.322520000000E+005    0.284160346326E-006
    0.323020000000E+005    0.285534881682E-006
    0.323520000000E+005    0.286913402059E-006
    0.324020000000E+005    0.288295909469E-006
    0.324520000000E+005    0.289682405907E-006
    0.325020000000E+005    0.291072893349E-006
    0.325520000000E+005    0.292467373750E-006
    0.326020000000E+005    0.293865849049E-006
    0.326520000000E+005    0.295268321164E-006
    0.327020000000E+005    0.296674791994E-006
    0.327520000000E+005    0.298085263421E-006
    0.328020000000E+005    0.299499737306E-006
    0.328520000000E+005    0.300918215493E-006
    0.329020000000E+005    0.302340699806E-006
    0.329520000000E+005    0.303767192053E-006
    0.330020000000E+005    0.305197694020E-006
    0.330520000000E+005    0.306632207475E-006
    0.331020000000E+005    0.308070734170E-006
    0.331520000000E+005    0.309513275834E-006
    0.332020000000E+005    0.310959834182E-006
    0.332520000000E+005    0.312410410908E-006
    0.333020000000E+005    0.313865007687E-006
    0.333520000000E+005    0.315323626178E-006
    0.334020000000E+005    0.316786268019E-006
    0.334520000000E+005    0.318252934831E-006
    0.335020000000E+005    0.319723628217E-006
    0.335520000000E+005    0.321198349761E-006
    0.336020000000E+005    0.322677101027E-006
    0.336520000000E+005    0.324159883563E-006
    0.337020000000E+005    0.325646698900E-006
    0.337520000000E+005    0.327137548547E-006
    0.338020000000E+005    0.328632433997E-006
    0.338520000000E+005    0.330131356726E-006
    0.339020000000E+005    0.331634318190E-006
    0.339520000000E+005    0.333141319827E-006
    0.340020000000E+005    0.334652363057E-006
    0.340520000000E+005    0.336167449283E-006
    0.341020000000E+005    0.337686579889E-006
    0.341520000000E+005    0.339209756242E-006
    0.342020000000E+005    0.340736979690E-006
    0.342520000000E+005    0.342268251563E-006
    0.343020000000E+005    0.343803573176E-006
    0.343520000000E+005    0.345342945822E-006
    0.344020000000E+005    0.346886370778E-006
    0.344520000000E+005    0.348433849305E-006
    0.345020000000E+005    0.349985382642E-006
    0.345520000000E+005    0.351540972015E-006
    0.346020000000E+005    0.353100618629E-006
    0.346520000000E+005    0.354664323674E-006
    0.347020000000E+005    0.356232088319E-006
    0.347520000000E+005    0.357803913720E-006
    0.348020000000E+005    0.359379801011E-006
    0.348520000000E+005    0.360959751310E-006
    0.349020000000E+005    0.362543765719E-006
    0.349520000000E+005    0.364131845321E-006
    0.350020000000E+005    0.365723991182E-006
    0.350520000000E+005    0.367320204351E-006
    0.351020000000E+005    0.368920485859E-006
    0.351520000000E+005    0.370524836720E-006
    0.352020000000E+005    0.372133257931E-006
    0.352520000000E+005    0.373745750471E-006
    0.353020000000E+005    0.375362315303E-006
    0.353520000000E+005    0.376982953371E-006
    0.354020000000E+005    0.378607665604E-006
    0.354520000000E+005    0.380236452912E-006
    0.355020000000E+005    0.381869316190E-006
    0.355520000000E+005    0.383506256314E-006
    0.356020000000E+005    0.385147274143E-006
    0.356520000000E+005    0.386792370521E-006
    0.357020000000E+005    0.388441546273E-006
    0.357520000000E+005    0.390094802208E-006
    0.358020000000E+005    0.391752139118E-006
    0.358520000000E+005    0.393413557779E-006
    0.359020000000E+005    0.395079058948E-006
    0.359520000000E+005    0.396748643368E-006
    0.360020000000E+005    0.398422311762E-006
    0.360520000000E+005    0.400100064841E-006
    0.361020000000E+005    0.401781903294E-006
    0.361520000000E+005    0.403467827797E-006
    0.362020000000E+005    0.405157839008E-006
    0.362520000000E+005    0.406851937568E-006
    0.363020000000E+005    0.408550124103E-006
    0.363520000000E+005    0.410252399222E-006
    0.364020000000E+005    0.411958763517E-006
    0.364520000000E+005    0.413669217564E-006
    0.365020000000E+005    0.415383761921E-006
    0.365520000000E+005    0.417102397133E-006
    0.366020000000E+005    0.418825123725E-006
    0.366520000000E+005    0.420551942208E-006
    0.367020000000E+005    0.422282853077E-006
    0.367520000000E+005    0.424017856808E-006
    0.368020000000E+005    0.425756953865E-006
    0.368520000000E+005    0.427500144693E-006
    0.369020000000E+005    0.429247429721E-006
    0.369520000000E+005    0.430998809363E-006
    0.370020000000E+005    0.432754284016E-006
    0.370520000000E+005    0.434513854061E-006
    0.371020000000E+005    0.436277519864E-006
    0.371520000000E+005    0.438045281774E-006
    0.372020000000E+005    0.439817140124E-006
    0.372520000000E+005    0.441593095234E-006
    0.373020000000E+005    0.443373147404E-006
    0.373520000000E+005    0.445157296921E-006
    0.374020000000E+005    0.446945544054E-006
    0.374520000000E+005    0.448737889059E-006
    0.375020000000E+005    0.450534332174E-006
    0.375520000000E+005    0.452334873622E-006
    0.376020000000E+005    0.454139513612E-006
    0.376520000000E+005    0.455948252334E-006
    0.377020000000E+005    0.457761089966E-006
    0.377520000000E+005    0.459578026669E-006
    0.378020000000E+005    0.461399062588E-006
    0.378520000000E+005    0.463224197853E-006
    0.379020000000E+005    0.465053432579E-006
    0.379520000000E+005    0.466886766865E-006
    0.380020000000E+005    0.468724200794E-006
    0.380520000000E+005    0.470565734436E-006
    0.381020000000E+005    0.472411367844E-006
    0.381520000000E+005    0.474261101056E-006
    0.382020000000E+005    0.476114934095E-006
    0.382520000000E+005    0.477972866968E-006
    0.383020000000E+005    0.479834899669E-006
    0.383520000000E+005    0.481701032175E-006
    0.384020000000E+005    0.483571264448E-006
    0.384520000000E+005    0.485445596436E-006
    0.385020000000E+005    0.487324028072E-006
    0.385520000000E+005    0.489206559272E-006
    0.386020000000E+005    0.491093189940E-006
    0.386520000000E+005    0.492983919964E-006
    0.387020000000E+005    0.494878749216E-006
    0.387520000000E+005    0.496777677555E-006
    0.388020000000E+005    0.498680704823E-006
    0.388520000000E+005    0.500587830850E-006
    0.389020000000E+005    0.502499055450E-006
    0.389520000000E+005    0.504414378421E-006
    0.390020000000E+005    0.506333799549E-006
    0.390520000000E+005    0.508257318604E-006
    0.391020000000E+005    0.510184935341E-006
    0.391520000000E+005    0.512116649502E-006
    0.392020000000E+005    0.514052460812E-006
    0.392520000000E+005    0.515992368984E-006
    0.393020000000E+005    0.517936373716E-006
    0.393520000000E+005    0.519884474690E-006
    0.394020000000E+005    0.521836671577E-006
    0.394520000000E+005    0.523792964031E-006
    0.395020000000E+005    0.525753351692E-006
    0.395520000000E+005    0.527717834186E-006
    0.396020000000E+005    0.529686411125E-006
    0.396520000000E+005    0.531659082108E-006
    0.397020000000E+005    0.533635846718E-006
    0.397520000000E+005    0.535616704525E-006
    0.398020000000E+005    0.537601655084E-006
    0.398520000000E+005    0.539590697938E-006
    0.399020000000E+005    0.541583832613E-006
    0.399520000000E+005    0.543581058623E-006
    0.400020000000E+005    0.545582375469E-006
    0.400520000000E+005    0.547587782636E-006
    0.401020000000E+005    0.549597279596E-006
    0.401520000000E+005    0.551610865808E-006
    0.402020000000E+005    0.553628540715E-006
    0.402520000000E+005    0.555650303750E-006
    0.403020000000E+005    0.557676154329E-006
    0.403520000000E+005    0.559706091856E-006
    0.404020000000E+005    0.561740115720E-006
    0.404520000000E+005    0.563778225299E-006
    0.405020000000E+005    0.565820419953E-006
    0.405520000000E+005    0.567866699034E-006
    0.406020000000E+005    0.569917061876E-006
    0.406520000000E+005    0.571971507802E-006
    0.407020000000E+005    0.574030036122E-006
    0.407520000000E+005    0.576092646130E-006
    0.408020000000E+005    0.578159337108E-006
    0.408520000000E+005    0.580230108327E-006
    0.409020000000E+005    0.582304959041E-006
    0.409520000000E+005    0.584383888493E-006
    0.410020000000E+005    0.586466895913E-006
    0.410520000000E+005    0.588553980516E-006
    0.411020000000E+005    0.590645141505E-006
    0.411520000000E+005    0.592740378071E-006
    0.412020000000E+005    0.594839689391E-006
    0.412520000000E+005    0.596943074628E-006
    0.413020000000E+005    0.599050532933E-006
    0.413520000000E+005    0.601162063445E-006
    0.414020000000E+005    0.603277665288E-006
    0.414520000000E+005    0.605397337575E-006
    0.415020000000E+005    0.607521079405E-006
    0.415520000000E+005    0.609648889866E-006
    0.416020000000E+005    0.611780768030E-006
    0.416520000000E+005    0.613916712959E-006
    0.417020000000E+005    0.616056723701E-006
    0.417520000000E+005    0.618200799293E-006
    0.418020000000E+005    0.620348938757E-006
    0.418520000000E+005    0.622501141105E-006
    0.419020000000E+005    0.624657405333E-006
    0.419520000000E+005    0.626817730429E-006
    0.420020000000E+005    0.628982115365E-006
    0.420520000000E+005    0.631150559102E-006
    0.421020000000E+005    0.633323060587E-006
    0.421520000000E+005    0.635499618758E-006
    0.422020000000E+005    0.637680232538E-006
    0.422520000000E+005    0.639864900837E-006
    0.423020000000E+005    0.642053622555E-006
    0.423520000000E+005    0.644246396579E-006
    0.424020000000E+005    0.646443221784E-006
    0.424520000000E+005    0.648644097032E-006
    0.425020000000E+005    0.650849021173E-006
    0.425520000000E+005    0.653057993046E-006
    0.426020000000E+005    0.655271011477E-006
    0.426520000000E+005    0.657488075280E-006
    0.427020000000E+005    0.659709183258E-006
    0.427520000000E+005    0.661934334200E-006
    0.428020000000E+005    0.664163526886E-006
    0.428520000000E+005    0.666396760081E-006
    0.429020000000E+005    0.668634032542E-006
    0.429520000000E+005    0.670875343009E-006
    0.430020000000E+005    0.673120690216E-006
    0.430520000000E+005    0.675370072881E-006
    0.431020000000E+005    0.677623489711E-006
    0.431520000000E+005    0.679880939403E-006
    0.432020000000E+005    0.682142420642E-006
    0.432520000000E+005    0.684407932100E-006
    0.433020000000E+005    0.686677472438E-006
    0.433520000000E+005    0.688951040307E-006
    0.434020000000E+005    0.691228634345E-006
    0.434520000000E+005    0.693510253178E-006
    0.435020000000E+005    0.695795895423E-006
    0.435520000000E+005    0.698085559682E-006
    0.436020000000E+005    0.700379244549E-006
    0.436520000000E+005    0.702676948605E-006
    0.437020000000E+005    0.704978670421E-006
    0.437520000000E+005    0.707284408554E-006
    0.438020000000E+005    0.709594161554E-006
    0.438520000000E+005    0.711907927956E-006
    0.439020000000E+005    0.714225706286E-006
    0.439520000000E+005    0.716547495058E-006
    0.440020000000E+005    0.718873292776E-006
    0.440520000000E+005    0.721203097930E-006
    0.441020000000E+005    0.723536909004E-006
    0.441520000000E+005    0.725874724466E-006
    0.442020000000E+005    0.728216542776E-006
    0.442520000000E+005    0.730562362383E-006
    0.443020000000E+005    0.732912181723E-006
    0.443520000000E+005    0.735265999225E-006
    0.444020000000E+005    0.737623813303E-006
    0.444520000000E+005    0.739985622362E-006
    0.445020000000E+005    0.742351424798E-006
    0.445520000000E+005    0.744721218993E-006
    0.446020000000E+005    0.747095003321E-006
    0.446520000000E+005    0.749472776145E-006
    0.447020000000E+005    0.751854535815E-006
    0.447520000000E+005    0.754240280674E-006
    0.448020000000E+005    0.756630009053E-006
    0.448520000000E+005    0.759023719270E-006
    0.449020000000E+005    0.761421409637E-006
    0.449520000000E+005    0.763823078453E-006
    0.450020000000E+005    0.766228724006E-006
    0.450520000000E+005    0.768638344575E-006
    0.451020000000E+005    0.771051938430E-006
    0.451520000000E+005    0.773469503827E-006
    0.452020000000E+005    0.775891039014E-006
    0.452520000000E+005    0.778316542230E-006
    0.453020000000E+005    0.780746011701E-006
    0.453520000000E+005    0.783179445645E-006
    0.454020000000E+005    0.785616842269E-006
    0.454520000000E+005    0.788058199770E-006
    0.455020000000E+005    0.790503516335E-006
    0.455520000000E+005    0.792952790140E-006
    0.456020000000E+005    0.795406019354E-006
    0.456520000000E+005    0.797863202133E-006
    0.457020000000E+005    0.800324336624E-006
    0.457520000000E+005    0.802789420964E-006
    0.458020000000E+005    0.805258453281E-006
    0.458520000000E+005    0.807731431692E-006
    0.459020000000E+005    0.810208354306E-006
    0.459520000000E+005    0.812689219219E-006
    0.460020000000E+005    0.815174024521E-006
    0.460520000000E+005    0.817662768291E-006
    0.461020000000E+005    0.820155448596E-006
    0.461520000000E+005    0.822652063496E-006
    0.462020000000E+005    0.825152611042E-006
    0.462520000000E+005    0.827657089274E-006
    0.463020000000E+005    0.830165496221E-006
    0.463520000000E+005    0.832677829906E-006
    0.464020000000E+005    0.835194088340E-006
    0.464520000000E+005    0.837714269525E-006
    0.465020000000E+005    0.840238371455E-006
    0.465520000000E+005    0.842766392112E-006
    0.466020000000E+005    0.845298329472E-006
    0.466520000000E+005    0.847834181498E-006
    0.467020000000E+005    0.850373946148E-006
    0.467520000000E+005    0.852917621366E-006
    0.468020000000E+005    0.855465205092E-006
    0.468520000000E+005    0.858016695252E-006
    0.469020000000E+005    0.860572089765E-006
    0.469520000000E+005    0.863131386542E-006
    0.470020000000E+005    0.865694583483E-006
    0.470520000000E+005    0.868261678480E-006
    0.471020000000E+005    0.870832669415E-006
    0.471520000000E+005    0.873407554163E-006
    0.472020000000E+005    0.875986330589E-006
    0.472520000000E+005    0.878568996548E-006
    0.473020000000E+005    0.881155549887E-006
    0.473520000000E+005    0.883745988445E-006
    0.474020000000E+005    0.886340310050E-006
    0.474520000000E+005    0.888938512524E-006
    0.475020000000E+005    0.891540593679E-006
    0.475520000000E+005    0.894146551317E-006
    0.476020000000E+005    0.896756383233E-006
    0.476520000000E+005    0.899370087213E-006
    0.477020000000E+005    0.901987661034E-006
    0.477520000000E+005    0.904609102465E-006
    0.478020000000E+005    0.907234409265E-006
    0.478520000000E+005    0.909863579186E-006
    0.479020000000E+005    0.912496609971E-006
    0.479520000000E+005    0.915133499355E-006
    0.480020000000E+005    0.917774245064E-006
    0.480520000000E+005    0.920418844815E-006
    0.481020000000E+005    0.923067296318E-006
    0.481520000000E+005    0.925719597274E-006
    0.482020000000E+005    0.928375745374E-006
    0.482520000000E+005    0.931035738305E-006
    0.483020000000E+005    0.933699573741E-006
    0.483520000000E+005    0.936367249352E-006
    0.484020000000E+005    0.939038762795E-006
    0.484520000000E+005    0.941714111724E-006
    0.485020000000E+005    0.944393293781E-006
    0.485520000000E+005    0.947076306603E-006
    0.486020000000E+005    0.949763147815E-006
    0.486520000000E+005    0.952453815037E-006
    0.487020000000E+005    0.955148305881E-006
    0.487520000000E+005    0.957846617950E-006
    0.488020000000E+005    0.960548748839E-006
    0.488520000000E+005    0.963254696136E-006
    0.489020000000E+005    0.965964457420E-006
    0.489520000000E+005    0.968678030262E-006
    0.490020000000E+005    0.971395412227E-006
    0.490520000000E+005    0.974116600871E-006
    0.491020000000E+005    0.976841593742E-006
    0.491520000000E+005    0.979570388380E-006
    0.492020000000E+005    0.982302982318E-006
    0.492520000000E+005    0.985039373082E-006
    0.493020000000E+005    0.987779558188E-006
    0.493520000000E+005    0.990523535148E-006
    0.494020000000E+005    0.993271301463E-006
    0.494520000000E+005    0.996022854628E-006
    0.495020000000E+005    0.998778192131E-006
    0.495520000000E+005    0.100153731145E-005
    0.496020000000E+005    0.100430021006E-005
    0.496520000000E+005    0.100706688542E-005
    0.497020000000E+005    0.100983733500E-005
    0.497520000000E+005    0.101261155623E-005
    0.498020000000E+005    0.101538954658E-005
    0.498520000000E+005    0.101817130346E-005
    0.499020000000E+005    0.102095682431E-005
    0.499520000000E+005    0.102374610655E-005
    0.500020000000E+005    0.102653914759E-005
    0.500520000000E+005    0.102933594484E-005
    0.501020000000E+005    0.103213649570E-005
    0.501520000000E+005    0.103494079755E-005
    0.502020000000E+005    0.103774884780E-005
    0.502520000000E+005    0.104056064381E-005
    0.503020000000E+005    0.104337618295E-005
    0.503520000000E+005    0.104619546259E-005
    0.504020000000E+005    0.104901848009E-005
    0.504520000000E+005    0.105184523279E-005
    0.505020000000E+005    0.105467571803E-005
    0.505520000000E+005    0.105750993317E-005
    0.506020000000E+005    0.106034787551E-005
    0.506520000000E+005    0.106318954239E-005
    0.507020000000E+005    0.106603493112E-005
    0.507520000000E+005    0.106888403902E-005
    0.508020000000E+005    0.107173686337E-005
    0.508520000000E+005    0.107459340148E-005
    0.509020000000E+005    0.107745365063E-005
    0.509520000000E+005    0.108031760811E-005
    0.510020000000E+005    0.108318527119E-005
    0.510520000000E+005    0.108605663714E-005
    0.511020000000E+005    0.108893170323E-005
    0.511520000000E+005    0.109181046670E-005
    0.512020000000E+005    0.109469292481E-005
    0.512520000000E+005    0.109757907479E-005
    0.513020000000E+005    0.110046891390E-005
    0.513520000000E+005    0.110336243934E-005
    0.514020000000E+005    0.110625964835E-005
    0.514520000000E+005    0.110916053814E-005
    0.515020000000E+005    0.111206510593E-005
    0.515520000000E+005    0.111497334891E-005
    0.516020000000E+005    0.111788526429E-005
    0.516520000000E+005    0.112080084925E-005
    0.517020000000E+005    0.112372010098E-005
    0.517520000000E+005    0.112664301666E-005
    0.518020000000E+005    0.112956959345E-005
    0.518520000000E+005    0.113249982854E-005
    0.519020000000E+005    0.113543371907E-005
    0.519520000000E+005    0.113837126221E-005
    0.520020000000E+005    0.114131245509E-005
    0.520520000000E+005    0.114425729486E-005
    0.521020000000E+005    0.114720577866E-005
    0.521520000000E+005    0.115015790362E-005
    0.522020000000E+005    0.115311366685E-005
    0.522520000000E+005    0.115607306548E-005
    0.523020000000E+005    0.115903609662E-005
    0.523520000000E+005    0.116200275737E-005
    0.524020000000E+005    0.116497304484E-005
    0.524520000000E+005    0.116794695611E-005
    0.525020000000E+005    0.117092448828E-005
    0.525520000000E+005    0.117390563843E-005
    0.526020000000E+005    0.117689040364E-005
    0.526520000000E+005    0.117987878097E-005
    0.527020000000E+005    0.118287076749E-005
    0.527520000000E+005    0.118586636026E-005
    0.528020000000E+005    0.118886555634E-005
    0.528520000000E+005    0.119186835277E-005
    0.529020000000E+005    0.119487474660E-005
    0.529520000000E+005    0.119788473485E-005
    0.530020000000E+005    0.120089831457E-005
    0.530520000000E+005    0.120391548278E-005
    0.531020000000E+005    0.120693623650E-005
    0.531520000000E+005    0.120996057274E-005
    0.532020000000E+005    0.121298848851E-005
    0.532520000000E+005    0.121601998082E-005
    0.533020000000E+005    0.121905504667E-005
    0.533520000000E+005    0.122209368304E-005
    0.534020000000E+005    0.122513588693E-005
    0.534520000000E+005    0.122818165531E-005
    0.535020000000E+005    0.123123098517E-005
    0.535520000000E+005    0.123428387348E-005
    0.536020000000E+005    0.123734031719E-005
    0.536520000000E+005    0.124040031328E-005
    0.537020000000E+005    0.124346385871E-005
    0.537520000000E+005    0.124653095041E-005
    0.538020000000E+005    0.124960158533E-005
    0.538520000000E+005    0.125267576043E-005
    0.539020000000E+005    0.125575347262E-005
    0.539520000000E+005    0.125883471884E-005
    0.540020000000E+005    0.126191949603E-005
    0.540520000000E+005    0.126500780108E-005
    0.541020000000E+005    0.126809963093E-005
    0.541520000000E+005    0.127119498249E-005
    0.542020000000E+005    0.127429385264E-005
    0.542520000000E+005    0.127739623831E-005
    0.543020000000E+005    0.128050213638E-005
    0.543520000000E+005    0.128361154374E-005
    0.544020000000E+005    0.128672445727E-005
    0.544520000000E+005    0.128984087387E-005
    0.545020000000E+005    0.129296079040E-005
    0.545520000000E+005    0.129608420373E-005
    0.546020000000E+005    0.129921111074E-005
    0.546520000000E+005    0.130234150828E-005
    0.547020000000E+005    0.130547539321E-005
    0.547520000000E+005    0.130861276238E-005
    0.548020000000E+005    0.131175361264E-005
    0.548520000000E+005    0.131489794083E-005
    0.549020000000E+005    0.131804574379E-005
    0.549520000000E+005    0.132119701836E-005
    0.550020000000E+005    0.132435176135E-005
    0.550520000000E+005    0.132750996961E-005
    0.551020000000E+005    0.133067163994E-005
    0.551520000000E+005    0.133383676916E-005
    0.552020000000E+005    0.133700535408E-005
    0.552520000000E+005    0.134017739151E-005
    0.553020000000E+005    0.134335287825E-005
    0.553520000000E+005    0.134653181110E-005
    0.554020000000E+005    0.134971418685E-005
    0.554520000000E+005    0.135290000230E-005
    0.555020000000E+005    0.135608925421E-005
    0.555520000000E+005    0.135928193938E-005
    0.556020000000E+005    0.136247805458E-005
    0.556520000000E+005    0.136567759658E-005
    0.557020000000E+005    0.136888056215E-005
    0.557520000000E+005    0.137208694805E-005
    0.558020000000E+005    0.137529675104E-005
    0.558520000000E+005    0.137850996788E-005
    0.559020000000E+005    0.138172659531E-005
    0.559520000000E+005    0.138494663009E-005
    0.560020000000E+005    0.138817006894E-005
    0.560520000000E+005    0.139139690862E-005
    0.561020000000E+005    0.139462714586E-005
    0.561520000000E+005    0.139786077738E-005
    0.562020000000E+005    0.140109779991E-005
    0.562520000000E+005    0.140433821018E-005
    0.563020000000E+005    0.140758200490E-005
    0.563520000000E+005    0.141082918078E-005
    0.564020000000E+005    0.141407973455E-005
    0.564520000000E+005    0.141733366289E-005
    0.565020000000E+005    0.142059096251E-005
    0.565520000000E+005    0.142385163012E-005
    0.566020000000E+005    0.142711566241E-005
    0.566520000000E+005    0.143038305607E-005
    0.567020000000E+005    0.143365380777E-005
    0.567520000000E+005    0.143692791422E-005
    0.568020000000E+005    0.144020537209E-005
    0.568520000000E+005    0.144348617804E-005
    0.569020000000E+005    0.144677032877E-005
    0.569520000000E+005    0.145005782092E-005
    0.570020000000E+005    0.145334865117E-005
    0.570520000000E+005    0.145664281618E-005
    0.571020000000E+005    0.145994031261E-005
    0.571520000000E+005    0.146324113711E-005
    0.572020000000E+005    0.146654528632E-005
    0.572520000000E+005    0.146985275690E-005
    0.573020000000E+005    0.147316354549E-005
    0.573520000000E+005    0.147647764873E-005
    0.574020000000E+005    0.147979506325E-005
    0.574520000000E+005    0.148311578569E-005
    0.575020000000E+005    0.148643981268E-005
    0.575520000000E+005    0.148976714084E-005
    0.576020000000E+005    0.149309776679E-005
    0.576520000000E+005    0.149643168715E-005
    0.577020000000E+005    0.149976889854E-005
    0.577520000000E+005    0.150310939757E-005
    0.578020000000E+005    0.150645318084E-005
    0.578520000000E+005    0.150980024498E-005
    0.579020000000E+005    0.151315058656E-005
    0.579520000000E+005    0.151650420220E-005
    0.580020000000E+005    0.151986108849E-005
    0.580520000000E+005    0.152322124203E-005
    0.581020000000E+005    0.152658465939E-005
    0.581520000000E+005    0.152995133718E-005
    0.582020000000E+005    0.153332127196E-005
    0.582520000000E+005    0.153669446032E-005
    0.583020000000E+005    0.154007089884E-005
    0.583520000000E+005    0.154345058409E-005
    0.584020000000E+005    0.154683351264E-005
    0.584520000000E+005    0.155021968106E-005
    0.585020000000E+005    0.155360908590E-005
    0.585520000000E+005    0.155700172375E-005
    0.586020000000E+005    0.156039759114E-005
    0.586520000000E+005    0.156379668463E-005
    0.587020000000E+005    0.156719900079E-005
    0.587520000000E+005    0.157060453615E-005
    0.588020000000E+005    0.157401328727E-005
    0.588520000000E+005    0.157742525068E-005
    0.589020000000E+005    0.158084042294E-005
    0.589520000000E+005    0.158425880056E-005
    0.590020000000E+005    0.158768038010E-005
    0.590520000000E+005    0.159110515808E-005
    0.591020000000E+005    0.159453313103E-005
    0.591520000000E+005    0.159796429548E-005
    0.592020000000E+005    0.160139864795E-005
    0.592520000000E+005    0.160483618497E-005
    0.593020000000E+005    0.160827690304E-005
    0.593520000000E+005    0.161172079869E-005
    0.594020000000E+005    0.161516786843E-005
    0.594520000000E+005    0.161861810876E-005
    0.595020000000E+005    0.162207151621E-005
    0.595520000000E+005    0.162552808726E-005
    0.596020000000E+005    0.162898781843E-005
    0.596520000000E+005    0.163245070621E-005
    0.597020000000E+005    0.163591674710E-005
    0.597520000000E+005    0.163938593759E-005
    0.598020000000E+005    0.164285827418E-005
    0.598520000000E+005    0.164633375335E-005
    0.599020000000E+005    0.164981237160E-005
    0.599520000000E+005    0.165329412540E-005
    0.600020000000E+005    0.165677901125E-005
    0.600520000000E+005    0.166026702561E-005
    0.601020000000E+005    0.166375816496E-005
    0.601520000000E+005    0.166725242579E-005
    0.602020000000E+005    0.167074980455E-005
    0.602520000000E+005    0.167425029773E-005
    0.603020000000E+005    0.167775390179E-005
    0.603520000000E+005    0.168126061319E-005
    0.604020000000E+005    0.168477042840E-005
    0.604520000000E+005    0.168828334388E-005
    0.605020000000E+005    0.169179935608E-005
    0.605520000000E+005    0.169531846146E-005
    0.606020000000E+005    0.169884065648E-005
    0.606520000000E+005    0.170236593759E-005
    0.607020000000E+005    0.170589430124E-005
    0.607520000000E+005    0.170942574386E-005
    0.608020000000E+005    0.171296026192E-005
    0.608520000000E+005    0.171649785185E-005
    0.609020000000E+005    0.172003851009E-005
    0.609520000000E+005    0.172358223308E-005
    0.610020000000E+005    0.172712901726E-005
    0.610520000000E+005    0.173067885906E-005
    0.611020000000E+005    0.173423175492E-005
    0.611520000000E+005    0.173778770126E-005
    0.612020000000E+005    0.174134669451E-005
    0.612520000000E+005    0.174490873109E-005
    0.613020000000E+005    0.174847380745E-005
    0.613520000000E+005    0.175204191998E-005
    0.614020000000E+005    0.175561306512E-005
    0.614520000000E+005    0.175918723929E-005
    0.615020000000E+005    0.176276443889E-005
    0.615520000000E+005    0.176634466035E-005
    0.616020000000E+005    0.176992790007E-005
    0.616520000000E+005    0.177351415447E-005
    0.617020000000E+005    0.177710341996E-005
    0.617520000000E+005    0.178069569294E-005
    0.618020000000E+005    0.178429096982E-005
    0.618520000000E+005    0.178788924700E-005
    0.619020000000E+005    0.179149052088E-005
    0.619520000000E+005    0.179509478787E-005
    0.620020000000E+005    0.179870204435E-005
    0.620520000000E+005    0.180231228674E-005
    0.621020000000E+005    0.180592551141E-005
    0.621520000000E+005    0.180954171477E-005
    0.622020000000E+005    0.181316089321E-005
    0.622520000000E+005    0.181678304310E-005
    0.623020000000E+005    0.182040816086E-005
    0.623520000000E+005    0.182403624285E-005
    0.624020000000E+005    0.182766728546E-005
    0.624520000000E+005    0.183130128508E-005
    0.625020000000E+005    0.183493823809E-005
    0.625520000000E+005    0.183857814086E-005
    0.626020000000E+005    0.184222098978E-005
    0.626520000000E+005    0.184586678122E-005
    0.627020000000E+005    0.184951551156E-005
    0.627520000000E+005    0.185316717717E-005
    0.628020000000E+005    0.185682177442E-005
    0.628520000000E+005    0.186047929968E-005
    0.629020000000E+005    0.186413974932E-005
    0.629520000000E+005    0.186780311972E-005
    0.630020000000E+005    0.187146940723E-005
    0.630520000000E+005    0.187513860822E-005
    0.631020000000E+005    0.187881071906E-005
    0.631520000000E+005    0.188248573610E-005
    0.632020000000E+005    0.188616365571E-005
    0.632520000000E+005    0.188984447424E-005
    0.633020000000E+005    0.189352818806E-005
    0.633520000000E+005    0.189721479352E-005
    0.634020000000E+005    0.190090428697E-005
    0.634520000000E+005    0.190459666477E-005
    0.635020000000E+005    0.190829192328E-005
    0.635520000000E+005    0.191199005884E-005
    0.636020000000E+005    0.191569106780E-005
    0.636520000000E+005    0.191939494652E-005
    0.637020000000E+005    0.192310169133E-005
    0.637520000000E+005    0.192681129860E-005
    0.638020000000E+005    0.193052376465E-005
    0.638520000000E+005    0.193423908584E-005
    0.639020000000E+005    0.193795725851E-005
    0.639520000000E+005    0.194167827901E-005
    0.640020000000E+005    0.194540214366E-005
    0.640520000000E+005    0.194912884882E-005
    0.641020000000E+005    0.195285839082E-005
    0.641520000000E+005    0.195659076599E-005
    0.642020000000E+005    0.196032597068E-005
    0.642520000000E+005    0.196406400121E-005
    0.643020000000E+005    0.196780485393E-005
    0.643520000000E+005    0.197154852517E-005
    0.644020000000E+005    0.197529501126E-005
    0.644520000000E+005    0.197904430852E-005
    0.645020000000E+005    0.198279641330E-005
    0.645520000000E+005    0.198655132191E-005
    0.646020000000E+005    0.199030903069E-005
    0.646520000000E+005    0.199406953597E-005
    0.647020000000E+005    0.199783283407E-005
    0.647520000000E+005    0.200159892131E-005
    0.648020000000E+005    0.200536779403E-005
    0.648520000000E+005    0.200913944854E-005
    0.649020000000E+005    0.201291388117E-005
    0.649520000000E+005    0.201669108824E-005
    0.650020000000E+005    0.202047106607E-005
    0.650520000000E+005    0.202425381098E-005
    0.651020000000E+005    0.202803931930E-005
    0.651520000000E+005    0.203182758733E-005
    0.652020000000E+005    0.203561861140E-005
    0.652520000000E+005    0.203941238782E-005
    0.653020000000E+005    0.204320891292E-005
    0.653520000000E+005    0.204700818300E-005
    0.654020000000E+005    0.205081019439E-005
    0.654520000000E+005    0.205461494339E-005
    0.655020000000E+005    0.205842242631E-005
    0.655520000000E+005    0.206223263949E-005
    0.656020000000E+005    0.206604557921E-005
    0.656520000000E+005    0.206986124180E-005
    0.657020000000E+005    0.207367962357E-005
    0.657520000000E+005    0.207750072082E-005
    0.658020000000E+005    0.208132452987E-005
    0.658520000000E+005    0.208515104703E-005
    0.659020000000E+005    0.208898026859E-005
    0.659520000000E+005    0.209281219088E-005
    0.660020000000E+005    0.209664681020E-005
    0.660520000000E+005    0.210048412285E-005
    0.661020000000E+005    0.210432412514E-005
    0.661520000000E+005    0.210816681338E-005
    0.662020000000E+005    0.211201218387E-005
    0.662520000000E+005    0.211586023292E-005
    0.663020000000E+005    0.211971095683E-005
    0.663520000000E+005    0.212356435190E-005
    0.664020000000E+005    0.212742041443E-005
    0.664520000000E+005    0.213127914074E-005
    0.665020000000E+005    0.213514052712E-005
    0.665520000000E+005    0.213900456987E-005
    0.666020000000E+005    0.214287126529E-005
    0.666520000000E+005    0.214674060969E-005
    0.667020000000E+005    0.215061259937E-005
    0.667520000000E+005    0.215448723062E-005
    0.668020000000E+005    0.215836449975E-005
    0.668520000000E+005    0.216224440305E-005
    0.669020000000E+005    0.216612693683E-005
    0.669520000000E+005    0.217001209738E-005
    0.670020000000E+005    0.217389988100E-005
    0.670520000000E+005    0.217779028399E-005
    0.671020000000E+005    0.218168330265E-005
    0.671520000000E+005    0.218557893327E-005
    0.672020000000E+005    0.218947717216E-005
    0.672520000000E+005    0.219337801561E-005
    0.673020000000E+005    0.219728145991E-005
    0.673520000000E+005    0.220118750136E-005
    0.674020000000E+005    0.220509613627E-005
    0.674520000000E+005    0.220900736092E-005
    0.675020000000E+005    0.221292117161E-005
    0.675520000000E+005    0.221683756464E-005
    0.676020000000E+005    0.222075653630E-005
    0.676520000000E+005    0.222467808289E-005
    0.677020000000E+005    0.222860220071E-005
    0.677520000000E+005    0.223252888604E-005
    0.678020000000E+005    0.223645813518E-005
    0.678520000000E+005    0.224038994444E-005
    0.679020000000E+005    0.224432431010E-005
    0.679520000000E+005    0.224826122845E-005
    0.680020000000E+005    0.225220069580E-005
    0.680520000000E+005    0.225614270844E-005
    0.681020000000E+005    0.226008726266E-005
    0.681520000000E+005    0.226403435476E-005
    0.682020000000E+005    0.226798398102E-005
    0.682520000000E+005    0.227193613776E-005
    0.683020000000E+005    0.227589082125E-005
    0.683520000000E+005    0.227984802780E-005
    0.684020000000E+005    0.228380775369E-005
    0.684520000000E+005    0.228776999523E-005
    0.685020000000E+005    0.229173474871E-005
    0.685520000000E+005    0.229570201042E-005
    0.686020000000E+005    0.229967177665E-005
    0.686520000000E+005    0.230364404371E-005
    0.687020000000E+005    0.230761880789E-005
    0.687520000000E+005    0.231159606548E-005
    0.688020000000E+005    0.231557581277E-005
    0.688520000000E+005    0.231955804607E-005
    0.689020000000E+005    0.232354276166E-005
    0.689520000000E+005    0.232752995584E-005
    0.690020000000E+005    0.233151962491E-005
    0.690520000000E+005    0.233551176517E-005
    0.691020000000E+005    0.233950637291E-005
    0.691520000000E+005    0.234350344442E-005
    0.692020000000E+005    0.234750297600E-005
    0.692520000000E+005    0.235150496395E-005
    0.693020000000E+005    0.235550940456E-005
    0.693520000000E+005    0.235951629414E-005
    0.694020000000E+005    0.236352562897E-005
    0.694520000000E+005    0.236753740536E-005
    0.695020000000E+005    0.237155161961E-005
    0.695520000000E+005    0.237556826800E-005
    0.696020000000E+005    0.237958734685E-005
    0.696520000000E+005    0.238360885244E-005
    0.697020000000E+005    0.238763278108E-005
    0.697520000000E+005    0.239165912906E-005
    0.698020000000E+005    0.239568789269E-005
    0.698520000000E+005    0.239971906826E-005
    0.699020000000E+005    0.240375265208E-005
    0.699520000000E+005    0.240778864044E-005
    0.700020000000E+005    0.241182702965E-005
    0.700520000000E+005    0.241586781600E-005
    0.701020000000E+005    0.241991099581E-005
    0.701520000000E+005    0.242395656536E-005
    0.702020000000E+005    0.242800452096E-005
    0.702520000000E+005    0.243205485892E-005
    0.703020000000E+005    0.243610757554E-005
    0.703520000000E+005    0.244016266712E-005
    0.704020000000E+005    0.244422012996E-005
    0.704520000000E+005    0.244827996037E-005
    0.705020000000E+005    0.245234215466E-005
    0.705520000000E+005    0.245640670912E-005
    0.706020000000E+005    0.246047362008E-005
    0.706520000000E+005    0.246454288382E-005
    0.707020000000E+005    0.246861449666E-005
    0.707520000000E+005    0.247268845491E-005
    0.708020000000E+005    0.247676475487E-005
    0.708520000000E+005    0.248084339285E-005
    0.709020000000E+005    0.248492436516E-005
    0.709520000000E+005    0.248900766811E-005
    0.710020000000E+005    0.249309329801E-005
    0.710520000000E+005    0.249718125117E-005
    0.711020000000E+005    0.250127152391E-005
    0.711520000000E+005    0.250536411252E-005
    0.712020000000E+005    0.250945901333E-005
    0.712520000000E+005    0.251355622265E-005
    0.713020000000E+005    0.251765573679E-005
    0.713520000000E+005    0.252175755207E-005
    0.714020000000E+005    0.252586166479E-005
    0.714520000000E+005    0.252996807128E-005
    0.715020000000E+005    0.253407676785E-005
    0.715520000000E+005    0.253818775082E-005
    0.716020000000E+005    0.254230101651E-005
    0.716520000000E+005    0.254641656123E-005
    0.717020000000E+005    0.255053438130E-005
    0.717520000000E+005    0.255465447304E-005
    0.718020000000E+005    0.255877683277E-005
    0.718520000000E+005    0.256290145681E-005
    0.719020000000E+005    0.256702834149E-005
    0.719520000000E+005    0.257115748312E-005
    0.720020000000E+005    0.257528887804E-005
    0.720520000000E+005    0.257942252255E-005
    0.721020000000E+005    0.258355841299E-005
    0.721520000000E+005    0.258769654568E-005
    0.722020000000E+005    0.259183691695E-005
    0.722520000000E+005    0.259597952312E-005
    0.723020000000E+005    0.260012436053E-005
    0.723520000000E+005    0.260427142549E-005
    0.724020000000E+005    0.260842071435E-005
    0.724520000000E+005    0.261257222342E-005
    0.725020000000E+005    0.261672594905E-005
    0.725520000000E+005    0.262088188755E-005
    0.726020000000E+005    0.262504003527E-005
    0.726520000000E+005    0.262920038854E-005
    0.727020000000E+005    0.263336294369E-005
    0.727520000000E+005    0.263752769705E-005
    0.728020000000E+005    0.264169464497E-005
    0.728520000000E+005    0.264586378378E-005
    0.729020000000E+005    0.265003510981E-005
    0.729520000000E+005    0.265420861941E-005
    0.730020000000E+005    0.265838430891E-005
    0.730520000000E+005    0.266256217466E-005
    0.731020000000E+005    0.266674221299E-005
    0.731520000000E+005    0.267092442025E-005
    0.732020000000E+005    0.267510879279E-005
    0.732520000000E+005    0.267929532694E-005
    0.733020000000E+005    0.268348401905E-005
    0.733520000000E+005    0.268767486546E-005
    0.734020000000E+005    0.269186786253E-005
    0.734520000000E+005    0.269606300660E-005
    0.735020000000E+005    0.270026029403E-005
    0.735520000000E+005    0.270445972115E-005
    0.736020000000E+005    0.270866128432E-005
    0.736520000000E+005    0.271286497990E-005
    0.737020000000E+005    0.271707080423E-005
    0.737520000000E+005    0.272127875368E-005
    0.738020000000E+005    0.272548882459E-005
    0.738520000000E+005    0.272970101332E-005
    0.739020000000E+005    0.273391531623E-005
    0.739520000000E+005    0.273813172967E-005
    0.740020000000E+005    0.274235025002E-005
    0.740520000000E+005    0.274657087361E-005
    0.741020000000E+005    0.275079359683E-005
    0.741520000000E+005    0.275501841602E-005
    0.742020000000E+005    0.275924532756E-005
    0.742520000000E+005    0.276347432781E-005
    0.743020000000E+005    0.276770541313E-005
    0.743520000000E+005    0.277193857989E-005
    0.744020000000E+005    0.277617382446E-005
    0.744520000000E+005    0.278041114321E-005
    0.745020000000E+005    0.278465053250E-005
    0.745520000000E+005    0.278889198872E-005
    0.746020000000E+005    0.279313550823E-005
    0.746520000000E+005    0.279738108740E-005
    0.747020000000E+005    0.280162872262E-005
    0.747520000000E+005    0.280587841025E-005
    0.748020000000E+005    0.281013014667E-005
    0.748520000000E+005    0.281438392827E-005
    0.749020000000E+005    0.281863975142E-005
    0.749520000000E+005    0.282289761251E-005
    0.750020000000E+005    0.282715750790E-005
    0.750520000000E+005    0.283141943400E-005
    0.751020000000E+005    0.283568338718E-005
    0.751520000000E+005    0.283994936383E-005
    0.752020000000E+005    0.284421736033E-005
    0.752520000000E+005    0.284848737308E-005
    0.753020000000E+005    0.285275939846E-005
    0.753520000000E+005    0.285703343286E-005
    0.754020000000E+005    0.286130947268E-005
    0.754520000000E+005    0.286558751431E-005
    0.755020000000E+005    0.286986755414E-005
    0.755520000000E+005    0.287414958857E-005
    0.756020000000E+005    0.287843361400E-005
    0.756520000000E+005    0.288271962682E-005
    0.757020000000E+005    0.288700762344E-005
    0.757520000000E+005    0.289129760025E-005
    0.758020000000E+005    0.289558955367E-005
    0.758520000000E+005    0.289988348008E-005
    0.759020000000E+005    0.290417937590E-005
    0.759520000000E+005    0.290847723753E-005
    0.760020000000E+005    0.291277706138E-005
    0.760520000000E+005    0.291707884386E-005
    0.761020000000E+005    0.292138258138E-005
    0.761520000000E+005    0.292568827035E-005
    0.762020000000E+005    0.292999590719E-005
    0.762520000000E+005    0.293430548831E-005
    0.763020000000E+005    0.293861701012E-005
    0.763520000000E+005    0.294293046905E-005
    0.764020000000E+005    0.294724586150E-005
    0.764520000000E+005    0.295156318391E-005
    0.765020000000E+005    0.295588243269E-005
    0.765520000000E+005    0.296020360426E-005
    0.766020000000E+005    0.296452669506E-005
    0.766520000000E+005    0.296885170150E-005
    0.767020000000E+005    0.297317862001E-005
    0.767520000000E+005    0.297750744702E-005
    0.768020000000E+005    0.298183817897E-005
    0.768520000000E+005    0.298617081228E-005
    0.769020000000E+005    0.299050534338E-005
    0.769520000000E+005    0.299484176871E-005
    0.770020000000E+005    0.299918008471E-005
    0.770520000000E+005    0.300352028782E-005
    0.771020000000E+005    0.300786237446E-005
    0.771520000000E+005    0.301220634109E-005
    0.772020000000E+005    0.301655218414E-005
    0.772520000000E+005    0.302089990007E-005
    0.773020000000E+005    0.302524948530E-005
    0.773520000000E+005    0.302960093629E-005
    0.774020000000E+005    0.303395424949E-005
    0.774520000000E+005    0.303830942135E-005
    0.775020000000E+005    0.304266644831E-005
    0.775520000000E+005    0.304702532683E-005
    0.776020000000E+005    0.305138605337E-005
    0.776520000000E+005    0.305574862437E-005
    0.777020000000E+005    0.306011303631E-005
    0.777520000000E+005    0.306447928562E-005
    0.778020000000E+005    0.306884736878E-005
    0.778520000000E+005    0.307321728225E-005
    0.779020000000E+005    0.307758902249E-005
    0.779520000000E+005    0.308196258596E-005
    0.780020000000E+005    0.308633796914E-005
    0.780520000000E+005    0.309071516848E-005
    0.781020000000E+005    0.309509418047E-005
    0.781520000000E+005    0.309947500156E-005
    0.782020000000E+005    0.310385762824E-005
    0.782520000000E+005    0.310824205698E-005
    0.783020000000E+005    0.311262828425E-005
    0.783520000000E+005    0.311701630653E-005
    0.784020000000E+005    0.312140612031E-005
    0.784520000000E+005    0.312579772205E-005
    0.785020000000E+005    0.313019110825E-005
    0.785520000000E+005    0.313458627539E-005
    0.786020000000E+005    0.313898321996E-005
    0.786520000000E+005    0.314338193844E-005
    0.787020000000E+005    0.314778242732E-005
    0.787520000000E+005    0.315218468309E-005
    0.788020000000E+005    0.315658870225E-005
    0.788520000000E+005    0.316099448129E-005
    0.789020000000E+005    0.316540201671E-005
    0.789520000000E+005    0.316981130500E-005
    0.790020000000E+005    0.317422234266E-005
    0.790520000000E+005    0.317863512619E-005
    0.791020000000E+005    0.318304965210E-005
    0.791520000000E+005    0.318746591690E-005
    0.792020000000E+005    0.319188391708E-005
    0.792520000000E+005    0.319630364915E-005
    0.793020000000E+005    0.320072510963E-005
    0.793520000000E+005    0.320514829502E-005
    0.794020000000E+005    0.320957320185E-005
    0.794520000000E+005    0.321399982661E-005
    0.795020000000E+005    0.321842816584E-005
    0.795520000000E+005    0.322285821604E-005
    0.796020000000E+005    0.322728997375E-005
    0.796520000000E+005    0.323172343547E-005
    0.797020000000E+005    0.323615859774E-005
    0.797520000000E+005    0.324059545707E-005
    0.798020000000E+005    0.324503401000E-005
    0.798520000000E+005    0.324947425306E-005
    0.799020000000E+005    0.325391618277E-005
    0.799520000000E+005    0.325835979566E-005
    0.800020000000E+005    0.326280508828E-005
    0.800520000000E+005    0.326725205716E-005
    0.801020000000E+005    0.327170069883E-005
    0.801520000000E+005    0.327615100984E-005
    0.802020000000E+005    0.328060298672E-005
    0.802520000000E+005    0.328505662602E-005
    0.803020000000E+005    0.328951192429E-005
    0.803520000000E+005    0.329396887806E-005
    0.804020000000E+005    0.329842748390E-005
    0.804520000000E+005    0.330288773834E-005
    0.805020000000E+005    0.330734963795E-005
    0.805520000000E+005    0.331181317928E-005
    0.806020000000E+005    0.331627835887E-005
    0.806520000000E+005    0.332074517330E-005
    0.807020000000E+005    0.332521361912E-005
    0.807520000000E+005    0.332968369288E-005
    0.808020000000E+005    0.333415539116E-005
    0.808520000000E+005    0.333862871053E-005
    0.809020000000E+005    0.334310364753E-005
    0.809520000000E+005    0.334758019876E-005
    0.810020000000E+005    0.335205836077E-005
    0.810520000000E+005    0.335653813014E-005
    0.811020000000E+005    0.336101950344E-005
    0.811520000000E+005    0.336550247725E-005
    0.812020000000E+005    0.336998704815E-005
    0.812520000000E+005    0.337447321272E-005
    0.813020000000E+005    0.337896096755E-005
    0.813520000000E+005    0.338345030920E-005
    0.814020000000E+005    0.338794123428E-005
    0.814520000000E+005    0.339243373936E-005
    0.815020000000E+005    0.339692782105E-005
    0.815520000000E+005    0.340142347592E-005
    0.816020000000E+005    0.340592070058E-005
    0.816520000000E+005    0.341041949162E-005
    0.817020000000E+005    0.341491984563E-005
    0.817520000000E+005    0.341942175922E-005
    0.818020000000E+005    0.342392522899E-005
    0.818520000000E+005    0.342843025154E-005
    0.819020000000E+005    0.343293682347E-005
    0.819520000000E+005    0.343744494140E-005
    0.820020000000E+005    0.344195460193E-005
    0.820520000000E+005    0.344646580168E-005
    0.821020000000E+005    0.345097853725E-005
    0.821520000000E+005    0.345549280526E-005
    0.822020000000E+005    0.346000860233E-005
    0.822520000000E+005    0.346452592508E-005
    0.823020000000E+005    0.346904477013E-005
    0.823520000000E+005    0.347356513410E-005
    0.824020000000E+005    0.347808701362E-005
    0.824520000000E+005    0.348261040531E-005
    0.825020000000E+005    0.348713530580E-005
    0.825520000000E+005    0.349166171172E-005
    0.826020000000E+005    0.349618961971E-005
    0.826520000000E+005    0.350071902641E-005
    0.827020000000E+005    0.350524992844E-005
    0.827520000000E+005    0.350978232244E-005
    0.828020000000E+005    0.351431620507E-005
    0.828520000000E+005    0.351885157295E-005
    0.829020000000E+005    0.352338842274E-005
    0.829520000000E+005    0.352792675109E-005
    0.830020000000E+005    0.353246655463E-005
    0.830520000000E+005    0.353700783003E-005
    0.831020000000E+005    0.354155057393E-005
    0.831520000000E+005    0.354609478300E-005
    0.832020000000E+005    0.355064045388E-005
    0.832520000000E+005    0.355518758324E-005
    0.833020000000E+005    0.355973616774E-005
    0.833520000000E+005    0.356428620404E-005
    0.834020000000E+005    0.356883768880E-005
    0.834520000000E+005    0.357339061871E-005
    0.835020000000E+005    0.357794499041E-005
    0.835520000000E+005    0.358250080059E-005
    0.836020000000E+005    0.358705804592E-005
    0.836520000000E+005    0.359161672308E-005
    0.837020000000E+005    0.359617682873E-005
    0.837520000000E+005    0.360073835957E-005
    0.838020000000E+005    0.360530131228E-005
    0.838520000000E+005    0.360986568353E-005
    0.839020000000E+005    0.361443147002E-005
    0.839520000000E+005    0.361899866843E-005
    0.840020000000E+005    0.362356727545E-005
    0.840520000000E+005    0.362813728777E-005
    0.841020000000E+005    0.363270870210E-005
    0.841520000000E+005    0.363728151512E-005
    0.842020000000E+005    0.364185572354E-005
    0.842520000000E+005    0.364643132405E-005
    0.843020000000E+005    0.365100831336E-005
    0.843520000000E+005    0.365558668818E-005
    0.844020000000E+005    0.366016644520E-005
    0.844520000000E+005    0.366474758115E-005
    0.845020000000E+005    0.366933009272E-005
    0.845520000000E+005    0.367391397664E-005
    0.846020000000E+005    0.367849922962E-005
    0.846520000000E+005    0.368308584838E-005
    0.847020000000E+005    0.368767382963E-005
    0.847520000000E+005    0.369226317011E-005
    0.848020000000E+005    0.369685386652E-005
    0.848520000000E+005    0.370144591561E-005
    0.849020000000E+005    0.370603931410E-005
    0.849520000000E+005    0.371063405872E-005
    0.850020000000E+005    0.371523014619E-005
    0.850520000000E+005    0.371982757327E-005
    0.851020000000E+005    0.372442633667E-005
    0.851520000000E+005    0.372902643316E-005
    0.852020000000E+005    0.373362785945E-005
    0.852520000000E+005    0.373823061230E-005
    0.853020000000E+005    0.374283468846E-005
    0.853520000000E+005    0.374744008467E-005
    0.854020000000E+005    0.375204679768E-005
    0.854520000000E+005    0.375665482424E-005
    0.855020000000E+005    0.376126416111E-005
    0.855520000000E+005    0.376587480504E-005
    0.856020000000E+005    0.377048675280E-005
    0.856520000000E+005    0.377510000114E-005
    0.857020000000E+005    0.377971454683E-005
    0.857520000000E+005    0.378433038663E-005
    0.858020000000E+005    0.378894751732E-005
    0.858520000000E+005    0.379356593565E-005
    0.859020000000E+005    0.379818563840E-005
    0.859520000000E+005    0.380280662235E-005
    0.860020000000E+005    0.380742888427E-005
    0.860520000000E+005    0.381205242094E-005
    0.861020000000E+005    0.381667722915E-005
    0.861520000000E+005    0.382130330566E-005
    0.862020000000E+005    0.382593064728E-005
    0.862520000000E+005    0.383055925078E-005
    0.863020000000E+005    0.383518911296E-005
    0.863520000000E+005    0.383982023061E-005
    0.864020000000E+005    0.384445260052E-005
    0.864520000000E+005    0.384908621949E-005
    0.865020000000E+005    0.385372108432E-005
    0.865520000000E+005    0.385835719180E-005
    0.866020000000E+005    0.386299453874E-005
    0.866520000000E+005    0.386763312195E-005
    0.867020000000E+005    0.387227293824E-005
    0.867520000000E+005    0.387691398440E-005
    0.868020000000E+005    0.388155625726E-005
    0.868520000000E+005    0.388619975363E-005
    0.869020000000E+005    0.389084447032E-005
    0.869520000000E+005    0.389549040416E-005
    0.870020000000E+005    0.390013755196E-005
    0.870520000000E+005    0.390478591055E-005
    0.871020000000E+005    0.390943547675E-005
    0.871520000000E+005    0.391408624740E-005
    0.872020000000E+005    0.391873821931E-005
    0.872520000000E+005    0.392339138933E-005
    0.873020000000E+005    0.392804575428E-005
    0.873520000000E+005    0.393270131101E-005
    0.874020000000E+005    0.393735805635E-005
    0.874520000000E+005    0.394201598714E-005
    0.875020000000E+005    0.394667510023E-005
    0.875520000000E+005    0.395133539247E-005
    0.876020000000E+005    0.395599686069E-005
    0.876520000000E+005    0.396065950176E-005
    0.877020000000E+005    0.396532331252E-005
    0.877520000000E+005    0.396998828983E-005
    0.878020000000E+005    0.397465443055E-005
    0.878520000000E+005    0.397932173153E-005
    0.879020000000E+005    0.398399018964E-005
    0.879520000000E+005    0.398865980174E-005
    0.880020000000E+005    0.399333056470E-005
    0.880520000000E+005    0.399800247538E-005
    0.881020000000E+005    0.400267553067E-005
    0.881520000000E+005    0.400734972742E-005
    0.882020000000E+005    0.401202506252E-005
    0.882520000000E+005    0.401670153284E-005
    0.883020000000E+005    0.402137913526E-005
    0.883520000000E+005    0.402605786667E-005
    0.884020000000E+005    0.403073772395E-005
    0.884520000000E+005    0.403541870399E-005
    0.885020000000E+005    0.404010080368E-005
    0.885520000000E+005    0.404478401990E-005
    0.886020000000E+005    0.404946834956E-005
    0.886520000000E+005    0.405415378954E-005
    0.887020000000E+005    0.405884033676E-005
    0.887520000000E+005    0.406352798810E-005
    0.888020000000E+005    0.406821674047E-005
    0.888520000000E+005    0.407290659078E-005
    0.889020000000E+005    0.407759753593E-005
    0.889520000000E+005    0.408228957284E-005
    0.890020000000E+005    0.408698269842E-005
    0.890520000000E+005    0.409167690958E-005
    0.891020000000E+005    0.409637220323E-005
    0.891520000000E+005    0.410106857631E-005
    0.892020000000E+005    0.410576602573E-005
    0.892520000000E+005    0.411046454841E-005
    0.893020000000E+005    0.411516414128E-005
    0.893520000000E+005    0.411986480127E-005
    0.894020000000E+005    0.412456652532E-005
    0.894520000000E+005    0.412926931034E-005
    0.895020000000E+005    0.413397315329E-005
    0.895520000000E+005    0.413867805110E-005
    0.896020000000E+005    0.414338400071E-005
    0.896520000000E+005    0.414809099905E-005
    0.897020000000E+005    0.415279904309E-005
    0.897520000000E+005    0.415750812976E-005
    0.898020000000E+005    0.416221825602E-005
    0.898520000000E+005    0.416692941881E-005
    0.899020000000E+005    0.417164161509E-005
    0.899520000000E+005    0.417635484182E-005
    0.900020000000E+005    0.418106909596E-005
    0.900520000000E+005    0.418578437447E-005
    0.901020000000E+005    0.419050067432E-005
    0.901520000000E+005    0.419521799246E-005
    0.902020000000E+005    0.419993632587E-005
    0.902520000000E+005    0.420465567152E-005
    0.903020000000E+005    0.420937602639E-005
    0.903520000000E+005    0.421409738744E-005
    0.904020000000E+005    0.421881975167E-005
    0.904520000000E+005    0.422354311604E-005
    0.905020000000E+005    0.422826747754E-005
    0.905520000000E+005    0.423299283316E-005
    0.906020000000E+005    0.423771917988E-005
    0.906520000000E+005    0.424244651470E-005
    0.907020000000E+005    0.424717483460E-005
    0.907520000000E+005    0.425190413658E-005
    0.908020000000E+005    0.425663441765E-005
    0.908520000000E+005    0.426136567479E-005
    0.909020000000E+005    0.426609790501E-005
    0.909520000000E+005    0.427083110532E-005
    0.910020000000E+005    0.427556527271E-005
    0.910520000000E+005    0.428030040421E-005
    0.911020000000E+005    0.428503649682E-005
    0.911520000000E+005    0.428977354756E-005
    0.912020000000E+005    0.429451155344E-005
    0.912520000000E+005    0.429925051147E-005
    0.913020000000E+005    0.430399041870E-005
    0.913520000000E+005    0.430873127212E-005
    0.914020000000E+005    0.431347306878E-005
    0.914520000000E+005    0.431821580570E-005
    0.915020000000E+005    0.432295947990E-005
    0.915520000000E+005    0.432770408843E-005
    0.916020000000E+005    0.433244962832E-005
    0.916520000000E+005    0.433719609660E-005
    0.917020000000E+005    0.434194349032E-005
    0.917520000000E+005    0.434669180652E-005
    0.918020000000E+005    0.435144104225E-005
    0.918520000000E+005    0.435619119454E-005
    0.919020000000E+005    0.436094226046E-005
    0.919520000000E+005    0.436569423705E-005
    0.920020000000E+005    0.437044712137E-005
    0.920520000000E+005    0.437520091047E-005
    0.921020000000E+005    0.437995560142E-005
    0.921520000000E+005    0.438471119127E-005
    0.922020000000E+005    0.438946767709E-005
    0.922520000000E+005    0.439422505596E-005
    0.923020000000E+005    0.439898332492E-005
    0.923520000000E+005    0.440374248107E-005
    0.924020000000E+005    0.440850252146E-005
    0.924520000000E+005    0.441326344319E-005
    0.925020000000E+005    0.441802524332E-005
    0.925520000000E+005    0.442278791894E-005
    0.926020000000E+005    0.442755146713E-005
    0.926520000000E+005    0.443231588498E-005
    0.927020000000E+005    0.443708116957E-005
    0.927520000000E+005    0.444184731800E-005
    0.928020000000E+005    0.444661432735E-005
    0.928520000000E+005    0.445138219474E-005
    0.929020000000E+005    0.445615091724E-005
    0.929520000000E+005    0.446092049197E-005
    0.930020000000E+005    0.446569091603E-005
    0.930520000000E+005    0.447046218652E-005
    0.931020000000E+005    0.447523430054E-005
    0.931520000000E+005    0.448000725522E-005
    0.932020000000E+005    0.448478104766E-005
    0.932520000000E+005    0.448955567497E-005
    0.933020000000E+005    0.449433113428E-005
    0.933520000000E+005    0.449910742271E-005
    0.934020000000E+005    0.450388453737E-005
    0.934520000000E+005    0.450866247539E-005
    0.935020000000E+005    0.451344123390E-005
    0.935520000000E+005    0.451822081003E-005
    0.936020000000E+005    0.452300120091E-005
    0.936520000000E+005    0.452778240367E-005
    0.937020000000E+005    0.453256441545E-005
    0.937520000000E+005    0.453734723340E-005
    0.938020000000E+005    0.454213085465E-005
    0.938520000000E+005    0.454691527634E-005
    0.939020000000E+005    0.455170049562E-005
    0.939520000000E+005    0.455648650965E-005
    0.940020000000E+005    0.456127331557E-005
    0.940520000000E+005    0.456606091054E-005
    0.941020000000E+005    0.457084929171E-005
    0.941520000000E+005    0.457563845624E-005
    0.942020000000E+005    0.458042840130E-005
    0.942520000000E+005    0.458521912405E-005
    0.943020000000E+005    0.459001062164E-005
    0.943520000000E+005    0.459480289126E-005
    0.944020000000E+005    0.459959593007E-005
    0.944520000000E+005    0.460438973525E-005
    0.945020000000E+005    0.460918430397E-005
    0.945520000000E+005    0.461397963341E-005
    0.946020000000E+005    0.461877572075E-005
    0.946520000000E+005    0.462357256317E-005
    0.947020000000E+005    0.462837015786E-005
    0.947520000000E+005    0.463316850201E-005
    0.948020000000E+005    0.463796759281E-005
    0.948520000000E+005    0.464276742745E-005
    0.949020000000E+005    0.464756800312E-005
    0.949520000000E+005    0.465236931703E-005
    0.950020000000E+005    0.465717136638E-005
    0.950520000000E+005    0.466197414836E-005
    0.951020000000E+005    0.466677766018E-005
    0.951520000000E+005    0.467158189905E-005
    0.952020000000E+005    0.467638686218E-005
    0.952520000000E+005    0.468119254678E-005
    0.953020000000E+005    0.468599895007E-005
    0.953520000000E+005    0.469080606927E-005
    0.954020000000E+005    0.469561390158E-005
    0.954520000000E+005    0.470042244425E-005
    0.955020000000E+005    0.470523169449E-005
    0.955520000000E+005    0.471004164952E-005
    0.956020000000E+005    0.471485230658E-005
    0.956520000000E+005    0.471966366290E-005
    0.957020000000E+005    0.472447571572E-005
    0.957520000000E+005    0.472928846227E-005
    0.958020000000E+005    0.473410189979E-005
    0.958520000000E+005    0.473891602552E-005
    0.959020000000E+005    0.474373083671E-005
    0.959520000000E+005    0.474854633060E-005
    0.960020000000E+005    0.475336250444E-005
    0.960520000000E+005    0.475817935549E-005
    0.961020000000E+005    0.476299688100E-005
    0.961520000000E+005    0.476781507822E-005
    0.962020000000E+005    0.477263394442E-005
    0.962520000000E+005    0.477745347685E-005
    0.963020000000E+005    0.478227367279E-005
    0.963520000000E+005    0.478709452949E-005
    0.964020000000E+005    0.479191604422E-005
    0.964520000000E+005    0.479673821426E-005
    0.965020000000E+005    0.480156103688E-005
    0.965520000000E+005    0.480638450936E-005
    0.966020000000E+005    0.481120862897E-005
    0.966520000000E+005    0.481603339299E-005
    0.967020000000E+005    0.482085879872E-005
    0.967520000000E+005    0.482568484343E-005
    0.968020000000E+005    0.483051152442E-005
    0.968520000000E+005    0.483533883897E-005
    0.969020000000E+005    0.484016678438E-005
    0.969520000000E+005    0.484499535794E-005
    0.970020000000E+005    0.484982455695E-005
    0.970520000000E+005    0.485465437872E-005
    0.971020000000E+005    0.485948482054E-005
    0.971520000000E+005    0.486431587973E-005
    0.972020000000E+005    0.486914755358E-005
    0.972520000000E+005    0.487397983942E-005
    0.973020000000E+005    0.487881273455E-005
    0.973520000000E+005    0.488364623628E-005
    0.974020000000E+005    0.488848034195E-005
    0.974520000000E+005    0.489331504886E-005
    0.975020000000E+005    0.489815035434E-005
    0.975520000000E+005    0.490298625572E-005
    0.976020000000E+005    0.490782275032E-005
    0.976520000000E+005    0.491265983547E-005
    0.977020000000E+005    0.491749750851E-005
    0.977520000000E+005    0.492233576677E-005
    0.978020000000E+005    0.492717460759E-005
    0.978520000000E+005    0.493201402831E-005
    0.979020000000E+005    0.493685402627E-005
    0.979520000000E+005    0.494169459881E-005
    0.980020000000E+005    0.494653574329E-005
    0.980520000000E+005    0.495137745705E-005
    0.981020000000E+005    0.495621973745E-005
    0.981520000000E+005    0.496106258183E-005
    0.982020000000E+005    0.496590598757E-005
    0.982520000000E+005    0.497074995201E-005
    0.983020000000E+005    0.497559447252E-005
    0.983520000000E+005    0.498043954646E-005
    0.984020000000E+005    0.498528517121E-005
    0.984520000000E+005    0.499013134413E-005
    0.985020000000E+005    0.499497806258E-005
    0.985520000000E+005    0.499982532396E-005
    0.986020000000E+005    0.500467312563E-005
    0.986520000000E+005    0.500952146497E-005
    0.987020000000E+005    0.501437033936E-005
    0.987520000000E+005    0.501921974620E-005
    0.988020000000E+005    0.502406968286E-005
    0.988520000000E+005    0.502892014674E-005
    0.989020000000E+005    0.503377113522E-005
    0.989520000000E+005    0.503862264570E-005
    0.990020000000E+005    0.504347467558E-005
    0.990520000000E+005    0.504832722225E-005
    0.991020000000E+005    0.505318028312E-005
    0.991520000000E+005    0.505803385559E-005
    0.992020000000E+005    0.506288793707E-005
    0.992520000000E+005    0.506774252497E-005
    0.993020000000E+005    0.507259761669E-005
    0.993520000000E+005    0.507745320965E-005
    0.994020000000E+005    0.508230930127E-005
    0.994520000000E+005    0.508716588897E-005
    0.995020000000E+005    0.509202297016E-005
    0.995520000000E+005    0.509688054227E-005
    0.996020000000E+005    0.510173860273E-005
    0.996520000000E+005    0.510659714896E-005
    0.997020000000E+005    0.511145617840E-005
    0.997520000000E+005    0.511631568847E-005
    0.998020000000E+005    0.512117567662E-005
    0.998520000000E+005    0.512603614028E-005
    0.999020000000E+005    0.513089707690E-005
    0.999520000000E+005    0.513575848391E-005
