TITLE = "0D Field KU"
VARIABLES = N ,"KU"
ZONE DATAPACKING = POINT
    0.200000000000E+001    0.560151387005E-037
    0.520000000000E+002    0.620810094367E-033
    0.102000000000E+003    0.244619623732E-026
    0.152000000000E+003    0.109784478970E-022
    0.202000000000E+003    0.327278320631E-020
    0.252000000000E+003    0.220505361777E-018
    0.302000000000E+003    0.577890703151E-017
    0.352000000000E+003    0.795040372922E-016
    0.402000000000E+003    0.689414823133E-015
    0.452000000000E+003    0.424235493314E-014
    0.502000000000E+003    0.200770528760E-013
    0.552000000000E+003    0.773309424106E-013
    0.602000000000E+003    0.252596845493E-012
    0.652000000000E+003    0.721504400718E-012
    0.702000000000E+003    0.184472805708E-011
    0.752000000000E+003    0.429913019449E-011
    0.802000000000E+003    0.926375125909E-011
    0.852000000000E+003    0.186683398998E-010
    0.902000000000E+003    0.355094256030E-010
    0.952000000000E+003    0.642359848020E-010
    0.100200000000E+004    0.111203892248E-009
    0.105200000000E+004    0.185195830992E-009
    0.110200000000E+004    0.298001308130E-009
    0.115200000000E+004    0.465049919107E-009
    0.120200000000E+004    0.706089913425E-009
    0.125200000000E+004    0.104590332794E-008
    0.130200000000E+004    0.151504848033E-008
    0.135200000000E+004    0.215062050928E-008
    0.140200000000E+004    0.299702090655E-008
    0.145200000000E+004    0.410672755258E-008
    0.150200000000E+004    0.554105757569E-008
    0.155200000000E+004    0.737091630239E-008
    0.160200000000E+004    0.967752644930E-008
    0.165200000000E+004    0.125531323337E-007
    0.170200000000E+004    0.161016743198E-007
    0.175200000000E+004    0.204394292160E-007
    0.180200000000E+004    0.256956130168E-007
    0.185200000000E+004    0.320129432084E-007
    0.190200000000E+004    0.395481587585E-007
    0.195200000000E+004    0.484724968211E-007
    0.200200000000E+004    0.589721259335E-007
    0.205200000000E+004    0.712485358258E-007
    0.210200000000E+004    0.855188838629E-007
    0.215200000000E+004    0.102016297976E-006
    0.220200000000E+004    0.120990136058E-006
    0.225200000000E+004    0.142706202219E-006
    0.230200000000E+004    0.167446920908E-006
    0.235200000000E+004    0.195511470536E-006
    0.240200000000E+004    0.227215878799E-006
    0.245200000000E+004    0.262893082064E-006
    0.250200000000E+004    0.302892950809E-006
    0.255200000000E+004    0.347582282371E-006
    0.260200000000E+004    0.397344761825E-006
    0.265200000000E+004    0.452580891862E-006
    0.270200000000E+004    0.513707893016E-006
    0.275200000000E+004    0.581159576167E-006
    0.280200000000E+004    0.655386189843E-006
    0.285200000000E+004    0.736854245104E-006
    0.290200000000E+004    0.826046320508E-006
    0.295200000000E+004    0.923460848756E-006
    0.300200000000E+004    0.102961188566E-005
    0.305200000000E+004    0.114502886176E-005
    0.310200000000E+004    0.127025631710E-005
    0.315200000000E+004    0.140585362063E-005
    0.320200000000E+004    0.155239467595E-005
    0.325200000000E+004    0.171046761616E-005
    0.330200000000E+004    0.188067449009E-005
    0.335200000000E+004    0.206363094189E-005
    0.340200000000E+004    0.225996588424E-005
    0.345200000000E+004    0.247032116516E-005
    0.350200000000E+004    0.269535122780E-005
    0.355200000000E+004    0.293572276366E-005
    0.360200000000E+004    0.319211436023E-005
    0.365200000000E+004    0.346521614524E-005
    0.370200000000E+004    0.375572942958E-005
    0.375200000000E+004    0.406436635095E-005
    0.380200000000E+004    0.439184951903E-005
    0.385200000000E+004    0.473891166158E-005
    0.390200000000E+004    0.510629527038E-005
    0.395200000000E+004    0.549475224628E-005
    0.400200000000E+004    0.590504354351E-005
    0.405200000000E+004    0.633793881460E-005
    0.410200000000E+004    0.679421605786E-005
    0.415200000000E+004    0.727466126939E-005
    0.420200000000E+004    0.778006810106E-005
    0.425200000000E+004    0.831123752406E-005
    0.430200000000E+004    0.886897749674E-005
    0.435200000000E+004    0.945410263515E-005
    0.440200000000E+004    0.100674338855E-004
    0.445200000000E+004    0.107097981989E-004
    0.450200000000E+004    0.113820282100E-004
    0.455200000000E+004    0.120849619218E-004
    0.460200000000E+004    0.128194423975E-004
    0.465200000000E+004    0.135863174609E-004
    0.470200000000E+004    0.143864394041E-004
    0.475200000000E+004    0.152206646992E-004
    0.480200000000E+004    0.160898537145E-004
    0.485200000000E+004    0.169948704332E-004
    0.490200000000E+004    0.179365821754E-004
    0.495200000000E+004    0.189158593258E-004
    0.500200000000E+004    0.199335750698E-004
    0.505200000000E+004    0.209906051369E-004
    0.510200000000E+004    0.220878275540E-004
    0.515200000000E+004    0.232261224044E-004
    0.520200000000E+004    0.244063715917E-004
    0.525200000000E+004    0.256294586063E-004
    0.530200000000E+004    0.268962682952E-004
    0.535200000000E+004    0.282076866356E-004
    0.540200000000E+004    0.295646005151E-004
    0.545200000000E+004    0.309678975200E-004
    0.550200000000E+004    0.324184657325E-004
    0.555200000000E+004    0.339171935356E-004
    0.560200000000E+004    0.354649694229E-004
    0.565200000000E+004    0.370626818120E-004
    0.570200000000E+004    0.387112188600E-004
    0.575200000000E+004    0.404114682811E-004
    0.580200000000E+004    0.421643171692E-004
    0.585200000000E+004    0.439706518270E-004
    0.590200000000E+004    0.458313576031E-004
    0.595200000000E+004    0.477473187374E-004
    0.600200000000E+004    0.497194182128E-004
    0.605200000000E+004    0.517485376099E-004
    0.610200000000E+004    0.538355569640E-004
    0.615200000000E+004    0.559813546231E-004
    0.620200000000E+004    0.581868071079E-004
    0.625200000000E+004    0.604527889775E-004
    0.630200000000E+004    0.627801727009E-004
    0.635200000000E+004    0.651698285362E-004
    0.640200000000E+004    0.676226244178E-004
    0.645200000000E+004    0.701394258461E-004
    0.650200000000E+004    0.727210957811E-004
    0.655200000000E+004    0.753684945343E-004
    0.660200000000E+004    0.780824796630E-004
    0.665200000000E+004    0.808639058659E-004
    0.670200000000E+004    0.837136248841E-004
    0.675200000000E+004    0.866324854087E-004
    0.680200000000E+004    0.896213329951E-004
    0.685200000000E+004    0.926810099828E-004
    0.690200000000E+004    0.958123554175E-004
    0.695200000000E+004    0.990162049739E-004
    0.700200000000E+004    0.102293390877E-003
    0.705200000000E+004    0.105644741824E-003
    0.710200000000E+004    0.109071082912E-003
    0.715200000000E+004    0.112573235563E-003
    0.720200000000E+004    0.116152017465E-003
    0.725200000000E+004    0.119808242512E-003
    0.730200000000E+004    0.123542720751E-003
    0.735200000000E+004    0.127356258326E-003
    0.740200000000E+004    0.131249657428E-003
    0.745200000000E+004    0.135223716235E-003
    0.750200000000E+004    0.139279228858E-003
    0.755200000000E+004    0.143416985291E-003
    0.760200000000E+004    0.147637771363E-003
    0.765200000000E+004    0.151942368696E-003
    0.770200000000E+004    0.156331554672E-003
    0.775200000000E+004    0.160806102394E-003
    0.780200000000E+004    0.165366780655E-003
    0.785200000000E+004    0.170014353898E-003
    0.790200000000E+004    0.174749582180E-003
    0.795200000000E+004    0.179573221130E-003
    0.800200000000E+004    0.184486021924E-003
    0.805200000000E+004    0.189488731246E-003
    0.810200000000E+004    0.194582091272E-003
    0.815200000000E+004    0.199766839649E-003
    0.820200000000E+004    0.205043709470E-003
    0.825200000000E+004    0.210413429258E-003
    0.830200000000E+004    0.215876722937E-003
    0.835200000000E+004    0.221434309812E-003
    0.840200000000E+004    0.227086904539E-003
    0.845200000000E+004    0.232835217111E-003
    0.850200000000E+004    0.238679952839E-003
    0.855200000000E+004    0.244621812345E-003
    0.860200000000E+004    0.250661491552E-003
    0.865200000000E+004    0.256799681675E-003
    0.870200000000E+004    0.263037069206E-003
    0.875200000000E+004    0.269374335902E-003
    0.880200000000E+004    0.275812158768E-003
    0.885200000000E+004    0.282351210041E-003
    0.890200000000E+004    0.288992157190E-003
    0.895200000000E+004    0.295735662903E-003
    0.900200000000E+004    0.302582385091E-003
    0.905200000000E+004    0.309532976885E-003
    0.910200000000E+004    0.316588086635E-003
    0.915200000000E+004    0.323748357902E-003
    0.920200000000E+004    0.331014429451E-003
    0.925200000000E+004    0.338386935242E-003
    0.930200000000E+004    0.345866504425E-003
    0.935200000000E+004    0.353453761343E-003
    0.940200000000E+004    0.361149325531E-003
    0.945200000000E+004    0.368953811726E-003
    0.950200000000E+004    0.376867829868E-003
    0.955200000000E+004    0.384891985104E-003
    0.960200000000E+004    0.393026877782E-003
    0.965200000000E+004    0.401273103453E-003
    0.970200000000E+004    0.409631252865E-003
    0.975200000000E+004    0.418101911966E-003
    0.980200000000E+004    0.426685661911E-003
    0.985200000000E+004    0.435383079070E-003
    0.990200000000E+004    0.444194735038E-003
    0.995200000000E+004    0.453121196644E-003
    0.100020000000E+005    0.462163025950E-003
    0.100520000000E+005    0.471320780256E-003
    0.101020000000E+005    0.480595012102E-003
    0.101520000000E+005    0.489986269265E-003
    0.102020000000E+005    0.499495094771E-003
    0.102520000000E+005    0.509122026902E-003
    0.103020000000E+005    0.518867599212E-003
    0.103520000000E+005    0.528732340538E-003
    0.104020000000E+005    0.538716775005E-003
    0.104520000000E+005    0.548821422036E-003
    0.105020000000E+005    0.559046796353E-003
    0.105520000000E+005    0.569393407979E-003
    0.106020000000E+005    0.579861762247E-003
    0.106520000000E+005    0.590452359809E-003
    0.107020000000E+005    0.601165696651E-003
    0.107520000000E+005    0.612002264107E-003
    0.108020000000E+005    0.622962548872E-003
    0.108520000000E+005    0.634047033010E-003
    0.109020000000E+005    0.645256193959E-003
    0.109520000000E+005    0.656590504539E-003
    0.110020000000E+005    0.668050432955E-003
    0.110520000000E+005    0.679636442808E-003
    0.111020000000E+005    0.691348993105E-003
    0.111520000000E+005    0.703188538283E-003
    0.112020000000E+005    0.715155528215E-003
    0.112520000000E+005    0.727250408226E-003
    0.113020000000E+005    0.739473619106E-003
    0.113520000000E+005    0.751825597109E-003
    0.114020000000E+005    0.764306773961E-003
    0.114520000000E+005    0.776917576871E-003
    0.115020000000E+005    0.789658428541E-003
    0.115520000000E+005    0.802529747181E-003
    0.116020000000E+005    0.815531946528E-003
    0.116520000000E+005    0.828665435856E-003
    0.117020000000E+005    0.841930619995E-003
    0.117520000000E+005    0.855327899331E-003
    0.118020000000E+005    0.868857669819E-003
    0.118520000000E+005    0.882520322985E-003
    0.119020000000E+005    0.896316245940E-003
    0.119520000000E+005    0.910245821393E-003
    0.120020000000E+005    0.924309427665E-003
    0.120520000000E+005    0.938507438709E-003
    0.121020000000E+005    0.952840224123E-003
    0.121520000000E+005    0.967308149159E-003
    0.122020000000E+005    0.981911574733E-003
    0.122520000000E+005    0.996650857430E-003
    0.123020000000E+005    0.101152634951E-002
    0.123520000000E+005    0.102653839893E-002
    0.124020000000E+005    0.104168734933E-002
    0.124520000000E+005    0.105697354011E-002
    0.125020000000E+005    0.107239730637E-002
    0.125520000000E+005    0.108795897899E-002
    0.126020000000E+005    0.110365888458E-002
    0.126520000000E+005    0.111949734554E-002
    0.127020000000E+005    0.113547468004E-002
    0.127520000000E+005    0.115159120202E-002
    0.128020000000E+005    0.116784722124E-002
    0.128520000000E+005    0.118424304325E-002
    0.129020000000E+005    0.120077896943E-002
    0.129520000000E+005    0.121745529703E-002
    0.130020000000E+005    0.123427231914E-002
    0.130520000000E+005    0.125123032469E-002
    0.131020000000E+005    0.126832959853E-002
    0.131520000000E+005    0.128557042134E-002
    0.132020000000E+005    0.130295306973E-002
    0.132520000000E+005    0.132047781617E-002
    0.133020000000E+005    0.133814492909E-002
    0.133520000000E+005    0.135595467284E-002
    0.134020000000E+005    0.137390730771E-002
    0.134520000000E+005    0.139200308996E-002
    0.135020000000E+005    0.141024227183E-002
    0.135520000000E+005    0.142862510149E-002
    0.136020000000E+005    0.144715182315E-002
    0.136520000000E+005    0.146582267695E-002
    0.137020000000E+005    0.148463789910E-002
    0.137520000000E+005    0.150359772179E-002
    0.138020000000E+005    0.152270237327E-002
    0.138520000000E+005    0.154195207784E-002
    0.139020000000E+005    0.156134705586E-002
    0.139520000000E+005    0.158088752375E-002
    0.140020000000E+005    0.160057369402E-002
    0.140520000000E+005    0.162040577524E-002
    0.141020000000E+005    0.164038397209E-002
    0.141520000000E+005    0.166050848537E-002
    0.142020000000E+005    0.168077951199E-002
    0.142520000000E+005    0.170119724501E-002
    0.143020000000E+005    0.172176187364E-002
    0.143520000000E+005    0.174247358325E-002
    0.144020000000E+005    0.176333255539E-002
    0.144520000000E+005    0.178433896774E-002
    0.145020000000E+005    0.180549299420E-002
    0.145520000000E+005    0.182679480486E-002
    0.146020000000E+005    0.184824456601E-002
    0.146520000000E+005    0.186984244018E-002
    0.147020000000E+005    0.189158858614E-002
    0.147520000000E+005    0.191348315890E-002
    0.148020000000E+005    0.193552630972E-002
    0.148520000000E+005    0.195771818613E-002
    0.149020000000E+005    0.198005893193E-002
    0.149520000000E+005    0.200254868719E-002
    0.150020000000E+005    0.202518758828E-002
    0.150520000000E+005    0.204797576789E-002
    0.151020000000E+005    0.207091335502E-002
    0.151520000000E+005    0.209400047500E-002
    0.152020000000E+005    0.211723724952E-002
    0.152520000000E+005    0.214062379661E-002
    0.153020000000E+005    0.216416023063E-002
    0.153520000000E+005    0.218784666234E-002
    0.154020000000E+005    0.221168319885E-002
    0.154520000000E+005    0.223566994367E-002
    0.155020000000E+005    0.225980699672E-002
    0.155520000000E+005    0.228409445432E-002
    0.156020000000E+005    0.230853240923E-002
    0.156520000000E+005    0.233312095063E-002
    0.157020000000E+005    0.235786016416E-002
    0.157520000000E+005    0.238275013188E-002
    0.158020000000E+005    0.240779093230E-002
    0.158520000000E+005    0.243298264044E-002
    0.159020000000E+005    0.245832532775E-002
    0.159520000000E+005    0.248381906221E-002
    0.160020000000E+005    0.250946390831E-002
    0.160520000000E+005    0.253525992702E-002
    0.161020000000E+005    0.256120717587E-002
    0.161520000000E+005    0.258730570889E-002
    0.162020000000E+005    0.261355557665E-002
    0.162520000000E+005    0.263995682627E-002
    0.163020000000E+005    0.266650950141E-002
    0.163520000000E+005    0.269321364234E-002
    0.164020000000E+005    0.272006928587E-002
    0.164520000000E+005    0.274707646545E-002
    0.165020000000E+005    0.277423521109E-002
    0.165520000000E+005    0.280154554942E-002
    0.166020000000E+005    0.282900750369E-002
    0.166520000000E+005    0.285662109376E-002
    0.167020000000E+005    0.288438633614E-002
    0.167520000000E+005    0.291230324395E-002
    0.168020000000E+005    0.294037182701E-002
    0.168520000000E+005    0.296859209179E-002
    0.169020000000E+005    0.299696404145E-002
    0.169520000000E+005    0.302548767582E-002
    0.170020000000E+005    0.305416299142E-002
    0.170520000000E+005    0.308298998148E-002
    0.171020000000E+005    0.311196863592E-002
    0.171520000000E+005    0.314109894139E-002
    0.172020000000E+005    0.317038088128E-002
    0.172520000000E+005    0.319981443569E-002
    0.173020000000E+005    0.322939958152E-002
    0.173520000000E+005    0.325913629240E-002
    0.174020000000E+005    0.328902453873E-002
    0.174520000000E+005    0.331906428768E-002
    0.175020000000E+005    0.334925550321E-002
    0.175520000000E+005    0.337959814606E-002
    0.176020000000E+005    0.341009217377E-002
    0.176520000000E+005    0.344073754070E-002
    0.177020000000E+005    0.347153419805E-002
    0.177520000000E+005    0.350248209382E-002
    0.178020000000E+005    0.353358117290E-002
    0.178520000000E+005    0.356483137697E-002
    0.179020000000E+005    0.359623264459E-002
    0.179520000000E+005    0.362778491119E-002
    0.180020000000E+005    0.365948810904E-002
    0.180520000000E+005    0.369134216733E-002
    0.181020000000E+005    0.372334701212E-002
    0.181520000000E+005    0.375550256639E-002
    0.182020000000E+005    0.378780875002E-002
    0.182520000000E+005    0.382026547983E-002
    0.183020000000E+005    0.385287266953E-002
    0.183520000000E+005    0.388563022978E-002
    0.184020000000E+005    0.391853806818E-002
    0.184520000000E+005    0.395159608928E-002
    0.185020000000E+005    0.398480419458E-002
    0.185520000000E+005    0.401816228258E-002
    0.186020000000E+005    0.405167024874E-002
    0.186520000000E+005    0.408532798553E-002
    0.187020000000E+005    0.411913538238E-002
    0.187520000000E+005    0.415309232575E-002
    0.188020000000E+005    0.418719869909E-002
    0.188520000000E+005    0.422145438288E-002
    0.189020000000E+005    0.425585925461E-002
    0.189520000000E+005    0.429041318882E-002
    0.190020000000E+005    0.432511605712E-002
    0.190520000000E+005    0.435996772814E-002
    0.191020000000E+005    0.439496806760E-002
    0.191520000000E+005    0.443011693827E-002
    0.192020000000E+005    0.446541420000E-002
    0.192520000000E+005    0.450085970972E-002
    0.193020000000E+005    0.453645332146E-002
    0.193520000000E+005    0.457219488634E-002
    0.194020000000E+005    0.460808425261E-002
    0.194520000000E+005    0.464412126563E-002
    0.195020000000E+005    0.468030576789E-002
    0.195520000000E+005    0.471663759902E-002
    0.196020000000E+005    0.475311659579E-002
    0.196520000000E+005    0.478974259209E-002
    0.197020000000E+005    0.482651541901E-002
    0.197520000000E+005    0.486343490476E-002
    0.198020000000E+005    0.490050087474E-002
    0.198520000000E+005    0.493771315156E-002
    0.199020000000E+005    0.497507155499E-002
    0.199520000000E+005    0.501257590202E-002
    0.200020000000E+005    0.505022600683E-002
    0.200520000000E+005    0.508802168079E-002
    0.201020000000E+005    0.512596273253E-002
    0.201520000000E+005    0.516404896786E-002
    0.202020000000E+005    0.520228018986E-002
    0.202520000000E+005    0.524065619881E-002
    0.203020000000E+005    0.527917679230E-002
    0.203520000000E+005    0.531784176515E-002
    0.204020000000E+005    0.535665090942E-002
    0.204520000000E+005    0.539560401448E-002
    0.205020000000E+005    0.543470086695E-002
    0.205520000000E+005    0.547394125073E-002
    0.206020000000E+005    0.551332494702E-002
    0.206520000000E+005    0.555285173433E-002
    0.207020000000E+005    0.559252138845E-002
    0.207520000000E+005    0.563233368251E-002
    0.208020000000E+005    0.567228838697E-002
    0.208520000000E+005    0.571238526959E-002
    0.209020000000E+005    0.575262409547E-002
    0.209520000000E+005    0.579300462706E-002
    0.210020000000E+005    0.583352662414E-002
    0.210520000000E+005    0.587418984384E-002
    0.211020000000E+005    0.591499404066E-002
    0.211520000000E+005    0.595593896649E-002
    0.212020000000E+005    0.599702437056E-002
    0.212520000000E+005    0.603824999952E-002
    0.213020000000E+005    0.607961559736E-002
    0.213520000000E+005    0.612112090549E-002
    0.214020000000E+005    0.616276566271E-002
    0.214520000000E+005    0.620454960522E-002
    0.215020000000E+005    0.624647246663E-002
    0.215520000000E+005    0.628853397797E-002
    0.216020000000E+005    0.633073386771E-002
    0.216520000000E+005    0.637307186174E-002
    0.217020000000E+005    0.641554768338E-002
    0.217520000000E+005    0.645816105341E-002
    0.218020000000E+005    0.650091169003E-002
    0.218520000000E+005    0.654379930889E-002
    0.219020000000E+005    0.658682362311E-002
    0.219520000000E+005    0.662998434328E-002
    0.220020000000E+005    0.667328117744E-002
    0.220520000000E+005    0.671671383113E-002
    0.221020000000E+005    0.676028200736E-002
    0.221520000000E+005    0.680398540664E-002
    0.222020000000E+005    0.684782372693E-002
    0.222520000000E+005    0.689179666373E-002
    0.223020000000E+005    0.693590390999E-002
    0.223520000000E+005    0.698014515621E-002
    0.224020000000E+005    0.702452009038E-002
    0.224520000000E+005    0.706902839802E-002
    0.225020000000E+005    0.711366976215E-002
    0.225520000000E+005    0.715844386336E-002
    0.226020000000E+005    0.720335037971E-002
    0.226520000000E+005    0.724838898684E-002
    0.227020000000E+005    0.729355935789E-002
    0.227520000000E+005    0.733886116357E-002
    0.228020000000E+005    0.738429407213E-002
    0.228520000000E+005    0.742985774936E-002
    0.229020000000E+005    0.747555185864E-002
    0.229520000000E+005    0.752137606088E-002
    0.230020000000E+005    0.756733001457E-002
    0.230520000000E+005    0.761341337577E-002
    0.231020000000E+005    0.765962579810E-002
    0.231520000000E+005    0.770596693275E-002
    0.232020000000E+005    0.775243642849E-002
    0.232520000000E+005    0.779903393169E-002
    0.233020000000E+005    0.784575908630E-002
    0.233520000000E+005    0.789261153386E-002
    0.234020000000E+005    0.793959091352E-002
    0.234520000000E+005    0.798669686201E-002
    0.235020000000E+005    0.803392901366E-002
    0.235520000000E+005    0.808128700040E-002
    0.236020000000E+005    0.812877045177E-002
    0.236520000000E+005    0.817637899492E-002
    0.237020000000E+005    0.822411225462E-002
    0.237520000000E+005    0.827196985325E-002
    0.238020000000E+005    0.831995141083E-002
    0.238520000000E+005    0.836805654497E-002
    0.239020000000E+005    0.841628487093E-002
    0.239520000000E+005    0.846463600158E-002
    0.240020000000E+005    0.851310954743E-002
    0.240520000000E+005    0.856170511660E-002
    0.241020000000E+005    0.861042231487E-002
    0.241520000000E+005    0.865926074564E-002
    0.242020000000E+005    0.870822000998E-002
    0.242520000000E+005    0.875729970657E-002
    0.243020000000E+005    0.880649943176E-002
    0.243520000000E+005    0.885581877953E-002
    0.244020000000E+005    0.890525734151E-002
    0.244520000000E+005    0.895481470696E-002
    0.245020000000E+005    0.900449046284E-002
    0.245520000000E+005    0.905428419371E-002
    0.246020000000E+005    0.910419548183E-002
    0.246520000000E+005    0.915422390712E-002
    0.247020000000E+005    0.920436904712E-002
    0.247520000000E+005    0.925463047709E-002
    0.248020000000E+005    0.930500776989E-002
    0.248520000000E+005    0.935550049610E-002
    0.249020000000E+005    0.940610822392E-002
    0.249520000000E+005    0.945683051924E-002
    0.250020000000E+005    0.950766694563E-002
    0.250520000000E+005    0.955861706433E-002
    0.251020000000E+005    0.960968043426E-002
    0.251520000000E+005    0.966085661199E-002
    0.252020000000E+005    0.971214515180E-002
    0.252520000000E+005    0.976354560562E-002
    0.253020000000E+005    0.981505752307E-002
    0.253520000000E+005    0.986668045145E-002
    0.254020000000E+005    0.991841393574E-002
    0.254520000000E+005    0.997025751862E-002
    0.255020000000E+005    0.100222107405E-001
    0.255520000000E+005    0.100742731393E-001
    0.256020000000E+005    0.101264442508E-001
    0.256520000000E+005    0.101787236086E-001
    0.257020000000E+005    0.102311107436E-001
    0.257520000000E+005    0.102836051847E-001
    0.258020000000E+005    0.103362064584E-001
    0.258520000000E+005    0.103889140888E-001
    0.259020000000E+005    0.104417275980E-001
    0.259520000000E+005    0.104946465056E-001
    0.260020000000E+005    0.105476703287E-001
    0.260520000000E+005    0.106007985825E-001
    0.261020000000E+005    0.106540307797E-001
    0.261520000000E+005    0.107073664307E-001
    0.262020000000E+005    0.107608050436E-001
    0.262520000000E+005    0.108143461243E-001
    0.263020000000E+005    0.108679891764E-001
    0.263520000000E+005    0.109217337011E-001
    0.264020000000E+005    0.109755791975E-001
    0.264520000000E+005    0.110295251623E-001
    0.265020000000E+005    0.110835710899E-001
    0.265520000000E+005    0.111377164725E-001
    0.266020000000E+005    0.111919608001E-001
    0.266520000000E+005    0.112463035602E-001
    0.267020000000E+005    0.113007442383E-001
    0.267520000000E+005    0.113552823174E-001
    0.268020000000E+005    0.114099172784E-001
    0.268520000000E+005    0.114646486000E-001
    0.269020000000E+005    0.115194757584E-001
    0.269520000000E+005    0.115743982278E-001
    0.270020000000E+005    0.116294154800E-001
    0.270520000000E+005    0.116845269846E-001
    0.271020000000E+005    0.117397322091E-001
    0.271520000000E+005    0.117950306185E-001
    0.272020000000E+005    0.118504216758E-001
    0.272520000000E+005    0.119059048416E-001
    0.273020000000E+005    0.119614795745E-001
    0.273520000000E+005    0.120171453306E-001
    0.274020000000E+005    0.120729015642E-001
    0.274520000000E+005    0.121287477269E-001
    0.275020000000E+005    0.121846832684E-001
    0.275520000000E+005    0.122407076362E-001
    0.276020000000E+005    0.122968202756E-001
    0.276520000000E+005    0.123530206295E-001
    0.277020000000E+005    0.124093081390E-001
    0.277520000000E+005    0.124656822428E-001
    0.278020000000E+005    0.125221423774E-001
    0.278520000000E+005    0.125786879773E-001
    0.279020000000E+005    0.126353184746E-001
    0.279520000000E+005    0.126920332996E-001
    0.280020000000E+005    0.127488318803E-001
    0.280520000000E+005    0.128057136424E-001
    0.281020000000E+005    0.128626780098E-001
    0.281520000000E+005    0.129197244041E-001
    0.282020000000E+005    0.129768522448E-001
    0.282520000000E+005    0.130340609494E-001
    0.283020000000E+005    0.130913499332E-001
    0.283520000000E+005    0.131487186096E-001
    0.284020000000E+005    0.132061663897E-001
    0.284520000000E+005    0.132636926826E-001
    0.285020000000E+005    0.133212968957E-001
    0.285520000000E+005    0.133789784338E-001
    0.286020000000E+005    0.134367367002E-001
    0.286520000000E+005    0.134945710959E-001
    0.287020000000E+005    0.135524810198E-001
    0.287520000000E+005    0.136104658692E-001
    0.288020000000E+005    0.136685250391E-001
    0.288520000000E+005    0.137266579226E-001
    0.289020000000E+005    0.137848639109E-001
    0.289520000000E+005    0.138431423933E-001
    0.290020000000E+005    0.139014927571E-001
    0.290520000000E+005    0.139599143876E-001
    0.291020000000E+005    0.140184066685E-001
    0.291520000000E+005    0.140769689813E-001
    0.292020000000E+005    0.141356007059E-001
    0.292520000000E+005    0.141943012200E-001
    0.293020000000E+005    0.142530698999E-001
    0.293520000000E+005    0.143119061197E-001
    0.294020000000E+005    0.143708092520E-001
    0.294520000000E+005    0.144297786673E-001
    0.295020000000E+005    0.144888137346E-001
    0.295520000000E+005    0.145479138210E-001
    0.296020000000E+005    0.146070782919E-001
    0.296520000000E+005    0.146663065111E-001
    0.297020000000E+005    0.147255978403E-001
    0.297520000000E+005    0.147849516401E-001
    0.298020000000E+005    0.148443672690E-001
    0.298520000000E+005    0.149038440840E-001
    0.299020000000E+005    0.149633814405E-001
    0.299520000000E+005    0.150229786922E-001
    0.300020000000E+005    0.150826351913E-001
    0.300520000000E+005    0.151423502885E-001
    0.301020000000E+005    0.152021233328E-001
    0.301520000000E+005    0.152619536718E-001
    0.302020000000E+005    0.153218406515E-001
    0.302520000000E+005    0.153817836165E-001
    0.303020000000E+005    0.154417819099E-001
    0.303520000000E+005    0.155018348735E-001
    0.304020000000E+005    0.155619418475E-001
    0.304520000000E+005    0.156221021708E-001
    0.305020000000E+005    0.156823151809E-001
    0.305520000000E+005    0.157425802141E-001
    0.306020000000E+005    0.158028966053E-001
    0.306520000000E+005    0.158632636880E-001
    0.307020000000E+005    0.159236807947E-001
    0.307520000000E+005    0.159841472563E-001
    0.308020000000E+005    0.160446624029E-001
    0.308520000000E+005    0.161052255631E-001
    0.309020000000E+005    0.161658360646E-001
    0.309520000000E+005    0.162264932336E-001
    0.310020000000E+005    0.162871963956E-001
    0.310520000000E+005    0.163479448748E-001
    0.311020000000E+005    0.164087379944E-001
    0.311520000000E+005    0.164695750766E-001
    0.312020000000E+005    0.165304554425E-001
    0.312520000000E+005    0.165913784125E-001
    0.313020000000E+005    0.166523433059E-001
    0.313520000000E+005    0.167133494409E-001
    0.314020000000E+005    0.167743961351E-001
    0.314520000000E+005    0.168354827053E-001
    0.315020000000E+005    0.168966084673E-001
    0.315520000000E+005    0.169577727361E-001
    0.316020000000E+005    0.170189748261E-001
    0.316520000000E+005    0.170802140509E-001
    0.317020000000E+005    0.171414897234E-001
    0.317520000000E+005    0.172028011559E-001
    0.318020000000E+005    0.172641476600E-001
    0.318520000000E+005    0.173255285468E-001
    0.319020000000E+005    0.173869431267E-001
    0.319520000000E+005    0.174483907096E-001
    0.320020000000E+005    0.175098706050E-001
    0.320520000000E+005    0.175713821219E-001
    0.321020000000E+005    0.176329245689E-001
    0.321520000000E+005    0.176944972541E-001
    0.322020000000E+005    0.177560994852E-001
    0.322520000000E+005    0.178177305697E-001
    0.323020000000E+005    0.178793898149E-001
    0.323520000000E+005    0.179410765274E-001
    0.324020000000E+005    0.180027900142E-001
    0.324520000000E+005    0.180645295815E-001
    0.325020000000E+005    0.181262945356E-001
    0.325520000000E+005    0.181880841829E-001
    0.326020000000E+005    0.182498978293E-001
    0.326520000000E+005    0.183117347808E-001
    0.327020000000E+005    0.183735943435E-001
    0.327520000000E+005    0.184354758234E-001
    0.328020000000E+005    0.184973785265E-001
    0.328520000000E+005    0.185593017590E-001
    0.329020000000E+005    0.186212448271E-001
    0.329520000000E+005    0.186832070372E-001
    0.330020000000E+005    0.187451876959E-001
    0.330520000000E+005    0.188071861101E-001
    0.331020000000E+005    0.188692015867E-001
    0.331520000000E+005    0.189312334332E-001
    0.332020000000E+005    0.189932809573E-001
    0.332520000000E+005    0.190553434670E-001
    0.333020000000E+005    0.191174202707E-001
    0.333520000000E+005    0.191795106774E-001
    0.334020000000E+005    0.192416139964E-001
    0.334520000000E+005    0.193037295376E-001
    0.335020000000E+005    0.193658566114E-001
    0.335520000000E+005    0.194279945287E-001
    0.336020000000E+005    0.194901426011E-001
    0.336520000000E+005    0.195523001410E-001
    0.337020000000E+005    0.196144664611E-001
    0.337520000000E+005    0.196766408751E-001
    0.338020000000E+005    0.197388226975E-001
    0.338520000000E+005    0.198010112433E-001
    0.339020000000E+005    0.198632058285E-001
    0.339520000000E+005    0.199254057701E-001
    0.340020000000E+005    0.199876103856E-001
    0.340520000000E+005    0.200498189939E-001
    0.341020000000E+005    0.201120309144E-001
    0.341520000000E+005    0.201742454678E-001
    0.342020000000E+005    0.202364619757E-001
    0.342520000000E+005    0.202986797609E-001
    0.343020000000E+005    0.203608981470E-001
    0.343520000000E+005    0.204231164591E-001
    0.344020000000E+005    0.204853340231E-001
    0.344520000000E+005    0.205475501663E-001
    0.345020000000E+005    0.206097642173E-001
    0.345520000000E+005    0.206719755057E-001
    0.346020000000E+005    0.207341833627E-001
    0.346520000000E+005    0.207963871205E-001
    0.347020000000E+005    0.208585861130E-001
    0.347520000000E+005    0.209207796751E-001
    0.348020000000E+005    0.209829671435E-001
    0.348520000000E+005    0.210451478561E-001
    0.349020000000E+005    0.211073211524E-001
    0.349520000000E+005    0.211694863734E-001
    0.350020000000E+005    0.212316428615E-001
    0.350520000000E+005    0.212937899609E-001
    0.351020000000E+005    0.213559270172E-001
    0.351520000000E+005    0.214180533779E-001
    0.352020000000E+005    0.214801683919E-001
    0.352520000000E+005    0.215422714098E-001
    0.353020000000E+005    0.216043617841E-001
    0.353520000000E+005    0.216664388690E-001
    0.354020000000E+005    0.217285020204E-001
    0.354520000000E+005    0.217905505960E-001
    0.355020000000E+005    0.218525839555E-001
    0.355520000000E+005    0.219146014603E-001
    0.356020000000E+005    0.219766024736E-001
    0.356520000000E+005    0.220385863609E-001
    0.357020000000E+005    0.221005524892E-001
    0.357520000000E+005    0.221625002278E-001
    0.358020000000E+005    0.222244289478E-001
    0.358520000000E+005    0.222863380224E-001
    0.359020000000E+005    0.223482268269E-001
    0.359520000000E+005    0.224100947385E-001
    0.360020000000E+005    0.224719411366E-001
    0.360520000000E+005    0.225337654028E-001
    0.361020000000E+005    0.225955669208E-001
    0.361520000000E+005    0.226573450763E-001
    0.362020000000E+005    0.227190992573E-001
    0.362520000000E+005    0.227808288543E-001
    0.363020000000E+005    0.228425332595E-001
    0.363520000000E+005    0.229042118678E-001
    0.364020000000E+005    0.229658640762E-001
    0.364520000000E+005    0.230274892839E-001
    0.365020000000E+005    0.230890868927E-001
    0.365520000000E+005    0.231506563065E-001
    0.366020000000E+005    0.232121969316E-001
    0.366520000000E+005    0.232737081769E-001
    0.367020000000E+005    0.233351894534E-001
    0.367520000000E+005    0.233966401746E-001
    0.368020000000E+005    0.234580597567E-001
    0.368520000000E+005    0.235194476180E-001
    0.369020000000E+005    0.235808031795E-001
    0.369520000000E+005    0.236421258647E-001
    0.370020000000E+005    0.237034150995E-001
    0.370520000000E+005    0.237646703123E-001
    0.371020000000E+005    0.238258909343E-001
    0.371520000000E+005    0.238870763989E-001
    0.372020000000E+005    0.239482261425E-001
    0.372520000000E+005    0.240093396037E-001
    0.373020000000E+005    0.240704162239E-001
    0.373520000000E+005    0.241314554472E-001
    0.374020000000E+005    0.241924567202E-001
    0.374520000000E+005    0.242534194923E-001
    0.375020000000E+005    0.243143432153E-001
    0.375520000000E+005    0.243752273439E-001
    0.376020000000E+005    0.244360713356E-001
    0.376520000000E+005    0.244968746504E-001
    0.377020000000E+005    0.245576367510E-001
    0.377520000000E+005    0.246183571030E-001
    0.378020000000E+005    0.246790351747E-001
    0.378520000000E+005    0.247396704371E-001
    0.379020000000E+005    0.248002623639E-001
    0.379520000000E+005    0.248608104318E-001
    0.380020000000E+005    0.249213141200E-001
    0.380520000000E+005    0.249817729109E-001
    0.381020000000E+005    0.250421862893E-001
    0.381520000000E+005    0.251025537431E-001
    0.382020000000E+005    0.251628747628E-001
    0.382520000000E+005    0.252231488419E-001
    0.383020000000E+005    0.252833754768E-001
    0.383520000000E+005    0.253435541666E-001
    0.384020000000E+005    0.254036844133E-001
    0.384520000000E+005    0.254637657219E-001
    0.385020000000E+005    0.255237976001E-001
    0.385520000000E+005    0.255837795585E-001
    0.386020000000E+005    0.256437111108E-001
    0.386520000000E+005    0.257035917734E-001
    0.387020000000E+005    0.257634210657E-001
    0.387520000000E+005    0.258231985099E-001
    0.388020000000E+005    0.258829236312E-001
    0.388520000000E+005    0.259425959578E-001
    0.389020000000E+005    0.260022150206E-001
    0.389520000000E+005    0.260617803538E-001
    0.390020000000E+005    0.261212914941E-001
    0.390520000000E+005    0.261807479816E-001
    0.391020000000E+005    0.262401493589E-001
    0.391520000000E+005    0.262994951718E-001
    0.392020000000E+005    0.263587849691E-001
    0.392520000000E+005    0.264180183025E-001
    0.393020000000E+005    0.264771947265E-001
    0.393520000000E+005    0.265363137989E-001
    0.394020000000E+005    0.265953750801E-001
    0.394520000000E+005    0.266543781337E-001
    0.395020000000E+005    0.267133225263E-001
    0.395520000000E+005    0.267722078274E-001
    0.396020000000E+005    0.268310336093E-001
    0.396520000000E+005    0.268897994477E-001
    0.397020000000E+005    0.269485049209E-001
    0.397520000000E+005    0.270071496103E-001
    0.398020000000E+005    0.270657331004E-001
    0.398520000000E+005    0.271242549786E-001
    0.399020000000E+005    0.271827148352E-001
    0.399520000000E+005    0.272411122637E-001
    0.400020000000E+005    0.272994468603E-001
    0.400520000000E+005    0.273577182244E-001
    0.401020000000E+005    0.274159259584E-001
    0.401520000000E+005    0.274740696677E-001
    0.402020000000E+005    0.275321489604E-001
    0.402520000000E+005    0.275901634479E-001
    0.403020000000E+005    0.276481127446E-001
    0.403520000000E+005    0.277059964677E-001
    0.404020000000E+005    0.277638142375E-001
    0.404520000000E+005    0.278215656772E-001
    0.405020000000E+005    0.278792504131E-001
    0.405520000000E+005    0.279368680745E-001
    0.406020000000E+005    0.279944182935E-001
    0.406520000000E+005    0.280519007053E-001
    0.407020000000E+005    0.281093149482E-001
    0.407520000000E+005    0.281666606632E-001
    0.408020000000E+005    0.282239374946E-001
    0.408520000000E+005    0.282811450895E-001
    0.409020000000E+005    0.283382830979E-001
    0.409520000000E+005    0.283953511729E-001
    0.410020000000E+005    0.284523489706E-001
    0.410520000000E+005    0.285092761500E-001
    0.411020000000E+005    0.285661323730E-001
    0.411520000000E+005    0.286229173046E-001
    0.412020000000E+005    0.286796306127E-001
    0.412520000000E+005    0.287362719682E-001
    0.413020000000E+005    0.287928410449E-001
    0.413520000000E+005    0.288493375196E-001
    0.414020000000E+005    0.289057610720E-001
    0.414520000000E+005    0.289621113847E-001
    0.415020000000E+005    0.290183881436E-001
    0.415520000000E+005    0.290745910370E-001
    0.416020000000E+005    0.291307197566E-001
    0.416520000000E+005    0.291867739968E-001
    0.417020000000E+005    0.292427534550E-001
    0.417520000000E+005    0.292986578315E-001
    0.418020000000E+005    0.293544868296E-001
    0.418520000000E+005    0.294102401554E-001
    0.419020000000E+005    0.294659175182E-001
    0.419520000000E+005    0.295215186299E-001
    0.420020000000E+005    0.295770432055E-001
    0.420520000000E+005    0.296324909628E-001
    0.421020000000E+005    0.296878616227E-001
    0.421520000000E+005    0.297431549088E-001
    0.422020000000E+005    0.297983705477E-001
    0.422520000000E+005    0.298535082689E-001
    0.423020000000E+005    0.299085678048E-001
    0.423520000000E+005    0.299635488907E-001
    0.424020000000E+005    0.300184512648E-001
    0.424520000000E+005    0.300732746681E-001
    0.425020000000E+005    0.301280188446E-001
    0.425520000000E+005    0.301826835412E-001
    0.426020000000E+005    0.302372685075E-001
    0.426520000000E+005    0.302917734961E-001
    0.427020000000E+005    0.303461982626E-001
    0.427520000000E+005    0.304005425652E-001
    0.428020000000E+005    0.304548061651E-001
    0.428520000000E+005    0.305089888264E-001
    0.429020000000E+005    0.305630903160E-001
    0.429520000000E+005    0.306171104036E-001
    0.430020000000E+005    0.306710488619E-001
    0.430520000000E+005    0.307249054664E-001
    0.431020000000E+005    0.307786799953E-001
    0.431520000000E+005    0.308323722298E-001
    0.432020000000E+005    0.308859819539E-001
    0.432520000000E+005    0.309395089544E-001
    0.433020000000E+005    0.309929530209E-001
    0.433520000000E+005    0.310463139460E-001
    0.434020000000E+005    0.310995915249E-001
    0.434520000000E+005    0.311527855558E-001
    0.435020000000E+005    0.312058958395E-001
    0.435520000000E+005    0.312589221799E-001
    0.436020000000E+005    0.313118643835E-001
    0.436520000000E+005    0.313647222596E-001
    0.437020000000E+005    0.314174956205E-001
    0.437520000000E+005    0.314701842811E-001
    0.438020000000E+005    0.315227880591E-001
    0.438520000000E+005    0.315753067752E-001
    0.439020000000E+005    0.316277402527E-001
    0.439520000000E+005    0.316800883177E-001
    0.440020000000E+005    0.317323507992E-001
    0.440520000000E+005    0.317845275288E-001
    0.441020000000E+005    0.318366183411E-001
    0.441520000000E+005    0.318886230732E-001
    0.442020000000E+005    0.319405415653E-001
    0.442520000000E+005    0.319923736601E-001
    0.443020000000E+005    0.320441192032E-001
    0.443520000000E+005    0.320957780429E-001
    0.444020000000E+005    0.321473500303E-001
    0.444520000000E+005    0.321988350193E-001
    0.445020000000E+005    0.322502328664E-001
    0.445520000000E+005    0.323015434309E-001
    0.446020000000E+005    0.323527665750E-001
    0.446520000000E+005    0.324039021636E-001
    0.447020000000E+005    0.324549500641E-001
    0.447520000000E+005    0.325059101469E-001
    0.448020000000E+005    0.325567822852E-001
    0.448520000000E+005    0.326075663545E-001
    0.449020000000E+005    0.326582622336E-001
    0.449520000000E+005    0.327088698035E-001
    0.450020000000E+005    0.327593889484E-001
    0.450520000000E+005    0.328098195549E-001
    0.451020000000E+005    0.328601615123E-001
    0.451520000000E+005    0.329104147129E-001
    0.452020000000E+005    0.329605790516E-001
    0.452520000000E+005    0.330106544257E-001
    0.453020000000E+005    0.330606407357E-001
    0.453520000000E+005    0.331105378845E-001
    0.454020000000E+005    0.331603457777E-001
    0.454520000000E+005    0.332100643239E-001
    0.455020000000E+005    0.332596934339E-001
    0.455520000000E+005    0.333092330217E-001
    0.456020000000E+005    0.333586830037E-001
    0.456520000000E+005    0.334080432990E-001
    0.457020000000E+005    0.334573138296E-001
    0.457520000000E+005    0.335064945199E-001
    0.458020000000E+005    0.335555852972E-001
    0.458520000000E+005    0.336045860913E-001
    0.459020000000E+005    0.336534968350E-001
    0.459520000000E+005    0.337023174633E-001
    0.460020000000E+005    0.337510479144E-001
    0.460520000000E+005    0.337996881287E-001
    0.461020000000E+005    0.338482380496E-001
    0.461520000000E+005    0.338966976230E-001
    0.462020000000E+005    0.339450667975E-001
    0.462520000000E+005    0.339933455244E-001
    0.463020000000E+005    0.340415337577E-001
    0.463520000000E+005    0.340896314540E-001
    0.464020000000E+005    0.341376385724E-001
    0.464520000000E+005    0.341855550749E-001
    0.465020000000E+005    0.342333809262E-001
    0.465520000000E+005    0.342811160933E-001
    0.466020000000E+005    0.343287605461E-001
    0.466520000000E+005    0.343763142572E-001
    0.467020000000E+005    0.344237772017E-001
    0.467520000000E+005    0.344711493573E-001
    0.468020000000E+005    0.345184307046E-001
    0.468520000000E+005    0.345656212265E-001
    0.469020000000E+005    0.346127209087E-001
    0.469520000000E+005    0.346597297397E-001
    0.470020000000E+005    0.347066477102E-001
    0.470520000000E+005    0.347534748140E-001
    0.471020000000E+005    0.348002110472E-001
    0.471520000000E+005    0.348468564087E-001
    0.472020000000E+005    0.348934108998E-001
    0.472520000000E+005    0.349398745247E-001
    0.473020000000E+005    0.349862472901E-001
    0.473520000000E+005    0.350325292051E-001
    0.474020000000E+005    0.350787202819E-001
    0.474520000000E+005    0.351248205347E-001
    0.475020000000E+005    0.351708299809E-001
    0.475520000000E+005    0.352167486400E-001
    0.476020000000E+005    0.352625765345E-001
    0.476520000000E+005    0.353083136892E-001
    0.477020000000E+005    0.353539601317E-001
    0.477520000000E+005    0.353995158920E-001
    0.478020000000E+005    0.354449810029E-001
    0.478520000000E+005    0.354903554997E-001
    0.479020000000E+005    0.355356394202E-001
    0.479520000000E+005    0.355808328049E-001
    0.480020000000E+005    0.356259356968E-001
    0.480520000000E+005    0.356709481416E-001
    0.481020000000E+005    0.357158701874E-001
    0.481520000000E+005    0.357607018851E-001
    0.482020000000E+005    0.358054432879E-001
    0.482520000000E+005    0.358500944518E-001
    0.483020000000E+005    0.358946554351E-001
    0.483520000000E+005    0.359391262991E-001
    0.484020000000E+005    0.359835071072E-001
    0.484520000000E+005    0.360277979256E-001
    0.485020000000E+005    0.360719988229E-001
    0.485520000000E+005    0.361161098705E-001
    0.486020000000E+005    0.361601311421E-001
    0.486520000000E+005    0.362040627141E-001
    0.487020000000E+005    0.362479046653E-001
    0.487520000000E+005    0.362916570772E-001
    0.488020000000E+005    0.363353200336E-001
    0.488520000000E+005    0.363788936211E-001
    0.489020000000E+005    0.364223779287E-001
    0.489520000000E+005    0.364657730479E-001
    0.490020000000E+005    0.365090790728E-001
    0.490520000000E+005    0.365522960999E-001
    0.491020000000E+005    0.365954242282E-001
    0.491520000000E+005    0.366384635595E-001
    0.492020000000E+005    0.366814141978E-001
    0.492520000000E+005    0.367242762496E-001
    0.493020000000E+005    0.367670498241E-001
    0.493520000000E+005    0.368097350329E-001
    0.494020000000E+005    0.368523319900E-001
    0.494520000000E+005    0.368948408121E-001
    0.495020000000E+005    0.369372616181E-001
    0.495520000000E+005    0.369795945295E-001
    0.496020000000E+005    0.370218396705E-001
    0.496520000000E+005    0.370639971674E-001
    0.497020000000E+005    0.371060671493E-001
    0.497520000000E+005    0.371480497474E-001
    0.498020000000E+005    0.371899450956E-001
    0.498520000000E+005    0.372317533304E-001
    0.499020000000E+005    0.372734745903E-001
    0.499520000000E+005    0.373151090166E-001
    0.500020000000E+005    0.373566567529E-001
    0.500520000000E+005    0.373981179454E-001
    0.501020000000E+005    0.374394927424E-001
    0.501520000000E+005    0.374807812950E-001
    0.502020000000E+005    0.375219837563E-001
    0.502520000000E+005    0.375631002823E-001
    0.503020000000E+005    0.376041310310E-001
    0.503520000000E+005    0.376450761629E-001
    0.504020000000E+005    0.376859358411E-001
    0.504520000000E+005    0.377267102309E-001
    0.505020000000E+005    0.377673994999E-001
    0.505520000000E+005    0.378080038184E-001
    0.506020000000E+005    0.378485233587E-001
    0.506520000000E+005    0.378889582957E-001
    0.507020000000E+005    0.379293088066E-001
    0.507520000000E+005    0.379695750710E-001
    0.508020000000E+005    0.380097572707E-001
    0.508520000000E+005    0.380498555901E-001
    0.509020000000E+005    0.380898702157E-001
    0.509520000000E+005    0.381298013363E-001
    0.510020000000E+005    0.381696491433E-001
    0.510520000000E+005    0.382094138302E-001
    0.511020000000E+005    0.382490955928E-001
    0.511520000000E+005    0.382886946292E-001
    0.512020000000E+005    0.383282111400E-001
    0.512520000000E+005    0.383676453279E-001
    0.513020000000E+005    0.384069973979E-001
    0.513520000000E+005    0.384462675572E-001
    0.514020000000E+005    0.384854560155E-001
    0.514520000000E+005    0.385245629844E-001
    0.515020000000E+005    0.385635886782E-001
    0.515520000000E+005    0.386025333130E-001
    0.516020000000E+005    0.386413971074E-001
    0.516520000000E+005    0.386801802822E-001
    0.517020000000E+005    0.387188830603E-001
    0.517520000000E+005    0.387575056669E-001
    0.518020000000E+005    0.387960483294E-001
    0.518520000000E+005    0.388345112773E-001
    0.519020000000E+005    0.388728947423E-001
    0.519520000000E+005    0.389111989585E-001
    0.520020000000E+005    0.389494241619E-001
    0.520520000000E+005    0.389875705907E-001
    0.521020000000E+005    0.390256384853E-001
    0.521520000000E+005    0.390636280882E-001
    0.522020000000E+005    0.391015396441E-001
    0.522520000000E+005    0.391393733997E-001
    0.523020000000E+005    0.391771296039E-001
    0.523520000000E+005    0.392148085077E-001
    0.524020000000E+005    0.392524103640E-001
    0.524520000000E+005    0.392899354281E-001
    0.525020000000E+005    0.393273839571E-001
    0.525520000000E+005    0.393647562103E-001
    0.526020000000E+005    0.394020524490E-001
    0.526520000000E+005    0.394392729365E-001
    0.527020000000E+005    0.394764179381E-001
    0.527520000000E+005    0.395134877212E-001
    0.528020000000E+005    0.395504825552E-001
    0.528520000000E+005    0.395874027114E-001
    0.529020000000E+005    0.396242484632E-001
    0.529520000000E+005    0.396610200858E-001
    0.530020000000E+005    0.396977178566E-001
    0.530520000000E+005    0.397343420546E-001
    0.531020000000E+005    0.397708929612E-001
    0.531520000000E+005    0.398073708592E-001
    0.532020000000E+005    0.398437760337E-001
    0.532520000000E+005    0.398801087715E-001
    0.533020000000E+005    0.399163693613E-001
    0.533520000000E+005    0.399525580937E-001
    0.534020000000E+005    0.399886752613E-001
    0.534520000000E+005    0.400247211583E-001
    0.535020000000E+005    0.400606960809E-001
    0.535520000000E+005    0.400966003269E-001
    0.536020000000E+005    0.401324341962E-001
    0.536520000000E+005    0.401681979903E-001
    0.537020000000E+005    0.402038920126E-001
    0.537520000000E+005    0.402395165681E-001
    0.538020000000E+005    0.402750719636E-001
    0.538520000000E+005    0.403105585078E-001
    0.539020000000E+005    0.403459765110E-001
    0.539520000000E+005    0.403813262851E-001
    0.540020000000E+005    0.404166081438E-001
    0.540520000000E+005    0.404518224026E-001
    0.541020000000E+005    0.404869693784E-001
    0.541520000000E+005    0.405220493899E-001
    0.542020000000E+005    0.405570627576E-001
    0.542520000000E+005    0.405920098032E-001
    0.543020000000E+005    0.406268908504E-001
    0.543520000000E+005    0.406617062242E-001
    0.544020000000E+005    0.406964562515E-001
    0.544520000000E+005    0.407311412604E-001
    0.545020000000E+005    0.407657615807E-001
    0.545520000000E+005    0.408003175438E-001
    0.546020000000E+005    0.408348094825E-001
    0.546520000000E+005    0.408692377311E-001
    0.547020000000E+005    0.409036026255E-001
    0.547520000000E+005    0.409379045028E-001
    0.548020000000E+005    0.409721437019E-001
    0.548520000000E+005    0.410063205627E-001
    0.549020000000E+005    0.410404354270E-001
    0.549520000000E+005    0.410744886375E-001
    0.550020000000E+005    0.411084805387E-001
    0.550520000000E+005    0.411424114761E-001
    0.551020000000E+005    0.411762817968E-001
    0.551520000000E+005    0.412100918491E-001
    0.552020000000E+005    0.412438419826E-001
    0.552520000000E+005    0.412775325484E-001
    0.553020000000E+005    0.413111638985E-001
    0.553520000000E+005    0.413447363864E-001
    0.554020000000E+005    0.413782503668E-001
    0.554520000000E+005    0.414117061956E-001
    0.555020000000E+005    0.414451042298E-001
    0.555520000000E+005    0.414784448278E-001
    0.556020000000E+005    0.415117283490E-001
    0.556520000000E+005    0.415449551539E-001
    0.557020000000E+005    0.415781256043E-001
    0.557520000000E+005    0.416112400629E-001
    0.558020000000E+005    0.416442988936E-001
    0.558520000000E+005    0.416773024614E-001
    0.559020000000E+005    0.417102511323E-001
    0.559520000000E+005    0.417431452733E-001
    0.560020000000E+005    0.417759852523E-001
    0.560520000000E+005    0.418087714385E-001
    0.561020000000E+005    0.418415042018E-001
    0.561520000000E+005    0.418741839132E-001
    0.562020000000E+005    0.419068109444E-001
    0.562520000000E+005    0.419393856684E-001
    0.563020000000E+005    0.419719084586E-001
    0.563520000000E+005    0.420043796897E-001
    0.564020000000E+005    0.420367997370E-001
    0.564520000000E+005    0.420691689767E-001
    0.565020000000E+005    0.421014877858E-001
    0.565520000000E+005    0.421337565422E-001
    0.566020000000E+005    0.421659756243E-001
    0.566520000000E+005    0.421981454114E-001
    0.567020000000E+005    0.422302662837E-001
    0.567520000000E+005    0.422623386218E-001
    0.568020000000E+005    0.422943628071E-001
    0.568520000000E+005    0.423263392216E-001
    0.569020000000E+005    0.423582682482E-001
    0.569520000000E+005    0.423901502702E-001
    0.570020000000E+005    0.424219856713E-001
    0.570520000000E+005    0.424537748362E-001
    0.571020000000E+005    0.424855181500E-001
    0.571520000000E+005    0.425172159981E-001
    0.572020000000E+005    0.425488687667E-001
    0.572520000000E+005    0.425804768424E-001
    0.573020000000E+005    0.426120406122E-001
    0.573520000000E+005    0.426435604637E-001
    0.574020000000E+005    0.426750367847E-001
    0.574520000000E+005    0.427064699636E-001
    0.575020000000E+005    0.427378603890E-001
    0.575520000000E+005    0.427692084502E-001
    0.576020000000E+005    0.428005145363E-001
    0.576520000000E+005    0.428317790373E-001
    0.577020000000E+005    0.428630023430E-001
    0.577520000000E+005    0.428941848438E-001
    0.578020000000E+005    0.429253269301E-001
    0.578520000000E+005    0.429564289928E-001
    0.579020000000E+005    0.429874914227E-001
    0.579520000000E+005    0.430185146111E-001
    0.580020000000E+005    0.430494989491E-001
    0.580520000000E+005    0.430804448282E-001
    0.581020000000E+005    0.431113526400E-001
    0.581520000000E+005    0.431422227761E-001
    0.582020000000E+005    0.431730556281E-001
    0.582520000000E+005    0.432038515878E-001
    0.583020000000E+005    0.432346110471E-001
    0.583520000000E+005    0.432653343975E-001
    0.584020000000E+005    0.432960220310E-001
    0.584520000000E+005    0.433266743391E-001
    0.585020000000E+005    0.433572917135E-001
    0.585520000000E+005    0.433878745458E-001
    0.586020000000E+005    0.434184232273E-001
    0.586520000000E+005    0.434489381494E-001
    0.587020000000E+005    0.434794197032E-001
    0.587520000000E+005    0.435098682796E-001
    0.588020000000E+005    0.435402842694E-001
    0.588520000000E+005    0.435706680631E-001
    0.589020000000E+005    0.436010200511E-001
    0.589520000000E+005    0.436313406232E-001
    0.590020000000E+005    0.436616301692E-001
    0.590520000000E+005    0.436918890785E-001
    0.591020000000E+005    0.437221177401E-001
    0.591520000000E+005    0.437523165428E-001
    0.592020000000E+005    0.437824858748E-001
    0.592520000000E+005    0.438126261240E-001
    0.593020000000E+005    0.438427376780E-001
    0.593520000000E+005    0.438728209237E-001
    0.594020000000E+005    0.439028762476E-001
    0.594520000000E+005    0.439329040359E-001
    0.595020000000E+005    0.439629046741E-001
    0.595520000000E+005    0.439928785471E-001
    0.596020000000E+005    0.440228260394E-001
    0.596520000000E+005    0.440527475348E-001
    0.597020000000E+005    0.440826434165E-001
    0.597520000000E+005    0.441125140672E-001
    0.598020000000E+005    0.441423598688E-001
    0.598520000000E+005    0.441721812026E-001
    0.599020000000E+005    0.442019784491E-001
    0.599520000000E+005    0.442317519883E-001
    0.600020000000E+005    0.442615021992E-001
    0.600520000000E+005    0.442912294603E-001
    0.601020000000E+005    0.443209341490E-001
    0.601520000000E+005    0.443506166422E-001
    0.602020000000E+005    0.443802773159E-001
    0.602520000000E+005    0.444099165451E-001
    0.603020000000E+005    0.444395347040E-001
    0.603520000000E+005    0.444691321660E-001
    0.604020000000E+005    0.444987093036E-001
    0.604520000000E+005    0.445282664882E-001
    0.605020000000E+005    0.445578040904E-001
    0.605520000000E+005    0.445873224797E-001
    0.606020000000E+005    0.446168220247E-001
    0.606520000000E+005    0.446463030930E-001
    0.607020000000E+005    0.446757660511E-001
    0.607520000000E+005    0.447052112644E-001
    0.608020000000E+005    0.447346390974E-001
    0.608520000000E+005    0.447640499133E-001
    0.609020000000E+005    0.447934440742E-001
    0.609520000000E+005    0.448228219412E-001
    0.610020000000E+005    0.448521838741E-001
    0.610520000000E+005    0.448815302317E-001
    0.611020000000E+005    0.449108613714E-001
    0.611520000000E+005    0.449401776495E-001
    0.612020000000E+005    0.449694794209E-001
    0.612520000000E+005    0.449987670396E-001
    0.613020000000E+005    0.450280408578E-001
    0.613520000000E+005    0.450573012269E-001
    0.614020000000E+005    0.450865484967E-001
    0.614520000000E+005    0.451157830157E-001
    0.615020000000E+005    0.451450051311E-001
    0.615520000000E+005    0.451742151887E-001
    0.616020000000E+005    0.452034135330E-001
    0.616520000000E+005    0.452326005068E-001
    0.617020000000E+005    0.452617764519E-001
    0.617520000000E+005    0.452909417083E-001
    0.618020000000E+005    0.453200966146E-001
    0.618520000000E+005    0.453492415081E-001
    0.619020000000E+005    0.453783767244E-001
    0.619520000000E+005    0.454075025977E-001
    0.620020000000E+005    0.454366194606E-001
    0.620520000000E+005    0.454657276441E-001
    0.621020000000E+005    0.454948274777E-001
    0.621520000000E+005    0.455239192894E-001
    0.622020000000E+005    0.455530034054E-001
    0.622520000000E+005    0.455820801504E-001
    0.623020000000E+005    0.456111498474E-001
    0.623520000000E+005    0.456402128178E-001
    0.624020000000E+005    0.456692693813E-001
    0.624520000000E+005    0.456983198559E-001
    0.625020000000E+005    0.457273645580E-001
    0.625520000000E+005    0.457564038021E-001
    0.626020000000E+005    0.457854379010E-001
    0.626520000000E+005    0.458144671659E-001
    0.627020000000E+005    0.458434919061E-001
    0.627520000000E+005    0.458725124292E-001
    0.628020000000E+005    0.459015290409E-001
    0.628520000000E+005    0.459305420451E-001
    0.629020000000E+005    0.459595517440E-001
    0.629520000000E+005    0.459885584379E-001
    0.630020000000E+005    0.460175624252E-001
    0.630520000000E+005    0.460465640024E-001
    0.631020000000E+005    0.460755634642E-001
    0.631520000000E+005    0.461045611033E-001
    0.632020000000E+005    0.461335572107E-001
    0.632520000000E+005    0.461625520753E-001
    0.633020000000E+005    0.461915459841E-001
    0.633520000000E+005    0.462205392220E-001
    0.634020000000E+005    0.462495320723E-001
    0.634520000000E+005    0.462785248161E-001
    0.635020000000E+005    0.463075177323E-001
    0.635520000000E+005    0.463365110983E-001
    0.636020000000E+005    0.463655051890E-001
    0.636520000000E+005    0.463945002776E-001
    0.637020000000E+005    0.464234966351E-001
    0.637520000000E+005    0.464524945305E-001
    0.638020000000E+005    0.464814942308E-001
    0.638520000000E+005    0.465104960009E-001
    0.639020000000E+005    0.465395001035E-001
    0.639520000000E+005    0.465685067993E-001
    0.640020000000E+005    0.465975163469E-001
    0.640520000000E+005    0.466265290029E-001
    0.641020000000E+005    0.466555450215E-001
    0.641520000000E+005    0.466845646551E-001
    0.642020000000E+005    0.467135881537E-001
    0.642520000000E+005    0.467426157652E-001
    0.643020000000E+005    0.467716477355E-001
    0.643520000000E+005    0.468006843080E-001
    0.644020000000E+005    0.468297257244E-001
    0.644520000000E+005    0.468587722237E-001
    0.645020000000E+005    0.468878240430E-001
    0.645520000000E+005    0.469168814172E-001
    0.646020000000E+005    0.469459445789E-001
    0.646520000000E+005    0.469750137585E-001
    0.647020000000E+005    0.470040891842E-001
    0.647520000000E+005    0.470331710819E-001
    0.648020000000E+005    0.470622596753E-001
    0.648520000000E+005    0.470913551858E-001
    0.649020000000E+005    0.471204578327E-001
    0.649520000000E+005    0.471495678329E-001
    0.650020000000E+005    0.471786854009E-001
    0.650520000000E+005    0.472078107493E-001
    0.651020000000E+005    0.472369440880E-001
    0.651520000000E+005    0.472660856250E-001
    0.652020000000E+005    0.472952355656E-001
    0.652520000000E+005    0.473243941131E-001
    0.653020000000E+005    0.473535614684E-001
    0.653520000000E+005    0.473827378302E-001
    0.654020000000E+005    0.474119233946E-001
    0.654520000000E+005    0.474411183557E-001
    0.655020000000E+005    0.474703229050E-001
    0.655520000000E+005    0.474995372319E-001
    0.656020000000E+005    0.475287615234E-001
    0.656520000000E+005    0.475579959640E-001
    0.657020000000E+005    0.475872407362E-001
    0.657520000000E+005    0.476164960197E-001
    0.658020000000E+005    0.476457619923E-001
    0.658520000000E+005    0.476750388293E-001
    0.659020000000E+005    0.477043267034E-001
    0.659520000000E+005    0.477336257852E-001
    0.660020000000E+005    0.477629362430E-001
    0.660520000000E+005    0.477922582426E-001
    0.661020000000E+005    0.478215919473E-001
    0.661520000000E+005    0.478509375185E-001
    0.662020000000E+005    0.478802951146E-001
    0.662520000000E+005    0.479096648923E-001
    0.663020000000E+005    0.479390470054E-001
    0.663520000000E+005    0.479684416055E-001
    0.664020000000E+005    0.479978488420E-001
    0.664520000000E+005    0.480272688617E-001
    0.665020000000E+005    0.480567018092E-001
    0.665520000000E+005    0.480861478265E-001
    0.666020000000E+005    0.481156070536E-001
    0.666520000000E+005    0.481450796277E-001
    0.667020000000E+005    0.481745656839E-001
    0.667520000000E+005    0.482040653549E-001
    0.668020000000E+005    0.482335787709E-001
    0.668520000000E+005    0.482631060599E-001
    0.669020000000E+005    0.482926473475E-001
    0.669520000000E+005    0.483222027568E-001
    0.670020000000E+005    0.483517724086E-001
    0.670520000000E+005    0.483813564214E-001
    0.671020000000E+005    0.484109549113E-001
    0.671520000000E+005    0.484405679920E-001
    0.672020000000E+005    0.484701957749E-001
    0.672520000000E+005    0.484998383690E-001
    0.673020000000E+005    0.485294958809E-001
    0.673520000000E+005    0.485591684151E-001
    0.674020000000E+005    0.485888560734E-001
    0.674520000000E+005    0.486185589554E-001
    0.675020000000E+005    0.486482771585E-001
    0.675520000000E+005    0.486780107776E-001
    0.676020000000E+005    0.487077599052E-001
    0.676520000000E+005    0.487375246317E-001
    0.677020000000E+005    0.487673050450E-001
    0.677520000000E+005    0.487971012306E-001
    0.678020000000E+005    0.488269132720E-001
    0.678520000000E+005    0.488567412501E-001
    0.679020000000E+005    0.488865852436E-001
    0.679520000000E+005    0.489164453288E-001
    0.680020000000E+005    0.489463215798E-001
    0.680520000000E+005    0.489762140683E-001
    0.681020000000E+005    0.490061228640E-001
    0.681520000000E+005    0.490360480338E-001
    0.682020000000E+005    0.490659896429E-001
    0.682520000000E+005    0.490959477537E-001
    0.683020000000E+005    0.491259224267E-001
    0.683520000000E+005    0.491559137200E-001
    0.684020000000E+005    0.491859216894E-001
    0.684520000000E+005    0.492159463885E-001
    0.685020000000E+005    0.492459878687E-001
    0.685520000000E+005    0.492760461792E-001
    0.686020000000E+005    0.493061213667E-001
    0.686520000000E+005    0.493362134760E-001
    0.687020000000E+005    0.493663225495E-001
    0.687520000000E+005    0.493964486274E-001
    0.688020000000E+005    0.494265917478E-001
    0.688520000000E+005    0.494567519465E-001
    0.689020000000E+005    0.494869292572E-001
    0.689520000000E+005    0.495171237113E-001
    0.690020000000E+005    0.495473353381E-001
    0.690520000000E+005    0.495775641648E-001
    0.691020000000E+005    0.496078102163E-001
    0.691520000000E+005    0.496380735155E-001
    0.692020000000E+005    0.496683540830E-001
    0.692520000000E+005    0.496986519374E-001
    0.693020000000E+005    0.497289670951E-001
    0.693520000000E+005    0.497592995705E-001
    0.694020000000E+005    0.497896493756E-001
    0.694520000000E+005    0.498200165208E-001
    0.695020000000E+005    0.498504010139E-001
    0.695520000000E+005    0.498808028609E-001
    0.696020000000E+005    0.499112220657E-001
    0.696520000000E+005    0.499416586301E-001
    0.697020000000E+005    0.499721125538E-001
    0.697520000000E+005    0.500025838346E-001
    0.698020000000E+005    0.500330724682E-001
    0.698520000000E+005    0.500635784482E-001
    0.699020000000E+005    0.500941017662E-001
    0.699520000000E+005    0.501246424119E-001
    0.700020000000E+005    0.501552003730E-001
    0.700520000000E+005    0.501857756351E-001
    0.701020000000E+005    0.502163681820E-001
    0.701520000000E+005    0.502469779953E-001
    0.702020000000E+005    0.502776050548E-001
    0.702520000000E+005    0.503082493384E-001
    0.703020000000E+005    0.503389108219E-001
    0.703520000000E+005    0.503695894795E-001
    0.704020000000E+005    0.504002852831E-001
    0.704520000000E+005    0.504309982029E-001
    0.705020000000E+005    0.504617282072E-001
    0.705520000000E+005    0.504924752624E-001
    0.706020000000E+005    0.505232393332E-001
    0.706520000000E+005    0.505540203821E-001
    0.707020000000E+005    0.505848183700E-001
    0.707520000000E+005    0.506156332559E-001
    0.708020000000E+005    0.506464649971E-001
    0.708520000000E+005    0.506773135489E-001
    0.709020000000E+005    0.507081788648E-001
    0.709520000000E+005    0.507390608968E-001
    0.710020000000E+005    0.507699595948E-001
    0.710520000000E+005    0.508008749071E-001
    0.711020000000E+005    0.508318067801E-001
    0.711520000000E+005    0.508627551588E-001
    0.712020000000E+005    0.508937199860E-001
    0.712520000000E+005    0.509247012031E-001
    0.713020000000E+005    0.509556987498E-001
    0.713520000000E+005    0.509867125639E-001
    0.714020000000E+005    0.510177425818E-001
    0.714520000000E+005    0.510487887380E-001
    0.715020000000E+005    0.510798509653E-001
    0.715520000000E+005    0.511109291952E-001
    0.716020000000E+005    0.511420233571E-001
    0.716520000000E+005    0.511731333793E-001
    0.717020000000E+005    0.512042591880E-001
    0.717520000000E+005    0.512354007081E-001
    0.718020000000E+005    0.512665578628E-001
    0.718520000000E+005    0.512977305738E-001
    0.719020000000E+005    0.513289187613E-001
    0.719520000000E+005    0.513601223437E-001
    0.720020000000E+005    0.513913412381E-001
    0.720520000000E+005    0.514225753601E-001
    0.721020000000E+005    0.514538246236E-001
    0.721520000000E+005    0.514850889411E-001
    0.722020000000E+005    0.515163682237E-001
    0.722520000000E+005    0.515476623809E-001
    0.723020000000E+005    0.515789713208E-001
    0.723520000000E+005    0.516102949501E-001
    0.724020000000E+005    0.516416331740E-001
    0.724520000000E+005    0.516729858962E-001
    0.725020000000E+005    0.517043530192E-001
    0.725520000000E+005    0.517357344441E-001
    0.726020000000E+005    0.517671300703E-001
    0.726520000000E+005    0.517985397962E-001
    0.727020000000E+005    0.518299635186E-001
    0.727520000000E+005    0.518614011331E-001
    0.728020000000E+005    0.518928525339E-001
    0.728520000000E+005    0.519243176139E-001
    0.729020000000E+005    0.519557962648E-001
    0.729520000000E+005    0.519872883768E-001
    0.730020000000E+005    0.520187938389E-001
    0.730520000000E+005    0.520503125389E-001
    0.731020000000E+005    0.520818443633E-001
    0.731520000000E+005    0.521133891975E-001
    0.732020000000E+005    0.521449469253E-001
    0.732520000000E+005    0.521765174296E-001
    0.733020000000E+005    0.522081005921E-001
    0.733520000000E+005    0.522396962931E-001
    0.734020000000E+005    0.522713044120E-001
    0.734520000000E+005    0.523029248268E-001
    0.735020000000E+005    0.523345574144E-001
    0.735520000000E+005    0.523662020506E-001
    0.736020000000E+005    0.523978586102E-001
    0.736520000000E+005    0.524295269665E-001
    0.737020000000E+005    0.524612069922E-001
    0.737520000000E+005    0.524928985585E-001
    0.738020000000E+005    0.525246015357E-001
    0.738520000000E+005    0.525563157931E-001
    0.739020000000E+005    0.525880411989E-001
    0.739520000000E+005    0.526197776201E-001
    0.740020000000E+005    0.526515249228E-001
    0.740520000000E+005    0.526832829722E-001
    0.741020000000E+005    0.527150516323E-001
    0.741520000000E+005    0.527468307662E-001
    0.742020000000E+005    0.527786202361E-001
    0.742520000000E+005    0.528104199031E-001
    0.743020000000E+005    0.528422296275E-001
    0.743520000000E+005    0.528740492684E-001
    0.744020000000E+005    0.529058786842E-001
    0.744520000000E+005    0.529377177324E-001
    0.745020000000E+005    0.529695662694E-001
    0.745520000000E+005    0.530014241509E-001
    0.746020000000E+005    0.530332912316E-001
    0.746520000000E+005    0.530651673655E-001
    0.747020000000E+005    0.530970524054E-001
    0.747520000000E+005    0.531289462037E-001
    0.748020000000E+005    0.531608486117E-001
    0.748520000000E+005    0.531927594799E-001
    0.749020000000E+005    0.532246786580E-001
    0.749520000000E+005    0.532566059950E-001
    0.750020000000E+005    0.532885413389E-001
    0.750520000000E+005    0.533204845373E-001
    0.751020000000E+005    0.533524354366E-001
    0.751520000000E+005    0.533843938828E-001
    0.752020000000E+005    0.534163597210E-001
    0.752520000000E+005    0.534483327955E-001
    0.753020000000E+005    0.534803129501E-001
    0.753520000000E+005    0.535123000277E-001
    0.754020000000E+005    0.535442938706E-001
    0.754520000000E+005    0.535762943205E-001
    0.755020000000E+005    0.536083012183E-001
    0.755520000000E+005    0.536403144042E-001
    0.756020000000E+005    0.536723337179E-001
    0.756520000000E+005    0.537043589984E-001
    0.757020000000E+005    0.537363900841E-001
    0.757520000000E+005    0.537684268127E-001
    0.758020000000E+005    0.538004690214E-001
    0.758520000000E+005    0.538325165467E-001
    0.759020000000E+005    0.538645692246E-001
    0.759520000000E+005    0.538966268906E-001
    0.760020000000E+005    0.539286893795E-001
    0.760520000000E+005    0.539607565255E-001
    0.761020000000E+005    0.539928281625E-001
    0.761520000000E+005    0.540249041238E-001
    0.762020000000E+005    0.540569842419E-001
    0.762520000000E+005    0.540890683491E-001
    0.763020000000E+005    0.541211562772E-001
    0.763520000000E+005    0.541532478573E-001
    0.764020000000E+005    0.541853429202E-001
    0.764520000000E+005    0.542174412963E-001
    0.765020000000E+005    0.542495428152E-001
    0.765520000000E+005    0.542816473064E-001
    0.766020000000E+005    0.543137545988E-001
    0.766520000000E+005    0.543458645210E-001
    0.767020000000E+005    0.543779769010E-001
    0.767520000000E+005    0.544100915665E-001
    0.768020000000E+005    0.544422083449E-001
    0.768520000000E+005    0.544743270629E-001
    0.769020000000E+005    0.545064475472E-001
    0.769520000000E+005    0.545385696239E-001
    0.770020000000E+005    0.545706931188E-001
    0.770520000000E+005    0.546028178573E-001
    0.771020000000E+005    0.546349436645E-001
    0.771520000000E+005    0.546670703652E-001
    0.772020000000E+005    0.546991977839E-001
    0.772520000000E+005    0.547313257446E-001
    0.773020000000E+005    0.547634540712E-001
    0.773520000000E+005    0.547955825873E-001
    0.774020000000E+005    0.548277111160E-001
    0.774520000000E+005    0.548598394803E-001
    0.775020000000E+005    0.548919675030E-001
    0.775520000000E+005    0.549240950064E-001
    0.776020000000E+005    0.549562218127E-001
    0.776520000000E+005    0.549883477439E-001
    0.777020000000E+005    0.550204726216E-001
    0.777520000000E+005    0.550525962674E-001
    0.778020000000E+005    0.550847185024E-001
    0.778520000000E+005    0.551168391477E-001
    0.779020000000E+005    0.551489580241E-001
    0.779520000000E+005    0.551810749524E-001
    0.780020000000E+005    0.552131897528E-001
    0.780520000000E+005    0.552453022457E-001
    0.781020000000E+005    0.552774122513E-001
    0.781520000000E+005    0.553095195893E-001
    0.782020000000E+005    0.553416240796E-001
    0.782520000000E+005    0.553737255419E-001
    0.783020000000E+005    0.554058237956E-001
    0.783520000000E+005    0.554379186601E-001
    0.784020000000E+005    0.554700099545E-001
    0.784520000000E+005    0.555020974981E-001
    0.785020000000E+005    0.555341811097E-001
    0.785520000000E+005    0.555662606084E-001
    0.786020000000E+005    0.555983358128E-001
    0.786520000000E+005    0.556304065417E-001
    0.787020000000E+005    0.556624726137E-001
    0.787520000000E+005    0.556945338474E-001
    0.788020000000E+005    0.557265900612E-001
    0.788520000000E+005    0.557586410736E-001
    0.789020000000E+005    0.557906867028E-001
    0.789520000000E+005    0.558227267672E-001
    0.790020000000E+005    0.558547610851E-001
    0.790520000000E+005    0.558867894746E-001
    0.791020000000E+005    0.559188117540E-001
    0.791520000000E+005    0.559508277414E-001
    0.792020000000E+005    0.559828372551E-001
    0.792520000000E+005    0.560148401130E-001
    0.793020000000E+005    0.560468361334E-001
    0.793520000000E+005    0.560788251344E-001
    0.794020000000E+005    0.561108069341E-001
    0.794520000000E+005    0.561427813507E-001
    0.795020000000E+005    0.561747482024E-001
    0.795520000000E+005    0.562067073073E-001
    0.796020000000E+005    0.562386584837E-001
    0.796520000000E+005    0.562706015498E-001
    0.797020000000E+005    0.563025363239E-001
    0.797520000000E+005    0.563344626244E-001
    0.798020000000E+005    0.563663802698E-001
    0.798520000000E+005    0.563982890783E-001
    0.799020000000E+005    0.564301888686E-001
    0.799520000000E+005    0.564620794592E-001
    0.800020000000E+005    0.564939606689E-001
    0.800520000000E+005    0.565258323163E-001
    0.801020000000E+005    0.565576942202E-001
    0.801520000000E+005    0.565895461997E-001
    0.802020000000E+005    0.566213880736E-001
    0.802520000000E+005    0.566532196611E-001
    0.803020000000E+005    0.566850407813E-001
    0.803520000000E+005    0.567168512537E-001
    0.804020000000E+005    0.567486508976E-001
    0.804520000000E+005    0.567804395325E-001
    0.805020000000E+005    0.568122169781E-001
    0.805520000000E+005    0.568439830543E-001
    0.806020000000E+005    0.568757375809E-001
    0.806520000000E+005    0.569074803780E-001
    0.807020000000E+005    0.569392112657E-001
    0.807520000000E+005    0.569709300644E-001
    0.808020000000E+005    0.570026365947E-001
    0.808520000000E+005    0.570343306771E-001
    0.809020000000E+005    0.570660121323E-001
    0.809520000000E+005    0.570976807815E-001
    0.810020000000E+005    0.571293364456E-001
    0.810520000000E+005    0.571609789461E-001
    0.811020000000E+005    0.571926081042E-001
    0.811520000000E+005    0.572242237417E-001
    0.812020000000E+005    0.572558256803E-001
    0.812520000000E+005    0.572874137421E-001
    0.813020000000E+005    0.573189877492E-001
    0.813520000000E+005    0.573505475240E-001
    0.814020000000E+005    0.573820928891E-001
    0.814520000000E+005    0.574136236672E-001
    0.815020000000E+005    0.574451396812E-001
    0.815520000000E+005    0.574766407544E-001
    0.816020000000E+005    0.575081267101E-001
    0.816520000000E+005    0.575395973719E-001
    0.817020000000E+005    0.575710525636E-001
    0.817520000000E+005    0.576024921092E-001
    0.818020000000E+005    0.576339158329E-001
    0.818520000000E+005    0.576653235592E-001
    0.819020000000E+005    0.576967151127E-001
    0.819520000000E+005    0.577280903185E-001
    0.820020000000E+005    0.577594490015E-001
    0.820520000000E+005    0.577907909872E-001
    0.821020000000E+005    0.578221161013E-001
    0.821520000000E+005    0.578534241694E-001
    0.822020000000E+005    0.578847150179E-001
    0.822520000000E+005    0.579159884730E-001
    0.823020000000E+005    0.579472443612E-001
    0.823520000000E+005    0.579784825095E-001
    0.824020000000E+005    0.580097027449E-001
    0.824520000000E+005    0.580409048948E-001
    0.825020000000E+005    0.580720887869E-001
    0.825520000000E+005    0.581032542489E-001
    0.826020000000E+005    0.581344011090E-001
    0.826520000000E+005    0.581655291956E-001
    0.827020000000E+005    0.581966383375E-001
    0.827520000000E+005    0.582277283635E-001
    0.828020000000E+005    0.582587991028E-001
    0.828520000000E+005    0.582898503850E-001
    0.829020000000E+005    0.583208820398E-001
    0.829520000000E+005    0.583518938972E-001
    0.830020000000E+005    0.583828857877E-001
    0.830520000000E+005    0.584138575417E-001
    0.831020000000E+005    0.584448089903E-001
    0.831520000000E+005    0.584757399645E-001
    0.832020000000E+005    0.585066502959E-001
    0.832520000000E+005    0.585375398162E-001
    0.833020000000E+005    0.585684083575E-001
    0.833520000000E+005    0.585992557522E-001
    0.834020000000E+005    0.586300818328E-001
    0.834520000000E+005    0.586608864324E-001
    0.835020000000E+005    0.586916693842E-001
    0.835520000000E+005    0.587224305217E-001
    0.836020000000E+005    0.587531696788E-001
    0.836520000000E+005    0.587838866897E-001
    0.837020000000E+005    0.588145813888E-001
    0.837520000000E+005    0.588452536109E-001
    0.838020000000E+005    0.588759031911E-001
    0.838520000000E+005    0.589065299648E-001
    0.839020000000E+005    0.589371337677E-001
    0.839520000000E+005    0.589677144359E-001
    0.840020000000E+005    0.589982718056E-001
    0.840520000000E+005    0.590288057135E-001
    0.841020000000E+005    0.590593159967E-001
    0.841520000000E+005    0.590898024923E-001
    0.842020000000E+005    0.591202650381E-001
    0.842520000000E+005    0.591507034719E-001
    0.843020000000E+005    0.591811176321E-001
    0.843520000000E+005    0.592115073572E-001
    0.844020000000E+005    0.592418724862E-001
    0.844520000000E+005    0.592722128583E-001
    0.845020000000E+005    0.593025283130E-001
    0.845520000000E+005    0.593328186903E-001
    0.846020000000E+005    0.593630838304E-001
    0.846520000000E+005    0.593933235739E-001
    0.847020000000E+005    0.594235377616E-001
    0.847520000000E+005    0.594537262349E-001
    0.848020000000E+005    0.594838888353E-001
    0.848520000000E+005    0.595140254046E-001
    0.849020000000E+005    0.595441357853E-001
    0.849520000000E+005    0.595742198197E-001
    0.850020000000E+005    0.596042773509E-001
    0.850520000000E+005    0.596343082221E-001
    0.851020000000E+005    0.596643122770E-001
    0.851520000000E+005    0.596942893594E-001
    0.852020000000E+005    0.597242393137E-001
    0.852520000000E+005    0.597541619845E-001
    0.853020000000E+005    0.597840572168E-001
    0.853520000000E+005    0.598139248559E-001
    0.854020000000E+005    0.598437647475E-001
    0.854520000000E+005    0.598735767377E-001
    0.855020000000E+005    0.599033606727E-001
    0.855520000000E+005    0.599331163993E-001
    0.856020000000E+005    0.599628437646E-001
    0.856520000000E+005    0.599925426160E-001
    0.857020000000E+005    0.600222128012E-001
    0.857520000000E+005    0.600518541685E-001
    0.858020000000E+005    0.600814665662E-001
    0.858520000000E+005    0.601110498432E-001
    0.859020000000E+005    0.601406038487E-001
    0.859520000000E+005    0.601701284322E-001
    0.860020000000E+005    0.601996234437E-001
    0.860520000000E+005    0.602290887333E-001
    0.861020000000E+005    0.602585241518E-001
    0.861520000000E+005    0.602879295499E-001
    0.862020000000E+005    0.603173047792E-001
    0.862520000000E+005    0.603466496912E-001
    0.863020000000E+005    0.603759641381E-001
    0.863520000000E+005    0.604052479721E-001
    0.864020000000E+005    0.604345010462E-001
    0.864520000000E+005    0.604637232133E-001
    0.865020000000E+005    0.604929143271E-001
    0.865520000000E+005    0.605220742413E-001
    0.866020000000E+005    0.605512028102E-001
    0.866520000000E+005    0.605802998884E-001
    0.867020000000E+005    0.606093653307E-001
    0.867520000000E+005    0.606383989925E-001
    0.868020000000E+005    0.606674007295E-001
    0.868520000000E+005    0.606963703978E-001
    0.869020000000E+005    0.607253078536E-001
    0.869520000000E+005    0.607542129539E-001
    0.870020000000E+005    0.607830855557E-001
    0.870520000000E+005    0.608119255166E-001
    0.871020000000E+005    0.608407326944E-001
    0.871520000000E+005    0.608695069473E-001
    0.872020000000E+005    0.608982481341E-001
    0.872520000000E+005    0.609269561137E-001
    0.873020000000E+005    0.609556307453E-001
    0.873520000000E+005    0.609842718889E-001
    0.874020000000E+005    0.610128794044E-001
    0.874520000000E+005    0.610414531524E-001
    0.875020000000E+005    0.610699929937E-001
    0.875520000000E+005    0.610984987895E-001
    0.876020000000E+005    0.611269704014E-001
    0.876520000000E+005    0.611554076914E-001
    0.877020000000E+005    0.611838105217E-001
    0.877520000000E+005    0.612121787553E-001
    0.878020000000E+005    0.612405122550E-001
    0.878520000000E+005    0.612688108844E-001
    0.879020000000E+005    0.612970745074E-001
    0.879520000000E+005    0.613253029881E-001
    0.880020000000E+005    0.613534961912E-001
    0.880520000000E+005    0.613816539816E-001
    0.881020000000E+005    0.614097762248E-001
    0.881520000000E+005    0.614378627863E-001
    0.882020000000E+005    0.614659135324E-001
    0.882520000000E+005    0.614939283295E-001
    0.883020000000E+005    0.615219070446E-001
    0.883520000000E+005    0.615498495448E-001
    0.884020000000E+005    0.615777556978E-001
    0.884520000000E+005    0.616056253717E-001
    0.885020000000E+005    0.616334584348E-001
    0.885520000000E+005    0.616612547558E-001
    0.886020000000E+005    0.616890142041E-001
    0.886520000000E+005    0.617167366491E-001
    0.887020000000E+005    0.617444219607E-001
    0.887520000000E+005    0.617720700094E-001
    0.888020000000E+005    0.617996806657E-001
    0.888520000000E+005    0.618272538008E-001
    0.889020000000E+005    0.618547892862E-001
    0.889520000000E+005    0.618822869937E-001
    0.890020000000E+005    0.619097467955E-001
    0.890520000000E+005    0.619371685644E-001
    0.891020000000E+005    0.619645521733E-001
    0.891520000000E+005    0.619918974957E-001
    0.892020000000E+005    0.620192044053E-001
    0.892520000000E+005    0.620464727764E-001
    0.893020000000E+005    0.620737024835E-001
    0.893520000000E+005    0.621008934016E-001
    0.894020000000E+005    0.621280454062E-001
    0.894520000000E+005    0.621551583728E-001
    0.895020000000E+005    0.621822321778E-001
    0.895520000000E+005    0.622092666976E-001
    0.896020000000E+005    0.622362618092E-001
    0.896520000000E+005    0.622632173899E-001
    0.897020000000E+005    0.622901333174E-001
    0.897520000000E+005    0.623170094699E-001
    0.898020000000E+005    0.623438457259E-001
    0.898520000000E+005    0.623706419642E-001
    0.899020000000E+005    0.623973980643E-001
    0.899520000000E+005    0.624241139058E-001
    0.900020000000E+005    0.624507893687E-001
    0.900520000000E+005    0.624774243337E-001
    0.901020000000E+005    0.625040186817E-001
    0.901520000000E+005    0.625305722938E-001
    0.902020000000E+005    0.625570850519E-001
    0.902520000000E+005    0.625835568380E-001
    0.903020000000E+005    0.626099875347E-001
    0.903520000000E+005    0.626363770248E-001
    0.904020000000E+005    0.626627251916E-001
    0.904520000000E+005    0.626890319189E-001
    0.905020000000E+005    0.627152970908E-001
    0.905520000000E+005    0.627415205919E-001
    0.906020000000E+005    0.627677023069E-001
    0.906520000000E+005    0.627938421213E-001
    0.907020000000E+005    0.628199399209E-001
    0.907520000000E+005    0.628459955916E-001
    0.908020000000E+005    0.628720090202E-001
    0.908520000000E+005    0.628979800936E-001
    0.909020000000E+005    0.629239086990E-001
    0.909520000000E+005    0.629497947244E-001
    0.910020000000E+005    0.629756380579E-001
    0.910520000000E+005    0.630014385881E-001
    0.911020000000E+005    0.630271962040E-001
    0.911520000000E+005    0.630529107951E-001
    0.912020000000E+005    0.630785822511E-001
    0.912520000000E+005    0.631042104624E-001
    0.913020000000E+005    0.631297953195E-001
    0.913520000000E+005    0.631553367136E-001
    0.914020000000E+005    0.631808345362E-001
    0.914520000000E+005    0.632062886791E-001
    0.915020000000E+005    0.632316990348E-001
    0.915520000000E+005    0.632570654959E-001
    0.916020000000E+005    0.632823879556E-001
    0.916520000000E+005    0.633076663074E-001
    0.917020000000E+005    0.633329004455E-001
    0.917520000000E+005    0.633580902642E-001
    0.918020000000E+005    0.633832356583E-001
    0.918520000000E+005    0.634083365232E-001
    0.919020000000E+005    0.634333927545E-001
    0.919520000000E+005    0.634584042482E-001
    0.920020000000E+005    0.634833709010E-001
    0.920520000000E+005    0.635082926099E-001
    0.921020000000E+005    0.635331692721E-001
    0.921520000000E+005    0.635580007855E-001
    0.922020000000E+005    0.635827870483E-001
    0.922520000000E+005    0.636075279593E-001
    0.923020000000E+005    0.636322234174E-001
    0.923520000000E+005    0.636568733223E-001
    0.924020000000E+005    0.636814775738E-001
    0.924520000000E+005    0.637060360723E-001
    0.925020000000E+005    0.637305487188E-001
    0.925520000000E+005    0.637550154143E-001
    0.926020000000E+005    0.637794360606E-001
    0.926520000000E+005    0.638038105597E-001
    0.927020000000E+005    0.638281388143E-001
    0.927520000000E+005    0.638524207274E-001
    0.928020000000E+005    0.638766562022E-001
    0.928520000000E+005    0.639008451427E-001
    0.929020000000E+005    0.639249874532E-001
    0.929520000000E+005    0.639490830384E-001
    0.930020000000E+005    0.639731318035E-001
    0.930520000000E+005    0.639971336540E-001
    0.931020000000E+005    0.640210884961E-001
    0.931520000000E+005    0.640449962361E-001
    0.932020000000E+005    0.640688567811E-001
    0.932520000000E+005    0.640926700384E-001
    0.933020000000E+005    0.641164359158E-001
    0.933520000000E+005    0.641401543215E-001
    0.934020000000E+005    0.641638251644E-001
    0.934520000000E+005    0.641874483535E-001
    0.935020000000E+005    0.642110237984E-001
    0.935520000000E+005    0.642345514092E-001
    0.936020000000E+005    0.642580310963E-001
    0.936520000000E+005    0.642814627708E-001
    0.937020000000E+005    0.643048463439E-001
    0.937520000000E+005    0.643281817276E-001
    0.938020000000E+005    0.643514688341E-001
    0.938520000000E+005    0.643747075762E-001
    0.939020000000E+005    0.643978978671E-001
    0.939520000000E+005    0.644210396204E-001
    0.940020000000E+005    0.644441327502E-001
    0.940520000000E+005    0.644671771711E-001
    0.941020000000E+005    0.644901727980E-001
    0.941520000000E+005    0.645131195466E-001
    0.942020000000E+005    0.645360173327E-001
    0.942520000000E+005    0.645588660727E-001
    0.943020000000E+005    0.645816656834E-001
    0.943520000000E+005    0.646044160821E-001
    0.944020000000E+005    0.646271171867E-001
    0.944520000000E+005    0.646497689153E-001
    0.945020000000E+005    0.646723711866E-001
    0.945520000000E+005    0.646949239198E-001
    0.946020000000E+005    0.647174270346E-001
    0.946520000000E+005    0.647398804509E-001
    0.947020000000E+005    0.647622840893E-001
    0.947520000000E+005    0.647846378709E-001
    0.948020000000E+005    0.648069417171E-001
    0.948520000000E+005    0.648291955499E-001
    0.949020000000E+005    0.648513992917E-001
    0.949520000000E+005    0.648735528653E-001
    0.950020000000E+005    0.648956561941E-001
    0.950520000000E+005    0.649177092020E-001
    0.951020000000E+005    0.649397118132E-001
    0.951520000000E+005    0.649616639526E-001
    0.952020000000E+005    0.649835655452E-001
    0.952520000000E+005    0.650054165169E-001
    0.953020000000E+005    0.650272167939E-001
    0.953520000000E+005    0.650489663027E-001
    0.954020000000E+005    0.650706649706E-001
    0.954520000000E+005    0.650923127252E-001
    0.955020000000E+005    0.651139094944E-001
    0.955520000000E+005    0.651354552070E-001
    0.956020000000E+005    0.651569497919E-001
    0.956520000000E+005    0.651783931787E-001
    0.957020000000E+005    0.651997852973E-001
    0.957520000000E+005    0.652211260783E-001
    0.958020000000E+005    0.652424154527E-001
    0.958520000000E+005    0.652636533518E-001
    0.959020000000E+005    0.652848397076E-001
    0.959520000000E+005    0.653059744525E-001
    0.960020000000E+005    0.653270575194E-001
    0.960520000000E+005    0.653480888417E-001
    0.961020000000E+005    0.653690683532E-001
    0.961520000000E+005    0.653899959883E-001
    0.962020000000E+005    0.654108716819E-001
    0.962520000000E+005    0.654316953693E-001
    0.963020000000E+005    0.654524669862E-001
    0.963520000000E+005    0.654731864689E-001
    0.964020000000E+005    0.654938537544E-001
    0.964520000000E+005    0.655144687797E-001
    0.965020000000E+005    0.655350314828E-001
    0.965520000000E+005    0.655555418019E-001
    0.966020000000E+005    0.655759996756E-001
    0.966520000000E+005    0.655964050433E-001
    0.967020000000E+005    0.656167578447E-001
    0.967520000000E+005    0.656370580201E-001
    0.968020000000E+005    0.656573055100E-001
    0.968520000000E+005    0.656775002559E-001
    0.969020000000E+005    0.656976421993E-001
    0.969520000000E+005    0.657177312824E-001
    0.970020000000E+005    0.657377674481E-001
    0.970520000000E+005    0.657577506394E-001
    0.971020000000E+005    0.657776808000E-001
    0.971520000000E+005    0.657975578743E-001
    0.972020000000E+005    0.658173818067E-001
    0.972520000000E+005    0.658371525427E-001
    0.973020000000E+005    0.658568700277E-001
    0.973520000000E+005    0.658765342080E-001
    0.974020000000E+005    0.658961450304E-001
    0.974520000000E+005    0.659157024419E-001
    0.975020000000E+005    0.659352063903E-001
    0.975520000000E+005    0.659546568238E-001
    0.976020000000E+005    0.659740536910E-001
    0.976520000000E+005    0.659933969412E-001
    0.977020000000E+005    0.660126865240E-001
    0.977520000000E+005    0.660319223897E-001
    0.978020000000E+005    0.660511044889E-001
    0.978520000000E+005    0.660702327729E-001
    0.979020000000E+005    0.660893071933E-001
    0.979520000000E+005    0.661083277025E-001
    0.980020000000E+005    0.661272942530E-001
    0.980520000000E+005    0.661462067982E-001
    0.981020000000E+005    0.661650652917E-001
    0.981520000000E+005    0.661838696879E-001
    0.982020000000E+005    0.662026199414E-001
    0.982520000000E+005    0.662213160075E-001
    0.983020000000E+005    0.662399578420E-001
    0.983520000000E+005    0.662585454011E-001
    0.984020000000E+005    0.662770786416E-001
    0.984520000000E+005    0.662955575208E-001
    0.985020000000E+005    0.663139819966E-001
    0.985520000000E+005    0.663323520271E-001
    0.986020000000E+005    0.663506675712E-001
    0.986520000000E+005    0.663689285883E-001
    0.987020000000E+005    0.663871350381E-001
    0.987520000000E+005    0.664052868810E-001
    0.988020000000E+005    0.664233840778E-001
    0.988520000000E+005    0.664414265900E-001
    0.989020000000E+005    0.664594143794E-001
    0.989520000000E+005    0.664773474083E-001
    0.990020000000E+005    0.664952256397E-001
    0.990520000000E+005    0.665130490370E-001
    0.991020000000E+005    0.665308175640E-001
    0.991520000000E+005    0.665485311853E-001
    0.992020000000E+005    0.665661898657E-001
    0.992520000000E+005    0.665837935707E-001
    0.993020000000E+005    0.666013422663E-001
    0.993520000000E+005    0.666188359190E-001
    0.994020000000E+005    0.666362744957E-001
    0.994520000000E+005    0.666536579639E-001
    0.995020000000E+005    0.666709862917E-001
    0.995520000000E+005    0.666882594476E-001
    0.996020000000E+005    0.667054774007E-001
    0.996520000000E+005    0.667226401204E-001
    0.997020000000E+005    0.667397475768E-001
    0.997520000000E+005    0.667567997406E-001
    0.998020000000E+005    0.667737965828E-001
    0.998520000000E+005    0.667907380750E-001
    0.999020000000E+005    0.668076241894E-001
    0.999520000000E+005    0.668244548985E-001
