TITLE = "0D Field KU"
VARIABLES = N ,"KU"
ZONE DATAPACKING = POINT
    0.200000000000E+001    0.224060554802E-036
    0.520000000000E+002    0.911608880247E-017
    0.102000000000E+003    0.545176473271E-013
    0.152000000000E+003    0.293294388770E-011
    0.202000000000E+003    0.340562315702E-010
    0.252000000000E+003    0.191161576491E-009
    0.302000000000E+003    0.709583600969E-009
    0.352000000000E+003    0.202450107278E-008
    0.402000000000E+003    0.482190858061E-008
    0.452000000000E+003    0.100776582298E-007
    0.502000000000E+003    0.190863867379E-007
    0.552000000000E+003    0.334822381546E-007
    0.602000000000E+003    0.552519857109E-007
    0.652000000000E+003    0.867410953686E-007
    0.702000000000E+003    0.130656067325E-006
    0.752000000000E+003    0.190064437774E-006
    0.802000000000E+003    0.268392286839E-006
    0.852000000000E+003    0.369419818775E-006
    0.902000000000E+003    0.497276160259E-006
    0.952000000000E+003    0.656434055118E-006
    0.100200000000E+004    0.851703905479E-006
    0.105200000000E+004    0.108822518613E-005
    0.110200000000E+004    0.137145586146E-005
    0.115200000000E+004    0.170716306989E-005
    0.120200000000E+004    0.210141467911E-005
    0.125200000000E+004    0.256057044989E-005
    0.130200000000E+004    0.309127334526E-005
    0.135200000000E+004    0.370044171336E-005
    0.140200000000E+004    0.439526225261E-005
    0.145200000000E+004    0.518318201735E-005
    0.150200000000E+004    0.607189777413E-005
    0.155200000000E+004    0.706934494797E-005
    0.160200000000E+004    0.818368895681E-005
    0.165200000000E+004    0.942331747915E-005
    0.170200000000E+004    0.107968325472E-004
    0.175200000000E+004    0.123130433604E-004
    0.180200000000E+004    0.139809601857E-004
    0.185200000000E+004    0.158097884623E-004
    0.190200000000E+004    0.178089209149E-004
    0.195200000000E+004    0.199879273480E-004
    0.200200000000E+004    0.223565453688E-004
    0.205200000000E+004    0.249246736833E-004
    0.210200000000E+004    0.277023659480E-004
    0.215200000000E+004    0.306998246483E-004
    0.220200000000E+004    0.339273959986E-004
    0.225200000000E+004    0.373955656354E-004
    0.230200000000E+004    0.411149535117E-004
    0.235200000000E+004    0.450963061767E-004
    0.240200000000E+004    0.493504876716E-004
    0.245200000000E+004    0.538884723677E-004
    0.250200000000E+004    0.587213400783E-004
    0.255200000000E+004    0.638602714042E-004
    0.260200000000E+004    0.693165434048E-004
    0.265200000000E+004    0.751015263272E-004
    0.270200000000E+004    0.812266804617E-004
    0.275200000000E+004    0.877035512214E-004
    0.280200000000E+004    0.945437616507E-004
    0.285200000000E+004    0.101759004752E-003
    0.290200000000E+004    0.109361038308E-003
    0.295200000000E+004    0.117361681456E-003
    0.300200000000E+004    0.125772811364E-003
    0.305200000000E+004    0.134606360514E-003
    0.310200000000E+004    0.143874314751E-003
    0.315200000000E+004    0.153588710600E-003
    0.320200000000E+004    0.163761630167E-003
    0.325200000000E+004    0.174405194106E-003
    0.330200000000E+004    0.185531555531E-003
    0.335200000000E+004    0.197152896531E-003
    0.340200000000E+004    0.209281425896E-003
    0.345200000000E+004    0.221929377001E-003
    0.350200000000E+004    0.235109006397E-003
    0.355200000000E+004    0.248832592599E-003
    0.360200000000E+004    0.263112433297E-003
    0.365200000000E+004    0.277960840029E-003
    0.370200000000E+004    0.293390131895E-003
    0.375200000000E+004    0.309412631063E-003
    0.380200000000E+004    0.326040660648E-003
    0.385200000000E+004    0.343286543384E-003
    0.390200000000E+004    0.361162600577E-003
    0.395200000000E+004    0.379681151613E-003
    0.400200000000E+004    0.398854512925E-003
    0.405200000000E+004    0.418694994769E-003
    0.410200000000E+004    0.439214895852E-003
    0.415200000000E+004    0.460426498042E-003
    0.420200000000E+004    0.482342063363E-003
    0.425200000000E+004    0.504973832934E-003
    0.430200000000E+004    0.528334026465E-003
    0.435200000000E+004    0.552434842083E-003
    0.440200000000E+004    0.577288456310E-003
    0.445200000000E+004    0.602907022759E-003
    0.450200000000E+004    0.629302668416E-003
    0.455200000000E+004    0.656487488491E-003
    0.460200000000E+004    0.684473542304E-003
    0.465200000000E+004    0.713272851562E-003
    0.470200000000E+004    0.742897400154E-003
    0.475200000000E+004    0.773359134338E-003
    0.480200000000E+004    0.804669963185E-003
    0.485200000000E+004    0.836841758588E-003
    0.490200000000E+004    0.869886353413E-003
    0.495200000000E+004    0.903815537404E-003
    0.500200000000E+004    0.938641052573E-003
    0.505200000000E+004    0.974374590300E-003
    0.510200000000E+004    0.101102779069E-002
    0.515200000000E+004    0.104861224302E-002
    0.520200000000E+004    0.108713948655E-002
    0.525200000000E+004    0.112662101118E-002
    0.530200000000E+004    0.116706825717E-002
    0.535200000000E+004    0.120849261264E-002
    0.540200000000E+004    0.125090540938E-002
    0.545200000000E+004    0.129431791897E-002
    0.550200000000E+004    0.133874135110E-002
    0.555200000000E+004    0.138418685376E-002
    0.560200000000E+004    0.143066551426E-002
    0.565200000000E+004    0.147818836034E-002
    0.570200000000E+004    0.152676636086E-002
    0.575200000000E+004    0.157641042489E-002
    0.580200000000E+004    0.162713139870E-002
    0.585200000000E+004    0.167894006165E-002
    0.590200000000E+004    0.173184712337E-002
    0.595200000000E+004    0.178586322304E-002
    0.600200000000E+004    0.184099893029E-002
    0.605200000000E+004    0.189726474660E-002
    0.610200000000E+004    0.195467110656E-002
    0.615200000000E+004    0.201322837822E-002
    0.620200000000E+004    0.207294686146E-002
    0.625200000000E+004    0.213383678461E-002
    0.630200000000E+004    0.219590830089E-002
    0.635200000000E+004    0.225917148646E-002
    0.640200000000E+004    0.232363634066E-002
    0.645200000000E+004    0.238931278741E-002
    0.650200000000E+004    0.245621067684E-002
    0.655200000000E+004    0.252433978640E-002
    0.660200000000E+004    0.259370982064E-002
    0.665200000000E+004    0.266433040896E-002
    0.670200000000E+004    0.273621110213E-002
    0.675200000000E+004    0.280936136935E-002
    0.680200000000E+004    0.288379059732E-002
    0.685200000000E+004    0.295950809119E-002
    0.690200000000E+004    0.303652307627E-002
    0.695200000000E+004    0.311484469973E-002
    0.700200000000E+004    0.319448203130E-002
    0.705200000000E+004    0.327544406242E-002
    0.710200000000E+004    0.335773970345E-002
    0.715200000000E+004    0.344137778033E-002
    0.720200000000E+004    0.352636703253E-002
    0.725200000000E+004    0.361271611294E-002
    0.730200000000E+004    0.370043358937E-002
    0.735200000000E+004    0.378952794644E-002
    0.740200000000E+004    0.388000758710E-002
    0.745200000000E+004    0.397188083276E-002
    0.750200000000E+004    0.406515592176E-002
    0.755200000000E+004    0.415984100630E-002
    0.760200000000E+004    0.425594414955E-002
    0.765200000000E+004    0.435347332438E-002
    0.770200000000E+004    0.445243641407E-002
    0.775200000000E+004    0.455284121415E-002
    0.780200000000E+004    0.465469543428E-002
    0.785200000000E+004    0.475800669935E-002
    0.790200000000E+004    0.486278254905E-002
    0.795200000000E+004    0.496903043564E-002
    0.800200000000E+004    0.507675772091E-002
    0.805200000000E+004    0.518597167389E-002
    0.810200000000E+004    0.529667947044E-002
    0.815200000000E+004    0.540888819449E-002
    0.820200000000E+004    0.552260484011E-002
    0.825200000000E+004    0.563783631320E-002
    0.830200000000E+004    0.575458943203E-002
    0.835200000000E+004    0.587287092613E-002
    0.840200000000E+004    0.599268743368E-002
    0.845200000000E+004    0.611404549867E-002
    0.850200000000E+004    0.623695156934E-002
    0.855200000000E+004    0.636141199851E-002
    0.860200000000E+004    0.648743304527E-002
    0.865200000000E+004    0.661502087705E-002
    0.870200000000E+004    0.674418157092E-002
    0.875200000000E+004    0.687492111356E-002
    0.880200000000E+004    0.700724539944E-002
    0.885200000000E+004    0.714116022813E-002
    0.890200000000E+004    0.727667130185E-002
    0.895200000000E+004    0.741378422468E-002
    0.900200000000E+004    0.755250450350E-002
    0.905200000000E+004    0.769283755002E-002
    0.910200000000E+004    0.783478868256E-002
    0.915200000000E+004    0.797836312696E-002
    0.920200000000E+004    0.812356601580E-002
    0.925200000000E+004    0.827040238622E-002
    0.930200000000E+004    0.841887717719E-002
    0.935200000000E+004    0.856899522772E-002
    0.940200000000E+004    0.872076127678E-002
    0.945200000000E+004    0.887417996478E-002
    0.950200000000E+004    0.902925583558E-002
    0.955200000000E+004    0.918599333807E-002
    0.960200000000E+004    0.934439682642E-002
    0.965200000000E+004    0.950447055870E-002
    0.970200000000E+004    0.966621869445E-002
    0.975200000000E+004    0.982964529223E-002
    0.980200000000E+004    0.999475430852E-002
    0.985200000000E+004    0.101615495983E-001
    0.990200000000E+004    0.103300349169E-001
    0.995200000000E+004    0.105002139219E-001
    0.100020000000E+005    0.106720901742E-001
    0.100520000000E+005    0.108456671377E-001
    0.101020000000E+005    0.110209481775E-001
    0.101520000000E+005    0.111979365574E-001
    0.102020000000E+005    0.113766354379E-001
    0.102520000000E+005    0.115570478757E-001
    0.103020000000E+005    0.117391768251E-001
    0.103520000000E+005    0.119230251397E-001
    0.104020000000E+005    0.121085955743E-001
    0.104520000000E+005    0.122958907854E-001
    0.105020000000E+005    0.124849133303E-001
    0.105520000000E+005    0.126756656650E-001
    0.106020000000E+005    0.128681501416E-001
    0.106520000000E+005    0.130623690073E-001
    0.107020000000E+005    0.132583244044E-001
    0.107520000000E+005    0.134560183721E-001
    0.108020000000E+005    0.136554528483E-001
    0.108520000000E+005    0.138566296712E-001
    0.109020000000E+005    0.140595505788E-001
    0.109520000000E+005    0.142642172081E-001
    0.110020000000E+005    0.144706310925E-001
    0.110520000000E+005    0.146787936599E-001
    0.111020000000E+005    0.148887062317E-001
    0.111520000000E+005    0.151003700245E-001
    0.112020000000E+005    0.153137861511E-001
    0.112520000000E+005    0.155289556227E-001
    0.113020000000E+005    0.157458793498E-001
    0.113520000000E+005    0.159645581418E-001
    0.114020000000E+005    0.161849927049E-001
    0.114520000000E+005    0.164071836402E-001
    0.115020000000E+005    0.166311314420E-001
    0.115520000000E+005    0.168568364982E-001
    0.116020000000E+005    0.170842990913E-001
    0.116520000000E+005    0.173135194006E-001
    0.117020000000E+005    0.175444975035E-001
    0.117520000000E+005    0.177772333763E-001
    0.118020000000E+005    0.180117268928E-001
    0.118520000000E+005    0.182479778227E-001
    0.119020000000E+005    0.184859858294E-001
    0.119520000000E+005    0.187257504696E-001
    0.120020000000E+005    0.189672711933E-001
    0.120520000000E+005    0.192105473461E-001
    0.121020000000E+005    0.194555781711E-001
    0.121520000000E+005    0.197023628096E-001
    0.122020000000E+005    0.199509003016E-001
    0.122520000000E+005    0.202011895842E-001
    0.123020000000E+005    0.204532294895E-001
    0.123520000000E+005    0.207070187435E-001
    0.124020000000E+005    0.209625559657E-001
    0.124520000000E+005    0.212198396705E-001
    0.125020000000E+005    0.214788682688E-001
    0.125520000000E+005    0.217396400701E-001
    0.126020000000E+005    0.220021532830E-001
    0.126520000000E+005    0.222664060149E-001
    0.127020000000E+005    0.225323962706E-001
    0.127520000000E+005    0.228001219499E-001
    0.128020000000E+005    0.230695808474E-001
    0.128520000000E+005    0.233407706529E-001
    0.129020000000E+005    0.236136889524E-001
    0.129520000000E+005    0.238883332310E-001
    0.130020000000E+005    0.241647008735E-001
    0.130520000000E+005    0.244427891655E-001
    0.131020000000E+005    0.247225952920E-001
    0.131520000000E+005    0.250041163362E-001
    0.132020000000E+005    0.252873492777E-001
    0.132520000000E+005    0.255722909927E-001
    0.133020000000E+005    0.258589382546E-001
    0.133520000000E+005    0.261472877363E-001
    0.134020000000E+005    0.264373360117E-001
    0.134520000000E+005    0.267290795572E-001
    0.135020000000E+005    0.270225147516E-001
    0.135520000000E+005    0.273176378748E-001
    0.136020000000E+005    0.276144451064E-001
    0.136520000000E+005    0.279129325249E-001
    0.137020000000E+005    0.282130961080E-001
    0.137520000000E+005    0.285149317340E-001
    0.138020000000E+005    0.288184351839E-001
    0.138520000000E+005    0.291236021435E-001
    0.139020000000E+005    0.294304282034E-001
    0.139520000000E+005    0.297389088594E-001
    0.140020000000E+005    0.300490395107E-001
    0.140520000000E+005    0.303608154590E-001
    0.141020000000E+005    0.306742319080E-001
    0.141520000000E+005    0.309892839644E-001
    0.142020000000E+005    0.313059666399E-001
    0.142520000000E+005    0.316242748530E-001
    0.143020000000E+005    0.319442034305E-001
    0.143520000000E+005    0.322657471080E-001
    0.144020000000E+005    0.325889005293E-001
    0.144520000000E+005    0.329136582449E-001
    0.145020000000E+005    0.332400147115E-001
    0.145520000000E+005    0.335679642923E-001
    0.146020000000E+005    0.338975012579E-001
    0.146520000000E+005    0.342286197890E-001
    0.147020000000E+005    0.345613139779E-001
    0.147520000000E+005    0.348955778299E-001
    0.148020000000E+005    0.352314052630E-001
    0.148520000000E+005    0.355687901076E-001
    0.149020000000E+005    0.359077261049E-001
    0.149520000000E+005    0.362482069072E-001
    0.150020000000E+005    0.365902260780E-001
    0.150520000000E+005    0.369337770945E-001
    0.151020000000E+005    0.372788533491E-001
    0.151520000000E+005    0.376254481516E-001
    0.152020000000E+005    0.379735547297E-001
    0.152520000000E+005    0.383231662289E-001
    0.153020000000E+005    0.386742757116E-001
    0.153520000000E+005    0.390268761564E-001
    0.154020000000E+005    0.393809604582E-001
    0.154520000000E+005    0.397365214297E-001
    0.155020000000E+005    0.400935518032E-001
    0.155520000000E+005    0.404520442328E-001
    0.156020000000E+005    0.408119912959E-001
    0.156520000000E+005    0.411733854935E-001
    0.157020000000E+005    0.415362192499E-001
    0.157520000000E+005    0.419004849119E-001
    0.158020000000E+005    0.422661747482E-001
    0.158520000000E+005    0.426332809506E-001
    0.159020000000E+005    0.430017956354E-001
    0.159520000000E+005    0.433717108455E-001
    0.160020000000E+005    0.437430185525E-001
    0.160520000000E+005    0.441157106577E-001
    0.161020000000E+005    0.444897789922E-001
    0.161520000000E+005    0.448652153164E-001
    0.162020000000E+005    0.452420113197E-001
    0.162520000000E+005    0.456201586202E-001
    0.163020000000E+005    0.459996487659E-001
    0.163520000000E+005    0.463804732372E-001
    0.164020000000E+005    0.467626234484E-001
    0.164520000000E+005    0.471460907497E-001
    0.165020000000E+005    0.475308664279E-001
    0.165520000000E+005    0.479169417064E-001
    0.166020000000E+005    0.483043077446E-001
    0.166520000000E+005    0.486929556375E-001
    0.167020000000E+005    0.490828764164E-001
    0.167520000000E+005    0.494740610508E-001
    0.168020000000E+005    0.498665004497E-001
    0.168520000000E+005    0.502601854643E-001
    0.169020000000E+005    0.506551068894E-001
    0.169520000000E+005    0.510512554634E-001
    0.170020000000E+005    0.514486218683E-001
    0.170520000000E+005    0.518471967294E-001
    0.171020000000E+005    0.522469706151E-001
    0.171520000000E+005    0.526479340383E-001
    0.172020000000E+005    0.530500774577E-001
    0.172520000000E+005    0.534533912806E-001
    0.173020000000E+005    0.538578658642E-001
    0.173520000000E+005    0.542634915168E-001
    0.174020000000E+005    0.546702584981E-001
    0.174520000000E+005    0.550781570189E-001
    0.175020000000E+005    0.554871772406E-001
    0.175520000000E+005    0.558973092759E-001
    0.176020000000E+005    0.563085431903E-001
    0.176520000000E+005    0.567208690037E-001
    0.177020000000E+005    0.571342766930E-001
    0.177520000000E+005    0.575487561932E-001
    0.178020000000E+005    0.579642973984E-001
    0.178520000000E+005    0.583808901616E-001
    0.179020000000E+005    0.587985242945E-001
    0.179520000000E+005    0.592171895675E-001
    0.180020000000E+005    0.596368757109E-001
    0.180520000000E+005    0.600575724157E-001
    0.181020000000E+005    0.604792693368E-001
    0.181520000000E+005    0.609019560940E-001
    0.182020000000E+005    0.613256222738E-001
    0.182520000000E+005    0.617502574292E-001
    0.183020000000E+005    0.621758510805E-001
    0.183520000000E+005    0.626023927140E-001
    0.184020000000E+005    0.630298717834E-001
    0.184520000000E+005    0.634582777103E-001
    0.185020000000E+005    0.638875998863E-001
    0.185520000000E+005    0.643178276751E-001
    0.186020000000E+005    0.647489504138E-001
    0.186520000000E+005    0.651809574145E-001
    0.187020000000E+005    0.656138379636E-001
    0.187520000000E+005    0.660475813222E-001
    0.188020000000E+005    0.664821767262E-001
    0.188520000000E+005    0.669176133865E-001
    0.189020000000E+005    0.673538804907E-001
    0.189520000000E+005    0.677909672052E-001
    0.190020000000E+005    0.682288626767E-001
    0.190520000000E+005    0.686675560341E-001
    0.191020000000E+005    0.691070363885E-001
    0.191520000000E+005    0.695472928337E-001
    0.192020000000E+005    0.699883144456E-001
    0.192520000000E+005    0.704300902829E-001
    0.193020000000E+005    0.708726093877E-001
    0.193520000000E+005    0.713158607874E-001
    0.194020000000E+005    0.717598334966E-001
    0.194520000000E+005    0.722045165184E-001
    0.195020000000E+005    0.726498988461E-001
    0.195520000000E+005    0.730959694629E-001
    0.196020000000E+005    0.735427173422E-001
    0.196520000000E+005    0.739901314472E-001
    0.197020000000E+005    0.744382007320E-001
    0.197520000000E+005    0.748869141420E-001
    0.198020000000E+005    0.753362606165E-001
    0.198520000000E+005    0.757862290897E-001
    0.199020000000E+005    0.762368084929E-001
    0.199520000000E+005    0.766879877546E-001
    0.200020000000E+005    0.771397558008E-001
    0.200520000000E+005    0.775921015551E-001
    0.201020000000E+005    0.780450139383E-001
    0.201520000000E+005    0.784984818698E-001
    0.202020000000E+005    0.789524942686E-001
    0.202520000000E+005    0.794070400551E-001
    0.203020000000E+005    0.798621081528E-001
    0.203520000000E+005    0.803176874894E-001
    0.204020000000E+005    0.807737669971E-001
    0.204520000000E+005    0.812303356129E-001
    0.205020000000E+005    0.816873822781E-001
    0.205520000000E+005    0.821448959387E-001
    0.206020000000E+005    0.826028655467E-001
    0.206520000000E+005    0.830612800613E-001
    0.207020000000E+005    0.835201284507E-001
    0.207520000000E+005    0.839793996934E-001
    0.208020000000E+005    0.844390827792E-001
    0.208520000000E+005    0.848991667092E-001
    0.209020000000E+005    0.853596404956E-001
    0.209520000000E+005    0.858204931619E-001
    0.210020000000E+005    0.862817137435E-001
    0.210520000000E+005    0.867432912884E-001
    0.211020000000E+005    0.872052148595E-001
    0.211520000000E+005    0.876674735353E-001
    0.212020000000E+005    0.881300564117E-001
    0.212520000000E+005    0.885929526021E-001
    0.213020000000E+005    0.890561512376E-001
    0.213520000000E+005    0.895196414666E-001
    0.214020000000E+005    0.899834124552E-001
    0.214520000000E+005    0.904474533878E-001
    0.215020000000E+005    0.909117534687E-001
    0.215520000000E+005    0.913763019229E-001
    0.216020000000E+005    0.918410879983E-001
    0.216520000000E+005    0.923061009659E-001
    0.217020000000E+005    0.927713301201E-001
    0.217520000000E+005    0.932367647789E-001
    0.218020000000E+005    0.937023942833E-001
    0.218520000000E+005    0.941682079981E-001
    0.219020000000E+005    0.946341953127E-001
    0.219520000000E+005    0.951003456422E-001
    0.220020000000E+005    0.955666484290E-001
    0.220520000000E+005    0.960330931438E-001
    0.221020000000E+005    0.964996692861E-001
    0.221520000000E+005    0.969663663843E-001
    0.222020000000E+005    0.974331739955E-001
    0.222520000000E+005    0.979000817052E-001
    0.223020000000E+005    0.983670791284E-001
    0.223520000000E+005    0.988341559102E-001
    0.224020000000E+005    0.993013017270E-001
    0.224520000000E+005    0.997685062883E-001
    0.225020000000E+005    0.100235759337E+000
    0.225520000000E+005    0.100703050649E+000
    0.226020000000E+005    0.101170370035E+000
    0.226520000000E+005    0.101637707339E+000
    0.227020000000E+005    0.102105052438E+000
    0.227520000000E+005    0.102572395243E+000
    0.228020000000E+005    0.103039725701E+000
    0.228520000000E+005    0.103507033796E+000
    0.229020000000E+005    0.103974309548E+000
    0.229520000000E+005    0.104441543017E+000
    0.230020000000E+005    0.104908724300E+000
    0.230520000000E+005    0.105375843531E+000
    0.231020000000E+005    0.105842890883E+000
    0.231520000000E+005    0.106309856568E+000
    0.232020000000E+005    0.106776730835E+000
    0.232520000000E+005    0.107243503973E+000
    0.233020000000E+005    0.107710166313E+000
    0.233520000000E+005    0.108176708227E+000
    0.234020000000E+005    0.108643120129E+000
    0.234520000000E+005    0.109109392476E+000
    0.235020000000E+005    0.109575515765E+000
    0.235520000000E+005    0.110041480535E+000
    0.236020000000E+005    0.110507277369E+000
    0.236520000000E+005    0.110972896890E+000
    0.237020000000E+005    0.111438329765E+000
    0.237520000000E+005    0.111903566709E+000
    0.238020000000E+005    0.112368598479E+000
    0.238520000000E+005    0.112833415878E+000
    0.239020000000E+005    0.113298009755E+000
    0.239520000000E+005    0.113762371004E+000
    0.240020000000E+005    0.114226490562E+000
    0.240520000000E+005    0.114690359414E+000
    0.241020000000E+005    0.115153968589E+000
    0.241520000000E+005    0.115617309165E+000
    0.242020000000E+005    0.116080372267E+000
    0.242520000000E+005    0.116543149069E+000
    0.243020000000E+005    0.117005630792E+000
    0.243520000000E+005    0.117467808705E+000
    0.244020000000E+005    0.117929674126E+000
    0.244520000000E+005    0.118391218419E+000
    0.245020000000E+005    0.118852432998E+000
    0.245520000000E+005    0.119313309323E+000
    0.246020000000E+005    0.119773838909E+000
    0.246520000000E+005    0.120234013318E+000
    0.247020000000E+005    0.120693824163E+000
    0.247520000000E+005    0.121153263108E+000
    0.248020000000E+005    0.121612321866E+000
    0.248520000000E+005    0.122070992202E+000
    0.249020000000E+005    0.122529265929E+000
    0.249520000000E+005    0.122987134912E+000
    0.250020000000E+005    0.123444591066E+000
    0.250520000000E+005    0.123901626360E+000
    0.251020000000E+005    0.124358232815E+000
    0.251520000000E+005    0.124814402505E+000
    0.252020000000E+005    0.125270127554E+000
    0.252520000000E+005    0.125725400139E+000
    0.253020000000E+005    0.126180212489E+000
    0.253520000000E+005    0.126634556885E+000
    0.254020000000E+005    0.127088425659E+000
    0.254520000000E+005    0.127541811200E+000
    0.255020000000E+005    0.127994705947E+000
    0.255520000000E+005    0.128447102395E+000
    0.256020000000E+005    0.128898993093E+000
    0.256520000000E+005    0.129350370642E+000
    0.257020000000E+005    0.129801227697E+000
    0.257520000000E+005    0.130251556964E+000
    0.258020000000E+005    0.130701351206E+000
    0.258520000000E+005    0.131150603237E+000
    0.259020000000E+005    0.131599305927E+000
    0.259520000000E+005    0.132047452203E+000
    0.260020000000E+005    0.132495035043E+000
    0.260520000000E+005    0.132942047481E+000
    0.261020000000E+005    0.133388482607E+000
    0.261520000000E+005    0.133834333561E+000
    0.262020000000E+005    0.134279593541E+000
    0.262520000000E+005    0.134724255798E+000
    0.263020000000E+005    0.135168313637E+000
    0.263520000000E+005    0.135611760419E+000
    0.264020000000E+005    0.136054589563E+000
    0.264520000000E+005    0.136496794540E+000
    0.265020000000E+005    0.136938368878E+000
    0.265520000000E+005    0.137379306158E+000
    0.266020000000E+005    0.137819600016E+000
    0.266520000000E+005    0.138259244143E+000
    0.267020000000E+005    0.138698232286E+000
    0.267520000000E+005    0.139136558244E+000
    0.268020000000E+005    0.139574215877E+000
    0.268520000000E+005    0.140011199098E+000
    0.269020000000E+005    0.140447501874E+000
    0.269520000000E+005    0.140883118229E+000
    0.270020000000E+005    0.141318042240E+000
    0.270520000000E+005    0.141752268041E+000
    0.271020000000E+005    0.142185789818E+000
    0.271520000000E+005    0.142618601815E+000
    0.272020000000E+005    0.143050698329E+000
    0.272520000000E+005    0.143482073716E+000
    0.273020000000E+005    0.143912722384E+000
    0.273520000000E+005    0.144342638797E+000
    0.274020000000E+005    0.144771817476E+000
    0.274520000000E+005    0.145200252994E+000
    0.275020000000E+005    0.145627939977E+000
    0.275520000000E+005    0.146054873110E+000
    0.276020000000E+005    0.146481047129E+000
    0.276520000000E+005    0.146906456829E+000
    0.277020000000E+005    0.147331097057E+000
    0.277520000000E+005    0.147754962716E+000
    0.278020000000E+005    0.148178048765E+000
    0.278520000000E+005    0.148600350214E+000
    0.279020000000E+005    0.149021862129E+000
    0.279520000000E+005    0.149442579628E+000
    0.280020000000E+005    0.149862497886E+000
    0.280520000000E+005    0.150281612131E+000
    0.281020000000E+005    0.150699917646E+000
    0.281520000000E+005    0.151117409767E+000
    0.282020000000E+005    0.151534083886E+000
    0.282520000000E+005    0.151949935446E+000
    0.283020000000E+005    0.152364959946E+000
    0.283520000000E+005    0.152779152936E+000
    0.284020000000E+005    0.153192510020E+000
    0.284520000000E+005    0.153605026855E+000
    0.285020000000E+005    0.154016699151E+000
    0.285520000000E+005    0.154427522675E+000
    0.286020000000E+005    0.154837493243E+000
    0.286520000000E+005    0.155246606725E+000
    0.287020000000E+005    0.155654859044E+000
    0.287520000000E+005    0.156062246176E+000
    0.288020000000E+005    0.156468764146E+000
    0.288520000000E+005    0.156874409033E+000
    0.289020000000E+005    0.157279176969E+000
    0.289520000000E+005    0.157683064138E+000
    0.290020000000E+005    0.158086066775E+000
    0.290520000000E+005    0.158488181169E+000
    0.291020000000E+005    0.158889403658E+000
    0.291520000000E+005    0.159289730632E+000
    0.292020000000E+005    0.159689158532E+000
    0.292520000000E+005    0.160087683850E+000
    0.293020000000E+005    0.160485303127E+000
    0.293520000000E+005    0.160882012957E+000
    0.294020000000E+005    0.161277809985E+000
    0.294520000000E+005    0.161672690905E+000
    0.295020000000E+005    0.162066652464E+000
    0.295520000000E+005    0.162459691455E+000
    0.296020000000E+005    0.162851804723E+000
    0.296520000000E+005    0.163242989161E+000
    0.297020000000E+005    0.163633241712E+000
    0.297520000000E+005    0.164022559369E+000
    0.298020000000E+005    0.164410939172E+000
    0.298520000000E+005    0.164798378214E+000
    0.299020000000E+005    0.165184873634E+000
    0.299520000000E+005    0.165570422620E+000
    0.300020000000E+005    0.165955022408E+000
    0.300520000000E+005    0.166338670282E+000
    0.301020000000E+005    0.166721363574E+000
    0.301520000000E+005    0.167103099662E+000
    0.302020000000E+005    0.167483875972E+000
    0.302520000000E+005    0.167863689981E+000
    0.303020000000E+005    0.168242539209E+000
    0.303520000000E+005    0.168620421226E+000
    0.304020000000E+005    0.168997333647E+000
    0.304520000000E+005    0.169373274132E+000
    0.305020000000E+005    0.169748240389E+000
    0.305520000000E+005    0.170122230170E+000
    0.306020000000E+005    0.170495241275E+000
    0.306520000000E+005    0.170867271548E+000
    0.307020000000E+005    0.171238318880E+000
    0.307520000000E+005    0.171608381205E+000
    0.308020000000E+005    0.171977456506E+000
    0.308520000000E+005    0.172345542806E+000
    0.309020000000E+005    0.172712638175E+000
    0.309520000000E+005    0.173078740725E+000
    0.310020000000E+005    0.173443848613E+000
    0.310520000000E+005    0.173807960039E+000
    0.311020000000E+005    0.174171073249E+000
    0.311520000000E+005    0.174533186531E+000
    0.312020000000E+005    0.174894298215E+000
    0.312520000000E+005    0.175254406677E+000
    0.313020000000E+005    0.175613510331E+000
    0.313520000000E+005    0.175971607637E+000
    0.314020000000E+005    0.176328697094E+000
    0.314520000000E+005    0.176684777244E+000
    0.315020000000E+005    0.177039846671E+000
    0.315520000000E+005    0.177393904001E+000
    0.316020000000E+005    0.177746947901E+000
    0.316520000000E+005    0.178098977078E+000
    0.317020000000E+005    0.178449990281E+000
    0.317520000000E+005    0.178799986299E+000
    0.318020000000E+005    0.179148963959E+000
    0.318520000000E+005    0.179496922129E+000
    0.319020000000E+005    0.179843859717E+000
    0.319520000000E+005    0.180189775670E+000
    0.320020000000E+005    0.180534668977E+000
    0.320520000000E+005    0.180878538662E+000
    0.321020000000E+005    0.181221383790E+000
    0.321520000000E+005    0.181563203465E+000
    0.322020000000E+005    0.181903996826E+000
    0.322520000000E+005    0.182243763051E+000
    0.323020000000E+005    0.182582501357E+000
    0.323520000000E+005    0.182920210998E+000
    0.324020000000E+005    0.183256891264E+000
    0.324520000000E+005    0.183592541483E+000
    0.325020000000E+005    0.183927161021E+000
    0.325520000000E+005    0.184260749278E+000
    0.326020000000E+005    0.184593305692E+000
    0.326520000000E+005    0.184924829734E+000
    0.327020000000E+005    0.185255320913E+000
    0.327520000000E+005    0.185584778772E+000
    0.328020000000E+005    0.185913202891E+000
    0.328520000000E+005    0.186240592882E+000
    0.329020000000E+005    0.186566948396E+000
    0.329520000000E+005    0.186892269115E+000
    0.330020000000E+005    0.187216554756E+000
    0.330520000000E+005    0.187539805069E+000
    0.331020000000E+005    0.187862019839E+000
    0.331520000000E+005    0.188183198882E+000
    0.332020000000E+005    0.188503342048E+000
    0.332520000000E+005    0.188822449223E+000
    0.333020000000E+005    0.189140520321E+000
    0.333520000000E+005    0.189457555291E+000
    0.334020000000E+005    0.189773554114E+000
    0.334520000000E+005    0.190088516802E+000
    0.335020000000E+005    0.190402443399E+000
    0.335520000000E+005    0.190715333978E+000
    0.336020000000E+005    0.191027188645E+000
    0.336520000000E+005    0.191338007537E+000
    0.337020000000E+005    0.191647790822E+000
    0.337520000000E+005    0.191956538696E+000
    0.338020000000E+005    0.192264251388E+000
    0.338520000000E+005    0.192570929154E+000
    0.339020000000E+005    0.192876572282E+000
    0.339520000000E+005    0.193181181087E+000
    0.340020000000E+005    0.193484755913E+000
    0.340520000000E+005    0.193787297133E+000
    0.341020000000E+005    0.194088805150E+000
    0.341520000000E+005    0.194389280394E+000
    0.342020000000E+005    0.194688723322E+000
    0.342520000000E+005    0.194987134422E+000
    0.343020000000E+005    0.195284514207E+000
    0.343520000000E+005    0.195580863217E+000
    0.344020000000E+005    0.195876182018E+000
    0.344520000000E+005    0.196170471205E+000
    0.345020000000E+005    0.196463731397E+000
    0.345520000000E+005    0.196755963243E+000
    0.346020000000E+005    0.197047167414E+000
    0.346520000000E+005    0.197337344610E+000
    0.347020000000E+005    0.197626495554E+000
    0.347520000000E+005    0.197914620996E+000
    0.348020000000E+005    0.198201721708E+000
    0.348520000000E+005    0.198487798489E+000
    0.349020000000E+005    0.198772852162E+000
    0.349520000000E+005    0.199056883574E+000
    0.350020000000E+005    0.199339893597E+000
    0.350520000000E+005    0.199621883126E+000
    0.351020000000E+005    0.199902853078E+000
    0.351520000000E+005    0.200182804397E+000
    0.352020000000E+005    0.200461738047E+000
    0.352520000000E+005    0.200739655014E+000
    0.353020000000E+005    0.201016556307E+000
    0.353520000000E+005    0.201292442960E+000
    0.354020000000E+005    0.201567316026E+000
    0.354520000000E+005    0.201841176580E+000
    0.355020000000E+005    0.202114025721E+000
    0.355520000000E+005    0.202385864568E+000
    0.356020000000E+005    0.202656694260E+000
    0.356520000000E+005    0.202926515958E+000
    0.357020000000E+005    0.203195330842E+000
    0.357520000000E+005    0.203463140113E+000
    0.358020000000E+005    0.203729944993E+000
    0.358520000000E+005    0.203995746724E+000
    0.359020000000E+005    0.204260546567E+000
    0.359520000000E+005    0.204524345802E+000
    0.360020000000E+005    0.204787145730E+000
    0.360520000000E+005    0.205048947668E+000
    0.361020000000E+005    0.205309752954E+000
    0.361520000000E+005    0.205569562944E+000
    0.362020000000E+005    0.205828379011E+000
    0.362520000000E+005    0.206086202547E+000
    0.363020000000E+005    0.206343034963E+000
    0.363520000000E+005    0.206598877686E+000
    0.364020000000E+005    0.206853732161E+000
    0.364520000000E+005    0.207107599850E+000
    0.365020000000E+005    0.207360482231E+000
    0.365520000000E+005    0.207612380801E+000
    0.366020000000E+005    0.207863297071E+000
    0.366520000000E+005    0.208113232568E+000
    0.367020000000E+005    0.208362188838E+000
    0.367520000000E+005    0.208610167440E+000
    0.368020000000E+005    0.208857169951E+000
    0.368520000000E+005    0.209103197960E+000
    0.369020000000E+005    0.209348253076E+000
    0.369520000000E+005    0.209592336918E+000
    0.370020000000E+005    0.209835451122E+000
    0.370520000000E+005    0.210077597338E+000
    0.371020000000E+005    0.210318777231E+000
    0.371520000000E+005    0.210558992479E+000
    0.372020000000E+005    0.210798244776E+000
    0.372520000000E+005    0.211036535827E+000
    0.373020000000E+005    0.211273867353E+000
    0.373520000000E+005    0.211510241087E+000
    0.374020000000E+005    0.211745658774E+000
    0.374520000000E+005    0.211980122173E+000
    0.375020000000E+005    0.212213633055E+000
    0.375520000000E+005    0.212446193204E+000
    0.376020000000E+005    0.212677804417E+000
    0.376520000000E+005    0.212908468501E+000
    0.377020000000E+005    0.213138187279E+000
    0.377520000000E+005    0.213366962580E+000
    0.378020000000E+005    0.213594796248E+000
    0.378520000000E+005    0.213821690137E+000
    0.379020000000E+005    0.214047646112E+000
    0.379520000000E+005    0.214272666050E+000
    0.380020000000E+005    0.214496751837E+000
    0.380520000000E+005    0.214719905371E+000
    0.381020000000E+005    0.214942128561E+000
    0.381520000000E+005    0.215163423323E+000
    0.382020000000E+005    0.215383791587E+000
    0.382520000000E+005    0.215603235287E+000
    0.383020000000E+005    0.215821756373E+000
    0.383520000000E+005    0.216039356798E+000
    0.384020000000E+005    0.216256038530E+000
    0.384520000000E+005    0.216471803542E+000
    0.385020000000E+005    0.216686653819E+000
    0.385520000000E+005    0.216900591351E+000
    0.386020000000E+005    0.217113618139E+000
    0.386520000000E+005    0.217325736192E+000
    0.387020000000E+005    0.217536947525E+000
    0.387520000000E+005    0.217747254164E+000
    0.388020000000E+005    0.217956658140E+000
    0.388520000000E+005    0.218165161493E+000
    0.389020000000E+005    0.218372766270E+000
    0.389520000000E+005    0.218579474526E+000
    0.390020000000E+005    0.218785288322E+000
    0.390520000000E+005    0.218990209727E+000
    0.391020000000E+005    0.219194240814E+000
    0.391520000000E+005    0.219397383666E+000
    0.392020000000E+005    0.219599640370E+000
    0.392520000000E+005    0.219801013020E+000
    0.393020000000E+005    0.220001503716E+000
    0.393520000000E+005    0.220201114564E+000
    0.394020000000E+005    0.220399847675E+000
    0.394520000000E+005    0.220597705168E+000
    0.395020000000E+005    0.220794689164E+000
    0.395520000000E+005    0.220990801790E+000
    0.396020000000E+005    0.221186045181E+000
    0.396520000000E+005    0.221380421472E+000
    0.397020000000E+005    0.221573932808E+000
    0.397520000000E+005    0.221766581334E+000
    0.398020000000E+005    0.221958369202E+000
    0.398520000000E+005    0.222149298570E+000
    0.399020000000E+005    0.222339371595E+000
    0.399520000000E+005    0.222528590444E+000
    0.400020000000E+005    0.222716957282E+000
    0.400520000000E+005    0.222904474281E+000
    0.401020000000E+005    0.223091143617E+000
    0.401520000000E+005    0.223276967468E+000
    0.402020000000E+005    0.223461948017E+000
    0.402520000000E+005    0.223646087447E+000
    0.403020000000E+005    0.223829387947E+000
    0.403520000000E+005    0.224011851708E+000
    0.404020000000E+005    0.224193480923E+000
    0.404520000000E+005    0.224374277788E+000
    0.405020000000E+005    0.224554244501E+000
    0.405520000000E+005    0.224733383263E+000
    0.406020000000E+005    0.224911696277E+000
    0.406520000000E+005    0.225089185748E+000
    0.407020000000E+005    0.225265853883E+000
    0.407520000000E+005    0.225441702890E+000
    0.408020000000E+005    0.225616734981E+000
    0.408520000000E+005    0.225790952366E+000
    0.409020000000E+005    0.225964357258E+000
    0.409520000000E+005    0.226136951872E+000
    0.410020000000E+005    0.226308738423E+000
    0.410520000000E+005    0.226479719128E+000
    0.411020000000E+005    0.226649896205E+000
    0.411520000000E+005    0.226819271870E+000
    0.412020000000E+005    0.226987848345E+000
    0.412520000000E+005    0.227155627846E+000
    0.413020000000E+005    0.227322612595E+000
    0.413520000000E+005    0.227488804810E+000
    0.414020000000E+005    0.227654206712E+000
    0.414520000000E+005    0.227818820521E+000
    0.415020000000E+005    0.227982648457E+000
    0.415520000000E+005    0.228145692741E+000
    0.416020000000E+005    0.228307955591E+000
    0.416520000000E+005    0.228469439227E+000
    0.417020000000E+005    0.228630145868E+000
    0.417520000000E+005    0.228790077731E+000
    0.418020000000E+005    0.228949237034E+000
    0.418520000000E+005    0.229107625993E+000
    0.419020000000E+005    0.229265246823E+000
    0.419520000000E+005    0.229422101739E+000
    0.420020000000E+005    0.229578192955E+000
    0.420520000000E+005    0.229733522683E+000
    0.421020000000E+005    0.229888093132E+000
    0.421520000000E+005    0.230041906513E+000
    0.422020000000E+005    0.230194965032E+000
    0.422520000000E+005    0.230347270895E+000
    0.423020000000E+005    0.230498826307E+000
    0.423520000000E+005    0.230649633470E+000
    0.424020000000E+005    0.230799694585E+000
    0.424520000000E+005    0.230949011850E+000
    0.425020000000E+005    0.231097587460E+000
    0.425520000000E+005    0.231245423610E+000
    0.426020000000E+005    0.231392522492E+000
    0.426520000000E+005    0.231538886294E+000
    0.427020000000E+005    0.231684517203E+000
    0.427520000000E+005    0.231829417403E+000
    0.428020000000E+005    0.231973589075E+000
    0.428520000000E+005    0.232117034399E+000
    0.429020000000E+005    0.232259755550E+000
    0.429520000000E+005    0.232401754700E+000
    0.430020000000E+005    0.232543034020E+000
    0.430520000000E+005    0.232683595676E+000
    0.431020000000E+005    0.232823441831E+000
    0.431520000000E+005    0.232962574645E+000
    0.432020000000E+005    0.233100996276E+000
    0.432520000000E+005    0.233238708877E+000
    0.433020000000E+005    0.233375714598E+000
    0.433520000000E+005    0.233512015584E+000
    0.434020000000E+005    0.233647613980E+000
    0.434520000000E+005    0.233782511923E+000
    0.435020000000E+005    0.233916711549E+000
    0.435520000000E+005    0.234050214988E+000
    0.436020000000E+005    0.234183024368E+000
    0.436520000000E+005    0.234315141812E+000
    0.437020000000E+005    0.234446569440E+000
    0.437520000000E+005    0.234577309367E+000
    0.438020000000E+005    0.234707363702E+000
    0.438520000000E+005    0.234836734553E+000
    0.439020000000E+005    0.234965424021E+000
    0.439520000000E+005    0.235093434205E+000
    0.440020000000E+005    0.235220767196E+000
    0.440520000000E+005    0.235347425083E+000
    0.441020000000E+005    0.235473409951E+000
    0.441520000000E+005    0.235598723879E+000
    0.442020000000E+005    0.235723368941E+000
    0.442520000000E+005    0.235847347207E+000
    0.443020000000E+005    0.235970660742E+000
    0.443520000000E+005    0.236093311604E+000
    0.444020000000E+005    0.236215301850E+000
    0.444520000000E+005    0.236336633528E+000
    0.445020000000E+005    0.236457308684E+000
    0.445520000000E+005    0.236577329357E+000
    0.446020000000E+005    0.236696697582E+000
    0.446520000000E+005    0.236815415387E+000
    0.447020000000E+005    0.236933484796E+000
    0.447520000000E+005    0.237050907827E+000
    0.448020000000E+005    0.237167686494E+000
    0.448520000000E+005    0.237283822803E+000
    0.449020000000E+005    0.237399318757E+000
    0.449520000000E+005    0.237514176352E+000
    0.450020000000E+005    0.237628397579E+000
    0.450520000000E+005    0.237741984423E+000
    0.451020000000E+005    0.237854938863E+000
    0.451520000000E+005    0.237967262872E+000
    0.452020000000E+005    0.238078958419E+000
    0.452520000000E+005    0.238190027465E+000
    0.453020000000E+005    0.238300471966E+000
    0.453520000000E+005    0.238410293873E+000
    0.454020000000E+005    0.238519495129E+000
    0.454520000000E+005    0.238628077674E+000
    0.455020000000E+005    0.238736043438E+000
    0.455520000000E+005    0.238843394347E+000
    0.456020000000E+005    0.238950132322E+000
    0.456520000000E+005    0.239056259276E+000
    0.457020000000E+005    0.239161777117E+000
    0.457520000000E+005    0.239266687745E+000
    0.458020000000E+005    0.239370993056E+000
    0.458520000000E+005    0.239474694937E+000
    0.459020000000E+005    0.239577795273E+000
    0.459520000000E+005    0.239680295937E+000
    0.460020000000E+005    0.239782198801E+000
    0.460520000000E+005    0.239883505725E+000
    0.461020000000E+005    0.239984218568E+000
    0.461520000000E+005    0.240084339179E+000
    0.462020000000E+005    0.240183869401E+000
    0.462520000000E+005    0.240282811071E+000
    0.463020000000E+005    0.240381166020E+000
    0.463520000000E+005    0.240478936072E+000
    0.464020000000E+005    0.240576123042E+000
    0.464520000000E+005    0.240672728742E+000
    0.465020000000E+005    0.240768754975E+000
    0.465520000000E+005    0.240864203538E+000
    0.466020000000E+005    0.240959076221E+000
    0.466520000000E+005    0.241053374807E+000
    0.467020000000E+005    0.241147101072E+000
    0.467520000000E+005    0.241240256788E+000
    0.468020000000E+005    0.241332843715E+000
    0.468520000000E+005    0.241424863611E+000
    0.469020000000E+005    0.241516318224E+000
    0.469520000000E+005    0.241607209297E+000
    0.470020000000E+005    0.241697538564E+000
    0.470520000000E+005    0.241787307753E+000
    0.471020000000E+005    0.241876518587E+000
    0.471520000000E+005    0.241965172779E+000
    0.472020000000E+005    0.242053272037E+000
    0.472520000000E+005    0.242140818061E+000
    0.473020000000E+005    0.242227812545E+000
    0.473520000000E+005    0.242314257173E+000
    0.474020000000E+005    0.242400153626E+000
    0.474520000000E+005    0.242485503576E+000
    0.475020000000E+005    0.242570308687E+000
    0.475520000000E+005    0.242654570617E+000
    0.476020000000E+005    0.242738291017E+000
    0.476520000000E+005    0.242821471531E+000
    0.477020000000E+005    0.242904113794E+000
    0.477520000000E+005    0.242986219437E+000
    0.478020000000E+005    0.243067790081E+000
    0.478520000000E+005    0.243148827341E+000
    0.479020000000E+005    0.243229332826E+000
    0.479520000000E+005    0.243309308134E+000
    0.480020000000E+005    0.243388754860E+000
    0.480520000000E+005    0.243467674591E+000
    0.481020000000E+005    0.243546068904E+000
    0.481520000000E+005    0.243623939372E+000
    0.482020000000E+005    0.243701287559E+000
    0.482520000000E+005    0.243778115022E+000
    0.483020000000E+005    0.243854423311E+000
    0.483520000000E+005    0.243930213969E+000
    0.484020000000E+005    0.244005488531E+000
    0.484520000000E+005    0.244080248526E+000
    0.485020000000E+005    0.244154495474E+000
    0.485520000000E+005    0.244228230890E+000
    0.486020000000E+005    0.244301456280E+000
    0.486520000000E+005    0.244374173142E+000
    0.487020000000E+005    0.244446382969E+000
    0.487520000000E+005    0.244518087246E+000
    0.488020000000E+005    0.244589287449E+000
    0.488520000000E+005    0.244659985049E+000
    0.489020000000E+005    0.244730181510E+000
    0.489520000000E+005    0.244799878285E+000
    0.490020000000E+005    0.244869076825E+000
    0.490520000000E+005    0.244937778569E+000
    0.491020000000E+005    0.245005984952E+000
    0.491520000000E+005    0.245073697399E+000
    0.492020000000E+005    0.245140917331E+000
    0.492520000000E+005    0.245207646160E+000
    0.493020000000E+005    0.245273885290E+000
    0.493520000000E+005    0.245339636119E+000
    0.494020000000E+005    0.245404900036E+000
    0.494520000000E+005    0.245469678426E+000
    0.495020000000E+005    0.245533972664E+000
    0.495520000000E+005    0.245597784119E+000
    0.496020000000E+005    0.245661114152E+000
    0.496520000000E+005    0.245723964116E+000
    0.497020000000E+005    0.245786335361E+000
    0.497520000000E+005    0.245848229224E+000
    0.498020000000E+005    0.245909647039E+000
    0.498520000000E+005    0.245970590131E+000
    0.499020000000E+005    0.246031059819E+000
    0.499520000000E+005    0.246091057413E+000
    0.500020000000E+005    0.246150584218E+000
    0.500520000000E+005    0.246209641529E+000
    0.501020000000E+005    0.246268230638E+000
    0.501520000000E+005    0.246326352827E+000
    0.502020000000E+005    0.246384009371E+000
    0.502520000000E+005    0.246441201538E+000
    0.503020000000E+005    0.246497930590E+000
    0.503520000000E+005    0.246554197780E+000
    0.504020000000E+005    0.246610004357E+000
    0.504520000000E+005    0.246665351560E+000
    0.505020000000E+005    0.246720240621E+000
    0.505520000000E+005    0.246774672768E+000
    0.506020000000E+005    0.246828649219E+000
    0.506520000000E+005    0.246882171187E+000
    0.507020000000E+005    0.246935239875E+000
    0.507520000000E+005    0.246987856483E+000
    0.508020000000E+005    0.247040022201E+000
    0.508520000000E+005    0.247091738213E+000
    0.509020000000E+005    0.247143005697E+000
    0.509520000000E+005    0.247193825822E+000
    0.510020000000E+005    0.247244199753E+000
    0.510520000000E+005    0.247294128646E+000
    0.511020000000E+005    0.247343613651E+000
    0.511520000000E+005    0.247392655909E+000
    0.512020000000E+005    0.247441256558E+000
    0.512520000000E+005    0.247489416727E+000
    0.513020000000E+005    0.247537137537E+000
    0.513520000000E+005    0.247584420104E+000
    0.514020000000E+005    0.247631265537E+000
    0.514520000000E+005    0.247677674939E+000
    0.515020000000E+005    0.247723649405E+000
    0.515520000000E+005    0.247769190022E+000
    0.516020000000E+005    0.247814297874E+000
    0.516520000000E+005    0.247858974036E+000
    0.517020000000E+005    0.247903219575E+000
    0.517520000000E+005    0.247947035554E+000
    0.518020000000E+005    0.247990423029E+000
    0.518520000000E+005    0.248033383048E+000
    0.519020000000E+005    0.248075916654E+000
    0.519520000000E+005    0.248118024882E+000
    0.520020000000E+005    0.248159708761E+000
    0.520520000000E+005    0.248200969315E+000
    0.521020000000E+005    0.248241807558E+000
    0.521520000000E+005    0.248282224501E+000
    0.522020000000E+005    0.248322221147E+000
    0.522520000000E+005    0.248361798493E+000
    0.523020000000E+005    0.248400957529E+000
    0.523520000000E+005    0.248439699239E+000
    0.524020000000E+005    0.248478024601E+000
    0.524520000000E+005    0.248515934587E+000
    0.525020000000E+005    0.248553430161E+000
    0.525520000000E+005    0.248590512281E+000
    0.526020000000E+005    0.248627181901E+000
    0.526520000000E+005    0.248663439967E+000
    0.527020000000E+005    0.248699287418E+000
    0.527520000000E+005    0.248734725189E+000
    0.528020000000E+005    0.248769754206E+000
    0.528520000000E+005    0.248804375393E+000
    0.529020000000E+005    0.248838589663E+000
    0.529520000000E+005    0.248872397926E+000
    0.530020000000E+005    0.248905801085E+000
    0.530520000000E+005    0.248938800038E+000
    0.531020000000E+005    0.248971395674E+000
    0.531520000000E+005    0.249003588881E+000
    0.532020000000E+005    0.249035380536E+000
    0.532520000000E+005    0.249066771512E+000
    0.533020000000E+005    0.249097762678E+000
    0.533520000000E+005    0.249128354893E+000
    0.534020000000E+005    0.249158549015E+000
    0.534520000000E+005    0.249188345891E+000
    0.535020000000E+005    0.249217746366E+000
    0.535520000000E+005    0.249246751278E+000
    0.536020000000E+005    0.249275361459E+000
    0.536520000000E+005    0.249303577736E+000
    0.537020000000E+005    0.249331400928E+000
    0.537520000000E+005    0.249358831852E+000
    0.538020000000E+005    0.249385871316E+000
    0.538520000000E+005    0.249412520124E+000
    0.539020000000E+005    0.249438779074E+000
    0.539520000000E+005    0.249464648958E+000
    0.540020000000E+005    0.249490130564E+000
    0.540520000000E+005    0.249515224673E+000
    0.541020000000E+005    0.249539932061E+000
    0.541520000000E+005    0.249564253497E+000
    0.542020000000E+005    0.249588189748E+000
    0.542520000000E+005    0.249611741572E+000
    0.543020000000E+005    0.249634909724E+000
    0.543520000000E+005    0.249657694951E+000
    0.544020000000E+005    0.249680097999E+000
    0.544520000000E+005    0.249702119603E+000
    0.545020000000E+005    0.249723760499E+000
    0.545520000000E+005    0.249745021412E+000
    0.546020000000E+005    0.249765903065E+000
    0.546520000000E+005    0.249786406176E+000
    0.547020000000E+005    0.249806531456E+000
    0.547520000000E+005    0.249826279611E+000
    0.548020000000E+005    0.249845651343E+000
    0.548520000000E+005    0.249864647350E+000
    0.549020000000E+005    0.249883268322E+000
    0.549520000000E+005    0.249901514945E+000
    0.550020000000E+005    0.249919387902E+000
    0.550520000000E+005    0.249936887868E+000
    0.551020000000E+005    0.249954015515E+000
    0.551520000000E+005    0.249970771510E+000
    0.552020000000E+005    0.249987156513E+000
    0.552520000000E+005    0.250003171183E+000
    0.553020000000E+005    0.250018816170E+000
    0.553520000000E+005    0.250034092123E+000
    0.554020000000E+005    0.250048999682E+000
    0.554520000000E+005    0.250063539487E+000
    0.555020000000E+005    0.250077712170E+000
    0.555520000000E+005    0.250091518358E+000
    0.556020000000E+005    0.250104958676E+000
    0.556520000000E+005    0.250118033743E+000
    0.557020000000E+005    0.250130744172E+000
    0.557520000000E+005    0.250143090574E+000
    0.558020000000E+005    0.250155073553E+000
    0.558520000000E+005    0.250166693711E+000
    0.559020000000E+005    0.250177951643E+000
    0.559520000000E+005    0.250188847941E+000
    0.560020000000E+005    0.250199383192E+000
    0.560520000000E+005    0.250209557980E+000
    0.561020000000E+005    0.250219372882E+000
    0.561520000000E+005    0.250228828473E+000
    0.562020000000E+005    0.250237925323E+000
    0.562520000000E+005    0.250246663998E+000
    0.563020000000E+005    0.250255045058E+000
    0.563520000000E+005    0.250263069061E+000
    0.564020000000E+005    0.250270736559E+000
    0.564520000000E+005    0.250278048102E+000
    0.565020000000E+005    0.250285004233E+000
    0.565520000000E+005    0.250291605494E+000
    0.566020000000E+005    0.250297852421E+000
    0.566520000000E+005    0.250303745546E+000
    0.567020000000E+005    0.250309285398E+000
    0.567520000000E+005    0.250314472500E+000
    0.568020000000E+005    0.250319307374E+000
    0.568520000000E+005    0.250323790535E+000
    0.569020000000E+005    0.250327922497E+000
    0.569520000000E+005    0.250331703767E+000
    0.570020000000E+005    0.250335134852E+000
    0.570520000000E+005    0.250338216251E+000
    0.571020000000E+005    0.250340948462E+000
    0.571520000000E+005    0.250343331979E+000
    0.572020000000E+005    0.250345367292E+000
    0.572520000000E+005    0.250347054886E+000
    0.573020000000E+005    0.250348395243E+000
    0.573520000000E+005    0.250349388844E+000
    0.574020000000E+005    0.250350036162E+000
    0.574520000000E+005    0.250350337669E+000
    0.575020000000E+005    0.250350293834E+000
    0.575520000000E+005    0.250349905121E+000
    0.576020000000E+005    0.250349171991E+000
    0.576520000000E+005    0.250348094902E+000
    0.577020000000E+005    0.250346674307E+000
    0.577520000000E+005    0.250344910658E+000
    0.578020000000E+005    0.250342804401E+000
    0.578520000000E+005    0.250340355981E+000
    0.579020000000E+005    0.250337565839E+000
    0.579520000000E+005    0.250334434412E+000
    0.580020000000E+005    0.250330962133E+000
    0.580520000000E+005    0.250327149435E+000
    0.581020000000E+005    0.250322996744E+000
    0.581520000000E+005    0.250318504486E+000
    0.582020000000E+005    0.250313673081E+000
    0.582520000000E+005    0.250308502948E+000
    0.583020000000E+005    0.250302994502E+000
    0.583520000000E+005    0.250297148156E+000
    0.584020000000E+005    0.250290964317E+000
    0.584520000000E+005    0.250284443394E+000
    0.585020000000E+005    0.250277585787E+000
    0.585520000000E+005    0.250270391899E+000
    0.586020000000E+005    0.250262862126E+000
    0.586520000000E+005    0.250254996862E+000
    0.587020000000E+005    0.250246796499E+000
    0.587520000000E+005    0.250238261426E+000
    0.588020000000E+005    0.250229392028E+000
    0.588520000000E+005    0.250220188690E+000
    0.589020000000E+005    0.250210651790E+000
    0.589520000000E+005    0.250200781707E+000
    0.590020000000E+005    0.250190578816E+000
    0.590520000000E+005    0.250180043489E+000
    0.591020000000E+005    0.250169176095E+000
    0.591520000000E+005    0.250157977002E+000
    0.592020000000E+005    0.250146446575E+000
    0.592520000000E+005    0.250134585175E+000
    0.593020000000E+005    0.250122393161E+000
    0.593520000000E+005    0.250109870891E+000
    0.594020000000E+005    0.250097018719E+000
    0.594520000000E+005    0.250083836996E+000
    0.595020000000E+005    0.250070326073E+000
    0.595520000000E+005    0.250056486297E+000
    0.596020000000E+005    0.250042318013E+000
    0.596520000000E+005    0.250027821562E+000
    0.597020000000E+005    0.250012997286E+000
    0.597520000000E+005    0.249997845521E+000
    0.598020000000E+005    0.249982366605E+000
    0.598520000000E+005    0.249966560870E+000
    0.599020000000E+005    0.249950428647E+000
    0.599520000000E+005    0.249933970265E+000
    0.600020000000E+005    0.249917186053E+000
    0.600520000000E+005    0.249900076333E+000
    0.601020000000E+005    0.249882641429E+000
    0.601520000000E+005    0.249864881662E+000
    0.602020000000E+005    0.249846797350E+000
    0.602520000000E+005    0.249828388809E+000
    0.603020000000E+005    0.249809656355E+000
    0.603520000000E+005    0.249790600300E+000
    0.604020000000E+005    0.249771220954E+000
    0.604520000000E+005    0.249751518627E+000
    0.605020000000E+005    0.249731493625E+000
    0.605520000000E+005    0.249711146254E+000
    0.606020000000E+005    0.249690476815E+000
    0.606520000000E+005    0.249669485612E+000
    0.607020000000E+005    0.249648172943E+000
    0.607520000000E+005    0.249626539107E+000
    0.608020000000E+005    0.249604584399E+000
    0.608520000000E+005    0.249582309114E+000
    0.609020000000E+005    0.249559713544E+000
    0.609520000000E+005    0.249536797982E+000
    0.610020000000E+005    0.249513562715E+000
    0.610520000000E+005    0.249490008032E+000
    0.611020000000E+005    0.249466134219E+000
    0.611520000000E+005    0.249441941562E+000
    0.612020000000E+005    0.249417430342E+000
    0.612520000000E+005    0.249392600842E+000
    0.613020000000E+005    0.249367453341E+000
    0.613520000000E+005    0.249341988119E+000
    0.614020000000E+005    0.249316205453E+000
    0.614520000000E+005    0.249290105619E+000
    0.615020000000E+005    0.249263688891E+000
    0.615520000000E+005    0.249236955542E+000
    0.616020000000E+005    0.249209905843E+000
    0.616520000000E+005    0.249182540066E+000
    0.617020000000E+005    0.249154858480E+000
    0.617520000000E+005    0.249126861352E+000
    0.618020000000E+005    0.249098548949E+000
    0.618520000000E+005    0.249069921537E+000
    0.619020000000E+005    0.249040979379E+000
    0.619520000000E+005    0.249011722739E+000
    0.620020000000E+005    0.248982151878E+000
    0.620520000000E+005    0.248952267058E+000
    0.621020000000E+005    0.248922068537E+000
    0.621520000000E+005    0.248891556575E+000
    0.622020000000E+005    0.248860731429E+000
    0.622520000000E+005    0.248829593355E+000
    0.623020000000E+005    0.248798142609E+000
    0.623520000000E+005    0.248766379445E+000
    0.624020000000E+005    0.248734304117E+000
    0.624520000000E+005    0.248701916877E+000
    0.625020000000E+005    0.248669217977E+000
    0.625520000000E+005    0.248636207668E+000
    0.626020000000E+005    0.248602886198E+000
    0.626520000000E+005    0.248569253818E+000
    0.627020000000E+005    0.248535310775E+000
    0.627520000000E+005    0.248501057317E+000
    0.628020000000E+005    0.248466493689E+000
    0.628520000000E+005    0.248431620138E+000
    0.629020000000E+005    0.248396436909E+000
    0.629520000000E+005    0.248360944245E+000
    0.630020000000E+005    0.248325142391E+000
    0.630520000000E+005    0.248289031588E+000
    0.631020000000E+005    0.248252612080E+000
    0.631520000000E+005    0.248215884107E+000
    0.632020000000E+005    0.248178847910E+000
    0.632520000000E+005    0.248141503730E+000
    0.633020000000E+005    0.248103851806E+000
    0.633520000000E+005    0.248065892378E+000
    0.634020000000E+005    0.248027625683E+000
    0.634520000000E+005    0.247989051960E+000
    0.635020000000E+005    0.247950171446E+000
    0.635520000000E+005    0.247910984378E+000
    0.636020000000E+005    0.247871490992E+000
    0.636520000000E+005    0.247831691525E+000
    0.637020000000E+005    0.247791586213E+000
    0.637520000000E+005    0.247751175290E+000
    0.638020000000E+005    0.247710458991E+000
    0.638520000000E+005    0.247669437550E+000
    0.639020000000E+005    0.247628111203E+000
    0.639520000000E+005    0.247586480182E+000
    0.640020000000E+005    0.247544544720E+000
    0.640520000000E+005    0.247502305052E+000
    0.641020000000E+005    0.247459761409E+000
    0.641520000000E+005    0.247416914025E+000
    0.642020000000E+005    0.247373763131E+000
    0.642520000000E+005    0.247330308961E+000
    0.643020000000E+005    0.247286551745E+000
    0.643520000000E+005    0.247242491715E+000
    0.644020000000E+005    0.247198129104E+000
    0.644520000000E+005    0.247153464141E+000
    0.645020000000E+005    0.247108497060E+000
    0.645520000000E+005    0.247063228090E+000
    0.646020000000E+005    0.247017657462E+000
    0.646520000000E+005    0.246971785409E+000
    0.647020000000E+005    0.246925612160E+000
    0.647520000000E+005    0.246879137946E+000
    0.648020000000E+005    0.246832362999E+000
    0.648520000000E+005    0.246785287549E+000
    0.649020000000E+005    0.246737911826E+000
    0.649520000000E+005    0.246690236062E+000
    0.650020000000E+005    0.246642260488E+000
    0.650520000000E+005    0.246593985334E+000
    0.651020000000E+005    0.246545410831E+000
    0.651520000000E+005    0.246496537211E+000
    0.652020000000E+005    0.246447364704E+000
    0.652520000000E+005    0.246397893542E+000
    0.653020000000E+005    0.246348123956E+000
    0.653520000000E+005    0.246298056178E+000
    0.654020000000E+005    0.246247690440E+000
    0.654520000000E+005    0.246197026973E+000
    0.655020000000E+005    0.246146066010E+000
    0.655520000000E+005    0.246094807782E+000
    0.656020000000E+005    0.246043252523E+000
    0.656520000000E+005    0.245991400465E+000
    0.657020000000E+005    0.245939251842E+000
    0.657520000000E+005    0.245886806885E+000
    0.658020000000E+005    0.245834065830E+000
    0.658520000000E+005    0.245781028911E+000
    0.659020000000E+005    0.245727696360E+000
    0.659520000000E+005    0.245674068413E+000
    0.660020000000E+005    0.245620145305E+000
    0.660520000000E+005    0.245565927271E+000
    0.661020000000E+005    0.245511414546E+000
    0.661520000000E+005    0.245456607368E+000
    0.662020000000E+005    0.245401505971E+000
    0.662520000000E+005    0.245346110593E+000
    0.663020000000E+005    0.245290421472E+000
    0.663520000000E+005    0.245234438844E+000
    0.664020000000E+005    0.245178162949E+000
    0.664520000000E+005    0.245121594024E+000
    0.665020000000E+005    0.245064732310E+000
    0.665520000000E+005    0.245007578044E+000
    0.666020000000E+005    0.244950131469E+000
    0.666520000000E+005    0.244892392824E+000
    0.667020000000E+005    0.244834362350E+000
    0.667520000000E+005    0.244776040290E+000
    0.668020000000E+005    0.244717426886E+000
    0.668520000000E+005    0.244658522380E+000
    0.669020000000E+005    0.244599327016E+000
    0.669520000000E+005    0.244539841038E+000
    0.670020000000E+005    0.244480064691E+000
    0.670520000000E+005    0.244419998220E+000
    0.671020000000E+005    0.244359641872E+000
    0.671520000000E+005    0.244298995892E+000
    0.672020000000E+005    0.244238060528E+000
    0.672520000000E+005    0.244176836028E+000
    0.673020000000E+005    0.244115322640E+000
    0.673520000000E+005    0.244053520615E+000
    0.674020000000E+005    0.243991430201E+000
    0.674520000000E+005    0.243929051650E+000
    0.675020000000E+005    0.243866385214E+000
    0.675520000000E+005    0.243803431143E+000
    0.676020000000E+005    0.243740189692E+000
    0.676520000000E+005    0.243676661114E+000
    0.677020000000E+005    0.243612845664E+000
    0.677520000000E+005    0.243548743596E+000
    0.678020000000E+005    0.243484355168E+000
    0.678520000000E+005    0.243419680635E+000
    0.679020000000E+005    0.243354720256E+000
    0.679520000000E+005    0.243289474289E+000
    0.680020000000E+005    0.243223942994E+000
    0.680520000000E+005    0.243158126630E+000
    0.681020000000E+005    0.243092025459E+000
    0.681520000000E+005    0.243025639743E+000
    0.682020000000E+005    0.242958969744E+000
    0.682520000000E+005    0.242892015727E+000
    0.683020000000E+005    0.242824777955E+000
    0.683520000000E+005    0.242757256695E+000
    0.684020000000E+005    0.242689452213E+000
    0.684520000000E+005    0.242621364776E+000
    0.685020000000E+005    0.242552994652E+000
    0.685520000000E+005    0.242484342111E+000
    0.686020000000E+005    0.242415407422E+000
    0.686520000000E+005    0.242346190858E+000
    0.687020000000E+005    0.242276692689E+000
    0.687520000000E+005    0.242206913190E+000
    0.688020000000E+005    0.242136852634E+000
    0.688520000000E+005    0.242066511296E+000
    0.689020000000E+005    0.241995889452E+000
    0.689520000000E+005    0.241924987380E+000
    0.690020000000E+005    0.241853805357E+000
    0.690520000000E+005    0.241782343663E+000
    0.691020000000E+005    0.241710602577E+000
    0.691520000000E+005    0.241638582382E+000
    0.692020000000E+005    0.241566283358E+000
    0.692520000000E+005    0.241493705790E+000
    0.693020000000E+005    0.241420849962E+000
    0.693520000000E+005    0.241347716159E+000
    0.694020000000E+005    0.241274304667E+000
    0.694520000000E+005    0.241200615775E+000
    0.695020000000E+005    0.241126649771E+000
    0.695520000000E+005    0.241052406945E+000
    0.696020000000E+005    0.240977887588E+000
    0.696520000000E+005    0.240903091992E+000
    0.697020000000E+005    0.240828020450E+000
    0.697520000000E+005    0.240752673255E+000
    0.698020000000E+005    0.240677050705E+000
    0.698520000000E+005    0.240601153095E+000
    0.699020000000E+005    0.240524980723E+000
    0.699520000000E+005    0.240448533887E+000
    0.700020000000E+005    0.240371812889E+000
    0.700520000000E+005    0.240294818028E+000
    0.701020000000E+005    0.240217549609E+000
    0.701520000000E+005    0.240140007933E+000
    0.702020000000E+005    0.240062193305E+000
    0.702520000000E+005    0.239984106033E+000
    0.703020000000E+005    0.239905746422E+000
    0.703520000000E+005    0.239827114781E+000
    0.704020000000E+005    0.239748211420E+000
    0.704520000000E+005    0.239669036650E+000
    0.705020000000E+005    0.239589590782E+000
    0.705520000000E+005    0.239509874129E+000
    0.706020000000E+005    0.239429887007E+000
    0.706520000000E+005    0.239349629730E+000
    0.707020000000E+005    0.239269102616E+000
    0.707520000000E+005    0.239188305982E+000
    0.708020000000E+005    0.239107240149E+000
    0.708520000000E+005    0.239025905436E+000
    0.709020000000E+005    0.238944302166E+000
    0.709520000000E+005    0.238862430662E+000
    0.710020000000E+005    0.238780291248E+000
    0.710520000000E+005    0.238697884250E+000
    0.711020000000E+005    0.238615209995E+000
    0.711520000000E+005    0.238532268812E+000
    0.712020000000E+005    0.238449061029E+000
    0.712520000000E+005    0.238365586978E+000
    0.713020000000E+005    0.238281846990E+000
    0.713520000000E+005    0.238197841400E+000
    0.714020000000E+005    0.238113570542E+000
    0.714520000000E+005    0.238029034752E+000
    0.715020000000E+005    0.237944234367E+000
    0.715520000000E+005    0.237859169726E+000
    0.716020000000E+005    0.237773841168E+000
    0.716520000000E+005    0.237688249036E+000
    0.717020000000E+005    0.237602393672E+000
    0.717520000000E+005    0.237516275420E+000
    0.718020000000E+005    0.237429894624E+000
    0.718520000000E+005    0.237343251632E+000
    0.719020000000E+005    0.237256346792E+000
    0.719520000000E+005    0.237169180452E+000
    0.720020000000E+005    0.237081752963E+000
    0.720520000000E+005    0.236994064678E+000
    0.721020000000E+005    0.236906115949E+000
    0.721520000000E+005    0.236817907131E+000
    0.722020000000E+005    0.236729438580E+000
    0.722520000000E+005    0.236640710654E+000
    0.723020000000E+005    0.236551723711E+000
    0.723520000000E+005    0.236462478111E+000
    0.724020000000E+005    0.236372974215E+000
    0.724520000000E+005    0.236283212387E+000
    0.725020000000E+005    0.236193192989E+000
    0.725520000000E+005    0.236102916389E+000
    0.726020000000E+005    0.236012382952E+000
    0.726520000000E+005    0.235921593047E+000
    0.727020000000E+005    0.235830547044E+000
    0.727520000000E+005    0.235739245312E+000
    0.728020000000E+005    0.235647688226E+000
    0.728520000000E+005    0.235555876157E+000
    0.729020000000E+005    0.235463809482E+000
    0.729520000000E+005    0.235371488577E+000
    0.730020000000E+005    0.235278913820E+000
    0.730520000000E+005    0.235186085589E+000
    0.731020000000E+005    0.235093004265E+000
    0.731520000000E+005    0.234999670231E+000
    0.732020000000E+005    0.234906083869E+000
    0.732520000000E+005    0.234812245565E+000
    0.733020000000E+005    0.234718155704E+000
    0.733520000000E+005    0.234623814674E+000
    0.734020000000E+005    0.234529222864E+000
    0.734520000000E+005    0.234434380664E+000
    0.735020000000E+005    0.234339288466E+000
    0.735520000000E+005    0.234243946662E+000
    0.736020000000E+005    0.234148355647E+000
    0.736520000000E+005    0.234052515817E+000
    0.737020000000E+005    0.233956427568E+000
    0.737520000000E+005    0.233860091301E+000
    0.738020000000E+005    0.233763507414E+000
    0.738520000000E+005    0.233666676308E+000
    0.739020000000E+005    0.233569598387E+000
    0.739520000000E+005    0.233472274055E+000
    0.740020000000E+005    0.233374703717E+000
    0.740520000000E+005    0.233276887780E+000
    0.741020000000E+005    0.233178826652E+000
    0.741520000000E+005    0.233080520743E+000
    0.742020000000E+005    0.232981970464E+000
    0.742520000000E+005    0.232883176227E+000
    0.743020000000E+005    0.232784138446E+000
    0.743520000000E+005    0.232684857536E+000
    0.744020000000E+005    0.232585333915E+000
    0.744520000000E+005    0.232485567999E+000
    0.745020000000E+005    0.232385560208E+000
    0.745520000000E+005    0.232285310963E+000
    0.746020000000E+005    0.232184820685E+000
    0.746520000000E+005    0.232084089799E+000
    0.747020000000E+005    0.231983118729E+000
    0.747520000000E+005    0.231881907902E+000
    0.748020000000E+005    0.231780457744E+000
    0.748520000000E+005    0.231678768685E+000
    0.749020000000E+005    0.231576841155E+000
    0.749520000000E+005    0.231474675587E+000
    0.750020000000E+005    0.231372272412E+000
    0.750520000000E+005    0.231269632065E+000
    0.751020000000E+005    0.231166754983E+000
    0.751520000000E+005    0.231063641601E+000
    0.752020000000E+005    0.230960292360E+000
    0.752520000000E+005    0.230856707698E+000
    0.753020000000E+005    0.230752888057E+000
    0.753520000000E+005    0.230648833880E+000
    0.754020000000E+005    0.230544545610E+000
    0.754520000000E+005    0.230440023693E+000
    0.755020000000E+005    0.230335268575E+000
    0.755520000000E+005    0.230230280704E+000
    0.756020000000E+005    0.230125060530E+000
    0.756520000000E+005    0.230019608504E+000
    0.757020000000E+005    0.229913925077E+000
    0.757520000000E+005    0.229808010702E+000
    0.758020000000E+005    0.229701865835E+000
    0.758520000000E+005    0.229595490932E+000
    0.759020000000E+005    0.229488886449E+000
    0.759520000000E+005    0.229382052846E+000
    0.760020000000E+005    0.229274990583E+000
    0.760520000000E+005    0.229167700120E+000
    0.761020000000E+005    0.229060181921E+000
    0.761520000000E+005    0.228952436450E+000
    0.762020000000E+005    0.228844464171E+000
    0.762520000000E+005    0.228736265552E+000
    0.763020000000E+005    0.228627841060E+000
    0.763520000000E+005    0.228519191165E+000
    0.764020000000E+005    0.228410316337E+000
    0.764520000000E+005    0.228301217048E+000
    0.765020000000E+005    0.228191893771E+000
    0.765520000000E+005    0.228082346980E+000
    0.766020000000E+005    0.227972577152E+000
    0.766520000000E+005    0.227862584763E+000
    0.767020000000E+005    0.227752370292E+000
    0.767520000000E+005    0.227641934218E+000
    0.768020000000E+005    0.227531277021E+000
    0.768520000000E+005    0.227420399185E+000
    0.769020000000E+005    0.227309301193E+000
    0.769520000000E+005    0.227197983528E+000
    0.770020000000E+005    0.227086446678E+000
    0.770520000000E+005    0.226974691128E+000
    0.771020000000E+005    0.226862717369E+000
    0.771520000000E+005    0.226750525889E+000
    0.772020000000E+005    0.226638117179E+000
    0.772520000000E+005    0.226525491732E+000
    0.773020000000E+005    0.226412650041E+000
    0.773520000000E+005    0.226299592600E+000
    0.774020000000E+005    0.226186319906E+000
    0.774520000000E+005    0.226072832456E+000
    0.775020000000E+005    0.225959130747E+000
    0.775520000000E+005    0.225845215281E+000
    0.776020000000E+005    0.225731086556E+000
    0.776520000000E+005    0.225616745077E+000
    0.777020000000E+005    0.225502191344E+000
    0.777520000000E+005    0.225387425864E+000
    0.778020000000E+005    0.225272449142E+000
    0.778520000000E+005    0.225157261684E+000
    0.779020000000E+005    0.225041863999E+000
    0.779520000000E+005    0.224926256595E+000
    0.780020000000E+005    0.224810439984E+000
    0.780520000000E+005    0.224694414676E+000
    0.781020000000E+005    0.224578181185E+000
    0.781520000000E+005    0.224461740024E+000
    0.782020000000E+005    0.224345091709E+000
    0.782520000000E+005    0.224228236755E+000
    0.783020000000E+005    0.224111175680E+000
    0.783520000000E+005    0.223993909003E+000
    0.784020000000E+005    0.223876437244E+000
    0.784520000000E+005    0.223758760922E+000
    0.785020000000E+005    0.223640880560E+000
    0.785520000000E+005    0.223522796682E+000
    0.786020000000E+005    0.223404509811E+000
    0.786520000000E+005    0.223286020473E+000
    0.787020000000E+005    0.223167329194E+000
    0.787520000000E+005    0.223048436501E+000
    0.788020000000E+005    0.222929342925E+000
    0.788520000000E+005    0.222810048993E+000
    0.789020000000E+005    0.222690555238E+000
    0.789520000000E+005    0.222570862191E+000
    0.790020000000E+005    0.222450970385E+000
    0.790520000000E+005    0.222330880354E+000
    0.791020000000E+005    0.222210592634E+000
    0.791520000000E+005    0.222090107761E+000
    0.792020000000E+005    0.221969426272E+000
    0.792520000000E+005    0.221848548706E+000
    0.793020000000E+005    0.221727475601E+000
    0.793520000000E+005    0.221606207500E+000
    0.794020000000E+005    0.221484744943E+000
    0.794520000000E+005    0.221363088472E+000
    0.795020000000E+005    0.221241238632E+000
    0.795520000000E+005    0.221119195967E+000
    0.796020000000E+005    0.220996961023E+000
    0.796520000000E+005    0.220874534346E+000
    0.797020000000E+005    0.220751916485E+000
    0.797520000000E+005    0.220629107987E+000
    0.798020000000E+005    0.220506109404E+000
    0.798520000000E+005    0.220382921285E+000
    0.799020000000E+005    0.220259544181E+000
    0.799520000000E+005    0.220135978647E+000
    0.800020000000E+005    0.220012225236E+000
    0.800520000000E+005    0.219888284501E+000
    0.801020000000E+005    0.219764156999E+000
    0.801520000000E+005    0.219639843287E+000
    0.802020000000E+005    0.219515343921E+000
    0.802520000000E+005    0.219390659461E+000
    0.803020000000E+005    0.219265790466E+000
    0.803520000000E+005    0.219140737495E+000
    0.804020000000E+005    0.219015501112E+000
    0.804520000000E+005    0.218890081876E+000
    0.805020000000E+005    0.218764480353E+000
    0.805520000000E+005    0.218638697105E+000
    0.806020000000E+005    0.218512732698E+000
    0.806520000000E+005    0.218386587698E+000
    0.807020000000E+005    0.218260262671E+000
    0.807520000000E+005    0.218133758185E+000
    0.808020000000E+005    0.218007074808E+000
    0.808520000000E+005    0.217880213111E+000
    0.809020000000E+005    0.217753173662E+000
    0.809520000000E+005    0.217625957034E+000
    0.810020000000E+005    0.217498563798E+000
    0.810520000000E+005    0.217370994527E+000
    0.811020000000E+005    0.217243249795E+000
    0.811520000000E+005    0.217115330176E+000
    0.812020000000E+005    0.216987236246E+000
    0.812520000000E+005    0.216858968581E+000
    0.813020000000E+005    0.216730527757E+000
    0.813520000000E+005    0.216601914353E+000
    0.814020000000E+005    0.216473128948E+000
    0.814520000000E+005    0.216344172120E+000
    0.815020000000E+005    0.216215044450E+000
    0.815520000000E+005    0.216085746519E+000
    0.816020000000E+005    0.215956278909E+000
    0.816520000000E+005    0.215826642202E+000
    0.817020000000E+005    0.215696836982E+000
    0.817520000000E+005    0.215566863833E+000
    0.818020000000E+005    0.215436723339E+000
    0.818520000000E+005    0.215306416086E+000
    0.819020000000E+005    0.215175942661E+000
    0.819520000000E+005    0.215045303651E+000
    0.820020000000E+005    0.214914499643E+000
    0.820520000000E+005    0.214783531226E+000
    0.821020000000E+005    0.214652398989E+000
    0.821520000000E+005    0.214521103522E+000
    0.822020000000E+005    0.214389645417E+000
    0.822520000000E+005    0.214258025263E+000
    0.823020000000E+005    0.214126243654E+000
    0.823520000000E+005    0.213994301182E+000
    0.824020000000E+005    0.213862198441E+000
    0.824520000000E+005    0.213729936024E+000
    0.825020000000E+005    0.213597514526E+000
    0.825520000000E+005    0.213464934543E+000
    0.826020000000E+005    0.213332196671E+000
    0.826520000000E+005    0.213199301506E+000
    0.827020000000E+005    0.213066249647E+000
    0.827520000000E+005    0.212933041690E+000
    0.828020000000E+005    0.212799678234E+000
    0.828520000000E+005    0.212666159880E+000
    0.829020000000E+005    0.212532487225E+000
    0.829520000000E+005    0.212398660872E+000
    0.830020000000E+005    0.212264681420E+000
    0.830520000000E+005    0.212130549473E+000
    0.831020000000E+005    0.211996265630E+000
    0.831520000000E+005    0.211861830497E+000
    0.832020000000E+005    0.211727244675E+000
    0.832520000000E+005    0.211592508769E+000
    0.833020000000E+005    0.211457623383E+000
    0.833520000000E+005    0.211322589123E+000
    0.834020000000E+005    0.211187406593E+000
    0.834520000000E+005    0.211052076401E+000
    0.835020000000E+005    0.210916599151E+000
    0.835520000000E+005    0.210780975453E+000
    0.836020000000E+005    0.210645205913E+000
    0.836520000000E+005    0.210509291139E+000
    0.837020000000E+005    0.210373231740E+000
    0.837520000000E+005    0.210237028326E+000
    0.838020000000E+005    0.210100681506E+000
    0.838520000000E+005    0.209964191889E+000
    0.839020000000E+005    0.209827560088E+000
    0.839520000000E+005    0.209690786712E+000
    0.840020000000E+005    0.209553872373E+000
    0.840520000000E+005    0.209416817684E+000
    0.841020000000E+005    0.209279623256E+000
    0.841520000000E+005    0.209142289703E+000
    0.842020000000E+005    0.209004817637E+000
    0.842520000000E+005    0.208867207673E+000
    0.843020000000E+005    0.208729460425E+000
    0.843520000000E+005    0.208591576507E+000
    0.844020000000E+005    0.208453556534E+000
    0.844520000000E+005    0.208315401121E+000
    0.845020000000E+005    0.208177110885E+000
    0.845520000000E+005    0.208038686441E+000
    0.846020000000E+005    0.207900128406E+000
    0.846520000000E+005    0.207761437396E+000
    0.847020000000E+005    0.207622614030E+000
    0.847520000000E+005    0.207483658924E+000
    0.848020000000E+005    0.207344572696E+000
    0.848520000000E+005    0.207205355965E+000
    0.849020000000E+005    0.207066009349E+000
    0.849520000000E+005    0.206926533468E+000
    0.850020000000E+005    0.206786928940E+000
    0.850520000000E+005    0.206647196385E+000
    0.851020000000E+005    0.206507336422E+000
    0.851520000000E+005    0.206367349673E+000
    0.852020000000E+005    0.206227236758E+000
    0.852520000000E+005    0.206086998296E+000
    0.853020000000E+005    0.205946634910E+000
    0.853520000000E+005    0.205806147221E+000
    0.854020000000E+005    0.205665535849E+000
    0.854520000000E+005    0.205524801418E+000
    0.855020000000E+005    0.205383944549E+000
    0.855520000000E+005    0.205242965863E+000
    0.856020000000E+005    0.205101865985E+000
    0.856520000000E+005    0.204960645536E+000
    0.857020000000E+005    0.204819305140E+000
    0.857520000000E+005    0.204677845420E+000
    0.858020000000E+005    0.204536266999E+000
    0.858520000000E+005    0.204394570501E+000
    0.859020000000E+005    0.204252756550E+000
    0.859520000000E+005    0.204110825769E+000
    0.860020000000E+005    0.203968778784E+000
    0.860520000000E+005    0.203826616217E+000
    0.861020000000E+005    0.203684338695E+000
    0.861520000000E+005    0.203541946840E+000
    0.862020000000E+005    0.203399441279E+000
    0.862520000000E+005    0.203256822637E+000
    0.863020000000E+005    0.203114091538E+000
    0.863520000000E+005    0.202971248607E+000
    0.864020000000E+005    0.202828294470E+000
    0.864520000000E+005    0.202685229753E+000
    0.865020000000E+005    0.202542055082E+000
    0.865520000000E+005    0.202398771081E+000
    0.866020000000E+005    0.202255378376E+000
    0.866520000000E+005    0.202111877595E+000
    0.867020000000E+005    0.201968269361E+000
    0.867520000000E+005    0.201824554303E+000
    0.868020000000E+005    0.201680733045E+000
    0.868520000000E+005    0.201536806214E+000
    0.869020000000E+005    0.201392774437E+000
    0.869520000000E+005    0.201248638339E+000
    0.870020000000E+005    0.201104398547E+000
    0.870520000000E+005    0.200960055687E+000
    0.871020000000E+005    0.200815610386E+000
    0.871520000000E+005    0.200671063269E+000
    0.872020000000E+005    0.200526414965E+000
    0.872520000000E+005    0.200381666098E+000
    0.873020000000E+005    0.200236817296E+000
    0.873520000000E+005    0.200091869185E+000
    0.874020000000E+005    0.199946822391E+000
    0.874520000000E+005    0.199801677541E+000
    0.875020000000E+005    0.199656435262E+000
    0.875520000000E+005    0.199511096178E+000
    0.876020000000E+005    0.199365660918E+000
    0.876520000000E+005    0.199220130107E+000
    0.877020000000E+005    0.199074504371E+000
    0.877520000000E+005    0.198928784337E+000
    0.878020000000E+005    0.198782970631E+000
    0.878520000000E+005    0.198637063878E+000
    0.879020000000E+005    0.198491064705E+000
    0.879520000000E+005    0.198344973738E+000
    0.880020000000E+005    0.198198791601E+000
    0.880520000000E+005    0.198052518922E+000
    0.881020000000E+005    0.197906156326E+000
    0.881520000000E+005    0.197759704437E+000
    0.882020000000E+005    0.197613163882E+000
    0.882520000000E+005    0.197466535286E+000
    0.883020000000E+005    0.197319819273E+000
    0.883520000000E+005    0.197173016469E+000
    0.884020000000E+005    0.197026127498E+000
    0.884520000000E+005    0.196879152985E+000
    0.885020000000E+005    0.196732093555E+000
    0.885520000000E+005    0.196584949832E+000
    0.886020000000E+005    0.196437722440E+000
    0.886520000000E+005    0.196290412003E+000
    0.887020000000E+005    0.196143019145E+000
    0.887520000000E+005    0.195995544489E+000
    0.888020000000E+005    0.195847988659E+000
    0.888520000000E+005    0.195700352278E+000
    0.889020000000E+005    0.195552635969E+000
    0.889520000000E+005    0.195404840355E+000
    0.890020000000E+005    0.195256966059E+000
    0.890520000000E+005    0.195109013702E+000
    0.891020000000E+005    0.194960983906E+000
    0.891520000000E+005    0.194812877295E+000
    0.892020000000E+005    0.194664694488E+000
    0.892520000000E+005    0.194516436108E+000
    0.893020000000E+005    0.194368102776E+000
    0.893520000000E+005    0.194219695112E+000
    0.894020000000E+005    0.194071213737E+000
    0.894520000000E+005    0.193922659272E+000
    0.895020000000E+005    0.193774032335E+000
    0.895520000000E+005    0.193625333548E+000
    0.896020000000E+005    0.193476563528E+000
    0.896520000000E+005    0.193327722896E+000
    0.897020000000E+005    0.193178812270E+000
    0.897520000000E+005    0.193029832269E+000
    0.898020000000E+005    0.192880783510E+000
    0.898520000000E+005    0.192731666611E+000
    0.899020000000E+005    0.192582482191E+000
    0.899520000000E+005    0.192433230865E+000
    0.900020000000E+005    0.192283913251E+000
    0.900520000000E+005    0.192134529965E+000
    0.901020000000E+005    0.191985081623E+000
    0.901520000000E+005    0.191835568842E+000
    0.902020000000E+005    0.191685992235E+000
    0.902520000000E+005    0.191536352418E+000
    0.903020000000E+005    0.191386650006E+000
    0.903520000000E+005    0.191236885613E+000
    0.904020000000E+005    0.191087059852E+000
    0.904520000000E+005    0.190937173337E+000
    0.905020000000E+005    0.190787226681E+000
    0.905520000000E+005    0.190637220496E+000
    0.906020000000E+005    0.190487155395E+000
    0.906520000000E+005    0.190337031988E+000
    0.907020000000E+005    0.190186850888E+000
    0.907520000000E+005    0.190036612705E+000
    0.908020000000E+005    0.189886318049E+000
    0.908520000000E+005    0.189735967531E+000
    0.909020000000E+005    0.189585561760E+000
    0.909520000000E+005    0.189435101344E+000
    0.910020000000E+005    0.189284586892E+000
    0.910520000000E+005    0.189134019013E+000
    0.911020000000E+005    0.188983398314E+000
    0.911520000000E+005    0.188832725402E+000
    0.912020000000E+005    0.188682000883E+000
    0.912520000000E+005    0.188531225364E+000
    0.913020000000E+005    0.188380399451E+000
    0.913520000000E+005    0.188229523747E+000
    0.914020000000E+005    0.188078598859E+000
    0.914520000000E+005    0.187927625389E+000
    0.915020000000E+005    0.187776603942E+000
    0.915520000000E+005    0.187625535120E+000
    0.916020000000E+005    0.187474419526E+000
    0.916520000000E+005    0.187323257762E+000
    0.917020000000E+005    0.187172050428E+000
    0.917520000000E+005    0.187020798127E+000
    0.918020000000E+005    0.186869501458E+000
    0.918520000000E+005    0.186718161021E+000
    0.919020000000E+005    0.186566777415E+000
    0.919520000000E+005    0.186415351238E+000
    0.920020000000E+005    0.186263883089E+000
    0.920520000000E+005    0.186112373564E+000
    0.921020000000E+005    0.185960823261E+000
    0.921520000000E+005    0.185809232776E+000
    0.922020000000E+005    0.185657602704E+000
    0.922520000000E+005    0.185505933641E+000
    0.923020000000E+005    0.185354226180E+000
    0.923520000000E+005    0.185202480916E+000
    0.924020000000E+005    0.185050698441E+000
    0.924520000000E+005    0.184898879348E+000
    0.925020000000E+005    0.184747024229E+000
    0.925520000000E+005    0.184595133675E+000
    0.926020000000E+005    0.184443208277E+000
    0.926520000000E+005    0.184291248624E+000
    0.927020000000E+005    0.184139255307E+000
    0.927520000000E+005    0.183987228912E+000
    0.928020000000E+005    0.183835170029E+000
    0.928520000000E+005    0.183683079245E+000
    0.929020000000E+005    0.183530957145E+000
    0.929520000000E+005    0.183378804317E+000
    0.930020000000E+005    0.183226621346E+000
    0.930520000000E+005    0.183074408815E+000
    0.931020000000E+005    0.182922167308E+000
    0.931520000000E+005    0.182769897410E+000
    0.932020000000E+005    0.182617599702E+000
    0.932520000000E+005    0.182465274766E+000
    0.933020000000E+005    0.182312923183E+000
    0.933520000000E+005    0.182160545533E+000
    0.934020000000E+005    0.182008142396E+000
    0.934520000000E+005    0.181855714351E+000
    0.935020000000E+005    0.181703261976E+000
    0.935520000000E+005    0.181550785848E+000
    0.936020000000E+005    0.181398286543E+000
    0.936520000000E+005    0.181245764638E+000
    0.937020000000E+005    0.181093220708E+000
    0.937520000000E+005    0.180940655326E+000
    0.938020000000E+005    0.180788069068E+000
    0.938520000000E+005    0.180635462505E+000
    0.939020000000E+005    0.180482836209E+000
    0.939520000000E+005    0.180330190752E+000
    0.940020000000E+005    0.180177526704E+000
    0.940520000000E+005    0.180024844635E+000
    0.941020000000E+005    0.179872145114E+000
    0.941520000000E+005    0.179719428709E+000
    0.942020000000E+005    0.179566695987E+000
    0.942520000000E+005    0.179413947515E+000
    0.943020000000E+005    0.179261183858E+000
    0.943520000000E+005    0.179108405582E+000
    0.944020000000E+005    0.178955613249E+000
    0.944520000000E+005    0.178802807425E+000
    0.945020000000E+005    0.178649988670E+000
    0.945520000000E+005    0.178497157547E+000
    0.946020000000E+005    0.178344314616E+000
    0.946520000000E+005    0.178191460438E+000
    0.947020000000E+005    0.178038595570E+000
    0.947520000000E+005    0.177885720573E+000
    0.948020000000E+005    0.177732836001E+000
    0.948520000000E+005    0.177579942414E+000
    0.949020000000E+005    0.177427040365E+000
    0.949520000000E+005    0.177274130409E+000
    0.950020000000E+005    0.177121213102E+000
    0.950520000000E+005    0.176968288994E+000
    0.951020000000E+005    0.176815358640E+000
    0.951520000000E+005    0.176662422589E+000
    0.952020000000E+005    0.176509481393E+000
    0.952520000000E+005    0.176356535601E+000
    0.953020000000E+005    0.176203585761E+000
    0.953520000000E+005    0.176050632421E+000
    0.954020000000E+005    0.175897676128E+000
    0.954520000000E+005    0.175744717428E+000
    0.955020000000E+005    0.175591756865E+000
    0.955520000000E+005    0.175438794984E+000
    0.956020000000E+005    0.175285832328E+000
    0.956520000000E+005    0.175132869439E+000
    0.957020000000E+005    0.174979906858E+000
    0.957520000000E+005    0.174826945126E+000
    0.958020000000E+005    0.174673984782E+000
    0.958520000000E+005    0.174521026365E+000
    0.959020000000E+005    0.174368070412E+000
    0.959520000000E+005    0.174215117459E+000
    0.960020000000E+005    0.174062168042E+000
    0.960520000000E+005    0.173909222697E+000
    0.961020000000E+005    0.173756281956E+000
    0.961520000000E+005    0.173603346353E+000
    0.962020000000E+005    0.173450416419E+000
    0.962520000000E+005    0.173297492685E+000
    0.963020000000E+005    0.173144575681E+000
    0.963520000000E+005    0.172991665935E+000
    0.964020000000E+005    0.172838763977E+000
    0.964520000000E+005    0.172685870332E+000
    0.965020000000E+005    0.172532985526E+000
    0.965520000000E+005    0.172380110085E+000
    0.966020000000E+005    0.172227244533E+000
    0.966520000000E+005    0.172074389392E+000
    0.967020000000E+005    0.171921545184E+000
    0.967520000000E+005    0.171768712430E+000
    0.968020000000E+005    0.171615891651E+000
    0.968520000000E+005    0.171463083365E+000
    0.969020000000E+005    0.171310288090E+000
    0.969520000000E+005    0.171157506343E+000
    0.970020000000E+005    0.171004738639E+000
    0.970520000000E+005    0.170851985495E+000
    0.971020000000E+005    0.170699247423E+000
    0.971520000000E+005    0.170546524936E+000
    0.972020000000E+005    0.170393818546E+000
    0.972520000000E+005    0.170241128764E+000
    0.973020000000E+005    0.170088456100E+000
    0.973520000000E+005    0.169935801062E+000
    0.974020000000E+005    0.169783164158E+000
    0.974520000000E+005    0.169630545894E+000
    0.975020000000E+005    0.169477946775E+000
    0.975520000000E+005    0.169325367307E+000
    0.976020000000E+005    0.169172807993E+000
    0.976520000000E+005    0.169020269335E+000
    0.977020000000E+005    0.168867751834E+000
    0.977520000000E+005    0.168715255990E+000
    0.978020000000E+005    0.168562782303E+000
    0.978520000000E+005    0.168410331270E+000
    0.979020000000E+005    0.168257903389E+000
    0.979520000000E+005    0.168105499156E+000
    0.980020000000E+005    0.167953119064E+000
    0.980520000000E+005    0.167800763609E+000
    0.981020000000E+005    0.167648433283E+000
    0.981520000000E+005    0.167496128576E+000
    0.982020000000E+005    0.167343849981E+000
    0.982520000000E+005    0.167191597985E+000
    0.983020000000E+005    0.167039373078E+000
    0.983520000000E+005    0.166887175746E+000
    0.984020000000E+005    0.166735006476E+000
    0.984520000000E+005    0.166582865752E+000
    0.985020000000E+005    0.166430754058E+000
    0.985520000000E+005    0.166278671878E+000
    0.986020000000E+005    0.166126619692E+000
    0.986520000000E+005    0.165974597981E+000
    0.987020000000E+005    0.165822607225E+000
    0.987520000000E+005    0.165670647902E+000
    0.988020000000E+005    0.165518720489E+000
    0.988520000000E+005    0.165366825462E+000
    0.989020000000E+005    0.165214963296E+000
    0.989520000000E+005    0.165063134464E+000
    0.990020000000E+005    0.164911339439E+000
    0.990520000000E+005    0.164759578694E+000
    0.991020000000E+005    0.164607852697E+000
    0.991520000000E+005    0.164456161919E+000
    0.992020000000E+005    0.164304506827E+000
    0.992520000000E+005    0.164152887888E+000
    0.993020000000E+005    0.164001305568E+000
    0.993520000000E+005    0.163849760332E+000
    0.994020000000E+005    0.163698252643E+000
    0.994520000000E+005    0.163546782963E+000
    0.995020000000E+005    0.163395351754E+000
    0.995520000000E+005    0.163243959476E+000
    0.996020000000E+005    0.163092606587E+000
    0.996520000000E+005    0.162941293545E+000
    0.997020000000E+005    0.162790020806E+000
    0.997520000000E+005    0.162638788826E+000
    0.998020000000E+005    0.162487598060E+000
    0.998520000000E+005    0.162336448959E+000
    0.999020000000E+005    0.162185341976E+000
    0.999520000000E+005    0.162034277562E+000
