TITLE = "0D Field KU"
VARIABLES = N ,"KU"
ZONE DATAPACKING = POINT
    0.200000000000E+001    0.166991032517E-034
    0.520000000000E+002    0.685791045130E-032
    0.102000000000E+003    0.263745396719E-031
    0.152000000000E+003    0.547955354159E-031
    0.202000000000E+003    0.901329456248E-031
    0.252000000000E+003    0.136183826602E-030
    0.302000000000E+003    0.197959607859E-030
    0.352000000000E+003    0.363222767154E-030
    0.402000000000E+003    0.231061625938E-029
    0.452000000000E+003    0.244952939010E-028
    0.502000000000E+003    0.240032601279E-027
    0.552000000000E+003    0.195037893903E-026
    0.602000000000E+003    0.130015752623E-025
    0.652000000000E+003    0.736397397075E-025
    0.702000000000E+003    0.364157373490E-024
    0.752000000000E+003    0.160236772369E-023
    0.802000000000E+003    0.637510821246E-023
    0.852000000000E+003    0.232080651031E-022
    0.902000000000E+003    0.780169335912E-022
    0.952000000000E+003    0.244041539294E-021
    0.100200000000E+004    0.715084283755E-021
    0.105200000000E+004    0.197418262383E-020
    0.110200000000E+004    0.516125203438E-020
    0.115200000000E+004    0.128356285603E-019
    0.120200000000E+004    0.304873207817E-019
    0.125200000000E+004    0.694102673902E-019
    0.130200000000E+004    0.151961160278E-018
    0.135200000000E+004    0.320854379448E-018
    0.140200000000E+004    0.655072074043E-018
    0.145200000000E+004    0.129630242713E-017
    0.150200000000E+004    0.249168974128E-017
    0.155200000000E+004    0.466123256622E-017
    0.160200000000E+004    0.850158105970E-017
    0.165200000000E+004    0.151424422943E-016
    0.170200000000E+004    0.263775240096E-016
    0.175200000000E+004    0.449991504721E-016
    0.180200000000E+004    0.752745890331E-016
    0.185200000000E+004    0.123612976884E-015
    0.190200000000E+004    0.199484739735E-015
    0.195200000000E+004    0.316670757492E-015
    0.200200000000E+004    0.494936456270E-015
    0.205200000000E+004    0.762246608728E-015
    0.210200000000E+004    0.115766005942E-014
    0.215200000000E+004    0.173506990820E-014
    0.220200000000E+004    0.256798391452E-014
    0.225200000000E+004    0.375557197200E-014
    0.230200000000E+004    0.543024243280E-014
    0.235200000000E+004    0.776704656830E-014
    0.240200000000E+004    0.109952505016E-013
    0.245200000000E+004    0.154124560959E-013
    0.250200000000E+004    0.214016964056E-013
    0.255200000000E+004    0.294519768764E-013
    0.260200000000E+004    0.401827802468E-013
    0.265200000000E+004    0.543731005492E-013
    0.270200000000E+004    0.729956192562E-013
    0.275200000000E+004    0.972566841110E-013
    0.280200000000E+004    0.128642797751E-012
    0.285200000000E+004    0.168974368771E-012
    0.290200000000E+004    0.220467521493E-012
    0.295200000000E+004    0.285804802152E-012
    0.300200000000E+004    0.368215657986E-012
    0.305200000000E+004    0.471567601254E-012
    0.310200000000E+004    0.600469002323E-012
    0.315200000000E+004    0.760384483898E-012
    0.320200000000E+004    0.957763912416E-012
    0.325200000000E+004    0.120018600166E-011
    0.330200000000E+004    0.149651755799E-011
    0.335200000000E+004    0.185708940596E-011
    0.340200000000E+004    0.229389003686E-011
    0.345200000000E+004    0.282077802144E-011
    0.350200000000E+004    0.345371422143E-011
    0.355200000000E+004    0.421101482185E-011
    0.360200000000E+004    0.511362618885E-011
    0.365200000000E+004    0.618542253453E-011
    0.370200000000E+004    0.745352734207E-011
    0.375200000000E+004    0.894865947134E-011
    0.380200000000E+004    0.107055048271E-010
    0.385200000000E+004    0.127631144293E-010
    0.390200000000E+004    0.151653296776E-010
    0.395200000000E+004    0.179612355524E-010
    0.400200000000E+004    0.212056424385E-010
    0.405200000000E+004    0.249595972002E-010
    0.410200000000E+004    0.292909240759E-010
    0.415200000000E+004    0.342747958943E-010
    0.420200000000E+004    0.399943360511E-010
    0.425200000000E+004    0.465412516124E-010
    0.430200000000E+004    0.540164978439E-010
    0.435200000000E+004    0.625309743922E-010
    0.440200000000E+004    0.722062532691E-010
    0.445200000000E+004    0.831753387203E-010
    0.450200000000E+004    0.955834589817E-010
    0.455200000000E+004    0.109588889853E-009
    0.460200000000E+004    0.125363809947E-009
    0.465200000000E+004    0.143095187392E-009
    0.470200000000E+004    0.162985697700E-009
    0.475200000000E+004    0.185254672443E-009
    0.480200000000E+004    0.210139078288E-009
    0.485200000000E+004    0.237894525912E-009
    0.490200000000E+004    0.268796308210E-009
    0.495200000000E+004    0.303140467178E-009
    0.500200000000E+004    0.341244888766E-009
    0.505200000000E+004    0.383450424955E-009
    0.510200000000E+004    0.430122042238E-009
    0.515200000000E+004    0.481649995661E-009
    0.520200000000E+004    0.538451027474E-009
    0.525200000000E+004    0.600969589455E-009
    0.530200000000E+004    0.669679087884E-009
    0.535200000000E+004    0.745083150107E-009
    0.540200000000E+004    0.827716911596E-009
    0.545200000000E+004    0.918148322372E-009
    0.550200000000E+004    0.101697947162E-008
    0.555200000000E+004    0.112484792927E-008
    0.560200000000E+004    0.124242810336E-008
    0.565200000000E+004    0.137043261187E-008
    0.570200000000E+004    0.150961366771E-008
    0.575200000000E+004    0.166076447569E-008
    0.580200000000E+004    0.182472064000E-008
    0.585200000000E+004    0.200236158087E-008
    0.590200000000E+004    0.219461195917E-008
    0.595200000000E+004    0.240244310747E-008
    0.600200000000E+004    0.262687446621E-008
    0.605200000000E+004    0.286897502368E-008
    0.610200000000E+004    0.312986475829E-008
    0.615200000000E+004    0.341071608191E-008
    0.620200000000E+004    0.371275528285E-008
    0.625200000000E+004    0.403726396708E-008
    0.630200000000E+004    0.438558049641E-008
    0.635200000000E+004    0.475910142225E-008
    0.640200000000E+004    0.515928291365E-008
    0.645200000000E+004    0.558764217834E-008
    0.650200000000E+004    0.604575887537E-008
    0.655200000000E+004    0.653527651825E-008
    0.660200000000E+004    0.705790386717E-008
    0.665200000000E+004    0.761541630917E-008
    0.670200000000E+004    0.820965722502E-008
    0.675200000000E+004    0.884253934157E-008
    0.680200000000E+004    0.951604606845E-008
    0.685200000000E+004    0.102322328180E-007
    0.690200000000E+004    0.109932283071E-007
    0.695200000000E+004    0.118012358402E-007
    0.700200000000E+004    0.126585345718E-007
    0.705200000000E+004    0.135674807479E-007
    0.710200000000E+004    0.145305089255E-007
    0.715200000000E+004    0.155501331684E-007
    0.720200000000E+004    0.166289482185E-007
    0.725200000000E+004    0.177696306429E-007
    0.730200000000E+004    0.189749399538E-007
    0.735200000000E+004    0.202477197019E-007
    0.740200000000E+004    0.215908985417E-007
    0.745200000000E+004    0.230074912684E-007
    0.750200000000E+004    0.245005998252E-007
    0.755200000000E+004    0.260734142799E-007
    0.760200000000E+004    0.277292137714E-007
    0.765200000000E+004    0.294713674241E-007
    0.770200000000E+004    0.313033352300E-007
    0.775200000000E+004    0.332286688985E-007
    0.780200000000E+004    0.352510126721E-007
    0.785200000000E+004    0.373741041090E-007
    0.790200000000E+004    0.396017748308E-007
    0.795200000000E+004    0.419379512358E-007
    0.800200000000E+004    0.443866551766E-007
    0.805200000000E+004    0.469520046024E-007
    0.810200000000E+004    0.496382141655E-007
    0.815200000000E+004    0.524495957907E-007
    0.820200000000E+004    0.553905592091E-007
    0.825200000000E+004    0.584656124540E-007
    0.830200000000E+004    0.616793623202E-007
    0.835200000000E+004    0.650365147853E-007
    0.840200000000E+004    0.685418753933E-007
    0.845200000000E+004    0.722003496007E-007
    0.850200000000E+004    0.760169430837E-007
    0.855200000000E+004    0.799967620072E-007
    0.860200000000E+004    0.841450132554E-007
    0.865200000000E+004    0.884670046232E-007
    0.870200000000E+004    0.929681449692E-007
    0.875200000000E+004    0.976539443290E-007
    0.880200000000E+004    0.102530013990E-006
    0.885200000000E+004    0.107602066527E-006
    0.890200000000E+004    0.112875915796E-006
    0.895200000000E+004    0.118357476897E-006
    0.900200000000E+004    0.124052766083E-006
    0.905200000000E+004    0.129967900647E-006
    0.910200000000E+004    0.136109098757E-006
    0.915200000000E+004    0.142482679255E-006
    0.920200000000E+004    0.149095061425E-006
    0.925200000000E+004    0.155952764711E-006
    0.930200000000E+004    0.163062408404E-006
    0.935200000000E+004    0.170430711288E-006
    0.940200000000E+004    0.178064491253E-006
    0.945200000000E+004    0.185970664861E-006
    0.950200000000E+004    0.194156246885E-006
    0.955200000000E+004    0.202628349807E-006
    0.960200000000E+004    0.211394183275E-006
    0.965200000000E+004    0.220461053535E-006
    0.970200000000E+004    0.229836362813E-006
    0.975200000000E+004    0.239527608676E-006
    0.980200000000E+004    0.249542383347E-006
    0.985200000000E+004    0.259888372990E-006
    0.990200000000E+004    0.270573356961E-006
    0.995200000000E+004    0.281605207023E-006
    0.100020000000E+005    0.292991886527E-006
    0.100520000000E+005    0.304741449563E-006
    0.101020000000E+005    0.316862040076E-006
    0.101520000000E+005    0.329361890942E-006
    0.102020000000E+005    0.342249323028E-006
    0.102520000000E+005    0.355532744199E-006
    0.103020000000E+005    0.369220648314E-006
    0.103520000000E+005    0.383321614169E-006
    0.104020000000E+005    0.397844304427E-006
    0.104520000000E+005    0.412797464506E-006
    0.105020000000E+005    0.428189921436E-006
    0.105520000000E+005    0.444030582694E-006
    0.106020000000E+005    0.460328434997E-006
    0.106520000000E+005    0.477092543075E-006
    0.107020000000E+005    0.494332048407E-006
    0.107520000000E+005    0.512056167936E-006
    0.108020000000E+005    0.530274192743E-006
    0.108520000000E+005    0.548995486708E-006
    0.109020000000E+005    0.568229485130E-006
    0.109520000000E+005    0.587985693331E-006
    0.110020000000E+005    0.608273685219E-006
    0.110520000000E+005    0.629103101844E-006
    0.111020000000E+005    0.650483649912E-006
    0.111520000000E+005    0.672425100281E-006
    0.112020000000E+005    0.694937286435E-006
    0.112520000000E+005    0.718030102931E-006
    0.113020000000E+005    0.741713503822E-006
    0.113520000000E+005    0.765997501064E-006
    0.114020000000E+005    0.790892162893E-006
    0.114520000000E+005    0.816407612189E-006
    0.115020000000E+005    0.842554024812E-006
    0.115520000000E+005    0.869341627925E-006
    0.116020000000E+005    0.896780698296E-006
    0.116520000000E+005    0.924881560575E-006
    0.117020000000E+005    0.953654585564E-006
    0.117520000000E+005    0.983110188459E-006
    0.118020000000E+005    0.101325882708E-005
    0.118520000000E+005    0.104411100008E-005
    0.119020000000E+005    0.107567724514E-005
    0.119520000000E+005    0.110796813717E-005
    0.120020000000E+005    0.114099428642E-005
    0.120520000000E+005    0.117476633668E-005
    0.121020000000E+005    0.120929496339E-005
    0.121520000000E+005    0.124459087175E-005
    0.122020000000E+005    0.128066479484E-005
    0.122520000000E+005    0.131752749167E-005
    0.123020000000E+005    0.135518974530E-005
    0.123520000000E+005    0.139366236088E-005
    0.124020000000E+005    0.143295616368E-005
    0.124520000000E+005    0.147308199712E-005
    0.125020000000E+005    0.151405072082E-005
    0.125520000000E+005    0.155587320859E-005
    0.126020000000E+005    0.159856034639E-005
    0.126520000000E+005    0.164212303036E-005
    0.127020000000E+005    0.168657216478E-005
    0.127520000000E+005    0.173191865998E-005
    0.128020000000E+005    0.177817343037E-005
    0.128520000000E+005    0.182534739231E-005
    0.129020000000E+005    0.187345146210E-005
    0.129520000000E+005    0.192249655384E-005
    0.130020000000E+005    0.197249357740E-005
    0.130520000000E+005    0.202345343631E-005
    0.131020000000E+005    0.207538702567E-005
    0.131520000000E+005    0.212830523005E-005
    0.132020000000E+005    0.218221892139E-005
    0.132520000000E+005    0.223713895689E-005
    0.133020000000E+005    0.229307617691E-005
    0.133520000000E+005    0.235004140288E-005
    0.134020000000E+005    0.240804543517E-005
    0.134520000000E+005    0.246709905101E-005
    0.135020000000E+005    0.252721300237E-005
    0.135520000000E+005    0.258839801391E-005
    0.136020000000E+005    0.265066478081E-005
    0.136520000000E+005    0.271402396678E-005
    0.137020000000E+005    0.277848620192E-005
    0.137520000000E+005    0.284406208065E-005
    0.138020000000E+005    0.291076215970E-005
    0.138520000000E+005    0.297859695600E-005
    0.139020000000E+005    0.304757694468E-005
    0.139520000000E+005    0.311771255700E-005
    0.140020000000E+005    0.318901417839E-005
    0.140520000000E+005    0.326149214636E-005
    0.141020000000E+005    0.333515674857E-005
    0.141520000000E+005    0.341001822084E-005
    0.142020000000E+005    0.348608674515E-005
    0.142520000000E+005    0.356337244771E-005
    0.143020000000E+005    0.364188539703E-005
    0.143520000000E+005    0.372163560197E-005
    0.144020000000E+005    0.380263300985E-005
    0.144520000000E+005    0.388488750457E-005
    0.145020000000E+005    0.396840890472E-005
    0.145520000000E+005    0.405320696172E-005
    0.146020000000E+005    0.413929135801E-005
    0.146520000000E+005    0.422667170523E-005
    0.147020000000E+005    0.431535754238E-005
    0.147520000000E+005    0.440535833411E-005
    0.148020000000E+005    0.449668346893E-005
    0.148520000000E+005    0.458934225748E-005
    0.149020000000E+005    0.468334393083E-005
    0.149520000000E+005    0.477869763879E-005
    0.150020000000E+005    0.487541244827E-005
    0.150520000000E+005    0.497349734164E-005
    0.151020000000E+005    0.507296121513E-005
    0.151520000000E+005    0.517381287723E-005
    0.152020000000E+005    0.527606104721E-005
    0.152520000000E+005    0.537971435353E-005
    0.153020000000E+005    0.548478133242E-005
    0.153520000000E+005    0.559127042640E-005
    0.154020000000E+005    0.569918998287E-005
    0.154520000000E+005    0.580854825275E-005
    0.155020000000E+005    0.591935338912E-005
    0.155520000000E+005    0.603161344592E-005
    0.156020000000E+005    0.614533637669E-005
    0.156520000000E+005    0.626053003333E-005
    0.157020000000E+005    0.637720216493E-005
    0.157520000000E+005    0.649536041663E-005
    0.158020000000E+005    0.661501232850E-005
    0.158520000000E+005    0.673616533446E-005
    0.159020000000E+005    0.685882676132E-005
    0.159520000000E+005    0.698300382775E-005
    0.160020000000E+005    0.710870364337E-005
    0.160520000000E+005    0.723593320787E-005
    0.161020000000E+005    0.736469941016E-005
    0.161520000000E+005    0.749500902758E-005
    0.162020000000E+005    0.762686872511E-005
    0.162520000000E+005    0.776028505473E-005
    0.163020000000E+005    0.789526445468E-005
    0.163520000000E+005    0.803181324891E-005
    0.164020000000E+005    0.816993764644E-005
    0.164520000000E+005    0.830964374089E-005
    0.165020000000E+005    0.845093750993E-005
    0.165520000000E+005    0.859382481490E-005
    0.166020000000E+005    0.873831140035E-005
    0.166520000000E+005    0.888440289373E-005
    0.167020000000E+005    0.903210480503E-005
    0.167520000000E+005    0.918142252655E-005
    0.168020000000E+005    0.933236133262E-005
    0.168520000000E+005    0.948492637945E-005
    0.169020000000E+005    0.963912270495E-005
    0.169520000000E+005    0.979495522863E-005
    0.170020000000E+005    0.995242875154E-005
    0.170520000000E+005    0.101115479562E-004
    0.171020000000E+005    0.102723174067E-004
    0.171520000000E+005    0.104347415486E-004
    0.172020000000E+005    0.105988247092E-004
    0.172520000000E+005    0.107645710974E-004
    0.173020000000E+005    0.109319848042E-004
    0.173520000000E+005    0.111010698027E-004
    0.174020000000E+005    0.112718299483E-004
    0.174520000000E+005    0.114442689791E-004
    0.175020000000E+005    0.116183905162E-004
    0.175520000000E+005    0.117941980640E-004
    0.176020000000E+005    0.119716950107E-004
    0.176520000000E+005    0.121508846285E-004
    0.177020000000E+005    0.123317700745E-004
    0.177520000000E+005    0.125143543907E-004
    0.178020000000E+005    0.126986405051E-004
    0.178520000000E+005    0.128846312319E-004
    0.179020000000E+005    0.130723292720E-004
    0.179520000000E+005    0.132617372143E-004
    0.180020000000E+005    0.134528575360E-004
    0.180520000000E+005    0.136456926031E-004
    0.181020000000E+005    0.138402446719E-004
    0.181520000000E+005    0.140365158890E-004
    0.182020000000E+005    0.142345082932E-004
    0.182520000000E+005    0.144342238152E-004
    0.183020000000E+005    0.146356642796E-004
    0.183520000000E+005    0.148388314054E-004
    0.184020000000E+005    0.150437268072E-004
    0.184520000000E+005    0.152503519958E-004
    0.185020000000E+005    0.154587083803E-004
    0.185520000000E+005    0.156687972683E-004
    0.186020000000E+005    0.158806198675E-004
    0.186520000000E+005    0.160941772870E-004
    0.187020000000E+005    0.163094705383E-004
    0.187520000000E+005    0.165265005367E-004
    0.188020000000E+005    0.167452681029E-004
    0.188520000000E+005    0.169657739639E-004
    0.189020000000E+005    0.171880187547E-004
    0.189520000000E+005    0.174120030197E-004
    0.190020000000E+005    0.176377272140E-004
    0.190520000000E+005    0.178651917051E-004
    0.191020000000E+005    0.180943967742E-004
    0.191520000000E+005    0.183253426179E-004
    0.192020000000E+005    0.185580293497E-004
    0.192520000000E+005    0.187924570016E-004
    0.193020000000E+005    0.190286255259E-004
    0.193520000000E+005    0.192665347963E-004
    0.194020000000E+005    0.195061846102E-004
    0.194520000000E+005    0.197475746901E-004
    0.195020000000E+005    0.199907046852E-004
    0.195520000000E+005    0.202355741734E-004
    0.196020000000E+005    0.204821826627E-004
    0.196520000000E+005    0.207305295933E-004
    0.197020000000E+005    0.209806143393E-004
    0.197520000000E+005    0.212324362102E-004
    0.198020000000E+005    0.214859944531E-004
    0.198520000000E+005    0.217412882544E-004
    0.199020000000E+005    0.219983167415E-004
    0.199520000000E+005    0.222570789851E-004
    0.200020000000E+005    0.225175740003E-004
    0.200520000000E+005    0.227798007493E-004
    0.201020000000E+005    0.230437581430E-004
    0.201520000000E+005    0.233094450426E-004
    0.202020000000E+005    0.235768602622E-004
    0.202520000000E+005    0.238460025700E-004
    0.203020000000E+005    0.241168706910E-004
    0.203520000000E+005    0.243894633083E-004
    0.204020000000E+005    0.246637790656E-004
    0.204520000000E+005    0.249398165689E-004
    0.205020000000E+005    0.252175743887E-004
    0.205520000000E+005    0.254970510620E-004
    0.206020000000E+005    0.257782450940E-004
    0.206520000000E+005    0.260611549608E-004
    0.207020000000E+005    0.263457791108E-004
    0.207520000000E+005    0.266321159672E-004
    0.208020000000E+005    0.269201639300E-004
    0.208520000000E+005    0.272099213777E-004
    0.209020000000E+005    0.275013866700E-004
    0.209520000000E+005    0.277945581496E-004
    0.210020000000E+005    0.280894341442E-004
    0.210520000000E+005    0.283860129689E-004
    0.211020000000E+005    0.286842929278E-004
    0.211520000000E+005    0.289842723169E-004
    0.212020000000E+005    0.292859494254E-004
    0.212520000000E+005    0.295893225385E-004
    0.213020000000E+005    0.298943899389E-004
    0.213520000000E+005    0.302011499095E-004
    0.214020000000E+005    0.305096007349E-004
    0.214520000000E+005    0.308197407043E-004
    0.215020000000E+005    0.311315681125E-004
    0.215520000000E+005    0.314450812631E-004
    0.216020000000E+005    0.317602784698E-004
    0.216520000000E+005    0.320771580587E-004
    0.217020000000E+005    0.323957183703E-004
    0.217520000000E+005    0.327159577616E-004
    0.218020000000E+005    0.330378746081E-004
    0.218520000000E+005    0.333614673055E-004
    0.219020000000E+005    0.336867342720E-004
    0.219520000000E+005    0.340136739499E-004
    0.220020000000E+005    0.343422848078E-004
    0.220520000000E+005    0.346725653422E-004
    0.221020000000E+005    0.350045140793E-004
    0.221520000000E+005    0.353381295770E-004
    0.222020000000E+005    0.356734104264E-004
    0.222520000000E+005    0.360103552538E-004
    0.223020000000E+005    0.363489627219E-004
    0.223520000000E+005    0.366892315321E-004
    0.224020000000E+005    0.370311604252E-004
    0.224520000000E+005    0.373747481836E-004
    0.225020000000E+005    0.377199936326E-004
    0.225520000000E+005    0.380668956418E-004
    0.226020000000E+005    0.384154531261E-004
    0.226520000000E+005    0.387656650478E-004
    0.227020000000E+005    0.391175304170E-004
    0.227520000000E+005    0.394710482937E-004
    0.228020000000E+005    0.398262177880E-004
    0.228520000000E+005    0.401830380619E-004
    0.229020000000E+005    0.405415083301E-004
    0.229520000000E+005    0.409016278607E-004
    0.230020000000E+005    0.412633959768E-004
    0.230520000000E+005    0.416268120566E-004
    0.231020000000E+005    0.419918755345E-004
    0.231520000000E+005    0.423585859020E-004
    0.232020000000E+005    0.427269427081E-004
    0.232520000000E+005    0.430969455602E-004
    0.233020000000E+005    0.434685941242E-004
    0.233520000000E+005    0.438418881254E-004
    0.234020000000E+005    0.442168273486E-004
    0.234520000000E+005    0.445934116390E-004
    0.235020000000E+005    0.449716409018E-004
    0.235520000000E+005    0.453515151028E-004
    0.236020000000E+005    0.457330342686E-004
    0.236520000000E+005    0.461161984868E-004
    0.237020000000E+005    0.465010079058E-004
    0.237520000000E+005    0.468874627350E-004
    0.238020000000E+005    0.472755632445E-004
    0.238520000000E+005    0.476653097656E-004
    0.239020000000E+005    0.480567026897E-004
    0.239520000000E+005    0.484497424690E-004
    0.240020000000E+005    0.488444296156E-004
    0.240520000000E+005    0.492407647015E-004
    0.241020000000E+005    0.496387483580E-004
    0.241520000000E+005    0.500383812755E-004
    0.242020000000E+005    0.504396642028E-004
    0.242520000000E+005    0.508425979466E-004
    0.243020000000E+005    0.512471833711E-004
    0.243520000000E+005    0.516534213972E-004
    0.244020000000E+005    0.520613130016E-004
    0.244520000000E+005    0.524708592168E-004
    0.245020000000E+005    0.528820611294E-004
    0.245520000000E+005    0.532949198800E-004
    0.246020000000E+005    0.537094366620E-004
    0.246520000000E+005    0.541256127207E-004
    0.247020000000E+005    0.545434493527E-004
    0.247520000000E+005    0.549629479042E-004
    0.248020000000E+005    0.553841097709E-004
    0.248520000000E+005    0.558069363962E-004
    0.249020000000E+005    0.562314292704E-004
    0.249520000000E+005    0.566575899295E-004
    0.250020000000E+005    0.570854199544E-004
    0.250520000000E+005    0.575149209689E-004
    0.251020000000E+005    0.579460946394E-004
    0.251520000000E+005    0.583789426729E-004
    0.252020000000E+005    0.588134668162E-004
    0.252520000000E+005    0.592496688543E-004
    0.253020000000E+005    0.596875506092E-004
    0.253520000000E+005    0.601271139385E-004
    0.254020000000E+005    0.605683607340E-004
    0.254520000000E+005    0.610112929204E-004
    0.255020000000E+005    0.614559124537E-004
    0.255520000000E+005    0.619022213197E-004
    0.256020000000E+005    0.623502215331E-004
    0.256520000000E+005    0.627999151351E-004
    0.257020000000E+005    0.632513041927E-004
    0.257520000000E+005    0.637043907969E-004
    0.258020000000E+005    0.641591770612E-004
    0.258520000000E+005    0.646156651198E-004
    0.259020000000E+005    0.650738571268E-004
    0.259520000000E+005    0.655337552538E-004
    0.260020000000E+005    0.659953616890E-004
    0.260520000000E+005    0.664586786355E-004
    0.261020000000E+005    0.669237083094E-004
    0.261520000000E+005    0.673904529388E-004
    0.262020000000E+005    0.678589147619E-004
    0.262520000000E+005    0.683290960256E-004
    0.263020000000E+005    0.688009989839E-004
    0.263520000000E+005    0.692746258964E-004
    0.264020000000E+005    0.697499790270E-004
    0.264520000000E+005    0.702270606419E-004
    0.265020000000E+005    0.707058730084E-004
    0.265520000000E+005    0.711864183937E-004
    0.266020000000E+005    0.716686990628E-004
    0.266520000000E+005    0.721527172774E-004
    0.267020000000E+005    0.726384752946E-004
    0.267520000000E+005    0.731259753649E-004
    0.268020000000E+005    0.736152197315E-004
    0.268520000000E+005    0.741062106283E-004
    0.269020000000E+005    0.745989502789E-004
    0.269520000000E+005    0.750934408949E-004
    0.270020000000E+005    0.755896846748E-004
    0.270520000000E+005    0.760876838028E-004
    0.271020000000E+005    0.765874404468E-004
    0.271520000000E+005    0.770889567581E-004
    0.272020000000E+005    0.775922348691E-004
    0.272520000000E+005    0.780972768929E-004
    0.273020000000E+005    0.786040849216E-004
    0.273520000000E+005    0.791126610252E-004
    0.274020000000E+005    0.796230072502E-004
    0.274520000000E+005    0.801351256188E-004
    0.275020000000E+005    0.806490181275E-004
    0.275520000000E+005    0.811646867460E-004
    0.276020000000E+005    0.816821334162E-004
    0.276520000000E+005    0.822013600507E-004
    0.277020000000E+005    0.827223685324E-004
    0.277520000000E+005    0.832451607126E-004
    0.278020000000E+005    0.837697384109E-004
    0.278520000000E+005    0.842961034132E-004
    0.279020000000E+005    0.848242574715E-004
    0.279520000000E+005    0.853542023025E-004
    0.280020000000E+005    0.858859395868E-004
    0.280520000000E+005    0.864194709676E-004
    0.281020000000E+005    0.869547980504E-004
    0.281520000000E+005    0.874919224016E-004
    0.282020000000E+005    0.880308455475E-004
    0.282520000000E+005    0.885715689739E-004
    0.283020000000E+005    0.891140941249E-004
    0.283520000000E+005    0.896584224023E-004
    0.284020000000E+005    0.902045551642E-004
    0.284520000000E+005    0.907524937250E-004
    0.285020000000E+005    0.913022393541E-004
    0.285520000000E+005    0.918537932750E-004
    0.286020000000E+005    0.924071566649E-004
    0.286520000000E+005    0.929623306540E-004
    0.287020000000E+005    0.935193163243E-004
    0.287520000000E+005    0.940781147093E-004
    0.288020000000E+005    0.946387267932E-004
    0.288520000000E+005    0.952011535100E-004
    0.289020000000E+005    0.957653957433E-004
    0.289520000000E+005    0.963314543254E-004
    0.290020000000E+005    0.968993300364E-004
    0.290520000000E+005    0.974690236041E-004
    0.291020000000E+005    0.980405357032E-004
    0.291520000000E+005    0.986138669547E-004
    0.292020000000E+005    0.991890179252E-004
    0.292520000000E+005    0.997659891268E-004
    0.293020000000E+005    0.100344781016E-003
    0.293520000000E+005    0.100925393994E-003
    0.294020000000E+005    0.101507828406E-003
    0.294520000000E+005    0.102092084540E-003
    0.295020000000E+005    0.102678162625E-003
    0.295520000000E+005    0.103266062837E-003
    0.296020000000E+005    0.103855785291E-003
    0.296520000000E+005    0.104447330044E-003
    0.297020000000E+005    0.105040697094E-003
    0.297520000000E+005    0.105635886381E-003
    0.298020000000E+005    0.106232897787E-003
    0.298520000000E+005    0.106831731131E-003
    0.299020000000E+005    0.107432386175E-003
    0.299520000000E+005    0.108034862621E-003
    0.300020000000E+005    0.108639160108E-003
    0.300520000000E+005    0.109245278217E-003
    0.301020000000E+005    0.109853216469E-003
    0.301520000000E+005    0.110462974322E-003
    0.302020000000E+005    0.111074551173E-003
    0.302520000000E+005    0.111687946360E-003
    0.303020000000E+005    0.112303159159E-003
    0.303520000000E+005    0.112920188782E-003
    0.304020000000E+005    0.113539034385E-003
    0.304520000000E+005    0.114159695057E-003
    0.305020000000E+005    0.114782169829E-003
    0.305520000000E+005    0.115406457669E-003
    0.306020000000E+005    0.116032557485E-003
    0.306520000000E+005    0.116660468122E-003
    0.307020000000E+005    0.117290188363E-003
    0.307520000000E+005    0.117921716931E-003
    0.308020000000E+005    0.118555052488E-003
    0.308520000000E+005    0.119190193633E-003
    0.309020000000E+005    0.119827138905E-003
    0.309520000000E+005    0.120465886780E-003
    0.310020000000E+005    0.121106435675E-003
    0.310520000000E+005    0.121748783945E-003
    0.311020000000E+005    0.122392929884E-003
    0.311520000000E+005    0.123038871727E-003
    0.312020000000E+005    0.123686607644E-003
    0.312520000000E+005    0.124336135750E-003
    0.313020000000E+005    0.124987454096E-003
    0.313520000000E+005    0.125640560673E-003
    0.314020000000E+005    0.126295453415E-003
    0.314520000000E+005    0.126952130191E-003
    0.315020000000E+005    0.127610588816E-003
    0.315520000000E+005    0.128270827041E-003
    0.316020000000E+005    0.128932842560E-003
    0.316520000000E+005    0.129596633007E-003
    0.317020000000E+005    0.130262195958E-003
    0.317520000000E+005    0.130929528930E-003
    0.318020000000E+005    0.131598629380E-003
    0.318520000000E+005    0.132269494710E-003
    0.319020000000E+005    0.132942122259E-003
    0.319520000000E+005    0.133616509314E-003
    0.320020000000E+005    0.134292653100E-003
    0.320520000000E+005    0.134970550787E-003
    0.321020000000E+005    0.135650199486E-003
    0.321520000000E+005    0.136331596253E-003
    0.322020000000E+005    0.137014738087E-003
    0.322520000000E+005    0.137699621929E-003
    0.323020000000E+005    0.138386244666E-003
    0.323520000000E+005    0.139074603129E-003
    0.324020000000E+005    0.139764694092E-003
    0.324520000000E+005    0.140456514276E-003
    0.325020000000E+005    0.141150060344E-003
    0.325520000000E+005    0.141845328906E-003
    0.326020000000E+005    0.142542316520E-003
    0.326520000000E+005    0.143241019686E-003
    0.327020000000E+005    0.143941434852E-003
    0.327520000000E+005    0.144643558413E-003
    0.328020000000E+005    0.145347386711E-003
    0.328520000000E+005    0.146052916034E-003
    0.329020000000E+005    0.146760142620E-003
    0.329520000000E+005    0.147469062652E-003
    0.330020000000E+005    0.148179672263E-003
    0.330520000000E+005    0.148891967535E-003
    0.331020000000E+005    0.149605944499E-003
    0.331520000000E+005    0.150321599134E-003
    0.332020000000E+005    0.151038927371E-003
    0.332520000000E+005    0.151757925091E-003
    0.333020000000E+005    0.152478588123E-003
    0.333520000000E+005    0.153200912250E-003
    0.334020000000E+005    0.153924893205E-003
    0.334520000000E+005    0.154650526675E-003
    0.335020000000E+005    0.155377808297E-003
    0.335520000000E+005    0.156106733661E-003
    0.336020000000E+005    0.156837298312E-003
    0.336520000000E+005    0.157569497746E-003
    0.337020000000E+005    0.158303327417E-003
    0.337520000000E+005    0.159038782730E-003
    0.338020000000E+005    0.159775859048E-003
    0.338520000000E+005    0.160514551686E-003
    0.339020000000E+005    0.161254855918E-003
    0.339520000000E+005    0.161996766975E-003
    0.340020000000E+005    0.162740280043E-003
    0.340520000000E+005    0.163485390266E-003
    0.341020000000E+005    0.164232092746E-003
    0.341520000000E+005    0.164980382546E-003
    0.342020000000E+005    0.165730254684E-003
    0.342520000000E+005    0.166481704140E-003
    0.343020000000E+005    0.167234725853E-003
    0.343520000000E+005    0.167989314725E-003
    0.344020000000E+005    0.168745465617E-003
    0.344520000000E+005    0.169503173350E-003
    0.345020000000E+005    0.170262432711E-003
    0.345520000000E+005    0.171023238448E-003
    0.346020000000E+005    0.171785585271E-003
    0.346520000000E+005    0.172549467855E-003
    0.347020000000E+005    0.173314880840E-003
    0.347520000000E+005    0.174081818829E-003
    0.348020000000E+005    0.174850276392E-003
    0.348520000000E+005    0.175620248065E-003
    0.349020000000E+005    0.176391728348E-003
    0.349520000000E+005    0.177164711711E-003
    0.350020000000E+005    0.177939192590E-003
    0.350520000000E+005    0.178715165390E-003
    0.351020000000E+005    0.179492624484E-003
    0.351520000000E+005    0.180271564214E-003
    0.352020000000E+005    0.181051978894E-003
    0.352520000000E+005    0.181833862805E-003
    0.353020000000E+005    0.182617210202E-003
    0.353520000000E+005    0.183402015310E-003
    0.354020000000E+005    0.184188272326E-003
    0.354520000000E+005    0.184975975421E-003
    0.355020000000E+005    0.185765118738E-003
    0.355520000000E+005    0.186555696396E-003
    0.356020000000E+005    0.187347702485E-003
    0.356520000000E+005    0.188141131075E-003
    0.357020000000E+005    0.188935976206E-003
    0.357520000000E+005    0.189732231900E-003
    0.358020000000E+005    0.190529892153E-003
    0.358520000000E+005    0.191328950940E-003
    0.359020000000E+005    0.192129402212E-003
    0.359520000000E+005    0.192931239902E-003
    0.360020000000E+005    0.193734457921E-003
    0.360520000000E+005    0.194539050161E-003
    0.361020000000E+005    0.195345010495E-003
    0.361520000000E+005    0.196152332778E-003
    0.362020000000E+005    0.196961010846E-003
    0.362520000000E+005    0.197771038520E-003
    0.363020000000E+005    0.198582409603E-003
    0.363520000000E+005    0.199395117885E-003
    0.364020000000E+005    0.200209157139E-003
    0.364520000000E+005    0.201024521126E-003
    0.365020000000E+005    0.201841203592E-003
    0.365520000000E+005    0.202659198273E-003
    0.366020000000E+005    0.203478498890E-003
    0.366520000000E+005    0.204299099156E-003
    0.367020000000E+005    0.205120992773E-003
    0.367520000000E+005    0.205944173435E-003
    0.368020000000E+005    0.206768634825E-003
    0.368520000000E+005    0.207594370620E-003
    0.369020000000E+005    0.208421374490E-003
    0.369520000000E+005    0.209249640100E-003
    0.370020000000E+005    0.210079161108E-003
    0.370520000000E+005    0.210909931170E-003
    0.371020000000E+005    0.211741943937E-003
    0.371520000000E+005    0.212575193058E-003
    0.372020000000E+005    0.213409672181E-003
    0.372520000000E+005    0.214245374952E-003
    0.373020000000E+005    0.215082295018E-003
    0.373520000000E+005    0.215920426028E-003
    0.374020000000E+005    0.216759761631E-003
    0.374520000000E+005    0.217600295482E-003
    0.375020000000E+005    0.218442021235E-003
    0.375520000000E+005    0.219284932555E-003
    0.376020000000E+005    0.220129023107E-003
    0.376520000000E+005    0.220974286567E-003
    0.377020000000E+005    0.221820716617E-003
    0.377520000000E+005    0.222668306946E-003
    0.378020000000E+005    0.223517051256E-003
    0.378520000000E+005    0.224366943256E-003
    0.379020000000E+005    0.225217976670E-003
    0.379520000000E+005    0.226070145232E-003
    0.380020000000E+005    0.226923442691E-003
    0.380520000000E+005    0.227777862810E-003
    0.381020000000E+005    0.228633399367E-003
    0.381520000000E+005    0.229490046158E-003
    0.382020000000E+005    0.230347796995E-003
    0.382520000000E+005    0.231206645710E-003
    0.383020000000E+005    0.232066586153E-003
    0.383520000000E+005    0.232927612197E-003
    0.384020000000E+005    0.233789717734E-003
    0.384520000000E+005    0.234652896680E-003
    0.385020000000E+005    0.235517142977E-003
    0.385520000000E+005    0.236382450587E-003
    0.386020000000E+005    0.237248813502E-003
    0.386520000000E+005    0.238116225739E-003
    0.387020000000E+005    0.238984681344E-003
    0.387520000000E+005    0.239854174392E-003
    0.388020000000E+005    0.240724698987E-003
    0.388520000000E+005    0.241596249265E-003
    0.389020000000E+005    0.242468819394E-003
    0.389520000000E+005    0.243342403576E-003
    0.390020000000E+005    0.244216996048E-003
    0.390520000000E+005    0.245092591082E-003
    0.391020000000E+005    0.245969182984E-003
    0.391520000000E+005    0.246846766103E-003
    0.392020000000E+005    0.247725334823E-003
    0.392520000000E+005    0.248604883568E-003
    0.393020000000E+005    0.249485406806E-003
    0.393520000000E+005    0.250366899044E-003
    0.394020000000E+005    0.251249354834E-003
    0.394520000000E+005    0.252132768772E-003
    0.395020000000E+005    0.253017135500E-003
    0.395520000000E+005    0.253902449705E-003
    0.396020000000E+005    0.254788706125E-003
    0.396520000000E+005    0.255675899543E-003
    0.397020000000E+005    0.256564024794E-003
    0.397520000000E+005    0.257453076765E-003
    0.398020000000E+005    0.258343050394E-003
    0.398520000000E+005    0.259233940671E-003
    0.399020000000E+005    0.260125742643E-003
    0.399520000000E+005    0.261018451412E-003
    0.400020000000E+005    0.261912062134E-003
    0.400520000000E+005    0.262806570028E-003
    0.401020000000E+005    0.263701970365E-003
    0.401520000000E+005    0.264598258483E-003
    0.402020000000E+005    0.265495429776E-003
    0.402520000000E+005    0.266393479701E-003
    0.403020000000E+005    0.267292403781E-003
    0.403520000000E+005    0.268192197599E-003
    0.404020000000E+005    0.269092856807E-003
    0.404520000000E+005    0.269994377121E-003
    0.405020000000E+005    0.270896754326E-003
    0.405520000000E+005    0.271799984273E-003
    0.406020000000E+005    0.272704062886E-003
    0.406520000000E+005    0.273608986157E-003
    0.407020000000E+005    0.274514750149E-003
    0.407520000000E+005    0.275421350998E-003
    0.408020000000E+005    0.276328784915E-003
    0.408520000000E+005    0.277237048184E-003
    0.409020000000E+005    0.278146137163E-003
    0.409520000000E+005    0.279056048289E-003
    0.410020000000E+005    0.279966778073E-003
    0.410520000000E+005    0.280878323106E-003
    0.411020000000E+005    0.281790680057E-003
    0.411520000000E+005    0.282703845675E-003
    0.412020000000E+005    0.283617816790E-003
    0.412520000000E+005    0.284532590312E-003
    0.413020000000E+005    0.285448163234E-003
    0.413520000000E+005    0.286364532630E-003
    0.414020000000E+005    0.287281695661E-003
    0.414520000000E+005    0.288199649569E-003
    0.415020000000E+005    0.289118391682E-003
    0.415520000000E+005    0.290037919414E-003
    0.416020000000E+005    0.290958230265E-003
    0.416520000000E+005    0.291879321820E-003
    0.417020000000E+005    0.292801191754E-003
    0.417520000000E+005    0.293723837829E-003
    0.418020000000E+005    0.294647257894E-003
    0.418520000000E+005    0.295571449887E-003
    0.419020000000E+005    0.296496411838E-003
    0.419520000000E+005    0.297422141864E-003
    0.420020000000E+005    0.298348638172E-003
    0.420520000000E+005    0.299275899060E-003
    0.421020000000E+005    0.300203922916E-003
    0.421520000000E+005    0.301132708222E-003
    0.422020000000E+005    0.302062253546E-003
    0.422520000000E+005    0.302992557552E-003
    0.423020000000E+005    0.303923618992E-003
    0.423520000000E+005    0.304855436711E-003
    0.424020000000E+005    0.305788009647E-003
    0.424520000000E+005    0.306721336828E-003
    0.425020000000E+005    0.307655417374E-003
    0.425520000000E+005    0.308590250496E-003
    0.426020000000E+005    0.309525835498E-003
    0.426520000000E+005    0.310462171775E-003
    0.427020000000E+005    0.311399258813E-003
    0.427520000000E+005    0.312337096190E-003
    0.428020000000E+005    0.313275683572E-003
    0.428520000000E+005    0.314215020718E-003
    0.429020000000E+005    0.315155107479E-003
    0.429520000000E+005    0.316095943791E-003
    0.430020000000E+005    0.317037529683E-003
    0.430520000000E+005    0.317979865272E-003
    0.431020000000E+005    0.318922950764E-003
    0.431520000000E+005    0.319866786452E-003
    0.432020000000E+005    0.320811372717E-003
    0.432520000000E+005    0.321756710027E-003
    0.433020000000E+005    0.322702798935E-003
    0.433520000000E+005    0.323649640081E-003
    0.434020000000E+005    0.324597234188E-003
    0.434520000000E+005    0.325545582064E-003
    0.435020000000E+005    0.326494684599E-003
    0.435520000000E+005    0.327444542768E-003
    0.436020000000E+005    0.328395157623E-003
    0.436520000000E+005    0.329346530299E-003
    0.437020000000E+005    0.330298662012E-003
    0.437520000000E+005    0.331251554052E-003
    0.438020000000E+005    0.332205207791E-003
    0.438520000000E+005    0.333159624673E-003
    0.439020000000E+005    0.334114806220E-003
    0.439520000000E+005    0.335070754028E-003
    0.440020000000E+005    0.336027469765E-003
    0.440520000000E+005    0.336984955170E-003
    0.441020000000E+005    0.337943212052E-003
    0.441520000000E+005    0.338902242293E-003
    0.442020000000E+005    0.339862047837E-003
    0.442520000000E+005    0.340822630700E-003
    0.443020000000E+005    0.341783992958E-003
    0.443520000000E+005    0.342746136755E-003
    0.444020000000E+005    0.343709064294E-003
    0.444520000000E+005    0.344672777841E-003
    0.445020000000E+005    0.345637279721E-003
    0.445520000000E+005    0.346602572316E-003
    0.446020000000E+005    0.347568658064E-003
    0.446520000000E+005    0.348535539460E-003
    0.447020000000E+005    0.349503219051E-003
    0.447520000000E+005    0.350471699435E-003
    0.448020000000E+005    0.351440983260E-003
    0.448520000000E+005    0.352411073225E-003
    0.449020000000E+005    0.353381972073E-003
    0.449520000000E+005    0.354353682593E-003
    0.450020000000E+005    0.355326207620E-003
    0.450520000000E+005    0.356299550028E-003
    0.451020000000E+005    0.357273712732E-003
    0.451520000000E+005    0.358248698686E-003
    0.452020000000E+005    0.359224510882E-003
    0.452520000000E+005    0.360201152345E-003
    0.453020000000E+005    0.361178626135E-003
    0.453520000000E+005    0.362156935343E-003
    0.454020000000E+005    0.363136083092E-003
    0.454520000000E+005    0.364116072531E-003
    0.455020000000E+005    0.365096906838E-003
    0.455520000000E+005    0.366078589213E-003
    0.456020000000E+005    0.367061122882E-003
    0.456520000000E+005    0.368044511093E-003
    0.457020000000E+005    0.369028757110E-003
    0.457520000000E+005    0.370013864220E-003
    0.458020000000E+005    0.370999835723E-003
    0.458520000000E+005    0.371986674935E-003
    0.459020000000E+005    0.372974385186E-003
    0.459520000000E+005    0.373962969816E-003
    0.460020000000E+005    0.374952432174E-003
    0.460520000000E+005    0.375942775620E-003
    0.461020000000E+005    0.376934003519E-003
    0.461520000000E+005    0.377926119239E-003
    0.462020000000E+005    0.378919126153E-003
    0.462520000000E+005    0.379913027636E-003
    0.463020000000E+005    0.380907827062E-003
    0.463520000000E+005    0.381903527803E-003
    0.464020000000E+005    0.382900133228E-003
    0.464520000000E+005    0.383897646702E-003
    0.465020000000E+005    0.384896071582E-003
    0.465520000000E+005    0.385895411219E-003
    0.466020000000E+005    0.386895668953E-003
    0.466520000000E+005    0.387896848115E-003
    0.467020000000E+005    0.388898952020E-003
    0.467520000000E+005    0.389901983974E-003
    0.468020000000E+005    0.390905947263E-003
    0.468520000000E+005    0.391910845159E-003
    0.469020000000E+005    0.392916680915E-003
    0.469520000000E+005    0.393923457765E-003
    0.470020000000E+005    0.394931178921E-003
    0.470520000000E+005    0.395939847574E-003
    0.471020000000E+005    0.396949466889E-003
    0.471520000000E+005    0.397960040009E-003
    0.472020000000E+005    0.398971570049E-003
    0.472520000000E+005    0.399984060097E-003
    0.473020000000E+005    0.400997513211E-003
    0.473520000000E+005    0.402011932422E-003
    0.474020000000E+005    0.403027320725E-003
    0.474520000000E+005    0.404043681088E-003
    0.475020000000E+005    0.405061016441E-003
    0.475520000000E+005    0.406079329681E-003
    0.476020000000E+005    0.407098623670E-003
    0.476520000000E+005    0.408118901232E-003
    0.477020000000E+005    0.409140165151E-003
    0.477520000000E+005    0.410162418177E-003
    0.478020000000E+005    0.411185663014E-003
    0.478520000000E+005    0.412209902329E-003
    0.479020000000E+005    0.413235138745E-003
    0.479520000000E+005    0.414261374841E-003
    0.480020000000E+005    0.415288613155E-003
    0.480520000000E+005    0.416316856176E-003
    0.481020000000E+005    0.417346106350E-003
    0.481520000000E+005    0.418376366075E-003
    0.482020000000E+005    0.419407637701E-003
    0.482520000000E+005    0.420439923530E-003
    0.483020000000E+005    0.421473225815E-003
    0.483520000000E+005    0.422507546757E-003
    0.484020000000E+005    0.423542888508E-003
    0.484520000000E+005    0.424579253167E-003
    0.485020000000E+005    0.425616642782E-003
    0.485520000000E+005    0.426655059345E-003
    0.486020000000E+005    0.427694504798E-003
    0.486520000000E+005    0.428734981025E-003
    0.487020000000E+005    0.429776489856E-003
    0.487520000000E+005    0.430819033067E-003
    0.488020000000E+005    0.431862612373E-003
    0.488520000000E+005    0.432907229437E-003
    0.489020000000E+005    0.433952885861E-003
    0.489520000000E+005    0.434999583191E-003
    0.490020000000E+005    0.436047322911E-003
    0.490520000000E+005    0.437096106450E-003
    0.491020000000E+005    0.438145935175E-003
    0.491520000000E+005    0.439196810391E-003
    0.492020000000E+005    0.440248733347E-003
    0.492520000000E+005    0.441301705226E-003
    0.493020000000E+005    0.442355727153E-003
    0.493520000000E+005    0.443410800189E-003
    0.494020000000E+005    0.444466925333E-003
    0.494520000000E+005    0.445524103523E-003
    0.495020000000E+005    0.446582335632E-003
    0.495520000000E+005    0.447641622471E-003
    0.496020000000E+005    0.448701964786E-003
    0.496520000000E+005    0.449763363260E-003
    0.497020000000E+005    0.450825818512E-003
    0.497520000000E+005    0.451889331096E-003
    0.498020000000E+005    0.452953901501E-003
    0.498520000000E+005    0.454019530151E-003
    0.499020000000E+005    0.455086217406E-003
    0.499520000000E+005    0.456153963560E-003
    0.500020000000E+005    0.457222768841E-003
    0.500520000000E+005    0.458292633411E-003
    0.501020000000E+005    0.459363557368E-003
    0.501520000000E+005    0.460435540743E-003
    0.502020000000E+005    0.461508583499E-003
    0.502520000000E+005    0.462582685536E-003
    0.503020000000E+005    0.463657846686E-003
    0.503520000000E+005    0.464734066714E-003
    0.504020000000E+005    0.465811345320E-003
    0.504520000000E+005    0.466889682138E-003
    0.505020000000E+005    0.467969076732E-003
    0.505520000000E+005    0.469049528604E-003
    0.506020000000E+005    0.470131037186E-003
    0.506520000000E+005    0.471213601845E-003
    0.507020000000E+005    0.472297221882E-003
    0.507520000000E+005    0.473381896530E-003
    0.508020000000E+005    0.474467624956E-003
    0.508520000000E+005    0.475554406262E-003
    0.509020000000E+005    0.476642239481E-003
    0.509520000000E+005    0.477731123581E-003
    0.510020000000E+005    0.478821057466E-003
    0.510520000000E+005    0.479912039970E-003
    0.511020000000E+005    0.481004069864E-003
    0.511520000000E+005    0.482097145851E-003
    0.512020000000E+005    0.483191266570E-003
    0.512520000000E+005    0.484286430594E-003
    0.513020000000E+005    0.485382636429E-003
    0.513520000000E+005    0.486479882517E-003
    0.514020000000E+005    0.487578167236E-003
    0.514520000000E+005    0.488677488896E-003
    0.515020000000E+005    0.489777845746E-003
    0.515520000000E+005    0.490879235966E-003
    0.516020000000E+005    0.491981657676E-003
    0.516520000000E+005    0.493085108929E-003
    0.517020000000E+005    0.494189587716E-003
    0.517520000000E+005    0.495295091961E-003
    0.518020000000E+005    0.496401619528E-003
    0.518520000000E+005    0.497509168216E-003
    0.519020000000E+005    0.498617735762E-003
    0.519520000000E+005    0.499727319840E-003
    0.520020000000E+005    0.500837918060E-003
    0.520520000000E+005    0.501949527972E-003
    0.521020000000E+005    0.503062147063E-003
    0.521520000000E+005    0.504175772759E-003
    0.522020000000E+005    0.505290402424E-003
    0.522520000000E+005    0.506406033361E-003
    0.523020000000E+005    0.507522662813E-003
    0.523520000000E+005    0.508640287963E-003
    0.524020000000E+005    0.509758905931E-003
    0.524520000000E+005    0.510878513782E-003
    0.525020000000E+005    0.511999108518E-003
    0.525520000000E+005    0.513120687083E-003
    0.526020000000E+005    0.514243246363E-003
    0.526520000000E+005    0.515366783185E-003
    0.527020000000E+005    0.516491294318E-003
    0.527520000000E+005    0.517616776473E-003
    0.528020000000E+005    0.518743226306E-003
    0.528520000000E+005    0.519870640414E-003
    0.529020000000E+005    0.520999015337E-003
    0.529520000000E+005    0.522128347562E-003
    0.530020000000E+005    0.523258633518E-003
    0.530520000000E+005    0.524389869578E-003
    0.531020000000E+005    0.525522052063E-003
    0.531520000000E+005    0.526655177238E-003
    0.532020000000E+005    0.527789241314E-003
    0.532520000000E+005    0.528924240448E-003
    0.533020000000E+005    0.530060170745E-003
    0.533520000000E+005    0.531197028257E-003
    0.534020000000E+005    0.532334808983E-003
    0.534520000000E+005    0.533473508871E-003
    0.535020000000E+005    0.534613123818E-003
    0.535520000000E+005    0.535753649669E-003
    0.536020000000E+005    0.536895082220E-003
    0.536520000000E+005    0.538037417215E-003
    0.537020000000E+005    0.539180650351E-003
    0.537520000000E+005    0.540324777275E-003
    0.538020000000E+005    0.541469793585E-003
    0.538520000000E+005    0.542615694831E-003
    0.539020000000E+005    0.543762476516E-003
    0.539520000000E+005    0.544910134097E-003
    0.540020000000E+005    0.546058662983E-003
    0.540520000000E+005    0.547208058537E-003
    0.541020000000E+005    0.548358316078E-003
    0.541520000000E+005    0.549509430879E-003
    0.542020000000E+005    0.550661398168E-003
    0.542520000000E+005    0.551814213130E-003
    0.543020000000E+005    0.552967870908E-003
    0.543520000000E+005    0.554122366599E-003
    0.544020000000E+005    0.555277695262E-003
    0.544520000000E+005    0.556433851910E-003
    0.545020000000E+005    0.557590831517E-003
    0.545520000000E+005    0.558748629017E-003
    0.546020000000E+005    0.559907239304E-003
    0.546520000000E+005    0.561066657232E-003
    0.547020000000E+005    0.562226877615E-003
    0.547520000000E+005    0.563387895231E-003
    0.548020000000E+005    0.564549704820E-003
    0.548520000000E+005    0.565712301083E-003
    0.549020000000E+005    0.566875678688E-003
    0.549520000000E+005    0.568039832264E-003
    0.550020000000E+005    0.569204756407E-003
    0.550520000000E+005    0.570370445677E-003
    0.551020000000E+005    0.571536894601E-003
    0.551520000000E+005    0.572704097673E-003
    0.552020000000E+005    0.573872049354E-003
    0.552520000000E+005    0.575040744073E-003
    0.553020000000E+005    0.576210176227E-003
    0.553520000000E+005    0.577380340184E-003
    0.554020000000E+005    0.578551230281E-003
    0.554520000000E+005    0.579722840825E-003
    0.555020000000E+005    0.580895166097E-003
    0.555520000000E+005    0.582068200346E-003
    0.556020000000E+005    0.583241937798E-003
    0.556520000000E+005    0.584416372651E-003
    0.557020000000E+005    0.585591499075E-003
    0.557520000000E+005    0.586767311218E-003
    0.558020000000E+005    0.587943803202E-003
    0.558520000000E+005    0.589120969126E-003
    0.559020000000E+005    0.590298803066E-003
    0.559520000000E+005    0.591477299076E-003
    0.560020000000E+005    0.592656451188E-003
    0.560520000000E+005    0.593836253413E-003
    0.561020000000E+005    0.595016699744E-003
    0.561520000000E+005    0.596197784154E-003
    0.562020000000E+005    0.597379500596E-003
    0.562520000000E+005    0.598561843007E-003
    0.563020000000E+005    0.599744805308E-003
    0.563520000000E+005    0.600928381403E-003
    0.564020000000E+005    0.602112565181E-003
    0.564520000000E+005    0.603297350516E-003
    0.565020000000E+005    0.604482731270E-003
    0.565520000000E+005    0.605668701290E-003
    0.566020000000E+005    0.606855254415E-003
    0.566520000000E+005    0.608042384468E-003
    0.567020000000E+005    0.609230085266E-003
    0.567520000000E+005    0.610418350614E-003
    0.568020000000E+005    0.611607174310E-003
    0.568520000000E+005    0.612796550144E-003
    0.569020000000E+005    0.613986471899E-003
    0.569520000000E+005    0.615176933352E-003
    0.570020000000E+005    0.616367928276E-003
    0.570520000000E+005    0.617559450439E-003
    0.571020000000E+005    0.618751493607E-003
    0.571520000000E+005    0.619944051541E-003
    0.572020000000E+005    0.621137118004E-003
    0.572520000000E+005    0.622330686756E-003
    0.573020000000E+005    0.623524751558E-003
    0.573520000000E+005    0.624719306175E-003
    0.574020000000E+005    0.625914344370E-003
    0.574520000000E+005    0.627109859913E-003
    0.575020000000E+005    0.628305846575E-003
    0.575520000000E+005    0.629502298135E-003
    0.576020000000E+005    0.630699208377E-003
    0.576520000000E+005    0.631896571092E-003
    0.577020000000E+005    0.633094380079E-003
    0.577520000000E+005    0.634292629145E-003
    0.578020000000E+005    0.635491312109E-003
    0.578520000000E+005    0.636690422801E-003
    0.579020000000E+005    0.637889955060E-003
    0.579520000000E+005    0.639089902741E-003
    0.580020000000E+005    0.640290259713E-003
    0.580520000000E+005    0.641491019857E-003
    0.581020000000E+005    0.642692177073E-003
    0.581520000000E+005    0.643893725277E-003
    0.582020000000E+005    0.645095658402E-003
    0.582520000000E+005    0.646297970401E-003
    0.583020000000E+005    0.647500655246E-003
    0.583520000000E+005    0.648703706933E-003
    0.584020000000E+005    0.649907119475E-003
    0.584520000000E+005    0.651110886913E-003
    0.585020000000E+005    0.652315003308E-003
    0.585520000000E+005    0.653519462750E-003
    0.586020000000E+005    0.654724259352E-003
    0.586520000000E+005    0.655929387255E-003
    0.587020000000E+005    0.657134840630E-003
    0.587520000000E+005    0.658340613674E-003
    0.588020000000E+005    0.659546700617E-003
    0.588520000000E+005    0.660753095719E-003
    0.589020000000E+005    0.661959793273E-003
    0.589520000000E+005    0.663166787605E-003
    0.590020000000E+005    0.664374073075E-003
    0.590520000000E+005    0.665581644078E-003
    0.591020000000E+005    0.666789495048E-003
    0.591520000000E+005    0.667997620453E-003
    0.592020000000E+005    0.669206014802E-003
    0.592520000000E+005    0.670414672643E-003
    0.593020000000E+005    0.671623588563E-003
    0.593520000000E+005    0.672832757192E-003
    0.594020000000E+005    0.674042173202E-003
    0.594520000000E+005    0.675251831309E-003
    0.595020000000E+005    0.676461726274E-003
    0.595520000000E+005    0.677671852902E-003
    0.596020000000E+005    0.678882206045E-003
    0.596520000000E+005    0.680092780603E-003
    0.597020000000E+005    0.681303571524E-003
    0.597520000000E+005    0.682514573807E-003
    0.598020000000E+005    0.683725782498E-003
    0.598520000000E+005    0.684937192697E-003
    0.599020000000E+005    0.686148799557E-003
    0.599520000000E+005    0.687360598281E-003
    0.600020000000E+005    0.688572584128E-003
    0.600520000000E+005    0.689784752414E-003
    0.601020000000E+005    0.690997098507E-003
    0.601520000000E+005    0.692209617835E-003
    0.602020000000E+005    0.693422305881E-003
    0.602520000000E+005    0.694635158190E-003
    0.603020000000E+005    0.695848170363E-003
    0.603520000000E+005    0.697061338064E-003
    0.604020000000E+005    0.698274657016E-003
    0.604520000000E+005    0.699488123005E-003
    0.605020000000E+005    0.700701731880E-003
    0.605520000000E+005    0.701915479552E-003
    0.606020000000E+005    0.703129361998E-003
    0.606520000000E+005    0.704343375260E-003
    0.607020000000E+005    0.705557515443E-003
    0.607520000000E+005    0.706771778723E-003
    0.608020000000E+005    0.707986161339E-003
    0.608520000000E+005    0.709200659599E-003
    0.609020000000E+005    0.710415269882E-003
    0.609520000000E+005    0.711629988633E-003
    0.610020000000E+005    0.712844812368E-003
    0.610520000000E+005    0.714059737673E-003
    0.611020000000E+005    0.715274761206E-003
    0.611520000000E+005    0.716489879695E-003
    0.612020000000E+005    0.717705089941E-003
    0.612520000000E+005    0.718920388818E-003
    0.613020000000E+005    0.720135773271E-003
    0.613520000000E+005    0.721351240321E-003
    0.614020000000E+005    0.722566787061E-003
    0.614520000000E+005    0.723782410660E-003
    0.615020000000E+005    0.724998108361E-003
    0.615520000000E+005    0.726213877482E-003
    0.616020000000E+005    0.727429715416E-003
    0.616520000000E+005    0.728645619633E-003
    0.617020000000E+005    0.729861587679E-003
    0.617520000000E+005    0.731077617176E-003
    0.618020000000E+005    0.732293705821E-003
    0.618520000000E+005    0.733509851391E-003
    0.619020000000E+005    0.734726051738E-003
    0.619520000000E+005    0.735942304792E-003
    0.620020000000E+005    0.737158608559E-003
    0.620520000000E+005    0.738374961123E-003
    0.621020000000E+005    0.739591360648E-003
    0.621520000000E+005    0.740807805371E-003
    0.622020000000E+005    0.742024293609E-003
    0.622520000000E+005    0.743240823758E-003
    0.623020000000E+005    0.744457394289E-003
    0.623520000000E+005    0.745674003751E-003
    0.624020000000E+005    0.746890650771E-003
    0.624520000000E+005    0.748107334053E-003
    0.625020000000E+005    0.749324052377E-003
    0.625520000000E+005    0.750540804602E-003
    0.626020000000E+005    0.751757589662E-003
    0.626520000000E+005    0.752974406567E-003
    0.627020000000E+005    0.754191254404E-003
    0.627520000000E+005    0.755408132337E-003
    0.628020000000E+005    0.756625039603E-003
    0.628520000000E+005    0.757841975515E-003
    0.629020000000E+005    0.759058939461E-003
    0.629520000000E+005    0.760275930904E-003
    0.630020000000E+005    0.761492949379E-003
    0.630520000000E+005    0.762709994497E-003
    0.631020000000E+005    0.763927065939E-003
    0.631520000000E+005    0.765144163459E-003
    0.632020000000E+005    0.766361286885E-003
    0.632520000000E+005    0.767578436114E-003
    0.633020000000E+005    0.768795611113E-003
    0.633520000000E+005    0.770012811921E-003
    0.634020000000E+005    0.771230038644E-003
    0.634520000000E+005    0.772447291459E-003
    0.635020000000E+005    0.773664570609E-003
    0.635520000000E+005    0.774881876404E-003
    0.636020000000E+005    0.776099209221E-003
    0.636520000000E+005    0.777316569502E-003
    0.637020000000E+005    0.778533957754E-003
    0.637520000000E+005    0.779751374548E-003
    0.638020000000E+005    0.780968820517E-003
    0.638520000000E+005    0.782186296356E-003
    0.639020000000E+005    0.783403802823E-003
    0.639520000000E+005    0.784621340735E-003
    0.640020000000E+005    0.785838910967E-003
    0.640520000000E+005    0.787056514453E-003
    0.641020000000E+005    0.788274152186E-003
    0.641520000000E+005    0.789491825212E-003
    0.642020000000E+005    0.790709534636E-003
    0.642520000000E+005    0.791927281614E-003
    0.643020000000E+005    0.793145067355E-003
    0.643520000000E+005    0.794362893124E-003
    0.644020000000E+005    0.795580760231E-003
    0.644520000000E+005    0.796798670041E-003
    0.645020000000E+005    0.798016623964E-003
    0.645520000000E+005    0.799234623459E-003
    0.646020000000E+005    0.800452670032E-003
    0.646520000000E+005    0.801670765233E-003
    0.647020000000E+005    0.802888910657E-003
    0.647520000000E+005    0.804107107939E-003
    0.648020000000E+005    0.805325358760E-003
    0.648520000000E+005    0.806543664837E-003
    0.649020000000E+005    0.807762027930E-003
    0.649520000000E+005    0.808980449834E-003
    0.650020000000E+005    0.810198932382E-003
    0.650520000000E+005    0.811417477442E-003
    0.651020000000E+005    0.812636086917E-003
    0.651520000000E+005    0.813854762742E-003
    0.652020000000E+005    0.815073506883E-003
    0.652520000000E+005    0.816292321339E-003
    0.653020000000E+005    0.817511208136E-003
    0.653520000000E+005    0.818730169328E-003
    0.654020000000E+005    0.819949206996E-003
    0.654520000000E+005    0.821168323247E-003
    0.655020000000E+005    0.822387520211E-003
    0.655520000000E+005    0.823606800041E-003
    0.656020000000E+005    0.824826164913E-003
    0.656520000000E+005    0.826045617021E-003
    0.657020000000E+005    0.827265158579E-003
    0.657520000000E+005    0.828484791819E-003
    0.658020000000E+005    0.829704518990E-003
    0.658520000000E+005    0.830924342356E-003
    0.659020000000E+005    0.832144264193E-003
    0.659520000000E+005    0.833364286792E-003
    0.660020000000E+005    0.834584412455E-003
    0.660520000000E+005    0.835804643494E-003
    0.661020000000E+005    0.837024982231E-003
    0.661520000000E+005    0.838245430993E-003
    0.662020000000E+005    0.839465992118E-003
    0.662520000000E+005    0.840686667946E-003
    0.663020000000E+005    0.841907460823E-003
    0.663520000000E+005    0.843128373096E-003
    0.664020000000E+005    0.844349407117E-003
    0.664520000000E+005    0.845570565236E-003
    0.665020000000E+005    0.846791849803E-003
    0.665520000000E+005    0.848013263169E-003
    0.666020000000E+005    0.849234807680E-003
    0.666520000000E+005    0.850456485677E-003
    0.667020000000E+005    0.851678299499E-003
    0.667520000000E+005    0.852900251477E-003
    0.668020000000E+005    0.854122343936E-003
    0.668520000000E+005    0.855344579192E-003
    0.669020000000E+005    0.856566959553E-003
    0.669520000000E+005    0.857789487316E-003
    0.670020000000E+005    0.859012164765E-003
    0.670520000000E+005    0.860234994176E-003
    0.671020000000E+005    0.861457977806E-003
    0.671520000000E+005    0.862681117904E-003
    0.672020000000E+005    0.863904416698E-003
    0.672520000000E+005    0.865127876404E-003
    0.673020000000E+005    0.866351499219E-003
    0.673520000000E+005    0.867575287322E-003
    0.674020000000E+005    0.868799242873E-003
    0.674520000000E+005    0.870023368013E-003
    0.675020000000E+005    0.871247664861E-003
    0.675520000000E+005    0.872472135515E-003
    0.676020000000E+005    0.873696782051E-003
    0.676520000000E+005    0.874921606521E-003
    0.677020000000E+005    0.876146610953E-003
    0.677520000000E+005    0.877371797351E-003
    0.678020000000E+005    0.878597167691E-003
    0.678520000000E+005    0.879822723926E-003
    0.679020000000E+005    0.881048467978E-003
    0.679520000000E+005    0.882274401744E-003
    0.680020000000E+005    0.883500527092E-003
    0.680520000000E+005    0.884726845858E-003
    0.681020000000E+005    0.885953359851E-003
    0.681520000000E+005    0.887180070848E-003
    0.682020000000E+005    0.888406980595E-003
    0.682520000000E+005    0.889634090805E-003
    0.683020000000E+005    0.890861403159E-003
    0.683520000000E+005    0.892088919305E-003
    0.684020000000E+005    0.893316640857E-003
    0.684520000000E+005    0.894544569395E-003
    0.685020000000E+005    0.895772706463E-003
    0.685520000000E+005    0.897001053569E-003
    0.686020000000E+005    0.898229612188E-003
    0.686520000000E+005    0.899458383754E-003
    0.687020000000E+005    0.900687369668E-003
    0.687520000000E+005    0.901916571292E-003
    0.688020000000E+005    0.903145989948E-003
    0.688520000000E+005    0.904375626922E-003
    0.689020000000E+005    0.905605483460E-003
    0.689520000000E+005    0.906835560770E-003
    0.690020000000E+005    0.908065860019E-003
    0.690520000000E+005    0.909296382333E-003
    0.691020000000E+005    0.910527128800E-003
    0.691520000000E+005    0.911758100465E-003
    0.692020000000E+005    0.912989298333E-003
    0.692520000000E+005    0.914220723367E-003
    0.693020000000E+005    0.915452376488E-003
    0.693520000000E+005    0.916684258575E-003
    0.694020000000E+005    0.917916370465E-003
    0.694520000000E+005    0.919148712951E-003
    0.695020000000E+005    0.920381286785E-003
    0.695520000000E+005    0.921614092673E-003
    0.696020000000E+005    0.922847131280E-003
    0.696520000000E+005    0.924080403227E-003
    0.697020000000E+005    0.925313909090E-003
    0.697520000000E+005    0.926547649401E-003
    0.698020000000E+005    0.927781624648E-003
    0.698520000000E+005    0.929015835276E-003
    0.699020000000E+005    0.930250281683E-003
    0.699520000000E+005    0.931484964224E-003
    0.700020000000E+005    0.932719883207E-003
    0.700520000000E+005    0.933955038898E-003
    0.701020000000E+005    0.935190431515E-003
    0.701520000000E+005    0.936426061233E-003
    0.702020000000E+005    0.937661928180E-003
    0.702520000000E+005    0.938898032439E-003
    0.703020000000E+005    0.940134374050E-003
    0.703520000000E+005    0.941370953003E-003
    0.704020000000E+005    0.942607769246E-003
    0.704520000000E+005    0.943844822680E-003
    0.705020000000E+005    0.945082113162E-003
    0.705520000000E+005    0.946319640500E-003
    0.706020000000E+005    0.947557404460E-003
    0.706520000000E+005    0.948795404761E-003
    0.707020000000E+005    0.950033641077E-003
    0.707520000000E+005    0.951272113034E-003
    0.708020000000E+005    0.952510820217E-003
    0.708520000000E+005    0.953749762161E-003
    0.709020000000E+005    0.954988938359E-003
    0.709520000000E+005    0.956228348256E-003
    0.710020000000E+005    0.957467991256E-003
    0.710520000000E+005    0.958707866713E-003
    0.711020000000E+005    0.959947973939E-003
    0.711520000000E+005    0.961188312200E-003
    0.712020000000E+005    0.962428880717E-003
    0.712520000000E+005    0.963669678669E-003
    0.713020000000E+005    0.964910705187E-003
    0.713520000000E+005    0.966151959359E-003
    0.714020000000E+005    0.967393440229E-003
    0.714520000000E+005    0.968635146797E-003
    0.715020000000E+005    0.969877078019E-003
    0.715520000000E+005    0.971119232808E-003
    0.716020000000E+005    0.972361610032E-003
    0.716520000000E+005    0.973604208517E-003
    0.717020000000E+005    0.974847027046E-003
    0.717520000000E+005    0.976090064357E-003
    0.718020000000E+005    0.977333319148E-003
    0.718520000000E+005    0.978576790073E-003
    0.719020000000E+005    0.979820475745E-003
    0.719520000000E+005    0.981064374734E-003
    0.720020000000E+005    0.982308485569E-003
    0.720520000000E+005    0.983552806737E-003
    0.721020000000E+005    0.984797336683E-003
    0.721520000000E+005    0.986042073813E-003
    0.722020000000E+005    0.987287016492E-003
    0.722520000000E+005    0.988532163043E-003
    0.723020000000E+005    0.989777511750E-003
    0.723520000000E+005    0.991023060858E-003
    0.724020000000E+005    0.992268808571E-003
    0.724520000000E+005    0.993514753056E-003
    0.725020000000E+005    0.994760892438E-003
    0.725520000000E+005    0.996007224807E-003
    0.726020000000E+005    0.997253748212E-003
    0.726520000000E+005    0.998500460666E-003
    0.727020000000E+005    0.999747360143E-003
    0.727520000000E+005    0.100099444458E-002
    0.728020000000E+005    0.100224171188E-002
    0.728520000000E+005    0.100348915991E-002
    0.729020000000E+005    0.100473678649E-002
    0.729520000000E+005    0.100598458942E-002
    0.730020000000E+005    0.100723256645E-002
    0.730520000000E+005    0.100848071531E-002
    0.731020000000E+005    0.100972903368E-002
    0.731520000000E+005    0.101097751923E-002
    0.732020000000E+005    0.101222616956E-002
    0.732520000000E+005    0.101347498227E-002
    0.733020000000E+005    0.101472395491E-002
    0.733520000000E+005    0.101597308500E-002
    0.734020000000E+005    0.101722237002E-002
    0.734520000000E+005    0.101847180745E-002
    0.735020000000E+005    0.101972139470E-002
    0.735520000000E+005    0.102097112917E-002
    0.736020000000E+005    0.102222100823E-002
    0.736520000000E+005    0.102347102921E-002
    0.737020000000E+005    0.102472118941E-002
    0.737520000000E+005    0.102597148612E-002
    0.738020000000E+005    0.102722191658E-002
    0.738520000000E+005    0.102847247802E-002
    0.739020000000E+005    0.102972316763E-002
    0.739520000000E+005    0.103097398257E-002
    0.740020000000E+005    0.103222491998E-002
    0.740520000000E+005    0.103347597698E-002
    0.741020000000E+005    0.103472715066E-002
    0.741520000000E+005    0.103597843808E-002
    0.742020000000E+005    0.103722983628E-002
    0.742520000000E+005    0.103848134227E-002
    0.743020000000E+005    0.103973295304E-002
    0.743520000000E+005    0.104098466557E-002
    0.744020000000E+005    0.104223647680E-002
    0.744520000000E+005    0.104348838366E-002
    0.745020000000E+005    0.104474038304E-002
    0.745520000000E+005    0.104599247183E-002
    0.746020000000E+005    0.104724464689E-002
    0.746520000000E+005    0.104849690506E-002
    0.747020000000E+005    0.104974924317E-002
    0.747520000000E+005    0.105100165803E-002
    0.748020000000E+005    0.105225414641E-002
    0.748520000000E+005    0.105350670509E-002
    0.749020000000E+005    0.105475933082E-002
    0.749520000000E+005    0.105601202034E-002
    0.750020000000E+005    0.105726477037E-002
    0.750520000000E+005    0.105851757761E-002
    0.751020000000E+005    0.105977043875E-002
    0.751520000000E+005    0.106102335048E-002
    0.752020000000E+005    0.106227630946E-002
    0.752520000000E+005    0.106352931233E-002
    0.753020000000E+005    0.106478235575E-002
    0.753520000000E+005    0.106603543633E-002
    0.754020000000E+005    0.106728855070E-002
    0.754520000000E+005    0.106854169546E-002
    0.755020000000E+005    0.106979486721E-002
    0.755520000000E+005    0.107104806255E-002
    0.756020000000E+005    0.107230127804E-002
    0.756520000000E+005    0.107355451028E-002
    0.757020000000E+005    0.107480775581E-002
    0.757520000000E+005    0.107606101122E-002
    0.758020000000E+005    0.107731427304E-002
    0.758520000000E+005    0.107856753783E-002
    0.759020000000E+005    0.107982080214E-002
    0.759520000000E+005    0.108107406250E-002
    0.760020000000E+005    0.108232731547E-002
    0.760520000000E+005    0.108358055757E-002
    0.761020000000E+005    0.108483378535E-002
    0.761520000000E+005    0.108608699534E-002
    0.762020000000E+005    0.108734018407E-002
    0.762520000000E+005    0.108859334808E-002
    0.763020000000E+005    0.108984648390E-002
    0.763520000000E+005    0.109109958809E-002
    0.764020000000E+005    0.109235265717E-002
    0.764520000000E+005    0.109360568770E-002
    0.765020000000E+005    0.109485867622E-002
    0.765520000000E+005    0.109611161929E-002
    0.766020000000E+005    0.109736451347E-002
    0.766520000000E+005    0.109861735533E-002
    0.767020000000E+005    0.109987014143E-002
    0.767520000000E+005    0.110112286836E-002
    0.768020000000E+005    0.110237553272E-002
    0.768520000000E+005    0.110362813108E-002
    0.769020000000E+005    0.110488066008E-002
    0.769520000000E+005    0.110613311632E-002
    0.770020000000E+005    0.110738549643E-002
    0.770520000000E+005    0.110863779707E-002
    0.771020000000E+005    0.110989001488E-002
    0.771520000000E+005    0.111114214653E-002
    0.772020000000E+005    0.111239418871E-002
    0.772520000000E+005    0.111364613811E-002
    0.773020000000E+005    0.111489799145E-002
    0.773520000000E+005    0.111614974547E-002
    0.774020000000E+005    0.111740139690E-002
    0.774520000000E+005    0.111865294252E-002
    0.775020000000E+005    0.111990437911E-002
    0.775520000000E+005    0.112115570347E-002
    0.776020000000E+005    0.112240691243E-002
    0.776520000000E+005    0.112365800284E-002
    0.777020000000E+005    0.112490897156E-002
    0.777520000000E+005    0.112615981548E-002
    0.778020000000E+005    0.112741053152E-002
    0.778520000000E+005    0.112866111661E-002
    0.779020000000E+005    0.112991156772E-002
    0.779520000000E+005    0.113116188183E-002
    0.780020000000E+005    0.113241205596E-002
    0.780520000000E+005    0.113366208714E-002
    0.781020000000E+005    0.113491197245E-002
    0.781520000000E+005    0.113616170898E-002
    0.782020000000E+005    0.113741129386E-002
    0.782520000000E+005    0.113866072424E-002
    0.783020000000E+005    0.113990999730E-002
    0.783520000000E+005    0.114115911027E-002
    0.784020000000E+005    0.114240806040E-002
    0.784520000000E+005    0.114365684496E-002
    0.785020000000E+005    0.114490546127E-002
    0.785520000000E+005    0.114615390669E-002
    0.786020000000E+005    0.114740217858E-002
    0.786520000000E+005    0.114865027438E-002
    0.787020000000E+005    0.114989819154E-002
    0.787520000000E+005    0.115114592754E-002
    0.788020000000E+005    0.115239347993E-002
    0.788520000000E+005    0.115364084626E-002
    0.789020000000E+005    0.115488802415E-002
    0.789520000000E+005    0.115613501124E-002
    0.790020000000E+005    0.115738180521E-002
    0.790520000000E+005    0.115862840380E-002
    0.791020000000E+005    0.115987480476E-002
    0.791520000000E+005    0.116112100592E-002
    0.792020000000E+005    0.116236700511E-002
    0.792520000000E+005    0.116361280025E-002
    0.793020000000E+005    0.116485838926E-002
    0.793520000000E+005    0.116610377013E-002
    0.794020000000E+005    0.116734894089E-002
    0.794520000000E+005    0.116859389962E-002
    0.795020000000E+005    0.116983864443E-002
    0.795520000000E+005    0.117108317349E-002
    0.796020000000E+005    0.117232748501E-002
    0.796520000000E+005    0.117357157726E-002
    0.797020000000E+005    0.117481544854E-002
    0.797520000000E+005    0.117605909722E-002
    0.798020000000E+005    0.117730252170E-002
    0.798520000000E+005    0.117854572044E-002
    0.799020000000E+005    0.117978869194E-002
    0.799520000000E+005    0.118103143477E-002
    0.800020000000E+005    0.118227394753E-002
    0.800520000000E+005    0.118351622888E-002
    0.801020000000E+005    0.118475827754E-002
    0.801520000000E+005    0.118600009226E-002
    0.802020000000E+005    0.118724167187E-002
    0.802520000000E+005    0.118848301524E-002
    0.803020000000E+005    0.118972412128E-002
    0.803520000000E+005    0.119096498898E-002
    0.804020000000E+005    0.119220561737E-002
    0.804520000000E+005    0.119344600553E-002
    0.805020000000E+005    0.119468615260E-002
    0.805520000000E+005    0.119592605777E-002
    0.806020000000E+005    0.119716572030E-002
    0.806520000000E+005    0.119840513950E-002
    0.807020000000E+005    0.119964431472E-002
    0.807520000000E+005    0.120088324538E-002
    0.808020000000E+005    0.120212193095E-002
    0.808520000000E+005    0.120336037096E-002
    0.809020000000E+005    0.120459856500E-002
    0.809520000000E+005    0.120583651271E-002
    0.810020000000E+005    0.120707421379E-002
    0.810520000000E+005    0.120831166799E-002
    0.811020000000E+005    0.120954887513E-002
    0.811520000000E+005    0.121078583508E-002
    0.812020000000E+005    0.121202254776E-002
    0.812520000000E+005    0.121325901315E-002
    0.813020000000E+005    0.121449523131E-002
    0.813520000000E+005    0.121573120231E-002
    0.814020000000E+005    0.121696692632E-002
    0.814520000000E+005    0.121820240356E-002
    0.815020000000E+005    0.121943763428E-002
    0.815520000000E+005    0.122067261881E-002
    0.816020000000E+005    0.122190735754E-002
    0.816520000000E+005    0.122314185090E-002
    0.817020000000E+005    0.122437609939E-002
    0.817520000000E+005    0.122561010356E-002
    0.818020000000E+005    0.122684386402E-002
    0.818520000000E+005    0.122807738143E-002
    0.819020000000E+005    0.122931065650E-002
    0.819520000000E+005    0.123054369002E-002
    0.820020000000E+005    0.123177648281E-002
    0.820520000000E+005    0.123300903576E-002
    0.821020000000E+005    0.123424134980E-002
    0.821520000000E+005    0.123547342593E-002
    0.822020000000E+005    0.123670526520E-002
    0.822520000000E+005    0.123793686870E-002
    0.823020000000E+005    0.123916823760E-002
    0.823520000000E+005    0.124039937310E-002
    0.824020000000E+005    0.124163027645E-002
    0.824520000000E+005    0.124286094896E-002
    0.825020000000E+005    0.124409139201E-002
    0.825520000000E+005    0.124532160701E-002
    0.826020000000E+005    0.124655159541E-002
    0.826520000000E+005    0.124778135873E-002
    0.827020000000E+005    0.124901089854E-002
    0.827520000000E+005    0.125024021645E-002
    0.828020000000E+005    0.125146931411E-002
    0.828520000000E+005    0.125269819324E-002
    0.829020000000E+005    0.125392685560E-002
    0.829520000000E+005    0.125515530298E-002
    0.830020000000E+005    0.125638353723E-002
    0.830520000000E+005    0.125761156025E-002
    0.831020000000E+005    0.125883937397E-002
    0.831520000000E+005    0.126006698037E-002
    0.832020000000E+005    0.126129438149E-002
    0.832520000000E+005    0.126252157938E-002
    0.833020000000E+005    0.126374857616E-002
    0.833520000000E+005    0.126497537398E-002
    0.834020000000E+005    0.126620197501E-002
    0.834520000000E+005    0.126742838151E-002
    0.835020000000E+005    0.126865459572E-002
    0.835520000000E+005    0.126988061996E-002
    0.836020000000E+005    0.127110645657E-002
    0.836520000000E+005    0.127233210793E-002
    0.837020000000E+005    0.127355757645E-002
    0.837520000000E+005    0.127478286458E-002
    0.838020000000E+005    0.127600797480E-002
    0.838520000000E+005    0.127723290962E-002
    0.839020000000E+005    0.127845767159E-002
    0.839520000000E+005    0.127968226329E-002
    0.840020000000E+005    0.128090668733E-002
    0.840520000000E+005    0.128213094633E-002
    0.841020000000E+005    0.128335504296E-002
    0.841520000000E+005    0.128457897991E-002
    0.842020000000E+005    0.128580275989E-002
    0.842520000000E+005    0.128702638566E-002
    0.843020000000E+005    0.128824985996E-002
    0.843520000000E+005    0.128947318560E-002
    0.844020000000E+005    0.129069636538E-002
    0.844520000000E+005    0.129191940212E-002
    0.845020000000E+005    0.129314229870E-002
    0.845520000000E+005    0.129436505796E-002
    0.846020000000E+005    0.129558768281E-002
    0.846520000000E+005    0.129681017615E-002
    0.847020000000E+005    0.129803254089E-002
    0.847520000000E+005    0.129925477998E-002
    0.848020000000E+005    0.130047689636E-002
    0.848520000000E+005    0.130169889301E-002
    0.849020000000E+005    0.130292077288E-002
    0.849520000000E+005    0.130414253898E-002
    0.850020000000E+005    0.130536419429E-002
    0.850520000000E+005    0.130658574183E-002
    0.851020000000E+005    0.130780718459E-002
    0.851520000000E+005    0.130902852560E-002
    0.852020000000E+005    0.131024976789E-002
    0.852520000000E+005    0.131147091447E-002
    0.853020000000E+005    0.131269196840E-002
    0.853520000000E+005    0.131391293269E-002
    0.854020000000E+005    0.131513381038E-002
    0.854520000000E+005    0.131635460452E-002
    0.855020000000E+005    0.131757531813E-002
    0.855520000000E+005    0.131879595425E-002
    0.856020000000E+005    0.132001651591E-002
    0.856520000000E+005    0.132123700613E-002
    0.857020000000E+005    0.132245742795E-002
    0.857520000000E+005    0.132367778437E-002
    0.858020000000E+005    0.132489807840E-002
    0.858520000000E+005    0.132611831306E-002
    0.859020000000E+005    0.132733849132E-002
    0.859520000000E+005    0.132855861617E-002
    0.860020000000E+005    0.132977869058E-002
    0.860520000000E+005    0.133099871752E-002
    0.861020000000E+005    0.133221869993E-002
    0.861520000000E+005    0.133343864074E-002
    0.862020000000E+005    0.133465854288E-002
    0.862520000000E+005    0.133587840924E-002
    0.863020000000E+005    0.133709824271E-002
    0.863520000000E+005    0.133831804616E-002
    0.864020000000E+005    0.133953782244E-002
    0.864520000000E+005    0.134075757438E-002
    0.865020000000E+005    0.134197730479E-002
    0.865520000000E+005    0.134319701646E-002
    0.866020000000E+005    0.134441671215E-002
    0.866520000000E+005    0.134563639462E-002
    0.867020000000E+005    0.134685606657E-002
    0.867520000000E+005    0.134807573071E-002
    0.868020000000E+005    0.134929538970E-002
    0.868520000000E+005    0.135051504619E-002
    0.869020000000E+005    0.135173470278E-002
    0.869520000000E+005    0.135295436208E-002
    0.870020000000E+005    0.135417402663E-002
    0.870520000000E+005    0.135539369897E-002
    0.871020000000E+005    0.135661338160E-002
    0.871520000000E+005    0.135783307698E-002
    0.872020000000E+005    0.135905278754E-002
    0.872520000000E+005    0.136027251569E-002
    0.873020000000E+005    0.136149226380E-002
    0.873520000000E+005    0.136271203420E-002
    0.874020000000E+005    0.136393182920E-002
    0.874520000000E+005    0.136515165105E-002
    0.875020000000E+005    0.136637150199E-002
    0.875520000000E+005    0.136759138420E-002
    0.876020000000E+005    0.136881129984E-002
    0.876520000000E+005    0.137003125102E-002
    0.877020000000E+005    0.137125123983E-002
    0.877520000000E+005    0.137247126829E-002
    0.878020000000E+005    0.137369133841E-002
    0.878520000000E+005    0.137491145214E-002
    0.879020000000E+005    0.137613161139E-002
    0.879520000000E+005    0.137735181804E-002
    0.880020000000E+005    0.137857207392E-002
    0.880520000000E+005    0.137979238082E-002
    0.881020000000E+005    0.138101274048E-002
    0.881520000000E+005    0.138223315461E-002
    0.882020000000E+005    0.138345362485E-002
    0.882520000000E+005    0.138467415282E-002
    0.883020000000E+005    0.138589474010E-002
    0.883520000000E+005    0.138711538819E-002
    0.884020000000E+005    0.138833609857E-002
    0.884520000000E+005    0.138955687268E-002
    0.885020000000E+005    0.139077771188E-002
    0.885520000000E+005    0.139199861752E-002
    0.886020000000E+005    0.139321959088E-002
    0.886520000000E+005    0.139444063320E-002
    0.887020000000E+005    0.139566174567E-002
    0.887520000000E+005    0.139688292942E-002
    0.888020000000E+005    0.139810418556E-002
    0.888520000000E+005    0.139932551511E-002
    0.889020000000E+005    0.140054691908E-002
    0.889520000000E+005    0.140176839840E-002
    0.890020000000E+005    0.140298995396E-002
    0.890520000000E+005    0.140421158661E-002
    0.891020000000E+005    0.140543329714E-002
    0.891520000000E+005    0.140665508628E-002
    0.892020000000E+005    0.140787695473E-002
    0.892520000000E+005    0.140909890311E-002
    0.893020000000E+005    0.141032093202E-002
    0.893520000000E+005    0.141154304199E-002
    0.894020000000E+005    0.141276523349E-002
    0.894520000000E+005    0.141398750696E-002
    0.895020000000E+005    0.141520986278E-002
    0.895520000000E+005    0.141643230126E-002
    0.896020000000E+005    0.141765482267E-002
    0.896520000000E+005    0.141887742725E-002
    0.897020000000E+005    0.142010011514E-002
    0.897520000000E+005    0.142132288647E-002
    0.898020000000E+005    0.142254574130E-002
    0.898520000000E+005    0.142376867962E-002
    0.899020000000E+005    0.142499170140E-002
    0.899520000000E+005    0.142621480654E-002
    0.900020000000E+005    0.142743799489E-002
    0.900520000000E+005    0.142866126624E-002
    0.901020000000E+005    0.142988462032E-002
    0.901520000000E+005    0.143110805684E-002
    0.902020000000E+005    0.143233157542E-002
    0.902520000000E+005    0.143355517566E-002
    0.903020000000E+005    0.143477885707E-002
    0.903520000000E+005    0.143600261914E-002
    0.904020000000E+005    0.143722646129E-002
    0.904520000000E+005    0.143845038289E-002
    0.905020000000E+005    0.143967438326E-002
    0.905520000000E+005    0.144089846166E-002
    0.906020000000E+005    0.144212261732E-002
    0.906520000000E+005    0.144334684939E-002
    0.907020000000E+005    0.144457115698E-002
    0.907520000000E+005    0.144579553914E-002
    0.908020000000E+005    0.144701999489E-002
    0.908520000000E+005    0.144824452318E-002
    0.909020000000E+005    0.144946912291E-002
    0.909520000000E+005    0.145069379292E-002
    0.910020000000E+005    0.145191853203E-002
    0.910520000000E+005    0.145314333897E-002
    0.911020000000E+005    0.145436821245E-002
    0.911520000000E+005    0.145559315112E-002
    0.912020000000E+005    0.145681815356E-002
    0.912520000000E+005    0.145804321833E-002
    0.913020000000E+005    0.145926834393E-002
    0.913520000000E+005    0.146049352880E-002
    0.914020000000E+005    0.146171877134E-002
    0.914520000000E+005    0.146294406990E-002
    0.915020000000E+005    0.146416942278E-002
    0.915520000000E+005    0.146539482823E-002
    0.916020000000E+005    0.146662028447E-002
    0.916520000000E+005    0.146784578963E-002
    0.917020000000E+005    0.146907134184E-002
    0.917520000000E+005    0.147029693916E-002
    0.918020000000E+005    0.147152257960E-002
    0.918520000000E+005    0.147274826112E-002
    0.919020000000E+005    0.147397398166E-002
    0.919520000000E+005    0.147519973908E-002
    0.920020000000E+005    0.147642553123E-002
    0.920520000000E+005    0.147765135588E-002
    0.921020000000E+005    0.147887721078E-002
    0.921520000000E+005    0.148010309362E-002
    0.922020000000E+005    0.148132900207E-002
    0.922520000000E+005    0.148255493372E-002
    0.923020000000E+005    0.148378088615E-002
    0.923520000000E+005    0.148500685689E-002
    0.924020000000E+005    0.148623284341E-002
    0.924520000000E+005    0.148745884315E-002
    0.925020000000E+005    0.148868485352E-002
    0.925520000000E+005    0.148991087188E-002
    0.926020000000E+005    0.149113689554E-002
    0.926520000000E+005    0.149236292179E-002
    0.927020000000E+005    0.149358894786E-002
    0.927520000000E+005    0.149481497095E-002
    0.928020000000E+005    0.149604098823E-002
    0.928520000000E+005    0.149726699682E-002
    0.929020000000E+005    0.149849299381E-002
    0.929520000000E+005    0.149971897625E-002
    0.930020000000E+005    0.150094494114E-002
    0.930520000000E+005    0.150217088548E-002
    0.931020000000E+005    0.150339680620E-002
    0.931520000000E+005    0.150462270021E-002
    0.932020000000E+005    0.150584856438E-002
    0.932520000000E+005    0.150707439555E-002
    0.933020000000E+005    0.150830019054E-002
    0.933520000000E+005    0.150952594611E-002
    0.934020000000E+005    0.151075165900E-002
    0.934520000000E+005    0.151197732593E-002
    0.935020000000E+005    0.151320294358E-002
    0.935520000000E+005    0.151442850859E-002
    0.936020000000E+005    0.151565401758E-002
    0.936520000000E+005    0.151687946715E-002
    0.937020000000E+005    0.151810485386E-002
    0.937520000000E+005    0.151933017424E-002
    0.938020000000E+005    0.152055542479E-002
    0.938520000000E+005    0.152178060200E-002
    0.939020000000E+005    0.152300570232E-002
    0.939520000000E+005    0.152423072219E-002
    0.940020000000E+005    0.152545565799E-002
    0.940520000000E+005    0.152668050611E-002
    0.941020000000E+005    0.152790526292E-002
    0.941520000000E+005    0.152912992473E-002
    0.942020000000E+005    0.153035448786E-002
    0.942520000000E+005    0.153157894860E-002
    0.943020000000E+005    0.153280330321E-002
    0.943520000000E+005    0.153402754795E-002
    0.944020000000E+005    0.153525167904E-002
    0.944520000000E+005    0.153647569269E-002
    0.945020000000E+005    0.153769958509E-002
    0.945520000000E+005    0.153892335242E-002
    0.946020000000E+005    0.154014699082E-002
    0.946520000000E+005    0.154137049644E-002
    0.947020000000E+005    0.154259386539E-002
    0.947520000000E+005    0.154381709380E-002
    0.948020000000E+005    0.154504017776E-002
    0.948520000000E+005    0.154626311334E-002
    0.949020000000E+005    0.154748589661E-002
    0.949520000000E+005    0.154870852363E-002
    0.950020000000E+005    0.154993099045E-002
    0.950520000000E+005    0.155115329309E-002
    0.951020000000E+005    0.155237542759E-002
    0.951520000000E+005    0.155359738996E-002
    0.952020000000E+005    0.155481917619E-002
    0.952520000000E+005    0.155604078230E-002
    0.953020000000E+005    0.155726220427E-002
    0.953520000000E+005    0.155848343809E-002
    0.954020000000E+005    0.155970447974E-002
    0.954520000000E+005    0.156092532518E-002
    0.955020000000E+005    0.156214597039E-002
    0.955520000000E+005    0.156336641135E-002
    0.956020000000E+005    0.156458664400E-002
    0.956520000000E+005    0.156580666431E-002
    0.957020000000E+005    0.156702646825E-002
    0.957520000000E+005    0.156824605177E-002
    0.958020000000E+005    0.156946541083E-002
    0.958520000000E+005    0.157068454140E-002
    0.959020000000E+005    0.157190343943E-002
    0.959520000000E+005    0.157312210090E-002
    0.960020000000E+005    0.157434052177E-002
    0.960520000000E+005    0.157555869801E-002
    0.961020000000E+005    0.157677662561E-002
    0.961520000000E+005    0.157799430053E-002
    0.962020000000E+005    0.157921171878E-002
    0.962520000000E+005    0.158042887635E-002
    0.963020000000E+005    0.158164576924E-002
    0.963520000000E+005    0.158286239347E-002
    0.964020000000E+005    0.158407874505E-002
    0.964520000000E+005    0.158529482002E-002
    0.965020000000E+005    0.158651061442E-002
    0.965520000000E+005    0.158772612430E-002
    0.966020000000E+005    0.158894134573E-002
    0.966520000000E+005    0.159015627479E-002
    0.967020000000E+005    0.159137090756E-002
    0.967520000000E+005    0.159258524016E-002
    0.968020000000E+005    0.159379926871E-002
    0.968520000000E+005    0.159501298934E-002
    0.969020000000E+005    0.159622639822E-002
    0.969520000000E+005    0.159743949150E-002
    0.970020000000E+005    0.159865226539E-002
    0.970520000000E+005    0.159986471608E-002
    0.971020000000E+005    0.160107683982E-002
    0.971520000000E+005    0.160228863284E-002
    0.972020000000E+005    0.160350009142E-002
    0.972520000000E+005    0.160471121185E-002
    0.973020000000E+005    0.160592199044E-002
    0.973520000000E+005    0.160713242353E-002
    0.974020000000E+005    0.160834250748E-002
    0.974520000000E+005    0.160955223867E-002
    0.975020000000E+005    0.161076161352E-002
    0.975520000000E+005    0.161197062847E-002
    0.976020000000E+005    0.161317927997E-002
    0.976520000000E+005    0.161438756452E-002
    0.977020000000E+005    0.161559547864E-002
    0.977520000000E+005    0.161680301887E-002
    0.978020000000E+005    0.161801018180E-002
    0.978520000000E+005    0.161921696402E-002
    0.979020000000E+005    0.162042336218E-002
    0.979520000000E+005    0.162162937295E-002
    0.980020000000E+005    0.162283499303E-002
    0.980520000000E+005    0.162404021915E-002
    0.981020000000E+005    0.162524504808E-002
    0.981520000000E+005    0.162644947663E-002
    0.982020000000E+005    0.162765350162E-002
    0.982520000000E+005    0.162885711993E-002
    0.983020000000E+005    0.163006032848E-002
    0.983520000000E+005    0.163126312419E-002
    0.984020000000E+005    0.163246550405E-002
    0.984520000000E+005    0.163366746509E-002
    0.985020000000E+005    0.163486900435E-002
    0.985520000000E+005    0.163607011894E-002
    0.986020000000E+005    0.163727080599E-002
    0.986520000000E+005    0.163847106268E-002
    0.987020000000E+005    0.163967088621E-002
    0.987520000000E+005    0.164087027385E-002
    0.988020000000E+005    0.164206922289E-002
    0.988520000000E+005    0.164326773068E-002
    0.989020000000E+005    0.164446579460E-002
    0.989520000000E+005    0.164566341208E-002
    0.990020000000E+005    0.164686058058E-002
    0.990520000000E+005    0.164805729762E-002
    0.991020000000E+005    0.164925356076E-002
    0.991520000000E+005    0.165044936759E-002
    0.992020000000E+005    0.165164471578E-002
    0.992520000000E+005    0.165283960302E-002
    0.993020000000E+005    0.165403402704E-002
    0.993520000000E+005    0.165522798564E-002
    0.994020000000E+005    0.165642147665E-002
    0.994520000000E+005    0.165761449796E-002
    0.995020000000E+005    0.165880704749E-002
    0.995520000000E+005    0.165999912324E-002
    0.996020000000E+005    0.166119072321E-002
    0.996520000000E+005    0.166238184551E-002
    0.997020000000E+005    0.166357248824E-002
    0.997520000000E+005    0.166476264959E-002
    0.998020000000E+005    0.166595232779E-002
    0.998520000000E+005    0.166714152111E-002
    0.999020000000E+005    0.166833022788E-002
    0.999520000000E+005    0.166951844649E-002
