1.38655200e-02
1.83311461e-02
2.37083291e-02
2.99647059e-02
3.71296695e-02
4.49730774e-02
5.28443561e-02
6.07496380e-02
6.86665843e-02
7.66026660e-02
8.45844897e-02
9.26101050e-02
1.00675555e-01
1.08786954e-01
1.16964722e-01
1.25209396e-01
1.33515085e-01
1.41886249e-01
1.50326989e-01
1.58841025e-01
1.67445592e-01
1.76128834e-01
1.84891506e-01
1.93735088e-01
2.02660374e-01
2.11667355e-01
2.20755099e-01
2.29921611e-01
2.39163669e-01
2.48476662e-01
2.57854400e-01
2.67288933e-01
2.76783978e-01
2.86320656e-01
2.95879431e-01
3.05442931e-01
3.14999890e-01
3.24537640e-01
3.34011109e-01
3.43404450e-01
3.52688028e-01
3.61816426e-01
3.70770827e-01
3.79497161e-01
3.87972507e-01
3.96151969e-01
4.04008953e-01
4.11514273e-01
4.18646741e-01
4.25391816e-01
4.31741767e-01
4.37694665e-01
4.43255999e-01
4.48435938e-01
4.53247729e-01
4.57709924e-01
4.61840297e-01
4.65660375e-01
4.69190328e-01
4.72450879e-01
4.75462193e-01
4.78243482e-01
4.80811572e-01
4.83186340e-01
4.85380429e-01
4.87408399e-01
4.89286796e-01
4.91024144e-01
4.92631321e-01
4.94120923e-01
4.95501096e-01
4.96778331e-01
4.97959963e-01
4.99053326e-01
5.00066568e-01
5.01001964e-01
5.01864236e-01
5.02657590e-01
5.03385761e-01
5.04052118e-01
5.04661843e-01
5.05214935e-01
5.05713602e-01
5.06159754e-01
5.06555026e-01
5.06900806e-01
5.07198258e-01
5.07448336e-01
5.07651812e-01
5.07809282e-01
5.07921193e-01
5.07988509e-01
5.08010737e-01
5.07987836e-01
5.07919772e-01
5.07806420e-01
5.07647570e-01
5.07442938e-01
5.07192172e-01
5.06894860e-01
5.06550538e-01
5.06158696e-01
5.05718782e-01
5.05230210e-01
5.04692365e-01
5.04104606e-01
5.03466273e-01
5.02776690e-01
5.02035167e-01
5.01241011e-01
5.00393522e-01
4.99491999e-01
4.98535746e-01
4.97524075e-01
4.96456304e-01
4.95331769e-01
4.94149821e-01
4.92909832e-01
4.91611196e-01
4.90253338e-01
4.88835712e-01
4.87357807e-01
4.85819154e-01
4.84219325e-01
4.82557941e-01
4.80834678e-01
4.79049270e-01
4.77201121e-01
4.75289780e-01
4.73315708e-01
4.71278924e-01
4.69179541e-01
4.67017774e-01
4.64793954e-01
4.62508534e-01
4.60162106e-01
4.57755411e-01
4.55289354e-01
4.52765022e-01
4.50183695e-01
4.47543155e-01
4.44848441e-01
4.42101615e-01
4.39304963e-01
4.36461074e-01
4.33572874e-01
4.30643647e-01
4.27671352e-01
4.24665620e-01
4.21631064e-01
4.18572767e-01
4.15496319e-01
4.12402889e-01
4.09303002e-01
4.06205397e-01
4.03118034e-01
4.00047060e-01
3.97001559e-01
3.93994634e-01
3.91036674e-01
3.88136889e-01
3.85308008e-01
3.82563414e-01
3.79915138e-01
3.77375977e-01
3.74959077e-01
3.72676513e-01
3.70540883e-01
3.68566525e-01
3.66761699e-01
3.65136328e-01
3.63701130e-01
3.62467694e-01
3.61438431e-01
3.60619076e-01
3.60014232e-01
3.59629789e-01
3.59469020e-01
3.59529151e-01
3.59810172e-01
3.60311120e-01
3.61030156e-01
3.61964652e-01
3.63111292e-01
3.64466162e-01
3.66024854e-01
3.67782559e-01
3.69734157e-01
3.71874301e-01
3.74197501e-01
3.76698186e-01
3.79370774e-01
3.82209724e-01
3.85209578e-01
3.88365009e-01
3.91670846e-01
3.95122099e-01
3.98713971e-01
4.02441058e-01
4.06298792e-01
4.10282976e-01
4.14389658e-01
4.18613221e-01
4.22949672e-01
4.27396771e-01
4.31951492e-01
4.36607159e-01
4.41360951e-01
4.46213021e-01
4.51160201e-01
4.56191814e-01
4.61314158e-01
4.66525689e-01
4.71811461e-01
4.77181727e-01
4.82634651e-01
4.88154375e-01
4.93754665e-01
4.99427972e-01
5.05166839e-01
5.10983331e-01
5.16859378e-01
5.22805996e-01
5.28820775e-01
5.34892341e-01
5.41038571e-01
5.47232992e-01
5.53498939e-01
5.59819643e-01
5.66201824e-01
5.72644795e-01
5.79140130e-01
5.85701463e-01
5.92307093e-01
5.98982818e-01
6.05695903e-01
6.12481798e-01
6.19299300e-01
6.26189463e-01
6.33109148e-01
6.40099465e-01
6.47116021e-01
6.54201544e-01
6.61308839e-01
6.68481201e-01
6.75674592e-01
6.82925602e-01
6.90198194e-01
6.97518628e-01
7.04862519e-01
7.12242232e-01
7.19648627e-01
7.27076773e-01
7.34536205e-01
7.42001547e-01
7.49504188e-01