4.66127766e-04
1.29495431e-03
2.30452991e-03
3.49037666e-03
4.84285000e-03
6.35613622e-03
8.02185006e-03
9.82831486e-03
1.17705913e-02
1.38404966e-02
1.60262753e-02
1.83201254e-02
2.07147875e-02
2.32009284e-02
2.57651161e-02
2.83974570e-02
3.10895652e-02
3.38299885e-02
3.66066101e-02
3.94066020e-02
4.21598925e-02
4.47944924e-02
4.73177796e-02
4.97264666e-02
5.20167766e-02
5.41844801e-02
5.62249365e-02
5.81331465e-02
5.99038167e-02
6.15314414e-02
6.30104053e-02
6.43351102e-02
6.54920358e-02
6.64791593e-02
6.72946449e-02
6.79349264e-02
6.83912798e-02
6.86540710e-02
6.87382323e-02
6.86368599e-02
6.83540225e-02
6.79108689e-02
6.73053260e-02
6.65758073e-02
6.57324381e-02
6.48183312e-02
6.38624166e-02
6.29066192e-02
6.19917876e-02
6.11584918e-02
6.04451843e-02
5.98886855e-02
5.95170384e-02
5.93524384e-02
5.94147119e-02
5.97055998e-02
6.02368754e-02
6.09935552e-02
6.19778136e-02
6.31676261e-02
6.45534486e-02
6.61170432e-02
6.78353452e-02
6.97024767e-02
7.16895272e-02
7.37819504e-02
7.59715081e-02
7.82361045e-02
8.05635079e-02
8.29463512e-02
8.53726329e-02
8.78311772e-02
9.03143031e-02
9.28159917e-02
9.53322947e-02
9.78549106e-02
1.00379466e-01
1.02902194e-01
1.05419865e-01
1.07929771e-01
1.10431177e-01
1.12920210e-01
1.15395258e-01
1.17854987e-01
1.20298314e-01
1.22724371e-01
1.25132484e-01
1.27522145e-01
1.29892998e-01
1.32244819e-01
1.34577500e-01
1.36891390e-01
1.39186217e-01
1.41462106e-01
1.43719323e-01
1.45958202e-01
1.48179144e-01
1.50382611e-01
1.52569121e-01
1.54739247e-01
1.56893613e-01
1.59032895e-01
1.61157816e-01
1.63269149e-01
1.65367714e-01
1.67454379e-01
1.69530062e-01
1.71595728e-01
1.73652392e-01
1.75701122e-01
1.77743036e-01
1.79779309e-01
1.81811170e-01
1.83839907e-01
1.85866869e-01
1.87893468e-01
1.89921182e-01
1.91951556e-01
1.93986210e-01
1.96026835e-01
1.98075202e-01
2.00133166e-01
2.02202663e-01
2.04285721e-01
2.06384461e-01
2.08501100e-01
2.10637956e-01
2.12797337e-01
2.14981693e-01
2.17193831e-01
2.19436516e-01
2.21712634e-01
2.24025196e-01
2.26377345e-01
2.28772352e-01
2.31213625e-01
2.33704708e-01
2.36249283e-01
2.38851170e-01
2.41514325e-01
2.44242250e-01
2.47039798e-01
2.49911350e-01
2.52861399e-01
2.55894550e-01
2.59015505e-01
2.62229049e-01
2.65539703e-01
2.68952874e-01
2.72473491e-01
2.76106469e-01
2.79856666e-01
2.83729003e-01
2.87728205e-01
2.91858679e-01
2.96124596e-01
3.00530090e-01
3.05078817e-01
3.09773445e-01
3.14616425e-01
3.19609981e-01
3.24755126e-01
3.30051947e-01
3.35500068e-01
3.41098112e-01
3.46843685e-01
3.52733817e-01
3.58764377e-01
3.64929312e-01
3.71224168e-01
3.77642889e-01
3.84177874e-01
3.90819546e-01
3.97562894e-01
4.04400213e-01
4.11323666e-01
4.18323245e-01
4.25389724e-01
4.32518707e-01
4.39702976e-01
4.46935635e-01
4.54210170e-01
4.61520484e-01
4.68860936e-01
4.76226350e-01
4.83612031e-01
4.91013764e-01
4.98427800e-01
5.05850848e-01
5.13280054e-01
5.20712972e-01
5.28147545e-01
5.35582070e-01
5.43015173e-01
5.50445778e-01
5.57873075e-01
5.65296495e-01
5.72706259e-01
5.80106828e-01
5.87501706e-01
5.94891088e-01
6.02275297e-01
6.09643540e-01
6.16998953e-01
6.24349657e-01
6.31696376e-01
6.39026596e-01
6.46343897e-01
6.53658756e-01
6.60969379e-01
6.68255621e-01
6.75541484e-01
6.82827953e-01
6.90087897e-01
6.97348991e-01
7.04610791e-01
7.11847714e-01
7.19089119e-01
7.26324415e-01
7.33544671e-01
7.40771893e-01
7.47980563e-01
7.55189852e-01
7.62397883e-01
7.69590975e-01
7.76794860e-01
7.83976508e-01
7.91167346e-01
7.98347709e-01
8.05527126e-01
8.12705773e-01
8.19875302e-01
8.27051773e-01
8.34212826e-01
8.41386618e-01
8.48540474e-01
8.55711038e-01
8.62858846e-01
8.70024467e-01
8.77168404e-01
8.84329694e-01
8.91469549e-01
8.98627050e-01
9.05762748e-01
9.12915010e-01
9.20048699e-01
9.27195612e-01
9.34328540e-01
9.41470354e-01
9.48604077e-01
9.55741520e-01
9.62878026e-01
9.70012413e-01
9.77154231e-01
9.84287561e-01
9.91437853e-01