1.46159096e-03
2.25764007e-03
3.27943222e-03
4.51230222e-03
5.94976987e-03
7.58798550e-03
9.42604390e-03
1.14654337e-02
1.37075706e-02
1.61557566e-02
1.88153670e-02
2.16919340e-02
2.47917814e-02
2.81228154e-02
3.16955304e-02
3.55204468e-02
3.96084872e-02
4.38295350e-02
4.80616391e-02
5.23204388e-02
5.66148978e-02
6.09493930e-02
6.53301801e-02
6.97637296e-02
7.42565152e-02
7.88150034e-02
8.34456313e-02
8.81547730e-02
9.29486914e-02
9.78334770e-02
1.02814972e-01
1.07898679e-01
1.13094451e-01
1.18405035e-01
1.23832651e-01
1.29380192e-01
1.35053322e-01
1.40857952e-01
1.46785234e-01
1.52839217e-01
1.59017511e-01
1.65308131e-01
1.71713033e-01
1.78211730e-01
1.84800877e-01
1.91459745e-01
1.98176877e-01
2.04934882e-01
2.11718061e-01
2.18511590e-01
2.25302032e-01
2.32076515e-01
2.38825991e-01
2.45543175e-01
2.52220252e-01
2.58857304e-01
2.65446744e-01
2.71994089e-01
2.78493300e-01
2.84951097e-01
2.91365817e-01
2.97740413e-01
3.04080941e-01
3.10382027e-01
3.16654235e-01
3.22899126e-01
3.29114038e-01
3.35307503e-01
3.41481725e-01
3.47635742e-01
3.53773161e-01
3.59897941e-01
3.66011928e-01
3.72116205e-01
3.78210547e-01
3.84299445e-01
3.90384361e-01
3.96466670e-01
4.02547663e-01
4.08628505e-01
4.14708664e-01
4.20791157e-01
4.26876965e-01
4.32967001e-01
4.39062114e-01
4.45163096e-01
4.51270678e-01
4.57385535e-01
4.63508291e-01
4.69639514e-01
4.75779723e-01
4.81928997e-01
4.88088169e-01
4.94257673e-01
5.00437834e-01
5.06628929e-01
5.12831195e-01
5.19044825e-01
5.25269968e-01
5.31506735e-01
5.37755194e-01
5.44015371e-01
5.50287252e-01
5.56570783e-01
5.62865867e-01
5.69172368e-01
5.75490107e-01
5.81818864e-01
5.88158375e-01
5.94508337e-01
6.00868399e-01
6.07238169e-01
6.13617209e-01
6.20005032e-01
6.26401108e-01
6.32804854e-01
6.39215638e-01
6.45632778e-01
6.52055535e-01
6.58483116e-01
6.64914668e-01
6.71349279e-01
6.77785975e-01
6.84223712e-01
6.90661380e-01
6.97097796e-01
7.03531700e-01
7.09961888e-01
7.16387038e-01
7.22805451e-01
7.29215521e-01
7.35615545e-01
7.42003713e-01
7.48378107e-01
7.54736692e-01
7.61077312e-01
7.67397681e-01
7.73695380e-01
7.79967847e-01
7.86212372e-01
7.92426972e-01
7.98607760e-01
8.04751511e-01
8.10854841e-01
8.16914186e-01
8.22925797e-01
8.28885740e-01
8.34790818e-01
8.40635680e-01
8.46415804e-01
8.52126490e-01
8.57762870e-01
8.63320397e-01
8.68793368e-01
8.74176342e-01
8.79463944e-01
8.84650824e-01
8.89731418e-01
8.94700194e-01
8.99551884e-01
9.04281297e-01
9.08883524e-01
9.13354091e-01
9.17688852e-01
9.21884187e-01
9.25937102e-01
9.29845090e-01
9.33606454e-01
9.37220874e-01
9.40687443e-01
9.44006448e-01
9.47179528e-01
9.50210150e-01
9.53099077e-01
9.55849237e-01
9.58464079e-01
9.60949221e-01
9.63310281e-01
9.65549351e-01
9.67671128e-01
9.69680441e-01
9.71582181e-01
9.73381238e-01
9.75082439e-01
9.76690494e-01
9.78209957e-01
9.79645181e-01
9.81000291e-01
9.82279159e-01
9.83485387e-01
9.84622298e-01
9.85692925e-01
9.86700017e-01
9.87646038e-01
9.88533173e-01
9.89363341e-01
9.90138201e-01
9.90871208e-01
9.91558165e-01
9.92195728e-01
9.92784669e-01
9.93325561e-01
9.93834412e-01
9.94308514e-01
9.94737698e-01
9.95121854e-01
9.95480469e-01
9.95809924e-01
9.96095703e-01
9.96341406e-01
9.96579803e-01
9.96774784e-01
9.96925427e-01
9.97077185e-01
9.97186253e-01
9.97253982e-01
9.97325180e-01
9.97350983e-01
9.97350583e-01
9.97341259e-01
9.97284689e-01
9.97228367e-01
9.97138480e-01
9.97019342e-01
9.96898254e-01
9.96726862e-01
9.96570645e-01
9.96369065e-01
9.96162309e-01
9.95932448e-01
9.95680107e-01
9.95423973e-01
9.95131288e-01
9.94851089e-01
9.94523666e-01
9.94221900e-01
9.93865767e-01
9.93545285e-01
9.93169558e-01
9.92830963e-01
9.92439881e-01
9.92089454e-01
9.91687744e-01
9.91331929e-01
9.90929685e-01
9.90569914e-01
9.90174637e-01
9.89814839e-01
9.89433736e-01
9.89077438e-01
9.88717064e-01
9.88367028e-01
9.88032885e-01
9.87690702e-01
9.87386827e-01
9.87052509e-01