TITLE = "0D Field KB"
VARIABLES = N ,"KB_Ha100Rem10Re10000"
ZONE DATAPACKING = POINT
    0.200000000000E+001    0.799992000074E-009
    0.520000000000E+002    0.540524274496E-006
    0.102000000000E+003    0.207869963314E-005
    0.152000000000E+003    0.461382874298E-005
    0.202000000000E+003    0.814441596971E-005
    0.252000000000E+003    0.126689669840E-004
    0.302000000000E+003    0.181859873844E-004
    0.352000000000E+003    0.246939796329E-004
    0.402000000000E+003    0.321914381291E-004
    0.452000000000E+003    0.406768429006E-004
    0.502000000000E+003    0.501486527396E-004
    0.552000000000E+003    0.606052986017E-004
    0.602000000000E+003    0.720451778606E-004
    0.652000000000E+003    0.844666497357E-004
    0.702000000000E+003    0.978680319903E-004
    0.752000000000E+003    0.112247598840E-003
    0.802000000000E+003    0.127603579933E-003
    0.852000000000E+003    0.143934160217E-003
    0.902000000000E+003    0.161237480531E-003
    0.952000000000E+003    0.179511638733E-003
    0.100200000000E+004    0.198754691237E-003
    0.105200000000E+004    0.218964654830E-003
    0.110200000000E+004    0.240139508676E-003
    0.115200000000E+004    0.262277196426E-003
    0.120200000000E+004    0.285375628375E-003
    0.125200000000E+004    0.309432683622E-003
    0.130200000000E+004    0.334446212205E-003
    0.135200000000E+004    0.360414037170E-003
    0.140200000000E+004    0.387333956575E-003
    0.145200000000E+004    0.415203745410E-003
    0.150200000000E+004    0.444021157423E-003
    0.155200000000E+004    0.473783926854E-003
    0.160200000000E+004    0.504489770074E-003
    0.165200000000E+004    0.536136387130E-003
    0.170200000000E+004    0.568721463192E-003
    0.175200000000E+004    0.602242669916E-003
    0.180200000000E+004    0.636697666719E-003
    0.185200000000E+004    0.672084101971E-003
    0.190200000000E+004    0.708399614109E-003
    0.195200000000E+004    0.745641832675E-003
    0.200200000000E+004    0.783808379289E-003
    0.205200000000E+004    0.822896868553E-003
    0.210200000000E+004    0.862904908893E-003
    0.215200000000E+004    0.903830103346E-003
    0.220200000000E+004    0.945670050290E-003
    0.225200000000E+004    0.988422344127E-003
    0.230200000000E+004    0.103208457592E-002
    0.235200000000E+004    0.107665433398E-002
    0.240200000000E+004    0.112212920441E-002
    0.245200000000E+004    0.116850677163E-002
    0.250200000000E+004    0.121578461886E-002
    0.255200000000E+004    0.126396032854E-002
    0.260200000000E+004    0.131303148274E-002
    0.265200000000E+004    0.136299566360E-002
    0.270200000000E+004    0.141385045360E-002
    0.275200000000E+004    0.146559343597E-002
    0.280200000000E+004    0.151822219498E-002
    0.285200000000E+004    0.157173431618E-002
    0.290200000000E+004    0.162612738675E-002
    0.295200000000E+004    0.168139899569E-002
    0.300200000000E+004    0.173754673406E-002
    0.305200000000E+004    0.179456819522E-002
    0.310200000000E+004    0.185246097502E-002
    0.315200000000E+004    0.191122267199E-002
    0.320200000000E+004    0.197085088748E-002
    0.325200000000E+004    0.203134322589E-002
    0.330200000000E+004    0.209269729476E-002
    0.335200000000E+004    0.215491070492E-002
    0.340200000000E+004    0.221798107067E-002
    0.345200000000E+004    0.228190600983E-002
    0.350200000000E+004    0.234668314387E-002
    0.355200000000E+004    0.241231009807E-002
    0.360200000000E+004    0.247878450154E-002
    0.365200000000E+004    0.254610398735E-002
    0.370200000000E+004    0.261426619259E-002
    0.375200000000E+004    0.268326875849E-002
    0.380200000000E+004    0.275310933042E-002
    0.385200000000E+004    0.282378555803E-002
    0.390200000000E+004    0.289529509523E-002
    0.395200000000E+004    0.296763560034E-002
    0.400200000000E+004    0.304080473603E-002
    0.405200000000E+004    0.311480016947E-002
    0.410200000000E+004    0.318961957230E-002
    0.415200000000E+004    0.326526062070E-002
    0.420200000000E+004    0.334172099541E-002
    0.425200000000E+004    0.341899838179E-002
    0.430200000000E+004    0.349709046981E-002
    0.435200000000E+004    0.357599495410E-002
    0.440200000000E+004    0.365570953397E-002
    0.445200000000E+004    0.373623191341E-002
    0.450200000000E+004    0.381755980115E-002
    0.455200000000E+004    0.389969091065E-002
    0.460200000000E+004    0.398262296008E-002
    0.465200000000E+004    0.406635367242E-002
    0.470200000000E+004    0.415088077538E-002
    0.475200000000E+004    0.423620200146E-002
    0.480200000000E+004    0.432231508793E-002
    0.485200000000E+004    0.440921777687E-002
    0.490200000000E+004    0.449690781514E-002
    0.495200000000E+004    0.458538295439E-002
    0.500200000000E+004    0.467464095108E-002
    0.505200000000E+004    0.476467956645E-002
    0.510200000000E+004    0.485549656654E-002
    0.515200000000E+004    0.494708972219E-002
    0.520200000000E+004    0.503945680904E-002
    0.525200000000E+004    0.513259560749E-002
    0.530200000000E+004    0.522650390275E-002
    0.535200000000E+004    0.532117948478E-002
    0.540200000000E+004    0.541662014834E-002
    0.545200000000E+004    0.551282369294E-002
    0.550200000000E+004    0.560978792285E-002
    0.555200000000E+004    0.570751064708E-002
    0.560200000000E+004    0.580598967939E-002
    0.565200000000E+004    0.590522283829E-002
    0.570200000000E+004    0.600520794697E-002
    0.575200000000E+004    0.610594283337E-002
    0.580200000000E+004    0.620742533011E-002
    0.585200000000E+004    0.630965327452E-002
    0.590200000000E+004    0.641262450860E-002
    0.595200000000E+004    0.651633687902E-002
    0.600200000000E+004    0.662078823710E-002
    0.605200000000E+004    0.672597643883E-002
    0.610200000000E+004    0.683189934480E-002
    0.615200000000E+004    0.693855482025E-002
    0.620200000000E+004    0.704594073501E-002
    0.625200000000E+004    0.715405496351E-002
    0.630200000000E+004    0.726289538477E-002
    0.635200000000E+004    0.737245988237E-002
    0.640200000000E+004    0.748274634444E-002
    0.645200000000E+004    0.759375266368E-002
    0.650200000000E+004    0.770547673728E-002
    0.655200000000E+004    0.781791646698E-002
    0.660200000000E+004    0.793106975899E-002
    0.665200000000E+004    0.804493452403E-002
    0.670200000000E+004    0.815950867729E-002
    0.675200000000E+004    0.827479013840E-002
    0.680200000000E+004    0.839077683147E-002
    0.685200000000E+004    0.850746668500E-002
    0.690200000000E+004    0.862485763193E-002
    0.695200000000E+004    0.874294760960E-002
    0.700200000000E+004    0.886173455974E-002
    0.705200000000E+004    0.898121642845E-002
    0.710200000000E+004    0.910139116619E-002
    0.715200000000E+004    0.922225672776E-002
    0.720200000000E+004    0.934381107229E-002
    0.725200000000E+004    0.946605216325E-002
    0.730200000000E+004    0.958897796838E-002
    0.735200000000E+004    0.971258645973E-002
    0.740200000000E+004    0.983687561362E-002
    0.745200000000E+004    0.996184341062E-002
    0.750200000000E+004    0.100874878356E-001
    0.755200000000E+004    0.102138068775E-001
    0.760200000000E+004    0.103407985297E-001
    0.765200000000E+004    0.104684607896E-001
    0.770200000000E+004    0.105967916589E-001
    0.775200000000E+004    0.107257891435E-001
    0.780200000000E+004    0.108554512533E-001
    0.785200000000E+004    0.109857760025E-001
    0.790200000000E+004    0.111167614094E-001
    0.795200000000E+004    0.112484054963E-001
    0.800200000000E+004    0.113807062899E-001
    0.805200000000E+004    0.115136618207E-001
    0.810200000000E+004    0.116472701233E-001
    0.815200000000E+004    0.117815292366E-001
    0.820200000000E+004    0.119164372033E-001
    0.825200000000E+004    0.120519920703E-001
    0.830200000000E+004    0.121881918885E-001
    0.835200000000E+004    0.123250347127E-001
    0.840200000000E+004    0.124625186018E-001
    0.845200000000E+004    0.126006416187E-001
    0.850200000000E+004    0.127394018303E-001
    0.855200000000E+004    0.128787973073E-001
    0.860200000000E+004    0.130188261244E-001
    0.865200000000E+004    0.131594863605E-001
    0.870200000000E+004    0.133007760981E-001
    0.875200000000E+004    0.134426934237E-001
    0.880200000000E+004    0.135852364277E-001
    0.885200000000E+004    0.137284032046E-001
    0.890200000000E+004    0.138721918523E-001
    0.895200000000E+004    0.140166004730E-001
    0.900200000000E+004    0.141616271726E-001
    0.905200000000E+004    0.143072700608E-001
    0.910200000000E+004    0.144535272511E-001
    0.915200000000E+004    0.146003968609E-001
    0.920200000000E+004    0.147478770115E-001
    0.925200000000E+004    0.148959658276E-001
    0.930200000000E+004    0.150446614381E-001
    0.935200000000E+004    0.151939619755E-001
    0.940200000000E+004    0.153438655760E-001
    0.945200000000E+004    0.154943703796E-001
    0.950200000000E+004    0.156454745300E-001
    0.955200000000E+004    0.157971761748E-001
    0.960200000000E+004    0.159494734649E-001
    0.965200000000E+004    0.161023645554E-001
    0.970200000000E+004    0.162558476047E-001
    0.975200000000E+004    0.164099207750E-001
    0.980200000000E+004    0.165645822322E-001
    0.985200000000E+004    0.167198301459E-001
    0.990200000000E+004    0.168756626892E-001
    0.995200000000E+004    0.170320780389E-001
    0.100020000000E+005    0.171890743755E-001
    0.100520000000E+005    0.173466498830E-001
    0.101020000000E+005    0.175048027491E-001
    0.101520000000E+005    0.176635311648E-001
    0.102020000000E+005    0.178228333252E-001
    0.102520000000E+005    0.179827074285E-001
    0.103020000000E+005    0.181431516767E-001
    0.103520000000E+005    0.183041642753E-001
    0.104020000000E+005    0.184657434332E-001
    0.104520000000E+005    0.186278873631E-001
    0.105020000000E+005    0.187905942810E-001
    0.105520000000E+005    0.189538624065E-001
    0.106020000000E+005    0.191176899626E-001
    0.106520000000E+005    0.192820751760E-001
    0.107020000000E+005    0.194470162766E-001
    0.107520000000E+005    0.196125114981E-001
    0.108020000000E+005    0.197785590773E-001
    0.108520000000E+005    0.199451572547E-001
    0.109020000000E+005    0.201123042742E-001
    0.109520000000E+005    0.202799983831E-001
    0.110020000000E+005    0.204482378320E-001
    0.110520000000E+005    0.206170208752E-001
    0.111020000000E+005    0.207863457701E-001
    0.111520000000E+005    0.209562107777E-001
    0.112020000000E+005    0.211266141624E-001
    0.112520000000E+005    0.212975541918E-001
    0.113020000000E+005    0.214690291370E-001
    0.113520000000E+005    0.216410372723E-001
    0.114020000000E+005    0.218135768757E-001
    0.114520000000E+005    0.219866462282E-001
    0.115020000000E+005    0.221602436143E-001
    0.115520000000E+005    0.223343673217E-001
    0.116020000000E+005    0.225090156415E-001
    0.116520000000E+005    0.226841868682E-001
    0.117020000000E+005    0.228598792994E-001
    0.117520000000E+005    0.230360912361E-001
    0.118020000000E+005    0.232128209826E-001
    0.118520000000E+005    0.233900668464E-001
    0.119020000000E+005    0.235678271384E-001
    0.119520000000E+005    0.237461001726E-001
    0.120020000000E+005    0.239248842663E-001
    0.120520000000E+005    0.241041777401E-001
    0.121020000000E+005    0.242839789178E-001
    0.121520000000E+005    0.244642861264E-001
    0.122020000000E+005    0.246450976961E-001
    0.122520000000E+005    0.248264119603E-001
    0.123020000000E+005    0.250082272558E-001
    0.123520000000E+005    0.251905419223E-001
    0.124020000000E+005    0.253733543029E-001
    0.124520000000E+005    0.255566627437E-001
    0.125020000000E+005    0.257404655941E-001
    0.125520000000E+005    0.259247612067E-001
    0.126020000000E+005    0.261095479372E-001
    0.126520000000E+005    0.262948241443E-001
    0.127020000000E+005    0.264805881901E-001
    0.127520000000E+005    0.266668384397E-001
    0.128020000000E+005    0.268535732613E-001
    0.128520000000E+005    0.270407910262E-001
    0.129020000000E+005    0.272284901089E-001
    0.129520000000E+005    0.274166688870E-001
    0.130020000000E+005    0.276053257412E-001
    0.130520000000E+005    0.277944590551E-001
    0.131020000000E+005    0.279840672157E-001
    0.131520000000E+005    0.281741486128E-001
    0.132020000000E+005    0.283647016393E-001
    0.132520000000E+005    0.285557246915E-001
    0.133020000000E+005    0.287472161682E-001
    0.133520000000E+005    0.289391744718E-001
    0.134020000000E+005    0.291315980072E-001
    0.134520000000E+005    0.293244851828E-001
    0.135020000000E+005    0.295178344099E-001
    0.135520000000E+005    0.297116441025E-001
    0.136020000000E+005    0.299059126781E-001
    0.136520000000E+005    0.301006385568E-001
    0.137020000000E+005    0.302958201620E-001
    0.137520000000E+005    0.304914559199E-001
    0.138020000000E+005    0.306875442598E-001
    0.138520000000E+005    0.308840836140E-001
    0.139020000000E+005    0.310810724175E-001
    0.139520000000E+005    0.312785091086E-001
    0.140020000000E+005    0.314763921285E-001
    0.140520000000E+005    0.316747199211E-001
    0.141020000000E+005    0.318734909337E-001
    0.141520000000E+005    0.320727036160E-001
    0.142020000000E+005    0.322723564211E-001
    0.142520000000E+005    0.324724478047E-001
    0.143020000000E+005    0.326729762257E-001
    0.143520000000E+005    0.328739401457E-001
    0.144020000000E+005    0.330753380293E-001
    0.144520000000E+005    0.332771683439E-001
    0.145020000000E+005    0.334794295601E-001
    0.145520000000E+005    0.336821201510E-001
    0.146020000000E+005    0.338852385929E-001
    0.146520000000E+005    0.340887833647E-001
    0.147020000000E+005    0.342927529484E-001
    0.147520000000E+005    0.344971458288E-001
    0.148020000000E+005    0.347019604936E-001
    0.148520000000E+005    0.349071954332E-001
    0.149020000000E+005    0.351128491410E-001
    0.149520000000E+005    0.353189201131E-001
    0.150020000000E+005    0.355254068487E-001
    0.150520000000E+005    0.357323078496E-001
    0.151020000000E+005    0.359396216206E-001
    0.151520000000E+005    0.361473466690E-001
    0.152020000000E+005    0.363554815053E-001
    0.152520000000E+005    0.365640246425E-001
    0.153020000000E+005    0.367729745967E-001
    0.153520000000E+005    0.369823298866E-001
    0.154020000000E+005    0.371920890337E-001
    0.154520000000E+005    0.374022505624E-001
    0.155020000000E+005    0.376128129997E-001
    0.155520000000E+005    0.378237748756E-001
    0.156020000000E+005    0.380351347226E-001
    0.156520000000E+005    0.382468910763E-001
    0.157020000000E+005    0.384590424747E-001
    0.157520000000E+005    0.386715874589E-001
    0.158020000000E+005    0.388845245725E-001
    0.158520000000E+005    0.390978523619E-001
    0.159020000000E+005    0.393115693763E-001
    0.159520000000E+005    0.395256741676E-001
    0.160020000000E+005    0.397401652905E-001
    0.160520000000E+005    0.399550413021E-001
    0.161020000000E+005    0.401703007628E-001
    0.161520000000E+005    0.403859422351E-001
    0.162020000000E+005    0.406019642846E-001
    0.162520000000E+005    0.408183654795E-001
    0.163020000000E+005    0.410351443906E-001
    0.163520000000E+005    0.412522995915E-001
    0.164020000000E+005    0.414698296585E-001
    0.164520000000E+005    0.416877331706E-001
    0.165020000000E+005    0.419060087093E-001
    0.165520000000E+005    0.421246548588E-001
    0.166020000000E+005    0.423436702063E-001
    0.166520000000E+005    0.425630533412E-001
    0.167020000000E+005    0.427828028559E-001
    0.167520000000E+005    0.430029173453E-001
    0.168020000000E+005    0.432233954068E-001
    0.168520000000E+005    0.434442356408E-001
    0.169020000000E+005    0.436654366501E-001
    0.169520000000E+005    0.438869970401E-001
    0.170020000000E+005    0.441089154190E-001
    0.170520000000E+005    0.443311903975E-001
    0.171020000000E+005    0.445538205888E-001
    0.171520000000E+005    0.447768046090E-001
    0.172020000000E+005    0.450001410766E-001
    0.172520000000E+005    0.452238286127E-001
    0.173020000000E+005    0.454478658412E-001
    0.173520000000E+005    0.456722513883E-001
    0.174020000000E+005    0.458969838831E-001
    0.174520000000E+005    0.461220619569E-001
    0.175020000000E+005    0.463474842440E-001
    0.175520000000E+005    0.465732493809E-001
    0.176020000000E+005    0.467993560070E-001
    0.176520000000E+005    0.470258027640E-001
    0.177020000000E+005    0.472525882963E-001
    0.177520000000E+005    0.474797112509E-001
    0.178020000000E+005    0.477071702771E-001
    0.178520000000E+005    0.479349640270E-001
    0.179020000000E+005    0.481630911551E-001
    0.179520000000E+005    0.483915503187E-001
    0.180020000000E+005    0.486203401772E-001
    0.180520000000E+005    0.488494593929E-001
    0.181020000000E+005    0.490789066304E-001
    0.181520000000E+005    0.493086805569E-001
    0.182020000000E+005    0.495387798421E-001
    0.182520000000E+005    0.497692031584E-001
    0.183020000000E+005    0.499999491803E-001
    0.183520000000E+005    0.502310165851E-001
    0.184020000000E+005    0.504624040526E-001
    0.184520000000E+005    0.506941102650E-001
    0.185020000000E+005    0.509261339069E-001
    0.185520000000E+005    0.511584736657E-001
    0.186020000000E+005    0.513911282309E-001
    0.186520000000E+005    0.516240962947E-001
    0.187020000000E+005    0.518573765517E-001
    0.187520000000E+005    0.520909676990E-001
    0.188020000000E+005    0.523248684362E-001
    0.188520000000E+005    0.525590774652E-001
    0.189020000000E+005    0.527935934906E-001
    0.189520000000E+005    0.530284152192E-001
    0.190020000000E+005    0.532635413604E-001
    0.190520000000E+005    0.534989706260E-001
    0.191020000000E+005    0.537347017303E-001
    0.191520000000E+005    0.539707333898E-001
    0.192020000000E+005    0.542070643237E-001
    0.192520000000E+005    0.544436932535E-001
    0.193020000000E+005    0.546806189031E-001
    0.193520000000E+005    0.549178399990E-001
    0.194020000000E+005    0.551553552698E-001
    0.194520000000E+005    0.553931634468E-001
    0.195020000000E+005    0.556312632636E-001
    0.195520000000E+005    0.558696534560E-001
    0.196020000000E+005    0.561083327626E-001
    0.196520000000E+005    0.563472999240E-001
    0.197020000000E+005    0.565865536834E-001
    0.197520000000E+005    0.568260927864E-001
    0.198020000000E+005    0.570659159808E-001
    0.198520000000E+005    0.573060220171E-001
    0.199020000000E+005    0.575464096478E-001
    0.199520000000E+005    0.577870776280E-001
    0.200020000000E+005    0.580280247150E-001
    0.200520000000E+005    0.582692496687E-001
    0.201020000000E+005    0.585107512511E-001
    0.201520000000E+005    0.587525282268E-001
    0.202020000000E+005    0.589945793625E-001
    0.202520000000E+005    0.592369034274E-001
    0.203020000000E+005    0.594794991930E-001
    0.203520000000E+005    0.597223654331E-001
    0.204020000000E+005    0.599655009239E-001
    0.204520000000E+005    0.602089044439E-001
    0.205020000000E+005    0.604525747739E-001
    0.205520000000E+005    0.606965106971E-001
    0.206020000000E+005    0.609407109989E-001
    0.206520000000E+005    0.611851744670E-001
    0.207020000000E+005    0.614298998917E-001
    0.207520000000E+005    0.616748860652E-001
    0.208020000000E+005    0.619201317822E-001
    0.208520000000E+005    0.621656358398E-001
    0.209020000000E+005    0.624113970371E-001
    0.209520000000E+005    0.626574141759E-001
    0.210020000000E+005    0.629036860599E-001
    0.210520000000E+005    0.631502114953E-001
    0.211020000000E+005    0.633969892905E-001
    0.211520000000E+005    0.636440182562E-001
    0.212020000000E+005    0.638912972053E-001
    0.212520000000E+005    0.641388249532E-001
    0.213020000000E+005    0.643866003173E-001
    0.213520000000E+005    0.646346221173E-001
    0.214020000000E+005    0.648828891753E-001
    0.214520000000E+005    0.651314003156E-001
    0.215020000000E+005    0.653801543647E-001
    0.215520000000E+005    0.656291501513E-001
    0.216020000000E+005    0.658783865064E-001
    0.216520000000E+005    0.661278622634E-001
    0.217020000000E+005    0.663775762576E-001
    0.217520000000E+005    0.666275273269E-001
    0.218020000000E+005    0.668777143111E-001
    0.218520000000E+005    0.671281360524E-001
    0.219020000000E+005    0.673787913952E-001
    0.219520000000E+005    0.676296791862E-001
    0.220020000000E+005    0.678807982740E-001
    0.220520000000E+005    0.681321475099E-001
    0.221020000000E+005    0.683837257469E-001
    0.221520000000E+005    0.686355318406E-001
    0.222020000000E+005    0.688875646485E-001
    0.222520000000E+005    0.691398230306E-001
    0.223020000000E+005    0.693923058488E-001
    0.223520000000E+005    0.696450119674E-001
    0.224020000000E+005    0.698979402527E-001
    0.224520000000E+005    0.701510895734E-001
    0.225020000000E+005    0.704044588002E-001
    0.225520000000E+005    0.706580468060E-001
    0.226020000000E+005    0.709118524660E-001
    0.226520000000E+005    0.711658746574E-001
    0.227020000000E+005    0.714201122597E-001
    0.227520000000E+005    0.716745641545E-001
    0.228020000000E+005    0.719292292256E-001
    0.228520000000E+005    0.721841063588E-001
    0.229020000000E+005    0.724391944422E-001
    0.229520000000E+005    0.726944923661E-001
    0.230020000000E+005    0.729499990228E-001
    0.230520000000E+005    0.732057133068E-001
    0.231020000000E+005    0.734616341147E-001
    0.231520000000E+005    0.737177603453E-001
    0.232020000000E+005    0.739740908996E-001
    0.232520000000E+005    0.742306246805E-001
    0.233020000000E+005    0.744873605932E-001
    0.233520000000E+005    0.747442975450E-001
    0.234020000000E+005    0.750014344452E-001
    0.234520000000E+005    0.752587702055E-001
    0.235020000000E+005    0.755163037393E-001
    0.235520000000E+005    0.757740339624E-001
    0.236020000000E+005    0.760319597926E-001
    0.236520000000E+005    0.762900801500E-001
    0.237020000000E+005    0.765483939564E-001
    0.237520000000E+005    0.768069001360E-001
    0.238020000000E+005    0.770655976151E-001
    0.238520000000E+005    0.773244853219E-001
    0.239020000000E+005    0.775835621867E-001
    0.239520000000E+005    0.778428271422E-001
    0.240020000000E+005    0.781022791228E-001
    0.240520000000E+005    0.783619170651E-001
    0.241020000000E+005    0.786217399078E-001
    0.241520000000E+005    0.788817465917E-001
    0.242020000000E+005    0.791419360596E-001
    0.242520000000E+005    0.794023072563E-001
    0.243020000000E+005    0.796628591289E-001
    0.243520000000E+005    0.799235906263E-001
    0.244020000000E+005    0.801845006995E-001
    0.244520000000E+005    0.804455883018E-001
    0.245020000000E+005    0.807068523881E-001
    0.245520000000E+005    0.809682919157E-001
    0.246020000000E+005    0.812299058438E-001
    0.246520000000E+005    0.814916931336E-001
    0.247020000000E+005    0.817536527486E-001
    0.247520000000E+005    0.820157836539E-001
    0.248020000000E+005    0.822780848170E-001
    0.248520000000E+005    0.825405552071E-001
    0.249020000000E+005    0.828031937958E-001
    0.249520000000E+005    0.830659995564E-001
    0.250020000000E+005    0.833289714644E-001
    0.250520000000E+005    0.835921084971E-001
    0.251020000000E+005    0.838554096341E-001
    0.251520000000E+005    0.841188738567E-001
    0.252020000000E+005    0.843825001485E-001
    0.252520000000E+005    0.846462874948E-001
    0.253020000000E+005    0.849102348832E-001
    0.253520000000E+005    0.851743413030E-001
    0.254020000000E+005    0.854386057458E-001
    0.254520000000E+005    0.857030272048E-001
    0.255020000000E+005    0.859676046755E-001
    0.255520000000E+005    0.862323371553E-001
    0.256020000000E+005    0.864972236436E-001
    0.256520000000E+005    0.867622631416E-001
    0.257020000000E+005    0.870274546526E-001
    0.257520000000E+005    0.872927971820E-001
    0.258020000000E+005    0.875582897370E-001
    0.258520000000E+005    0.878239313267E-001
    0.259020000000E+005    0.880897209624E-001
    0.259520000000E+005    0.883556576571E-001
    0.260020000000E+005    0.886217404258E-001
    0.260520000000E+005    0.888879682857E-001
    0.261020000000E+005    0.891543402556E-001
    0.261520000000E+005    0.894208553565E-001
    0.262020000000E+005    0.896875126112E-001
    0.262520000000E+005    0.899543110446E-001
    0.263020000000E+005    0.902212496832E-001
    0.263520000000E+005    0.904883275558E-001
    0.264020000000E+005    0.907555436930E-001
    0.264520000000E+005    0.910228971272E-001
    0.265020000000E+005    0.912903868929E-001
    0.265520000000E+005    0.915580120264E-001
    0.266020000000E+005    0.918257715661E-001
    0.266520000000E+005    0.920936645520E-001
    0.267020000000E+005    0.923616900264E-001
    0.267520000000E+005    0.926298470331E-001
    0.268020000000E+005    0.928981346181E-001
    0.268520000000E+005    0.931665518292E-001
    0.269020000000E+005    0.934350977161E-001
    0.269520000000E+005    0.937037713305E-001
    0.270020000000E+005    0.939725717257E-001
    0.270520000000E+005    0.942414979574E-001
    0.271020000000E+005    0.945105490826E-001
    0.271520000000E+005    0.947797241605E-001
    0.272020000000E+005    0.950490222524E-001
    0.272520000000E+005    0.953184424209E-001
    0.273020000000E+005    0.955879837310E-001
    0.273520000000E+005    0.958576452494E-001
    0.274020000000E+005    0.961274260445E-001
    0.274520000000E+005    0.963973251869E-001
    0.275020000000E+005    0.966673417488E-001
    0.275520000000E+005    0.969374748043E-001
    0.276020000000E+005    0.972077234294E-001
    0.276520000000E+005    0.974780867021E-001
    0.277020000000E+005    0.977485637021E-001
    0.277520000000E+005    0.980191535108E-001
    0.278020000000E+005    0.982898552118E-001
    0.278520000000E+005    0.985606678902E-001
    0.279020000000E+005    0.988315906333E-001
    0.279520000000E+005    0.991026225299E-001
    0.280020000000E+005    0.993737626709E-001
    0.280520000000E+005    0.996450101488E-001
    0.281020000000E+005    0.999163640581E-001
    0.281520000000E+005    0.100187823495E+000
    0.282020000000E+005    0.100459387558E+000
    0.282520000000E+005    0.100731055347E+000
    0.283020000000E+005    0.101002825963E+000
    0.283520000000E+005    0.101274698510E+000
    0.284020000000E+005    0.101546672093E+000
    0.284520000000E+005    0.101818745820E+000
    0.285020000000E+005    0.102090918800E+000
    0.285520000000E+005    0.102363190143E+000
    0.286020000000E+005    0.102635558963E+000
    0.286520000000E+005    0.102908024372E+000
    0.287020000000E+005    0.103180585489E+000
    0.287520000000E+005    0.103453241430E+000
    0.288020000000E+005    0.103725991316E+000
    0.288520000000E+005    0.103998834267E+000
    0.289020000000E+005    0.104271769409E+000
    0.289520000000E+005    0.104544795865E+000
    0.290020000000E+005    0.104817912762E+000
    0.290520000000E+005    0.105091119230E+000
    0.291020000000E+005    0.105364414399E+000
    0.291520000000E+005    0.105637797401E+000
    0.292020000000E+005    0.105911267370E+000
    0.292520000000E+005    0.106184823442E+000
    0.293020000000E+005    0.106458464755E+000
    0.293520000000E+005    0.106732190448E+000
    0.294020000000E+005    0.107005999662E+000
    0.294520000000E+005    0.107279891540E+000
    0.295020000000E+005    0.107553865226E+000
    0.295520000000E+005    0.107827919868E+000
    0.296020000000E+005    0.108102054612E+000
    0.296520000000E+005    0.108376268609E+000
    0.297020000000E+005    0.108650561012E+000
    0.297520000000E+005    0.108924930972E+000
    0.298020000000E+005    0.109199377645E+000
    0.298520000000E+005    0.109473900188E+000
    0.299020000000E+005    0.109748497759E+000
    0.299520000000E+005    0.110023169520E+000
    0.300020000000E+005    0.110297914631E+000
    0.300520000000E+005    0.110572732257E+000
    0.301020000000E+005    0.110847621562E+000
    0.301520000000E+005    0.111122581716E+000
    0.302020000000E+005    0.111397611885E+000
    0.302520000000E+005    0.111672711242E+000
    0.303020000000E+005    0.111947878957E+000
    0.303520000000E+005    0.112223114206E+000
    0.304020000000E+005    0.112498416164E+000
    0.304520000000E+005    0.112773784009E+000
    0.305020000000E+005    0.113049216919E+000
    0.305520000000E+005    0.113324714076E+000
    0.306020000000E+005    0.113600274663E+000
    0.306520000000E+005    0.113875897863E+000
    0.307020000000E+005    0.114151582862E+000
    0.307520000000E+005    0.114427328849E+000
    0.308020000000E+005    0.114703135012E+000
    0.308520000000E+005    0.114979000542E+000
    0.309020000000E+005    0.115254924634E+000
    0.309520000000E+005    0.115530906479E+000
    0.310020000000E+005    0.115806945276E+000
    0.310520000000E+005    0.116083040221E+000
    0.311020000000E+005    0.116359190514E+000
    0.311520000000E+005    0.116635395356E+000
    0.312020000000E+005    0.116911653950E+000
    0.312520000000E+005    0.117187965500E+000
    0.313020000000E+005    0.117464329213E+000
    0.313520000000E+005    0.117740744296E+000
    0.314020000000E+005    0.118017209958E+000
    0.314520000000E+005    0.118293725411E+000
    0.315020000000E+005    0.118570289867E+000
    0.315520000000E+005    0.118846902541E+000
    0.316020000000E+005    0.119123562649E+000
    0.316520000000E+005    0.119400269408E+000
    0.317020000000E+005    0.119677022037E+000
    0.317520000000E+005    0.119953819759E+000
    0.318020000000E+005    0.120230661794E+000
    0.318520000000E+005    0.120507547368E+000
    0.319020000000E+005    0.120784475707E+000
    0.319520000000E+005    0.121061446037E+000
    0.320020000000E+005    0.121338457588E+000
    0.320520000000E+005    0.121615509591E+000
    0.321020000000E+005    0.121892601277E+000
    0.321520000000E+005    0.122169731882E+000
    0.322020000000E+005    0.122446900640E+000
    0.322520000000E+005    0.122724106789E+000
    0.323020000000E+005    0.123001349567E+000
    0.323520000000E+005    0.123278628216E+000
    0.324020000000E+005    0.123555941976E+000
    0.324520000000E+005    0.123833290093E+000
    0.325020000000E+005    0.124110671810E+000
    0.325520000000E+005    0.124388086375E+000
    0.326020000000E+005    0.124665533037E+000
    0.326520000000E+005    0.124943011045E+000
    0.327020000000E+005    0.125220519650E+000
    0.327520000000E+005    0.125498058107E+000
    0.328020000000E+005    0.125775625671E+000
    0.328520000000E+005    0.126053221596E+000
    0.329020000000E+005    0.126330845142E+000
    0.329520000000E+005    0.126608495568E+000
    0.330020000000E+005    0.126886172136E+000
    0.330520000000E+005    0.127163874107E+000
    0.331020000000E+005    0.127441600746E+000
    0.331520000000E+005    0.127719351320E+000
    0.332020000000E+005    0.127997125095E+000
    0.332520000000E+005    0.128274921341E+000
    0.333020000000E+005    0.128552739328E+000
    0.333520000000E+005    0.128830578328E+000
    0.334020000000E+005    0.129108437616E+000
    0.334520000000E+005    0.129386316465E+000
    0.335020000000E+005    0.129664214154E+000
    0.335520000000E+005    0.129942129961E+000
    0.336020000000E+005    0.130220063164E+000
    0.336520000000E+005    0.130498013047E+000
    0.337020000000E+005    0.130775978892E+000
    0.337520000000E+005    0.131053959983E+000
    0.338020000000E+005    0.131331955606E+000
    0.338520000000E+005    0.131609965050E+000
    0.339020000000E+005    0.131887987603E+000
    0.339520000000E+005    0.132166022557E+000
    0.340020000000E+005    0.132444069203E+000
    0.340520000000E+005    0.132722126835E+000
    0.341020000000E+005    0.133000194748E+000
    0.341520000000E+005    0.133278272240E+000
    0.342020000000E+005    0.133556358609E+000
    0.342520000000E+005    0.133834453154E+000
    0.343020000000E+005    0.134112555177E+000
    0.343520000000E+005    0.134390663981E+000
    0.344020000000E+005    0.134668778870E+000
    0.344520000000E+005    0.134946899150E+000
    0.345020000000E+005    0.135225024130E+000
    0.345520000000E+005    0.135503153116E+000
    0.346020000000E+005    0.135781285421E+000
    0.346520000000E+005    0.136059420356E+000
    0.347020000000E+005    0.136337557234E+000
    0.347520000000E+005    0.136615695371E+000
    0.348020000000E+005    0.136893834083E+000
    0.348520000000E+005    0.137171972688E+000
    0.349020000000E+005    0.137450110505E+000
    0.349520000000E+005    0.137728246856E+000
    0.350020000000E+005    0.138006381062E+000
    0.350520000000E+005    0.138284512447E+000
    0.351020000000E+005    0.138562640338E+000
    0.351520000000E+005    0.138840764060E+000
    0.352020000000E+005    0.139118882943E+000
    0.352520000000E+005    0.139396996316E+000
    0.353020000000E+005    0.139675103510E+000
    0.353520000000E+005    0.139953203858E+000
    0.354020000000E+005    0.140231296694E+000
    0.354520000000E+005    0.140509381354E+000
    0.355020000000E+005    0.140787457176E+000
    0.355520000000E+005    0.141065523497E+000
    0.356020000000E+005    0.141343579658E+000
    0.356520000000E+005    0.141621625001E+000
    0.357020000000E+005    0.141899658868E+000
    0.357520000000E+005    0.142177680604E+000
    0.358020000000E+005    0.142455689554E+000
    0.358520000000E+005    0.142733685067E+000
    0.359020000000E+005    0.143011666490E+000
    0.359520000000E+005    0.143289633175E+000
    0.360020000000E+005    0.143567584473E+000
    0.360520000000E+005    0.143845519736E+000
    0.361020000000E+005    0.144123438320E+000
    0.361520000000E+005    0.144401339581E+000
    0.362020000000E+005    0.144679222876E+000
    0.362520000000E+005    0.144957087563E+000
    0.363020000000E+005    0.145234933004E+000
    0.363520000000E+005    0.145512758559E+000
    0.364020000000E+005    0.145790563592E+000
    0.364520000000E+005    0.146068347468E+000
    0.365020000000E+005    0.146346109553E+000
    0.365520000000E+005    0.146623849213E+000
    0.366020000000E+005    0.146901565819E+000
    0.366520000000E+005    0.147179258739E+000
    0.367020000000E+005    0.147456927346E+000
    0.367520000000E+005    0.147734571013E+000
    0.368020000000E+005    0.148012189114E+000
    0.368520000000E+005    0.148289781025E+000
    0.369020000000E+005    0.148567346124E+000
    0.369520000000E+005    0.148844883788E+000
    0.370020000000E+005    0.149122393399E+000
    0.370520000000E+005    0.149399874338E+000
    0.371020000000E+005    0.149677325986E+000
    0.371520000000E+005    0.149954747730E+000
    0.372020000000E+005    0.150232138954E+000
    0.372520000000E+005    0.150509499046E+000
    0.373020000000E+005    0.150786827393E+000
    0.373520000000E+005    0.151064123386E+000
    0.374020000000E+005    0.151341386416E+000
    0.374520000000E+005    0.151618615876E+000
    0.375020000000E+005    0.151895811159E+000
    0.375520000000E+005    0.152172971660E+000
    0.376020000000E+005    0.152450096778E+000
    0.376520000000E+005    0.152727185908E+000
    0.377020000000E+005    0.153004238452E+000
    0.377520000000E+005    0.153281253810E+000
    0.378020000000E+005    0.153558231384E+000
    0.378520000000E+005    0.153835170577E+000
    0.379020000000E+005    0.154112070795E+000
    0.379520000000E+005    0.154388931443E+000
    0.380020000000E+005    0.154665751930E+000
    0.380520000000E+005    0.154942531664E+000
    0.381020000000E+005    0.155219270056E+000
    0.381520000000E+005    0.155495966517E+000
    0.382020000000E+005    0.155772620461E+000
    0.382520000000E+005    0.156049231301E+000
    0.383020000000E+005    0.156325798454E+000
    0.383520000000E+005    0.156602321337E+000
    0.384020000000E+005    0.156878799368E+000
    0.384520000000E+005    0.157155231966E+000
    0.385020000000E+005    0.157431618553E+000
    0.385520000000E+005    0.157707958551E+000
    0.386020000000E+005    0.157984251385E+000
    0.386520000000E+005    0.158260496478E+000
    0.387020000000E+005    0.158536693258E+000
    0.387520000000E+005    0.158812841153E+000
    0.388020000000E+005    0.159088939590E+000
    0.388520000000E+005    0.159364988001E+000
    0.389020000000E+005    0.159640985818E+000
    0.389520000000E+005    0.159916932473E+000
    0.390020000000E+005    0.160192827401E+000
    0.390520000000E+005    0.160468670038E+000
    0.391020000000E+005    0.160744459819E+000
    0.391520000000E+005    0.161020196185E+000
    0.392020000000E+005    0.161295878574E+000
    0.392520000000E+005    0.161571506427E+000
    0.393020000000E+005    0.161847079186E+000
    0.393520000000E+005    0.162122596296E+000
    0.394020000000E+005    0.162398057200E+000
    0.394520000000E+005    0.162673461345E+000
    0.395020000000E+005    0.162948808178E+000
    0.395520000000E+005    0.163224097148E+000
    0.396020000000E+005    0.163499327705E+000
    0.396520000000E+005    0.163774499300E+000
    0.397020000000E+005    0.164049611386E+000
    0.397520000000E+005    0.164324663416E+000
    0.398020000000E+005    0.164599654846E+000
    0.398520000000E+005    0.164874585133E+000
    0.399020000000E+005    0.165149453733E+000
    0.399520000000E+005    0.165424260106E+000
    0.400020000000E+005    0.165699003713E+000
    0.400520000000E+005    0.165973684014E+000
    0.401020000000E+005    0.166248300473E+000
    0.401520000000E+005    0.166522852553E+000
    0.402020000000E+005    0.166797339720E+000
    0.402520000000E+005    0.167071761440E+000
    0.403020000000E+005    0.167346117182E+000
    0.403520000000E+005    0.167620406415E+000
    0.404020000000E+005    0.167894628609E+000
    0.404520000000E+005    0.168168783235E+000
    0.405020000000E+005    0.168442869767E+000
    0.405520000000E+005    0.168716887678E+000
    0.406020000000E+005    0.168990836445E+000
    0.406520000000E+005    0.169264715544E+000
    0.407020000000E+005    0.169538524453E+000
    0.407520000000E+005    0.169812262650E+000
    0.408020000000E+005    0.170085929617E+000
    0.408520000000E+005    0.170359524835E+000
    0.409020000000E+005    0.170633047788E+000
    0.409520000000E+005    0.170906497958E+000
    0.410020000000E+005    0.171179874832E+000
    0.410520000000E+005    0.171453177897E+000
    0.411020000000E+005    0.171726406639E+000
    0.411520000000E+005    0.171999560549E+000
    0.412020000000E+005    0.172272639116E+000
    0.412520000000E+005    0.172545641833E+000
    0.413020000000E+005    0.172818568191E+000
    0.413520000000E+005    0.173091417685E+000
    0.414020000000E+005    0.173364189811E+000
    0.414520000000E+005    0.173636884064E+000
    0.415020000000E+005    0.173909499943E+000
    0.415520000000E+005    0.174182036946E+000
    0.416020000000E+005    0.174454494573E+000
    0.416520000000E+005    0.174726872326E+000
    0.417020000000E+005    0.174999169707E+000
    0.417520000000E+005    0.175271386220E+000
    0.418020000000E+005    0.175543521370E+000
    0.418520000000E+005    0.175815574663E+000
    0.419020000000E+005    0.176087545607E+000
    0.419520000000E+005    0.176359433710E+000
    0.420020000000E+005    0.176631238482E+000
    0.420520000000E+005    0.176902959433E+000
    0.421020000000E+005    0.177174596077E+000
    0.421520000000E+005    0.177446147926E+000
    0.422020000000E+005    0.177717614495E+000
    0.422520000000E+005    0.177988995300E+000
    0.423020000000E+005    0.178260289857E+000
    0.423520000000E+005    0.178531497685E+000
    0.424020000000E+005    0.178802618304E+000
    0.424520000000E+005    0.179073651233E+000
    0.425020000000E+005    0.179344595994E+000
    0.425520000000E+005    0.179615452111E+000
    0.426020000000E+005    0.179886219107E+000
    0.426520000000E+005    0.180156896508E+000
    0.427020000000E+005    0.180427483839E+000
    0.427520000000E+005    0.180697980629E+000
    0.428020000000E+005    0.180968386406E+000
    0.428520000000E+005    0.181238700701E+000
    0.429020000000E+005    0.181508923043E+000
    0.429520000000E+005    0.181779052967E+000
    0.430020000000E+005    0.182049090004E+000
    0.430520000000E+005    0.182319033690E+000
    0.431020000000E+005    0.182588883560E+000
    0.431520000000E+005    0.182858639152E+000
    0.432020000000E+005    0.183128300002E+000
    0.432520000000E+005    0.183397865652E+000
    0.433020000000E+005    0.183667335640E+000
    0.433520000000E+005    0.183936709508E+000
    0.434020000000E+005    0.184205986800E+000
    0.434520000000E+005    0.184475167059E+000
    0.435020000000E+005    0.184744249830E+000
    0.435520000000E+005    0.185013234658E+000
    0.436020000000E+005    0.185282121092E+000
    0.436520000000E+005    0.185550908680E+000
    0.437020000000E+005    0.185819596971E+000
    0.437520000000E+005    0.186088185516E+000
    0.438020000000E+005    0.186356673867E+000
    0.438520000000E+005    0.186625061577E+000
    0.439020000000E+005    0.186893348200E+000
    0.439520000000E+005    0.187161533290E+000
    0.440020000000E+005    0.187429616405E+000
    0.440520000000E+005    0.187697597103E+000
    0.441020000000E+005    0.187965474940E+000
    0.441520000000E+005    0.188233249478E+000
    0.442020000000E+005    0.188500920277E+000
    0.442520000000E+005    0.188768486900E+000
    0.443020000000E+005    0.189035948908E+000
    0.443520000000E+005    0.189303305867E+000
    0.444020000000E+005    0.189570557342E+000
    0.444520000000E+005    0.189837702899E+000
    0.445020000000E+005    0.190104742105E+000
    0.445520000000E+005    0.190371674531E+000
    0.446020000000E+005    0.190638499744E+000
    0.446520000000E+005    0.190905217317E+000
    0.447020000000E+005    0.191171826821E+000
    0.447520000000E+005    0.191438327829E+000
    0.448020000000E+005    0.191704719915E+000
    0.448520000000E+005    0.191971002655E+000
    0.449020000000E+005    0.192237175626E+000
    0.449520000000E+005    0.192503238404E+000
    0.450020000000E+005    0.192769190568E+000
    0.450520000000E+005    0.193035031698E+000
    0.451020000000E+005    0.193300761375E+000
    0.451520000000E+005    0.193566379180E+000
    0.452020000000E+005    0.193831884697E+000
    0.452520000000E+005    0.194097277510E+000
    0.453020000000E+005    0.194362557203E+000
    0.453520000000E+005    0.194627723364E+000
    0.454020000000E+005    0.194892775578E+000
    0.454520000000E+005    0.195157713435E+000
    0.455020000000E+005    0.195422536525E+000
    0.455520000000E+005    0.195687244437E+000
    0.456020000000E+005    0.195951836763E+000
    0.456520000000E+005    0.196216313096E+000
    0.457020000000E+005    0.196480673030E+000
    0.457520000000E+005    0.196744916159E+000
    0.458020000000E+005    0.197009042080E+000
    0.458520000000E+005    0.197273050389E+000
    0.459020000000E+005    0.197536940684E+000
    0.459520000000E+005    0.197800712565E+000
    0.460020000000E+005    0.198064365632E+000
    0.460520000000E+005    0.198327899486E+000
    0.461020000000E+005    0.198591313729E+000
    0.461520000000E+005    0.198854607964E+000
    0.462020000000E+005    0.199117781796E+000
    0.462520000000E+005    0.199380834831E+000
    0.463020000000E+005    0.199643766675E+000
    0.463520000000E+005    0.199906576935E+000
    0.464020000000E+005    0.200169265219E+000
    0.464520000000E+005    0.200431831139E+000
    0.465020000000E+005    0.200694274304E+000
    0.465520000000E+005    0.200956594326E+000
    0.466020000000E+005    0.201218790818E+000
    0.466520000000E+005    0.201480863394E+000
    0.467020000000E+005    0.201742811668E+000
    0.467520000000E+005    0.202004635257E+000
    0.468020000000E+005    0.202266333778E+000
    0.468520000000E+005    0.202527906847E+000
    0.469020000000E+005    0.202789354085E+000
    0.469520000000E+005    0.203050675112E+000
    0.470020000000E+005    0.203311869548E+000
    0.470520000000E+005    0.203572937016E+000
    0.471020000000E+005    0.203833877139E+000
    0.471520000000E+005    0.204094689540E+000
    0.472020000000E+005    0.204355373846E+000
    0.472520000000E+005    0.204615929682E+000
    0.473020000000E+005    0.204876356675E+000
    0.473520000000E+005    0.205136654454E+000
    0.474020000000E+005    0.205396822649E+000
    0.474520000000E+005    0.205656860888E+000
    0.475020000000E+005    0.205916768804E+000
    0.475520000000E+005    0.206176546029E+000
    0.476020000000E+005    0.206436192197E+000
    0.476520000000E+005    0.206695706941E+000
    0.477020000000E+005    0.206955089897E+000
    0.477520000000E+005    0.207214340701E+000
    0.478020000000E+005    0.207473458990E+000
    0.478520000000E+005    0.207732444404E+000
    0.479020000000E+005    0.207991296581E+000
    0.479520000000E+005    0.208250015161E+000
    0.480020000000E+005    0.208508599786E+000
    0.480520000000E+005    0.208767050099E+000
    0.481020000000E+005    0.209025365743E+000
    0.481520000000E+005    0.209283546361E+000
    0.482020000000E+005    0.209541591600E+000
    0.482520000000E+005    0.209799501106E+000
    0.483020000000E+005    0.210057274525E+000
    0.483520000000E+005    0.210314911507E+000
    0.484020000000E+005    0.210572411701E+000
    0.484520000000E+005    0.210829774756E+000
    0.485020000000E+005    0.211087000325E+000
    0.485520000000E+005    0.211344088059E+000
    0.486020000000E+005    0.211601037612E+000
    0.486520000000E+005    0.211857848637E+000
    0.487020000000E+005    0.212114520791E+000
    0.487520000000E+005    0.212371053729E+000
    0.488020000000E+005    0.212627447108E+000
    0.488520000000E+005    0.212883700586E+000
    0.489020000000E+005    0.213139813823E+000
    0.489520000000E+005    0.213395786479E+000
    0.490020000000E+005    0.213651618214E+000
    0.490520000000E+005    0.213907308691E+000
    0.491020000000E+005    0.214162857572E+000
    0.491520000000E+005    0.214418264522E+000
    0.492020000000E+005    0.214673529205E+000
    0.492520000000E+005    0.214928651288E+000
    0.493020000000E+005    0.215183630436E+000
    0.493520000000E+005    0.215438466318E+000
    0.494020000000E+005    0.215693158603E+000
    0.494520000000E+005    0.215947706960E+000
    0.495020000000E+005    0.216202111059E+000
    0.495520000000E+005    0.216456370573E+000
    0.496020000000E+005    0.216710485174E+000
    0.496520000000E+005    0.216964454536E+000
    0.497020000000E+005    0.217218278332E+000
    0.497520000000E+005    0.217471956238E+000
    0.498020000000E+005    0.217725487931E+000
    0.498520000000E+005    0.217978873088E+000
    0.499020000000E+005    0.218232111387E+000
    0.499520000000E+005    0.218485202507E+000
    0.500020000000E+005    0.218738146128E+000
    0.500520000000E+005    0.218990941932E+000
    0.501020000000E+005    0.219243589600E+000
    0.501520000000E+005    0.219496088816E+000
    0.502020000000E+005    0.219748439262E+000
    0.502520000000E+005    0.220000640624E+000
    0.503020000000E+005    0.220252692588E+000
    0.503520000000E+005    0.220504594840E+000
    0.504020000000E+005    0.220756347068E+000
    0.504520000000E+005    0.221007948960E+000
    0.505020000000E+005    0.221259400206E+000
    0.505520000000E+005    0.221510700495E+000
    0.506020000000E+005    0.221761849520E+000
    0.506520000000E+005    0.222012846973E+000
    0.507020000000E+005    0.222263692546E+000
    0.507520000000E+005    0.222514385934E+000
    0.508020000000E+005    0.222764926831E+000
    0.508520000000E+005    0.223015314933E+000
    0.509020000000E+005    0.223265549938E+000
    0.509520000000E+005    0.223515631543E+000
    0.510020000000E+005    0.223765559446E+000
    0.510520000000E+005    0.224015333347E+000
    0.511020000000E+005    0.224264952947E+000
    0.511520000000E+005    0.224514417946E+000
    0.512020000000E+005    0.224763728047E+000
    0.512520000000E+005    0.225012882954E+000
    0.513020000000E+005    0.225261882369E+000
    0.513520000000E+005    0.225510725999E+000
    0.514020000000E+005    0.225759413549E+000
    0.514520000000E+005    0.226007944725E+000
    0.515020000000E+005    0.226256319235E+000
    0.515520000000E+005    0.226504536789E+000
    0.516020000000E+005    0.226752597094E+000
    0.516520000000E+005    0.227000499863E+000
    0.517020000000E+005    0.227248244805E+000
    0.517520000000E+005    0.227495831633E+000
    0.518020000000E+005    0.227743260060E+000
    0.518520000000E+005    0.227990529799E+000
    0.519020000000E+005    0.228237640567E+000
    0.519520000000E+005    0.228484592077E+000
    0.520020000000E+005    0.228731384048E+000
    0.520520000000E+005    0.228978016196E+000
    0.521020000000E+005    0.229224488239E+000
    0.521520000000E+005    0.229470799897E+000
    0.522020000000E+005    0.229716950890E+000
    0.522520000000E+005    0.229962940938E+000
    0.523020000000E+005    0.230208769764E+000
    0.523520000000E+005    0.230454437091E+000
    0.524020000000E+005    0.230699942641E+000
    0.524520000000E+005    0.230945286140E+000
    0.525020000000E+005    0.231190467312E+000
    0.525520000000E+005    0.231435485884E+000
    0.526020000000E+005    0.231680341583E+000
    0.526520000000E+005    0.231925034136E+000
    0.527020000000E+005    0.232169563273E+000
    0.527520000000E+005    0.232413928724E+000
    0.528020000000E+005    0.232658130218E+000
    0.528520000000E+005    0.232902167487E+000
    0.529020000000E+005    0.233146040264E+000
    0.529520000000E+005    0.233389748281E+000
    0.530020000000E+005    0.233633291272E+000
    0.530520000000E+005    0.233876668973E+000
    0.531020000000E+005    0.234119881118E+000
    0.531520000000E+005    0.234362927445E+000
    0.532020000000E+005    0.234605807691E+000
    0.532520000000E+005    0.234848521593E+000
    0.533020000000E+005    0.235091068892E+000
    0.533520000000E+005    0.235333449327E+000
    0.534020000000E+005    0.235575662638E+000
    0.534520000000E+005    0.235817708568E+000
    0.535020000000E+005    0.236059586859E+000
    0.535520000000E+005    0.236301297254E+000
    0.536020000000E+005    0.236542839497E+000
    0.536520000000E+005    0.236784213333E+000
    0.537020000000E+005    0.237025418509E+000
    0.537520000000E+005    0.237266454770E+000
    0.538020000000E+005    0.237507321865E+000
    0.538520000000E+005    0.237748019541E+000
    0.539020000000E+005    0.237988547548E+000
    0.539520000000E+005    0.238228905637E+000
    0.540020000000E+005    0.238469093556E+000
    0.540520000000E+005    0.238709111059E+000
    0.541020000000E+005    0.238948957898E+000
    0.541520000000E+005    0.239188633826E+000
    0.542020000000E+005    0.239428138598E+000
    0.542520000000E+005    0.239667471968E+000
    0.543020000000E+005    0.239906633692E+000
    0.543520000000E+005    0.240145623526E+000
    0.544020000000E+005    0.240384441229E+000
    0.544520000000E+005    0.240623086559E+000
    0.545020000000E+005    0.240861559274E+000
    0.545520000000E+005    0.241099859135E+000
    0.546020000000E+005    0.241337985902E+000
    0.546520000000E+005    0.241575939337E+000
    0.547020000000E+005    0.241813719202E+000
    0.547520000000E+005    0.242051325260E+000
    0.548020000000E+005    0.242288757276E+000
    0.548520000000E+005    0.242526015014E+000
    0.549020000000E+005    0.242763098240E+000
    0.549520000000E+005    0.243000006720E+000
    0.550020000000E+005    0.243236740222E+000
    0.550520000000E+005    0.243473298513E+000
    0.551020000000E+005    0.243709681362E+000
    0.551520000000E+005    0.243945888540E+000
    0.552020000000E+005    0.244181919815E+000
    0.552520000000E+005    0.244417774961E+000
    0.553020000000E+005    0.244653453748E+000
    0.553520000000E+005    0.244888955950E+000
    0.554020000000E+005    0.245124281340E+000
    0.554520000000E+005    0.245359429693E+000
    0.555020000000E+005    0.245594400784E+000
    0.555520000000E+005    0.245829194388E+000
    0.556020000000E+005    0.246063810284E+000
    0.556520000000E+005    0.246298248248E+000
    0.557020000000E+005    0.246532508059E+000
    0.557520000000E+005    0.246766589496E+000
    0.558020000000E+005    0.247000492338E+000
    0.558520000000E+005    0.247234216368E+000
    0.559020000000E+005    0.247467761366E+000
    0.559520000000E+005    0.247701127115E+000
    0.560020000000E+005    0.247934313398E+000
    0.560520000000E+005    0.248167319998E+000
    0.561020000000E+005    0.248400146701E+000
    0.561520000000E+005    0.248632793292E+000
    0.562020000000E+005    0.248865259557E+000
    0.562520000000E+005    0.249097545283E+000
    0.563020000000E+005    0.249329650258E+000
    0.563520000000E+005    0.249561574271E+000
    0.564020000000E+005    0.249793317111E+000
    0.564520000000E+005    0.250024878569E+000
    0.565020000000E+005    0.250256258434E+000
    0.565520000000E+005    0.250487456499E+000
    0.566020000000E+005    0.250718472556E+000
    0.566520000000E+005    0.250949306398E+000
    0.567020000000E+005    0.251179957820E+000
    0.567520000000E+005    0.251410426616E+000
    0.568020000000E+005    0.251640712582E+000
    0.568520000000E+005    0.251870815513E+000
    0.569020000000E+005    0.252100735208E+000
    0.569520000000E+005    0.252330471463E+000
    0.570020000000E+005    0.252560024078E+000
    0.570520000000E+005    0.252789392851E+000
    0.571020000000E+005    0.253018577583E+000
    0.571520000000E+005    0.253247578074E+000
    0.572020000000E+005    0.253476394127E+000
    0.572520000000E+005    0.253705025544E+000
    0.573020000000E+005    0.253933472126E+000
    0.573520000000E+005    0.254161733680E+000
    0.574020000000E+005    0.254389810008E+000
    0.574520000000E+005    0.254617700917E+000
    0.575020000000E+005    0.254845406213E+000
    0.575520000000E+005    0.255072925702E+000
    0.576020000000E+005    0.255300259192E+000
    0.576520000000E+005    0.255527406492E+000
    0.577020000000E+005    0.255754367410E+000
    0.577520000000E+005    0.255981141756E+000
    0.578020000000E+005    0.256207729341E+000
    0.578520000000E+005    0.256434129976E+000
    0.579020000000E+005    0.256660343474E+000
    0.579520000000E+005    0.256886369647E+000
    0.580020000000E+005    0.257112208308E+000
    0.580520000000E+005    0.257337859273E+000
    0.581020000000E+005    0.257563322355E+000
    0.581520000000E+005    0.257788597371E+000
    0.582020000000E+005    0.258013684137E+000
    0.582520000000E+005    0.258238582471E+000
    0.583020000000E+005    0.258463292190E+000
    0.583520000000E+005    0.258687813112E+000
    0.584020000000E+005    0.258912145059E+000
    0.584520000000E+005    0.259136287849E+000
    0.585020000000E+005    0.259360241303E+000
    0.585520000000E+005    0.259584005243E+000
    0.586020000000E+005    0.259807579492E+000
    0.586520000000E+005    0.260030963872E+000
    0.587020000000E+005    0.260254158207E+000
    0.587520000000E+005    0.260477162322E+000
    0.588020000000E+005    0.260699976042E+000
    0.588520000000E+005    0.260922599192E+000
    0.589020000000E+005    0.261145031600E+000
    0.589520000000E+005    0.261367273093E+000
    0.590020000000E+005    0.261589323498E+000
    0.590520000000E+005    0.261811182646E+000
    0.591020000000E+005    0.262032850364E+000
    0.591520000000E+005    0.262254326483E+000
    0.592020000000E+005    0.262475610835E+000
    0.592520000000E+005    0.262696703251E+000
    0.593020000000E+005    0.262917603563E+000
    0.593520000000E+005    0.263138311605E+000
    0.594020000000E+005    0.263358827210E+000
    0.594520000000E+005    0.263579150212E+000
    0.595020000000E+005    0.263799280447E+000
    0.595520000000E+005    0.264019217751E+000
    0.596020000000E+005    0.264238961960E+000
    0.596520000000E+005    0.264458512912E+000
    0.597020000000E+005    0.264677870444E+000
    0.597520000000E+005    0.264897034396E+000
    0.598020000000E+005    0.265116004606E+000
    0.598520000000E+005    0.265334780915E+000
    0.599020000000E+005    0.265553363164E+000
    0.599520000000E+005    0.265771751194E+000
    0.600020000000E+005    0.265989944847E+000
    0.600520000000E+005    0.266207943966E+000
    0.601020000000E+005    0.266425748395E+000
    0.601520000000E+005    0.266643357978E+000
    0.602020000000E+005    0.266860772560E+000
    0.602520000000E+005    0.267077991987E+000
    0.603020000000E+005    0.267295016104E+000
    0.603520000000E+005    0.267511844760E+000
    0.604020000000E+005    0.267728477801E+000
    0.604520000000E+005    0.267944915076E+000
    0.605020000000E+005    0.268161156434E+000
    0.605520000000E+005    0.268377201726E+000
    0.606020000000E+005    0.268593050801E+000
    0.606520000000E+005    0.268808703510E+000
    0.607020000000E+005    0.269024159706E+000
    0.607520000000E+005    0.269239419240E+000
    0.608020000000E+005    0.269454481967E+000
    0.608520000000E+005    0.269669347739E+000
    0.609020000000E+005    0.269884016412E+000
    0.609520000000E+005    0.270098487841E+000
    0.610020000000E+005    0.270312761881E+000
    0.610520000000E+005    0.270526838389E+000
    0.611020000000E+005    0.270740717222E+000
    0.611520000000E+005    0.270954398239E+000
    0.612020000000E+005    0.271167881297E+000
    0.612520000000E+005    0.271381166257E+000
    0.613020000000E+005    0.271594252977E+000
    0.613520000000E+005    0.271807141319E+000
    0.614020000000E+005    0.272019831143E+000
    0.614520000000E+005    0.272232322313E+000
    0.615020000000E+005    0.272444614689E+000
    0.615520000000E+005    0.272656708136E+000
    0.616020000000E+005    0.272868602518E+000
    0.616520000000E+005    0.273080297698E+000
    0.617020000000E+005    0.273291793543E+000
    0.617520000000E+005    0.273503089918E+000
    0.618020000000E+005    0.273714186689E+000
    0.618520000000E+005    0.273925083724E+000
    0.619020000000E+005    0.274135780891E+000
    0.619520000000E+005    0.274346278059E+000
    0.620020000000E+005    0.274556575095E+000
    0.620520000000E+005    0.274766671871E+000
    0.621020000000E+005    0.274976568256E+000
    0.621520000000E+005    0.275186264123E+000
    0.622020000000E+005    0.275395759342E+000
    0.622520000000E+005    0.275605053786E+000
    0.623020000000E+005    0.275814147328E+000
    0.623520000000E+005    0.276023039842E+000
    0.624020000000E+005    0.276231731203E+000
    0.624520000000E+005    0.276440221285E+000
    0.625020000000E+005    0.276648509963E+000
    0.625520000000E+005    0.276856597115E+000
    0.626020000000E+005    0.277064482618E+000
    0.626520000000E+005    0.277272166348E+000
    0.627020000000E+005    0.277479648184E+000
    0.627520000000E+005    0.277686928006E+000
    0.628020000000E+005    0.277894005691E+000
    0.628520000000E+005    0.278100881122E+000
    0.629020000000E+005    0.278307554178E+000
    0.629520000000E+005    0.278514024741E+000
    0.630020000000E+005    0.278720292693E+000
    0.630520000000E+005    0.278926357916E+000
    0.631020000000E+005    0.279132220295E+000
    0.631520000000E+005    0.279337879713E+000
    0.632020000000E+005    0.279543336054E+000
    0.632520000000E+005    0.279748589204E+000
    0.633020000000E+005    0.279953639049E+000
    0.633520000000E+005    0.280158485476E+000
    0.634020000000E+005    0.280363128370E+000
    0.634520000000E+005    0.280567567621E+000
    0.635020000000E+005    0.280771803116E+000
    0.635520000000E+005    0.280975834745E+000
    0.636020000000E+005    0.281179662397E+000
    0.636520000000E+005    0.281383285963E+000
    0.637020000000E+005    0.281586705332E+000
    0.637520000000E+005    0.281789920398E+000
    0.638020000000E+005    0.281992931051E+000
    0.638520000000E+005    0.282195737185E+000
    0.639020000000E+005    0.282398338693E+000
    0.639520000000E+005    0.282600735469E+000
    0.640020000000E+005    0.282802927408E+000
    0.640520000000E+005    0.283004914404E+000
    0.641020000000E+005    0.283206696354E+000
    0.641520000000E+005    0.283408273154E+000
    0.642020000000E+005    0.283609644701E+000
    0.642520000000E+005    0.283810810893E+000
    0.643020000000E+005    0.284011771628E+000
    0.643520000000E+005    0.284212526804E+000
    0.644020000000E+005    0.284413076322E+000
    0.644520000000E+005    0.284613420082E+000
    0.645020000000E+005    0.284813557984E+000
    0.645520000000E+005    0.285013489929E+000
    0.646020000000E+005    0.285213215820E+000
    0.646520000000E+005    0.285412735559E+000
    0.647020000000E+005    0.285612049049E+000
    0.647520000000E+005    0.285811156194E+000
    0.648020000000E+005    0.286010056898E+000
    0.648520000000E+005    0.286208751066E+000
    0.649020000000E+005    0.286407238604E+000
    0.649520000000E+005    0.286605519417E+000
    0.650020000000E+005    0.286803593413E+000
    0.650520000000E+005    0.287001460499E+000
    0.651020000000E+005    0.287199120583E+000
    0.651520000000E+005    0.287396573573E+000
    0.652020000000E+005    0.287593819379E+000
    0.652520000000E+005    0.287790857909E+000
    0.653020000000E+005    0.287987689075E+000
    0.653520000000E+005    0.288184312788E+000
    0.654020000000E+005    0.288380728958E+000
    0.654520000000E+005    0.288576937499E+000
    0.655020000000E+005    0.288772938321E+000
    0.655520000000E+005    0.288968731340E+000
    0.656020000000E+005    0.289164316469E+000
    0.656520000000E+005    0.289359693621E+000
    0.657020000000E+005    0.289554862713E+000
    0.657520000000E+005    0.289749823660E+000
    0.658020000000E+005    0.289944576377E+000
    0.658520000000E+005    0.290139120782E+000
    0.659020000000E+005    0.290333456792E+000
    0.659520000000E+005    0.290527584326E+000
    0.660020000000E+005    0.290721503300E+000
    0.660520000000E+005    0.290915213636E+000
    0.661020000000E+005    0.291108715251E+000
    0.661520000000E+005    0.291302008067E+000
    0.662020000000E+005    0.291495092005E+000
    0.662520000000E+005    0.291687966985E+000
    0.663020000000E+005    0.291880632930E+000
    0.663520000000E+005    0.292073089762E+000
    0.664020000000E+005    0.292265337405E+000
    0.664520000000E+005    0.292457375781E+000
    0.665020000000E+005    0.292649204816E+000
    0.665520000000E+005    0.292840824435E+000
    0.666020000000E+005    0.293032234562E+000
    0.666520000000E+005    0.293223435123E+000
    0.667020000000E+005    0.293414426045E+000
    0.667520000000E+005    0.293605207256E+000
    0.668020000000E+005    0.293795778683E+000
    0.668520000000E+005    0.293986140254E+000
    0.669020000000E+005    0.294176291897E+000
    0.669520000000E+005    0.294366233543E+000
    0.670020000000E+005    0.294555965121E+000
    0.670520000000E+005    0.294745486562E+000
    0.671020000000E+005    0.294934797797E+000
    0.671520000000E+005    0.295123898757E+000
    0.672020000000E+005    0.295312789375E+000
    0.672520000000E+005    0.295501469583E+000
    0.673020000000E+005    0.295689939315E+000
    0.673520000000E+005    0.295878198504E+000
    0.674020000000E+005    0.296066247085E+000
    0.674520000000E+005    0.296254084992E+000
    0.675020000000E+005    0.296441712162E+000
    0.675520000000E+005    0.296629128531E+000
    0.676020000000E+005    0.296816334034E+000
    0.676520000000E+005    0.297003328609E+000
    0.677020000000E+005    0.297190112194E+000
    0.677520000000E+005    0.297376684728E+000
    0.678020000000E+005    0.297563046148E+000
    0.678520000000E+005    0.297749196394E+000
    0.679020000000E+005    0.297935135407E+000
    0.679520000000E+005    0.298120863126E+000
    0.680020000000E+005    0.298306379493E+000
    0.680520000000E+005    0.298491684449E+000
    0.681020000000E+005    0.298676777936E+000
    0.681520000000E+005    0.298861659897E+000
    0.682020000000E+005    0.299046330275E+000
    0.682520000000E+005    0.299230789014E+000
    0.683020000000E+005    0.299415036057E+000
    0.683520000000E+005    0.299599071351E+000
    0.684020000000E+005    0.299782894839E+000
    0.684520000000E+005    0.299966506469E+000
    0.685020000000E+005    0.300149906185E+000
    0.685520000000E+005    0.300333093936E+000
    0.686020000000E+005    0.300516069669E+000
    0.686520000000E+005    0.300698833332E+000
    0.687020000000E+005    0.300881384872E+000
    0.687520000000E+005    0.301063724240E+000
    0.688020000000E+005    0.301245851385E+000
    0.688520000000E+005    0.301427766257E+000
    0.689020000000E+005    0.301609468807E+000
    0.689520000000E+005    0.301790958985E+000
    0.690020000000E+005    0.301972236744E+000
    0.690520000000E+005    0.302153302036E+000
    0.691020000000E+005    0.302334154814E+000
    0.691520000000E+005    0.302514795030E+000
    0.692020000000E+005    0.302695222639E+000
    0.692520000000E+005    0.302875437595E+000
    0.693020000000E+005    0.303055439853E+000
    0.693520000000E+005    0.303235229368E+000
    0.694020000000E+005    0.303414806096E+000
    0.694520000000E+005    0.303594169994E+000
    0.695020000000E+005    0.303773321018E+000
    0.695520000000E+005    0.303952259126E+000
    0.696020000000E+005    0.304130984277E+000
    0.696520000000E+005    0.304309496427E+000
    0.697020000000E+005    0.304487795537E+000
    0.697520000000E+005    0.304665881566E+000
    0.698020000000E+005    0.304843754474E+000
    0.698520000000E+005    0.305021414222E+000
    0.699020000000E+005    0.305198860770E+000
    0.699520000000E+005    0.305376094080E+000
    0.700020000000E+005    0.305553114114E+000
    0.700520000000E+005    0.305729920835E+000
    0.701020000000E+005    0.305906514207E+000
    0.701520000000E+005    0.306082894191E+000
    0.702020000000E+005    0.306259060754E+000
    0.702520000000E+005    0.306435013858E+000
    0.703020000000E+005    0.306610753470E+000
    0.703520000000E+005    0.306786279555E+000
    0.704020000000E+005    0.306961592079E+000
    0.704520000000E+005    0.307136691009E+000
    0.705020000000E+005    0.307311576312E+000
    0.705520000000E+005    0.307486247955E+000
    0.706020000000E+005    0.307660705908E+000
    0.706520000000E+005    0.307834950137E+000
    0.707020000000E+005    0.308008980613E+000
    0.707520000000E+005    0.308182797305E+000
    0.708020000000E+005    0.308356400183E+000
    0.708520000000E+005    0.308529789218E+000
    0.709020000000E+005    0.308702964381E+000
    0.709520000000E+005    0.308875925644E+000
    0.710020000000E+005    0.309048672979E+000
    0.710520000000E+005    0.309221206357E+000
    0.711020000000E+005    0.309393525753E+000
    0.711520000000E+005    0.309565631141E+000
    0.712020000000E+005    0.309737522493E+000
    0.712520000000E+005    0.309909199785E+000
    0.713020000000E+005    0.310080662991E+000
    0.713520000000E+005    0.310251912088E+000
    0.714020000000E+005    0.310422947051E+000
    0.714520000000E+005    0.310593767857E+000
    0.715020000000E+005    0.310764374483E+000
    0.715520000000E+005    0.310934766906E+000
    0.716020000000E+005    0.311104945104E+000
    0.716520000000E+005    0.311274909055E+000
    0.717020000000E+005    0.311444658740E+000
    0.717520000000E+005    0.311614194136E+000
    0.718020000000E+005    0.311783515224E+000
    0.718520000000E+005    0.311952621985E+000
    0.719020000000E+005    0.312121514398E+000
    0.719520000000E+005    0.312290192446E+000
    0.720020000000E+005    0.312458656111E+000
    0.720520000000E+005    0.312626905374E+000
    0.721020000000E+005    0.312794940218E+000
    0.721520000000E+005    0.312962760626E+000
    0.722020000000E+005    0.313130366583E+000
    0.722520000000E+005    0.313297758072E+000
    0.723020000000E+005    0.313464935078E+000
    0.723520000000E+005    0.313631897587E+000
    0.724020000000E+005    0.313798645583E+000
    0.724520000000E+005    0.313965179052E+000
    0.725020000000E+005    0.314131497982E+000
    0.725520000000E+005    0.314297602360E+000
    0.726020000000E+005    0.314463492172E+000
    0.726520000000E+005    0.314629167406E+000
    0.727020000000E+005    0.314794628052E+000
    0.727520000000E+005    0.314959874097E+000
    0.728020000000E+005    0.315124905532E+000
    0.728520000000E+005    0.315289722346E+000
    0.729020000000E+005    0.315454324529E+000
    0.729520000000E+005    0.315618712072E+000
    0.730020000000E+005    0.315782884966E+000
    0.730520000000E+005    0.315946843202E+000
    0.731020000000E+005    0.316110586773E+000
    0.731520000000E+005    0.316274115672E+000
    0.732020000000E+005    0.316437429891E+000
    0.732520000000E+005    0.316600529423E+000
    0.733020000000E+005    0.316763414264E+000
    0.733520000000E+005    0.316926084406E+000
    0.734020000000E+005    0.317088539845E+000
    0.734520000000E+005    0.317250780575E+000
    0.735020000000E+005    0.317412806594E+000
    0.735520000000E+005    0.317574617897E+000
    0.736020000000E+005    0.317736214480E+000
    0.736520000000E+005    0.317897596340E+000
    0.737020000000E+005    0.318058763476E+000
    0.737520000000E+005    0.318219715885E+000
    0.738020000000E+005    0.318380453565E+000
    0.738520000000E+005    0.318540976515E+000
    0.739020000000E+005    0.318701284735E+000
    0.739520000000E+005    0.318861378224E+000
    0.740020000000E+005    0.319021256983E+000
    0.740520000000E+005    0.319180921012E+000
    0.741020000000E+005    0.319340370311E+000
    0.741520000000E+005    0.319499604884E+000
    0.742020000000E+005    0.319658624731E+000
    0.742520000000E+005    0.319817429855E+000
    0.743020000000E+005    0.319976020259E+000
    0.743520000000E+005    0.320134395946E+000
    0.744020000000E+005    0.320292556920E+000
    0.744520000000E+005    0.320450503184E+000
    0.745020000000E+005    0.320608234744E+000
    0.745520000000E+005    0.320765751605E+000
    0.746020000000E+005    0.320923053771E+000
    0.746520000000E+005    0.321080141249E+000
    0.747020000000E+005    0.321237014045E+000
    0.747520000000E+005    0.321393672166E+000
    0.748020000000E+005    0.321550115619E+000
    0.748520000000E+005    0.321706344411E+000
    0.749020000000E+005    0.321862358550E+000
    0.749520000000E+005    0.322018158046E+000
    0.750020000000E+005    0.322173742906E+000
    0.750520000000E+005    0.322329113141E+000
    0.751020000000E+005    0.322484268759E+000
    0.751520000000E+005    0.322639209771E+000
    0.752020000000E+005    0.322793936188E+000
    0.752520000000E+005    0.322948448020E+000
    0.753020000000E+005    0.323102745279E+000
    0.753520000000E+005    0.323256827977E+000
    0.754020000000E+005    0.323410696126E+000
    0.754520000000E+005    0.323564349738E+000
    0.755020000000E+005    0.323717788828E+000
    0.755520000000E+005    0.323871013407E+000
    0.756020000000E+005    0.324024023491E+000
    0.756520000000E+005    0.324176819093E+000
    0.757020000000E+005    0.324329400228E+000
    0.757520000000E+005    0.324481766912E+000
    0.758020000000E+005    0.324633919159E+000
    0.758520000000E+005    0.324785856987E+000
    0.759020000000E+005    0.324937580411E+000
    0.759520000000E+005    0.325089089448E+000
    0.760020000000E+005    0.325240384116E+000
    0.760520000000E+005    0.325391464431E+000
    0.761020000000E+005    0.325542330413E+000
    0.761520000000E+005    0.325692982079E+000
    0.762020000000E+005    0.325843419449E+000
    0.762520000000E+005    0.325993642541E+000
    0.763020000000E+005    0.326143651376E+000
    0.763520000000E+005    0.326293445972E+000
    0.764020000000E+005    0.326443026352E+000
    0.764520000000E+005    0.326592392535E+000
    0.765020000000E+005    0.326741544544E+000
    0.765520000000E+005    0.326890482399E+000
    0.766020000000E+005    0.327039206123E+000
    0.766520000000E+005    0.327187715738E+000
    0.767020000000E+005    0.327336011267E+000
    0.767520000000E+005    0.327484092733E+000
    0.768020000000E+005    0.327631960161E+000
    0.768520000000E+005    0.327779613573E+000
    0.769020000000E+005    0.327927052995E+000
    0.769520000000E+005    0.328074278452E+000
    0.770020000000E+005    0.328221289968E+000
    0.770520000000E+005    0.328368087569E+000
    0.771020000000E+005    0.328514671282E+000
    0.771520000000E+005    0.328661041133E+000
    0.772020000000E+005    0.328807197148E+000
    0.772520000000E+005    0.328953139354E+000
    0.773020000000E+005    0.329098867781E+000
    0.773520000000E+005    0.329244382454E+000
    0.774020000000E+005    0.329389683403E+000
    0.774520000000E+005    0.329534770657E+000
    0.775020000000E+005    0.329679644244E+000
    0.775520000000E+005    0.329824304194E+000
    0.776020000000E+005    0.329968750537E+000
    0.776520000000E+005    0.330112983304E+000
    0.777020000000E+005    0.330257002525E+000
    0.777520000000E+005    0.330400808230E+000
    0.778020000000E+005    0.330544400452E+000
    0.778520000000E+005    0.330687779222E+000
    0.779020000000E+005    0.330830944573E+000
    0.779520000000E+005    0.330973896536E+000
    0.780020000000E+005    0.331116635146E+000
    0.780520000000E+005    0.331259160435E+000
    0.781020000000E+005    0.331401472437E+000
    0.781520000000E+005    0.331543571185E+000
    0.782020000000E+005    0.331685456716E+000
    0.782520000000E+005    0.331827129062E+000
    0.783020000000E+005    0.331968588260E+000
    0.783520000000E+005    0.332109834345E+000
    0.784020000000E+005    0.332250867353E+000
    0.784520000000E+005    0.332391687320E+000
    0.785020000000E+005    0.332532294283E+000
    0.785520000000E+005    0.332672688279E+000
    0.786020000000E+005    0.332812869346E+000
    0.786520000000E+005    0.332952837520E+000
    0.787020000000E+005    0.333092592841E+000
    0.787520000000E+005    0.333232135346E+000
    0.788020000000E+005    0.333371465075E+000
    0.788520000000E+005    0.333510582067E+000
    0.789020000000E+005    0.333649486362E+000
    0.789520000000E+005    0.333788177998E+000
    0.790020000000E+005    0.333926657018E+000
    0.790520000000E+005    0.334064923460E+000
    0.791020000000E+005    0.334202977367E+000
    0.791520000000E+005    0.334340818780E+000
    0.792020000000E+005    0.334478447741E+000
    0.792520000000E+005    0.334615864291E+000
    0.793020000000E+005    0.334753068473E+000
    0.793520000000E+005    0.334890060329E+000
    0.794020000000E+005    0.335026839904E+000
    0.794520000000E+005    0.335163407241E+000
    0.795020000000E+005    0.335299762383E+000
    0.795520000000E+005    0.335435905374E+000
    0.796020000000E+005    0.335571836260E+000
    0.796520000000E+005    0.335707555084E+000
    0.797020000000E+005    0.335843061894E+000
    0.797520000000E+005    0.335978356733E+000
    0.798020000000E+005    0.336113439648E+000
    0.798520000000E+005    0.336248310685E+000
    0.799020000000E+005    0.336382969892E+000
    0.799520000000E+005    0.336517417314E+000
    0.800020000000E+005    0.336651653000E+000
    0.800520000000E+005    0.336785676996E+000
    0.801020000000E+005    0.336919489352E+000
    0.801520000000E+005    0.337053090115E+000
    0.802020000000E+005    0.337186479334E+000
    0.802520000000E+005    0.337319657059E+000
    0.803020000000E+005    0.337452623337E+000
    0.803520000000E+005    0.337585378221E+000
    0.804020000000E+005    0.337717921758E+000
    0.804520000000E+005    0.337850254000E+000
    0.805020000000E+005    0.337982374998E+000
    0.805520000000E+005    0.338114284803E+000
    0.806020000000E+005    0.338245983465E+000
    0.806520000000E+005    0.338377471037E+000
    0.807020000000E+005    0.338508747571E+000
    0.807520000000E+005    0.338639813119E+000
    0.808020000000E+005    0.338770667735E+000
    0.808520000000E+005    0.338901311470E+000
    0.809020000000E+005    0.339031744379E+000
    0.809520000000E+005    0.339161966515E+000
    0.810020000000E+005    0.339291977932E+000
    0.810520000000E+005    0.339421778685E+000
    0.811020000000E+005    0.339551368828E+000
    0.811520000000E+005    0.339680748417E+000
    0.812020000000E+005    0.339809917506E+000
    0.812520000000E+005    0.339938876152E+000
    0.813020000000E+005    0.340067624410E+000
    0.813520000000E+005    0.340196162337E+000
    0.814020000000E+005    0.340324489990E+000
    0.814520000000E+005    0.340452607425E+000
    0.815020000000E+005    0.340580514699E+000
    0.815520000000E+005    0.340708211871E+000
    0.816020000000E+005    0.340835698999E+000
    0.816520000000E+005    0.340962976139E+000
    0.817020000000E+005    0.341090043352E+000
    0.817520000000E+005    0.341216900696E+000
    0.818020000000E+005    0.341343548230E+000
    0.818520000000E+005    0.341469986013E+000
    0.819020000000E+005    0.341596214106E+000
    0.819520000000E+005    0.341722232569E+000
    0.820020000000E+005    0.341848041461E+000
    0.820520000000E+005    0.341973640845E+000
    0.821020000000E+005    0.342099030780E+000
    0.821520000000E+005    0.342224211328E+000
    0.822020000000E+005    0.342349182552E+000
    0.822520000000E+005    0.342473944512E+000
    0.823020000000E+005    0.342598497272E+000
    0.823520000000E+005    0.342722840893E+000
    0.824020000000E+005    0.342846975440E+000
    0.824520000000E+005    0.342970900974E+000
    0.825020000000E+005    0.343094617559E+000
    0.825520000000E+005    0.343218125260E+000
    0.826020000000E+005    0.343341424141E+000
    0.826520000000E+005    0.343464514265E+000
    0.827020000000E+005    0.343587395698E+000
    0.827520000000E+005    0.343710068504E+000
    0.828020000000E+005    0.343832532750E+000
    0.828520000000E+005    0.343954788500E+000
    0.829020000000E+005    0.344076835820E+000
    0.829520000000E+005    0.344198674777E+000
    0.830020000000E+005    0.344320305438E+000
    0.830520000000E+005    0.344441727868E+000
    0.831020000000E+005    0.344562942135E+000
    0.831520000000E+005    0.344683948307E+000
    0.832020000000E+005    0.344804746451E+000
    0.832520000000E+005    0.344925336636E+000
    0.833020000000E+005    0.345045718928E+000
    0.833520000000E+005    0.345165893398E+000
    0.834020000000E+005    0.345285860113E+000
    0.834520000000E+005    0.345405619144E+000
    0.835020000000E+005    0.345525170559E+000
    0.835520000000E+005    0.345644514428E+000
    0.836020000000E+005    0.345763650821E+000
    0.836520000000E+005    0.345882579809E+000
    0.837020000000E+005    0.346001301461E+000
    0.837520000000E+005    0.346119815849E+000
    0.838020000000E+005    0.346238123045E+000
    0.838520000000E+005    0.346356223118E+000
    0.839020000000E+005    0.346474116142E+000
    0.839520000000E+005    0.346591802187E+000
    0.840020000000E+005    0.346709281327E+000
    0.840520000000E+005    0.346826553634E+000
    0.841020000000E+005    0.346943619180E+000
    0.841520000000E+005    0.347060478040E+000
    0.842020000000E+005    0.347177130285E+000
    0.842520000000E+005    0.347293575990E+000
    0.843020000000E+005    0.347409815228E+000
    0.843520000000E+005    0.347525848075E+000
    0.844020000000E+005    0.347641674603E+000
    0.844520000000E+005    0.347757294889E+000
    0.845020000000E+005    0.347872709007E+000
    0.845520000000E+005    0.347987917032E+000
    0.846020000000E+005    0.348102919040E+000
    0.846520000000E+005    0.348217715107E+000
    0.847020000000E+005    0.348332305309E+000
    0.847520000000E+005    0.348446689722E+000
    0.848020000000E+005    0.348560868422E+000
    0.848520000000E+005    0.348674841487E+000
    0.849020000000E+005    0.348788608994E+000
    0.849520000000E+005    0.348902171021E+000
    0.850020000000E+005    0.349015527644E+000
    0.850520000000E+005    0.349128678942E+000
    0.851020000000E+005    0.349241624993E+000
    0.851520000000E+005    0.349354365876E+000
    0.852020000000E+005    0.349466901669E+000
    0.852520000000E+005    0.349579232451E+000
    0.853020000000E+005    0.349691358302E+000
    0.853520000000E+005    0.349803279301E+000
    0.854020000000E+005    0.349914995527E+000
    0.854520000000E+005    0.350026507062E+000
    0.855020000000E+005    0.350137813985E+000
    0.855520000000E+005    0.350248916376E+000
    0.856020000000E+005    0.350359814317E+000
    0.856520000000E+005    0.350470507888E+000
    0.857020000000E+005    0.350580997171E+000
    0.857520000000E+005    0.350691282247E+000
    0.858020000000E+005    0.350801363199E+000
    0.858520000000E+005    0.350911240108E+000
    0.859020000000E+005    0.351020913056E+000
    0.859520000000E+005    0.351130382126E+000
    0.860020000000E+005    0.351239647401E+000
    0.860520000000E+005    0.351348708964E+000
    0.861020000000E+005    0.351457566898E+000
    0.861520000000E+005    0.351566221287E+000
    0.862020000000E+005    0.351674672215E+000
    0.862520000000E+005    0.351782919765E+000
    0.863020000000E+005    0.351890964021E+000
    0.863520000000E+005    0.351998805069E+000
    0.864020000000E+005    0.352106442994E+000
    0.864520000000E+005    0.352213877879E+000
    0.865020000000E+005    0.352321109810E+000
    0.865520000000E+005    0.352428138874E+000
    0.866020000000E+005    0.352534965155E+000
    0.866520000000E+005    0.352641588739E+000
    0.867020000000E+005    0.352748009713E+000
    0.867520000000E+005    0.352854228163E+000
    0.868020000000E+005    0.352960244176E+000
    0.868520000000E+005    0.353066057839E+000
    0.869020000000E+005    0.353171669238E+000
    0.869520000000E+005    0.353277078462E+000
    0.870020000000E+005    0.353382285597E+000
    0.870520000000E+005    0.353487290732E+000
    0.871020000000E+005    0.353592093955E+000
    0.871520000000E+005    0.353696695354E+000
    0.872020000000E+005    0.353801095017E+000
    0.872520000000E+005    0.353905293034E+000
    0.873020000000E+005    0.354009289493E+000
    0.873520000000E+005    0.354113084483E+000
    0.874020000000E+005    0.354216678094E+000
    0.874520000000E+005    0.354320070416E+000
    0.875020000000E+005    0.354423261538E+000
    0.875520000000E+005    0.354526251551E+000
    0.876020000000E+005    0.354629040545E+000
    0.876520000000E+005    0.354731628611E+000
    0.877020000000E+005    0.354834015839E+000
    0.877520000000E+005    0.354936202320E+000
    0.878020000000E+005    0.355038188145E+000
    0.878520000000E+005    0.355139973407E+000
    0.879020000000E+005    0.355241558196E+000
    0.879520000000E+005    0.355342942605E+000
    0.880020000000E+005    0.355444126726E+000
    0.880520000000E+005    0.355545110650E+000
    0.881020000000E+005    0.355645894471E+000
    0.881520000000E+005    0.355746478282E+000
    0.882020000000E+005    0.355846862174E+000
    0.882520000000E+005    0.355947046242E+000
    0.883020000000E+005    0.356047030579E+000
    0.883520000000E+005    0.356146815278E+000
    0.884020000000E+005    0.356246400434E+000
    0.884520000000E+005    0.356345786140E+000
    0.885020000000E+005    0.356444972490E+000
    0.885520000000E+005    0.356543959579E+000
    0.886020000000E+005    0.356642747502E+000
    0.886520000000E+005    0.356741336354E+000
    0.887020000000E+005    0.356839726229E+000
    0.887520000000E+005    0.356937917223E+000
    0.888020000000E+005    0.357035909432E+000
    0.888520000000E+005    0.357133702951E+000
    0.889020000000E+005    0.357231297875E+000
    0.889520000000E+005    0.357328694302E+000
    0.890020000000E+005    0.357425892327E+000
    0.890520000000E+005    0.357522892047E+000
    0.891020000000E+005    0.357619693559E+000
    0.891520000000E+005    0.357716296959E+000
    0.892020000000E+005    0.357812702345E+000
    0.892520000000E+005    0.357908909814E+000
    0.893020000000E+005    0.358004919463E+000
    0.893520000000E+005    0.358100731391E+000
    0.894020000000E+005    0.358196345695E+000
    0.894520000000E+005    0.358291762472E+000
    0.895020000000E+005    0.358386981823E+000
    0.895520000000E+005    0.358482003844E+000
    0.896020000000E+005    0.358576828635E+000
    0.896520000000E+005    0.358671456295E+000
    0.897020000000E+005    0.358765886923E+000
    0.897520000000E+005    0.358860120617E+000
    0.898020000000E+005    0.358954157478E+000
    0.898520000000E+005    0.359047997604E+000
    0.899020000000E+005    0.359141641097E+000
    0.899520000000E+005    0.359235088056E+000
    0.900020000000E+005    0.359328338580E+000
    0.900520000000E+005    0.359421392772E+000
    0.901020000000E+005    0.359514250730E+000
    0.901520000000E+005    0.359606912556E+000
    0.902020000000E+005    0.359699378351E+000
    0.902520000000E+005    0.359791648217E+000
    0.903020000000E+005    0.359883722253E+000
    0.903520000000E+005    0.359975600563E+000
    0.904020000000E+005    0.360067283247E+000
    0.904520000000E+005    0.360158770407E+000
    0.905020000000E+005    0.360250062147E+000
    0.905520000000E+005    0.360341158567E+000
    0.906020000000E+005    0.360432059770E+000
    0.906520000000E+005    0.360522765859E+000
    0.907020000000E+005    0.360613276936E+000
    0.907520000000E+005    0.360703593105E+000
    0.908020000000E+005    0.360793714469E+000
    0.908520000000E+005    0.360883641131E+000
    0.909020000000E+005    0.360973373195E+000
    0.909520000000E+005    0.361062910763E+000
    0.910020000000E+005    0.361152253941E+000
    0.910520000000E+005    0.361241402832E+000
    0.911020000000E+005    0.361330357540E+000
    0.911520000000E+005    0.361419118170E+000
    0.912020000000E+005    0.361507684826E+000
    0.912520000000E+005    0.361596057612E+000
    0.913020000000E+005    0.361684236635E+000
    0.913520000000E+005    0.361772221998E+000
    0.914020000000E+005    0.361860013807E+000
    0.914520000000E+005    0.361947612168E+000
    0.915020000000E+005    0.362035017185E+000
    0.915520000000E+005    0.362122228966E+000
    0.916020000000E+005    0.362209247614E+000
    0.916520000000E+005    0.362296073238E+000
    0.917020000000E+005    0.362382705942E+000
    0.917520000000E+005    0.362469145833E+000
    0.918020000000E+005    0.362555393018E+000
    0.918520000000E+005    0.362641447603E+000
    0.919020000000E+005    0.362727309696E+000
    0.919520000000E+005    0.362812979403E+000
    0.920020000000E+005    0.362898456832E+000
    0.920520000000E+005    0.362983742089E+000
    0.921020000000E+005    0.363068835283E+000
    0.921520000000E+005    0.363153736521E+000
    0.922020000000E+005    0.363238445910E+000
    0.922520000000E+005    0.363322963560E+000
    0.923020000000E+005    0.363407289577E+000
    0.923520000000E+005    0.363491424071E+000
    0.924020000000E+005    0.363575367149E+000
    0.924520000000E+005    0.363659118921E+000
    0.925020000000E+005    0.363742679495E+000
    0.925520000000E+005    0.363826048980E+000
    0.926020000000E+005    0.363909227485E+000
    0.926520000000E+005    0.363992215119E+000
    0.927020000000E+005    0.364075011992E+000
    0.927520000000E+005    0.364157618213E+000
    0.928020000000E+005    0.364240033892E+000
    0.928520000000E+005    0.364322259139E+000
    0.929020000000E+005    0.364404294063E+000
    0.929520000000E+005    0.364486138775E+000
    0.930020000000E+005    0.364567793385E+000
    0.930520000000E+005    0.364649258003E+000
    0.931020000000E+005    0.364730532741E+000
    0.931520000000E+005    0.364811617708E+000
    0.932020000000E+005    0.364892513015E+000
    0.932520000000E+005    0.364973218774E+000
    0.933020000000E+005    0.365053735096E+000
    0.933520000000E+005    0.365134062092E+000
    0.934020000000E+005    0.365214199873E+000
    0.934520000000E+005    0.365294148551E+000
    0.935020000000E+005    0.365373908238E+000
    0.935520000000E+005    0.365453479045E+000
    0.936020000000E+005    0.365532861084E+000
    0.936520000000E+005    0.365612054468E+000
    0.937020000000E+005    0.365691059309E+000
    0.937520000000E+005    0.365769875719E+000
    0.938020000000E+005    0.365848503811E+000
    0.938520000000E+005    0.365926943697E+000
    0.939020000000E+005    0.366005195491E+000
    0.939520000000E+005    0.366083259304E+000
    0.940020000000E+005    0.366161135251E+000
    0.940520000000E+005    0.366238823444E+000
    0.941020000000E+005    0.366316323997E+000
    0.941520000000E+005    0.366393637024E+000
    0.942020000000E+005    0.366470762637E+000
    0.942520000000E+005    0.366547700951E+000
    0.943020000000E+005    0.366624452079E+000
    0.943520000000E+005    0.366701016136E+000
    0.944020000000E+005    0.366777393235E+000
    0.944520000000E+005    0.366853583491E+000
    0.945020000000E+005    0.366929587019E+000
    0.945520000000E+005    0.367005403932E+000
    0.946020000000E+005    0.367081034345E+000
    0.946520000000E+005    0.367156478374E+000
    0.947020000000E+005    0.367231736133E+000
    0.947520000000E+005    0.367306807737E+000
    0.948020000000E+005    0.367381693301E+000
    0.948520000000E+005    0.367456392941E+000
    0.949020000000E+005    0.367530906771E+000
    0.949520000000E+005    0.367605234908E+000
    0.950020000000E+005    0.367679377467E+000
    0.950520000000E+005    0.367753334563E+000
    0.951020000000E+005    0.367827106314E+000
    0.951520000000E+005    0.367900692833E+000
    0.952020000000E+005    0.367974094239E+000
    0.952520000000E+005    0.368047310647E+000
    0.953020000000E+005    0.368120342172E+000
    0.953520000000E+005    0.368193188933E+000
    0.954020000000E+005    0.368265851045E+000
    0.954520000000E+005    0.368338328625E+000
    0.955020000000E+005    0.368410621791E+000
    0.955520000000E+005    0.368482730658E+000
    0.956020000000E+005    0.368554655343E+000
    0.956520000000E+005    0.368626395965E+000
    0.957020000000E+005    0.368697952640E+000
    0.957520000000E+005    0.368769325486E+000
    0.958020000000E+005    0.368840514621E+000
    0.958520000000E+005    0.368911520161E+000
    0.959020000000E+005    0.368982342224E+000
    0.959520000000E+005    0.369052980929E+000
    0.960020000000E+005    0.369123436393E+000
    0.960520000000E+005    0.369193708735E+000
    0.961020000000E+005    0.369263798072E+000
    0.961520000000E+005    0.369333704523E+000
    0.962020000000E+005    0.369403428207E+000
    0.962520000000E+005    0.369472969241E+000
    0.963020000000E+005    0.369542327744E+000
    0.963520000000E+005    0.369611503835E+000
    0.964020000000E+005    0.369680497633E+000
    0.964520000000E+005    0.369749309257E+000
    0.965020000000E+005    0.369817938826E+000
    0.965520000000E+005    0.369886386458E+000
    0.966020000000E+005    0.369954652273E+000
    0.966520000000E+005    0.370022736391E+000
    0.967020000000E+005    0.370090638930E+000
    0.967520000000E+005    0.370158360011E+000
    0.968020000000E+005    0.370225899753E+000
    0.968520000000E+005    0.370293258275E+000
    0.969020000000E+005    0.370360435698E+000
    0.969520000000E+005    0.370427432142E+000
    0.970020000000E+005    0.370494247725E+000
    0.970520000000E+005    0.370560882570E+000
    0.971020000000E+005    0.370627336795E+000
    0.971520000000E+005    0.370693610521E+000
    0.972020000000E+005    0.370759703869E+000
    0.972520000000E+005    0.370825616958E+000
    0.973020000000E+005    0.370891349911E+000
    0.973520000000E+005    0.370956902846E+000
    0.974020000000E+005    0.371022275886E+000
    0.974520000000E+005    0.371087469150E+000
    0.975020000000E+005    0.371152482761E+000
    0.975520000000E+005    0.371217316839E+000
    0.976020000000E+005    0.371281971504E+000
    0.976520000000E+005    0.371346446880E+000
    0.977020000000E+005    0.371410743085E+000
    0.977520000000E+005    0.371474860244E+000
    0.978020000000E+005    0.371538798475E+000
    0.978520000000E+005    0.371602557903E+000
    0.979020000000E+005    0.371666138647E+000
    0.979520000000E+005    0.371729540830E+000
    0.980020000000E+005    0.371792764574E+000
    0.980520000000E+005    0.371855810000E+000
    0.981020000000E+005    0.371918677231E+000
    0.981520000000E+005    0.371981366389E+000
    0.982020000000E+005    0.372043877596E+000
    0.982520000000E+005    0.372106210974E+000
    0.983020000000E+005    0.372168366646E+000
    0.983520000000E+005    0.372230344734E+000
    0.984020000000E+005    0.372292145361E+000
    0.984520000000E+005    0.372353768649E+000
    0.985020000000E+005    0.372415214721E+000
    0.985520000000E+005    0.372476483701E+000
    0.986020000000E+005    0.372537575710E+000
    0.986520000000E+005    0.372598490871E+000
    0.987020000000E+005    0.372659229309E+000
    0.987520000000E+005    0.372719791145E+000
    0.988020000000E+005    0.372780176504E+000
    0.988520000000E+005    0.372840385508E+000
    0.989020000000E+005    0.372900418280E+000
    0.989520000000E+005    0.372960274945E+000
    0.990020000000E+005    0.373019955625E+000
    0.990520000000E+005    0.373079460445E+000
    0.991020000000E+005    0.373138789528E+000
    0.991520000000E+005    0.373197942997E+000
    0.992020000000E+005    0.373256920976E+000
    0.992520000000E+005    0.373315723590E+000
    0.993020000000E+005    0.373374350963E+000
    0.993520000000E+005    0.373432803217E+000
    0.994020000000E+005    0.373491080478E+000
    0.994520000000E+005    0.373549182870E+000
    0.995020000000E+005    0.373607110516E+000
    0.995520000000E+005    0.373664863542E+000
    0.996020000000E+005    0.373722442071E+000
    0.996520000000E+005    0.373779846228E+000
    0.997020000000E+005    0.373837076138E+000
    0.997520000000E+005    0.373894131925E+000
    0.998020000000E+005    0.373951013714E+000
    0.998520000000E+005    0.374007721629E+000
    0.999020000000E+005    0.374064255795E+000
    0.999520000000E+005    0.374120616338E+000
