TITLE = "0D Field KB"
VARIABLES = N ,"KB_Ha100Rem10Re100"
ZONE DATAPACKING = POINT
    0.200000000000E+001    0.799992000074E-009
    0.520000000000E+002    0.540524274496E-006
    0.102000000000E+003    0.207869963314E-005
    0.152000000000E+003    0.461382874288E-005
    0.202000000000E+003    0.814441596644E-005
    0.252000000000E+003    0.126689669420E-004
    0.302000000000E+003    0.181859870784E-004
    0.352000000000E+003    0.246939781176E-004
    0.402000000000E+003    0.321914324260E-004
    0.452000000000E+003    0.406768253962E-004
    0.502000000000E+003    0.501486067999E-004
    0.552000000000E+003    0.606051920141E-004
    0.602000000000E+003    0.720449538729E-004
    0.652000000000E+003    0.844662156348E-004
    0.702000000000E+003    0.978672453031E-004
    0.752000000000E+003    0.112246251356E-003
    0.802000000000E+003    0.127601379812E-003
    0.852000000000E+003    0.143930712497E-003
    0.902000000000E+003    0.161232266344E-003
    0.952000000000E+003    0.179503993549E-003
    0.100200000000E+004    0.198743782423E-003
    0.105200000000E+004    0.218949458801E-003
    0.110200000000E+004    0.240118787864E-003
    0.115200000000E+004    0.262249476285E-003
    0.120200000000E+004    0.285339174597E-003
    0.125200000000E+004    0.309385479713E-003
    0.130200000000E+004    0.334385937540E-003
    0.135200000000E+004    0.360338045641E-003
    0.140200000000E+004    0.387239255897E-003
    0.145200000000E+004    0.415086977156E-003
    0.150200000000E+004    0.443878577828E-003
    0.155200000000E+004    0.473611388426E-003
    0.160200000000E+004    0.504282704025E-003
    0.165200000000E+004    0.535889786643E-003
    0.170200000000E+004    0.568429867529E-003
    0.175200000000E+004    0.601900149353E-003
    0.180200000000E+004    0.636297808310E-003
    0.185200000000E+004    0.671619996116E-003
    0.190200000000E+004    0.707863841920E-003
    0.195200000000E+004    0.745026454112E-003
    0.200200000000E+004    0.783104922044E-003
    0.205200000000E+004    0.822096317666E-003
    0.210200000000E+004    0.861997697066E-003
    0.215200000000E+004    0.902806101937E-003
    0.220200000000E+004    0.944518560958E-003
    0.225200000000E+004    0.987132091102E-003
    0.230200000000E+004    0.103064369887E-002
    0.235200000000E+004    0.107505038146E-002
    0.240200000000E+004    0.112034912786E-002
    0.245200000000E+004    0.116653691988E-002
    0.250200000000E+004    0.121361073317E-002
    0.255200000000E+004    0.126156753809E-002
    0.260200000000E+004    0.131040430061E-002
    0.265200000000E+004    0.136011798311E-002
    0.270200000000E+004    0.141070554517E-002
    0.275200000000E+004    0.146216394429E-002
    0.280200000000E+004    0.151449013658E-002
    0.285200000000E+004    0.156768107737E-002
    0.290200000000E+004    0.162173372185E-002
    0.295200000000E+004    0.167664502564E-002
    0.300200000000E+004    0.173241194530E-002
    0.305200000000E+004    0.178903143886E-002
    0.310200000000E+004    0.184650046625E-002
    0.315200000000E+004    0.190481598980E-002
    0.320200000000E+004    0.196397497462E-002
    0.325200000000E+004    0.202397438901E-002
    0.330200000000E+004    0.208481120480E-002
    0.335200000000E+004    0.214648239772E-002
    0.340200000000E+004    0.220898494771E-002
    0.345200000000E+004    0.227231583924E-002
    0.350200000000E+004    0.233647206157E-002
    0.355200000000E+004    0.240145060902E-002
    0.360200000000E+004    0.246724848123E-002
    0.365200000000E+004    0.253386268339E-002
    0.370200000000E+004    0.260129022643E-002
    0.375200000000E+004    0.266952812726E-002
    0.380200000000E+004    0.273857340893E-002
    0.385200000000E+004    0.280842310084E-002
    0.390200000000E+004    0.287907423884E-002
    0.395200000000E+004    0.295052386546E-002
    0.400200000000E+004    0.302276902998E-002
    0.405200000000E+004    0.309580678864E-002
    0.410200000000E+004    0.316963420466E-002
    0.415200000000E+004    0.324424834845E-002
    0.420200000000E+004    0.331964629765E-002
    0.425200000000E+004    0.339582513725E-002
    0.430200000000E+004    0.347278195970E-002
    0.435200000000E+004    0.355051386493E-002
    0.440200000000E+004    0.362901796049E-002
    0.445200000000E+004    0.370829136158E-002
    0.450200000000E+004    0.378833119112E-002
    0.455200000000E+004    0.386913457980E-002
    0.460200000000E+004    0.395069866617E-002
    0.465200000000E+004    0.403302059662E-002
    0.470200000000E+004    0.411609752547E-002
    0.475200000000E+004    0.419992661502E-002
    0.480200000000E+004    0.428450503551E-002
    0.485200000000E+004    0.436982996524E-002
    0.490200000000E+004    0.445589859052E-002
    0.495200000000E+004    0.454270810576E-002
    0.500200000000E+004    0.463025571341E-002
    0.505200000000E+004    0.471853862405E-002
    0.510200000000E+004    0.480755405636E-002
    0.515200000000E+004    0.489729923716E-002
    0.520200000000E+004    0.498777140138E-002
    0.525200000000E+004    0.507896779209E-002
    0.530200000000E+004    0.517088566050E-002
    0.535200000000E+004    0.526352226599E-002
    0.540200000000E+004    0.535687487603E-002
    0.545200000000E+004    0.545094076626E-002
    0.550200000000E+004    0.554571722045E-002
    0.555200000000E+004    0.564120153051E-002
    0.560200000000E+004    0.573739099645E-002
    0.565200000000E+004    0.583428292642E-002
    0.570200000000E+004    0.593187463665E-002
    0.575200000000E+004    0.603016345149E-002
    0.580200000000E+004    0.612914670335E-002
    0.585200000000E+004    0.622882173273E-002
    0.590200000000E+004    0.632918588817E-002
    0.595200000000E+004    0.643023652627E-002
    0.600200000000E+004    0.653197101164E-002
    0.605200000000E+004    0.663438671693E-002
    0.610200000000E+004    0.673748102275E-002
    0.615200000000E+004    0.684125131772E-002
    0.620200000000E+004    0.694569499841E-002
    0.625200000000E+004    0.705080946933E-002
    0.630200000000E+004    0.715659214291E-002
    0.635200000000E+004    0.726304043950E-002
    0.640200000000E+004    0.737015178733E-002
    0.645200000000E+004    0.747792362250E-002
    0.650200000000E+004    0.758635338894E-002
    0.655200000000E+004    0.769543853844E-002
    0.660200000000E+004    0.780517653056E-002
    0.665200000000E+004    0.791556483268E-002
    0.670200000000E+004    0.802660091991E-002
    0.675200000000E+004    0.813828227514E-002
    0.680200000000E+004    0.825060638894E-002
    0.685200000000E+004    0.836357075963E-002
    0.690200000000E+004    0.847717289318E-002
    0.695200000000E+004    0.859141030322E-002
    0.700200000000E+004    0.870628051102E-002
    0.705200000000E+004    0.882178104549E-002
    0.710200000000E+004    0.893790944308E-002
    0.715200000000E+004    0.905466324787E-002
    0.720200000000E+004    0.917204001146E-002
    0.725200000000E+004    0.929003729298E-002
    0.730200000000E+004    0.940865265908E-002
    0.735200000000E+004    0.952788368389E-002
    0.740200000000E+004    0.964772794901E-002
    0.745200000000E+004    0.976818304349E-002
    0.750200000000E+004    0.988924656377E-002
    0.755200000000E+004    0.100109161137E-001
    0.760200000000E+004    0.101331893046E-001
    0.765200000000E+004    0.102560637550E-001
    0.770200000000E+004    0.103795370909E-001
    0.775200000000E+004    0.105036069455E-001
    0.780200000000E+004    0.106282709594E-001
    0.785200000000E+004    0.107535267804E-001
    0.790200000000E+004    0.108793720637E-001
    0.795200000000E+004    0.110058044714E-001
    0.800200000000E+004    0.111328216733E-001
    0.805200000000E+004    0.112604213459E-001
    0.810200000000E+004    0.113886011733E-001
    0.815200000000E+004    0.115173588464E-001
    0.820200000000E+004    0.116466920636E-001
    0.825200000000E+004    0.117765985300E-001
    0.830200000000E+004    0.119070759581E-001
    0.835200000000E+004    0.120381220675E-001
    0.840200000000E+004    0.121697345845E-001
    0.845200000000E+004    0.123019112430E-001
    0.850200000000E+004    0.124346497833E-001
    0.855200000000E+004    0.125679479532E-001
    0.860200000000E+004    0.127018035072E-001
    0.865200000000E+004    0.128362142069E-001
    0.870200000000E+004    0.129711778209E-001
    0.875200000000E+004    0.131066921244E-001
    0.880200000000E+004    0.132427548999E-001
    0.885200000000E+004    0.133793639367E-001
    0.890200000000E+004    0.135165170307E-001
    0.895200000000E+004    0.136542119850E-001
    0.900200000000E+004    0.137924466094E-001
    0.905200000000E+004    0.139312187206E-001
    0.910200000000E+004    0.140705261419E-001
    0.915200000000E+004    0.142103667037E-001
    0.920200000000E+004    0.143507382428E-001
    0.925200000000E+004    0.144916386031E-001
    0.930200000000E+004    0.146330656351E-001
    0.935200000000E+004    0.147750171960E-001
    0.940200000000E+004    0.149174911497E-001
    0.945200000000E+004    0.150604853668E-001
    0.950200000000E+004    0.152039977247E-001
    0.955200000000E+004    0.153480261073E-001
    0.960200000000E+004    0.154925684052E-001
    0.965200000000E+004    0.156376225156E-001
    0.970200000000E+004    0.157831863423E-001
    0.975200000000E+004    0.159292577957E-001
    0.980200000000E+004    0.160758347929E-001
    0.985200000000E+004    0.162229152574E-001
    0.990200000000E+004    0.163704971192E-001
    0.995200000000E+004    0.165185783150E-001
    0.100020000000E+005    0.166671567880E-001
    0.100520000000E+005    0.168162304876E-001
    0.101020000000E+005    0.169657973701E-001
    0.101520000000E+005    0.171158553979E-001
    0.102020000000E+005    0.172664025400E-001
    0.102520000000E+005    0.174174367717E-001
    0.103020000000E+005    0.175689560749E-001
    0.103520000000E+005    0.177209584378E-001
    0.104020000000E+005    0.178734418548E-001
    0.104520000000E+005    0.180264043267E-001
    0.105020000000E+005    0.181798438609E-001
    0.105520000000E+005    0.183337584706E-001
    0.106020000000E+005    0.184881461758E-001
    0.106520000000E+005    0.186430050023E-001
    0.107020000000E+005    0.187983329825E-001
    0.107520000000E+005    0.189541281546E-001
    0.108020000000E+005    0.191103885635E-001
    0.108520000000E+005    0.192671122599E-001
    0.109020000000E+005    0.194242973006E-001
    0.109520000000E+005    0.195819417488E-001
    0.110020000000E+005    0.197400436735E-001
    0.110520000000E+005    0.198986011500E-001
    0.111020000000E+005    0.200576122595E-001
    0.111520000000E+005    0.202170750892E-001
    0.112020000000E+005    0.203769877324E-001
    0.112520000000E+005    0.205373482883E-001
    0.113020000000E+005    0.206981548619E-001
    0.113520000000E+005    0.208594055644E-001
    0.114020000000E+005    0.210210985126E-001
    0.114520000000E+005    0.211832318292E-001
    0.115020000000E+005    0.213458036428E-001
    0.115520000000E+005    0.215088120879E-001
    0.116020000000E+005    0.216722553044E-001
    0.116520000000E+005    0.218361314383E-001
    0.117020000000E+005    0.220004386412E-001
    0.117520000000E+005    0.221651750703E-001
    0.118020000000E+005    0.223303388884E-001
    0.118520000000E+005    0.224959282641E-001
    0.119020000000E+005    0.226619413715E-001
    0.119520000000E+005    0.228283763902E-001
    0.120020000000E+005    0.229952315055E-001
    0.120520000000E+005    0.231625049080E-001
    0.121020000000E+005    0.233301947940E-001
    0.121520000000E+005    0.234982993651E-001
    0.122020000000E+005    0.236668168282E-001
    0.122520000000E+005    0.238357453960E-001
    0.123020000000E+005    0.240050832861E-001
    0.123520000000E+005    0.241748287218E-001
    0.124020000000E+005    0.243449799316E-001
    0.124520000000E+005    0.245155351492E-001
    0.125020000000E+005    0.246864926136E-001
    0.125520000000E+005    0.248578505692E-001
    0.126020000000E+005    0.250296072655E-001
    0.126520000000E+005    0.252017609570E-001
    0.127020000000E+005    0.253743099038E-001
    0.127520000000E+005    0.255472523708E-001
    0.128020000000E+005    0.257205866281E-001
    0.128520000000E+005    0.258943109511E-001
    0.129020000000E+005    0.260684236200E-001
    0.129520000000E+005    0.262429229202E-001
    0.130020000000E+005    0.264178071421E-001
    0.130520000000E+005    0.265930745812E-001
    0.131020000000E+005    0.267687235380E-001
    0.131520000000E+005    0.269447523178E-001
    0.132020000000E+005    0.271211592311E-001
    0.132520000000E+005    0.272979425932E-001
    0.133020000000E+005    0.274751007245E-001
    0.133520000000E+005    0.276526319500E-001
    0.134020000000E+005    0.278305346000E-001
    0.134520000000E+005    0.280088070092E-001
    0.135020000000E+005    0.281874475177E-001
    0.135520000000E+005    0.283664544699E-001
    0.136020000000E+005    0.285458262156E-001
    0.136520000000E+005    0.287255611089E-001
    0.137020000000E+005    0.289056575090E-001
    0.137520000000E+005    0.290861137799E-001
    0.138020000000E+005    0.292669282902E-001
    0.138520000000E+005    0.294480994133E-001
    0.139020000000E+005    0.296296255276E-001
    0.139520000000E+005    0.298115050158E-001
    0.140020000000E+005    0.299937362658E-001
    0.140520000000E+005    0.301763176699E-001
    0.141020000000E+005    0.303592476251E-001
    0.141520000000E+005    0.305425245332E-001
    0.142020000000E+005    0.307261468007E-001
    0.142520000000E+005    0.309101128386E-001
    0.143020000000E+005    0.310944210628E-001
    0.143520000000E+005    0.312790698937E-001
    0.144020000000E+005    0.314640577563E-001
    0.144520000000E+005    0.316493830802E-001
    0.145020000000E+005    0.318350442998E-001
    0.145520000000E+005    0.320210398539E-001
    0.146020000000E+005    0.322073681860E-001
    0.146520000000E+005    0.323940277443E-001
    0.147020000000E+005    0.325810169812E-001
    0.147520000000E+005    0.327683343542E-001
    0.148020000000E+005    0.329559783248E-001
    0.148520000000E+005    0.331439473595E-001
    0.149020000000E+005    0.333322399292E-001
    0.149520000000E+005    0.335208545092E-001
    0.150020000000E+005    0.337097895794E-001
    0.150520000000E+005    0.338990436244E-001
    0.151020000000E+005    0.340886151331E-001
    0.151520000000E+005    0.342785025990E-001
    0.152020000000E+005    0.344687045200E-001
    0.152520000000E+005    0.346592193986E-001
    0.153020000000E+005    0.348500457417E-001
    0.153520000000E+005    0.350411820609E-001
    0.154020000000E+005    0.352326268719E-001
    0.154520000000E+005    0.354243786952E-001
    0.155020000000E+005    0.356164360556E-001
    0.155520000000E+005    0.358087974823E-001
    0.156020000000E+005    0.360014615091E-001
    0.156520000000E+005    0.361944266741E-001
    0.157020000000E+005    0.363876915200E-001
    0.157520000000E+005    0.365812545937E-001
    0.158020000000E+005    0.367751144468E-001
    0.158520000000E+005    0.369692696350E-001
    0.159020000000E+005    0.371637187187E-001
    0.159520000000E+005    0.373584602626E-001
    0.160020000000E+005    0.375534928358E-001
    0.160520000000E+005    0.377488150117E-001
    0.161020000000E+005    0.379444253682E-001
    0.161520000000E+005    0.381403224876E-001
    0.162020000000E+005    0.383365049566E-001
    0.162520000000E+005    0.385329713661E-001
    0.163020000000E+005    0.387297203116E-001
    0.163520000000E+005    0.389267503927E-001
    0.164020000000E+005    0.391240602136E-001
    0.164520000000E+005    0.393216483828E-001
    0.165020000000E+005    0.395195135129E-001
    0.165520000000E+005    0.397176542213E-001
    0.166020000000E+005    0.399160691293E-001
    0.166520000000E+005    0.401147568628E-001
    0.167020000000E+005    0.403137160518E-001
    0.167520000000E+005    0.405129453308E-001
    0.168020000000E+005    0.407124433385E-001
    0.168520000000E+005    0.409122087180E-001
    0.169020000000E+005    0.411122401164E-001
    0.169520000000E+005    0.413125361856E-001
    0.170020000000E+005    0.415130955812E-001
    0.170520000000E+005    0.417139169635E-001
    0.171020000000E+005    0.419149989969E-001
    0.171520000000E+005    0.421163403499E-001
    0.172020000000E+005    0.423179396955E-001
    0.172520000000E+005    0.425197957107E-001
    0.173020000000E+005    0.427219070768E-001
    0.173520000000E+005    0.429242724793E-001
    0.174020000000E+005    0.431268906081E-001
    0.174520000000E+005    0.433297601568E-001
    0.175020000000E+005    0.435328798236E-001
    0.175520000000E+005    0.437362483106E-001
    0.176020000000E+005    0.439398643242E-001
    0.176520000000E+005    0.441437265748E-001
    0.177020000000E+005    0.443478337770E-001
    0.177520000000E+005    0.445521846494E-001
    0.178020000000E+005    0.447567779147E-001
    0.178520000000E+005    0.449616122998E-001
    0.179020000000E+005    0.451666865353E-001
    0.179520000000E+005    0.453719993561E-001
    0.180020000000E+005    0.455775495010E-001
    0.180520000000E+005    0.457833357128E-001
    0.181020000000E+005    0.459893567383E-001
    0.181520000000E+005    0.461956113280E-001
    0.182020000000E+005    0.464020982367E-001
    0.182520000000E+005    0.466088162226E-001
    0.183020000000E+005    0.468157640483E-001
    0.183520000000E+005    0.470229404797E-001
    0.184020000000E+005    0.472303442868E-001
    0.184520000000E+005    0.474379742434E-001
    0.185020000000E+005    0.476458291269E-001
    0.185520000000E+005    0.478539077185E-001
    0.186020000000E+005    0.480622088030E-001
    0.186520000000E+005    0.482707311690E-001
    0.187020000000E+005    0.484794736086E-001
    0.187520000000E+005    0.486884349175E-001
    0.188020000000E+005    0.488976138951E-001
    0.188520000000E+005    0.491070093441E-001
    0.189020000000E+005    0.493166200707E-001
    0.189520000000E+005    0.495264448848E-001
    0.190020000000E+005    0.497364825994E-001
    0.190520000000E+005    0.499467320310E-001
    0.191020000000E+005    0.501571919996E-001
    0.191520000000E+005    0.503678613281E-001
    0.192020000000E+005    0.505787388429E-001
    0.192520000000E+005    0.507898233737E-001
    0.193020000000E+005    0.510011137532E-001
    0.193520000000E+005    0.512126088172E-001
    0.194020000000E+005    0.514243074047E-001
    0.194520000000E+005    0.516362083577E-001
    0.195020000000E+005    0.518483105211E-001
    0.195520000000E+005    0.520606127429E-001
    0.196020000000E+005    0.522731138739E-001
    0.196520000000E+005    0.524858127677E-001
    0.197020000000E+005    0.526987082810E-001
    0.197520000000E+005    0.529117992729E-001
    0.198020000000E+005    0.531250846054E-001
    0.198520000000E+005    0.533385631433E-001
    0.199020000000E+005    0.535522337538E-001
    0.199520000000E+005    0.537660953068E-001
    0.200020000000E+005    0.539801466747E-001
    0.200520000000E+005    0.541943867325E-001
    0.201020000000E+005    0.544088143575E-001
    0.201520000000E+005    0.546234284296E-001
    0.202020000000E+005    0.548382278307E-001
    0.202520000000E+005    0.550532114455E-001
    0.203020000000E+005    0.552683781606E-001
    0.203520000000E+005    0.554837268650E-001
    0.204020000000E+005    0.556992564499E-001
    0.204520000000E+005    0.559149658086E-001
    0.205020000000E+005    0.561308538365E-001
    0.205520000000E+005    0.563469194310E-001
    0.206020000000E+005    0.565631614918E-001
    0.206520000000E+005    0.567795789203E-001
    0.207020000000E+005    0.569961706200E-001
    0.207520000000E+005    0.572129354964E-001
    0.208020000000E+005    0.574298724567E-001
    0.208520000000E+005    0.576469804100E-001
    0.209020000000E+005    0.578642582674E-001
    0.209520000000E+005    0.580817049417E-001
    0.210020000000E+005    0.582993193474E-001
    0.210520000000E+005    0.585171004008E-001
    0.211020000000E+005    0.587350470199E-001
    0.211520000000E+005    0.589531581246E-001
    0.212020000000E+005    0.591714326361E-001
    0.212520000000E+005    0.593898694776E-001
    0.213020000000E+005    0.596084675737E-001
    0.213520000000E+005    0.598272258508E-001
    0.214020000000E+005    0.600461432368E-001
    0.214520000000E+005    0.602652186613E-001
    0.215020000000E+005    0.604844510553E-001
    0.215520000000E+005    0.607038393516E-001
    0.216020000000E+005    0.609233824845E-001
    0.216520000000E+005    0.611430793898E-001
    0.217020000000E+005    0.613629290049E-001
    0.217520000000E+005    0.615829302687E-001
    0.218020000000E+005    0.618030821218E-001
    0.218520000000E+005    0.620233835064E-001
    0.219020000000E+005    0.622438333659E-001
    0.219520000000E+005    0.624644306458E-001
    0.220020000000E+005    0.626851742929E-001
    0.220520000000E+005    0.629060632554E-001
    0.221020000000E+005    0.631270964836E-001
    0.221520000000E+005    0.633482729290E-001
    0.222020000000E+005    0.635695915449E-001
    0.222520000000E+005    0.637910512863E-001
    0.223020000000E+005    0.640126511096E-001
    0.223520000000E+005    0.642343899733E-001
    0.224020000000E+005    0.644562668373E-001
    0.224520000000E+005    0.646782806632E-001
    0.225020000000E+005    0.649004304146E-001
    0.225520000000E+005    0.651227150567E-001
    0.226020000000E+005    0.653451335565E-001
    0.226520000000E+005    0.655676848829E-001
    0.227020000000E+005    0.657903680065E-001
    0.227520000000E+005    0.660131819000E-001
    0.228020000000E+005    0.662361255377E-001
    0.228520000000E+005    0.664591978962E-001
    0.229020000000E+005    0.666823979538E-001
    0.229520000000E+005    0.669057246910E-001
    0.230020000000E+005    0.671291770899E-001
    0.230520000000E+005    0.673527541353E-001
    0.231020000000E+005    0.675764548135E-001
    0.231520000000E+005    0.678002781132E-001
    0.232020000000E+005    0.680242230253E-001
    0.232520000000E+005    0.682482885426E-001
    0.233020000000E+005    0.684724736604E-001
    0.233520000000E+005    0.686967773762E-001
    0.234020000000E+005    0.689211986895E-001
    0.234520000000E+005    0.691457366024E-001
    0.235020000000E+005    0.693703901192E-001
    0.235520000000E+005    0.695951582466E-001
    0.236020000000E+005    0.698200399936E-001
    0.236520000000E+005    0.700450343716E-001
    0.237020000000E+005    0.702701403947E-001
    0.237520000000E+005    0.704953570791E-001
    0.238020000000E+005    0.707206834438E-001
    0.238520000000E+005    0.709461185101E-001
    0.239020000000E+005    0.711716613018E-001
    0.239520000000E+005    0.713973108456E-001
    0.240020000000E+005    0.716230661704E-001
    0.240520000000E+005    0.718489263080E-001
    0.241020000000E+005    0.720748902925E-001
    0.241520000000E+005    0.723009571609E-001
    0.242020000000E+005    0.725271259528E-001
    0.242520000000E+005    0.727533957105E-001
    0.243020000000E+005    0.729797654789E-001
    0.243520000000E+005    0.732062343056E-001
    0.244020000000E+005    0.734328012411E-001
    0.244520000000E+005    0.736594653384E-001
    0.245020000000E+005    0.738862256534E-001
    0.245520000000E+005    0.741130812446E-001
    0.246020000000E+005    0.743400311734E-001
    0.246520000000E+005    0.745670745040E-001
    0.247020000000E+005    0.747942103031E-001
    0.247520000000E+005    0.750214376406E-001
    0.248020000000E+005    0.752487555887E-001
    0.248520000000E+005    0.754761632228E-001
    0.249020000000E+005    0.757036596209E-001
    0.249520000000E+005    0.759312438637E-001
    0.250020000000E+005    0.761589150350E-001
    0.250520000000E+005    0.763866722210E-001
    0.251020000000E+005    0.766145145111E-001
    0.251520000000E+005    0.768424409970E-001
    0.252020000000E+005    0.770704507737E-001
    0.252520000000E+005    0.772985429387E-001
    0.253020000000E+005    0.775267165922E-001
    0.253520000000E+005    0.777549708374E-001
    0.254020000000E+005    0.779833047802E-001
    0.254520000000E+005    0.782117175291E-001
    0.255020000000E+005    0.784402081957E-001
    0.255520000000E+005    0.786687758940E-001
    0.256020000000E+005    0.788974197409E-001
    0.256520000000E+005    0.791261388562E-001
    0.257020000000E+005    0.793549323620E-001
    0.257520000000E+005    0.795837993837E-001
    0.258020000000E+005    0.798127390489E-001
    0.258520000000E+005    0.800417504881E-001
    0.259020000000E+005    0.802708328347E-001
    0.259520000000E+005    0.804999852245E-001
    0.260020000000E+005    0.807292067962E-001
    0.260520000000E+005    0.809584966909E-001
    0.261020000000E+005    0.811878540528E-001
    0.261520000000E+005    0.814172780282E-001
    0.262020000000E+005    0.816467677666E-001
    0.262520000000E+005    0.818763224198E-001
    0.263020000000E+005    0.821059411424E-001
    0.263520000000E+005    0.823356230914E-001
    0.264020000000E+005    0.825653674267E-001
    0.264520000000E+005    0.827951733107E-001
    0.265020000000E+005    0.830250399083E-001
    0.265520000000E+005    0.832549663870E-001
    0.266020000000E+005    0.834849519171E-001
    0.266520000000E+005    0.837149956713E-001
    0.267020000000E+005    0.839450968249E-001
    0.267520000000E+005    0.841752545557E-001
    0.268020000000E+005    0.844054680441E-001
    0.268520000000E+005    0.846357364731E-001
    0.269020000000E+005    0.848660590281E-001
    0.269520000000E+005    0.850964348973E-001
    0.270020000000E+005    0.853268632710E-001
    0.270520000000E+005    0.855573433424E-001
    0.271020000000E+005    0.857878743071E-001
    0.271520000000E+005    0.860184553631E-001
    0.272020000000E+005    0.862490857109E-001
    0.272520000000E+005    0.864797645536E-001
    0.273020000000E+005    0.867104910967E-001
    0.273520000000E+005    0.869412645483E-001
    0.274020000000E+005    0.871720841188E-001
    0.274520000000E+005    0.874029490211E-001
    0.275020000000E+005    0.876338584706E-001
    0.275520000000E+005    0.878648116851E-001
    0.276020000000E+005    0.880958078850E-001
    0.276520000000E+005    0.883268462929E-001
    0.277020000000E+005    0.885579261340E-001
    0.277520000000E+005    0.887890466359E-001
    0.278020000000E+005    0.890202070285E-001
    0.278520000000E+005    0.892514065442E-001
    0.279020000000E+005    0.894826444178E-001
    0.279520000000E+005    0.897139198865E-001
    0.280020000000E+005    0.899452321900E-001
    0.280520000000E+005    0.901765805702E-001
    0.281020000000E+005    0.904079642714E-001
    0.281520000000E+005    0.906393825403E-001
    0.282020000000E+005    0.908708346262E-001
    0.282520000000E+005    0.911023197804E-001
    0.283020000000E+005    0.913338372567E-001
    0.283520000000E+005    0.915653863112E-001
    0.284020000000E+005    0.917969662026E-001
    0.284520000000E+005    0.920285761916E-001
    0.285020000000E+005    0.922602155414E-001
    0.285520000000E+005    0.924918835175E-001
    0.286020000000E+005    0.927235793876E-001
    0.286520000000E+005    0.929553024219E-001
    0.287020000000E+005    0.931870518928E-001
    0.287520000000E+005    0.934188270750E-001
    0.288020000000E+005    0.936506272455E-001
    0.288520000000E+005    0.938824516835E-001
    0.289020000000E+005    0.941142996707E-001
    0.289520000000E+005    0.943461704908E-001
    0.290020000000E+005    0.945780634300E-001
    0.290520000000E+005    0.948099777765E-001
    0.291020000000E+005    0.950419128210E-001
    0.291520000000E+005    0.952738678563E-001
    0.292020000000E+005    0.955058421775E-001
    0.292520000000E+005    0.957378350819E-001
    0.293020000000E+005    0.959698458691E-001
    0.293520000000E+005    0.962018738407E-001
    0.294020000000E+005    0.964339183008E-001
    0.294520000000E+005    0.966659785556E-001
    0.295020000000E+005    0.968980539133E-001
    0.295520000000E+005    0.971301436847E-001
    0.296020000000E+005    0.973622471824E-001
    0.296520000000E+005    0.975943637214E-001
    0.297020000000E+005    0.978264926188E-001
    0.297520000000E+005    0.980586331939E-001
    0.298020000000E+005    0.982907847682E-001
    0.298520000000E+005    0.985229466653E-001
    0.299020000000E+005    0.987551182110E-001
    0.299520000000E+005    0.989872987331E-001
    0.300020000000E+005    0.992194875618E-001
    0.300520000000E+005    0.994516840293E-001
    0.301020000000E+005    0.996838874699E-001
    0.301520000000E+005    0.999160972201E-001
    0.302020000000E+005    0.100148312618E+000
    0.302520000000E+005    0.100380533006E+000
    0.303020000000E+005    0.100612757725E+000
    0.303520000000E+005    0.100844986120E+000
    0.304020000000E+005    0.101077217539E+000
    0.304520000000E+005    0.101309451331E+000
    0.305020000000E+005    0.101541686847E+000
    0.305520000000E+005    0.101773923441E+000
    0.306020000000E+005    0.102006160467E+000
    0.306520000000E+005    0.102238397283E+000
    0.307020000000E+005    0.102470633249E+000
    0.307520000000E+005    0.102702867726E+000
    0.308020000000E+005    0.102935100078E+000
    0.308520000000E+005    0.103167329671E+000
    0.309020000000E+005    0.103399555873E+000
    0.309520000000E+005    0.103631778052E+000
    0.310020000000E+005    0.103863995582E+000
    0.310520000000E+005    0.104096207836E+000
    0.311020000000E+005    0.104328414189E+000
    0.311520000000E+005    0.104560614021E+000
    0.312020000000E+005    0.104792806710E+000
    0.312520000000E+005    0.105024991640E+000
    0.313020000000E+005    0.105257168193E+000
    0.313520000000E+005    0.105489335756E+000
    0.314020000000E+005    0.105721493716E+000
    0.314520000000E+005    0.105953641465E+000
    0.315020000000E+005    0.106185778393E+000
    0.315520000000E+005    0.106417903896E+000
    0.316020000000E+005    0.106650017367E+000
    0.316520000000E+005    0.106882118207E+000
    0.317020000000E+005    0.107114205814E+000
    0.317520000000E+005    0.107346279590E+000
    0.318020000000E+005    0.107578338940E+000
    0.318520000000E+005    0.107810383269E+000
    0.319020000000E+005    0.108042411984E+000
    0.319520000000E+005    0.108274424495E+000
    0.320020000000E+005    0.108506420214E+000
    0.320520000000E+005    0.108738398555E+000
    0.321020000000E+005    0.108970358932E+000
    0.321520000000E+005    0.109202300764E+000
    0.322020000000E+005    0.109434223469E+000
    0.322520000000E+005    0.109666126468E+000
    0.323020000000E+005    0.109898009186E+000
    0.323520000000E+005    0.110129871045E+000
    0.324020000000E+005    0.110361711475E+000
    0.324520000000E+005    0.110593529902E+000
    0.325020000000E+005    0.110825325759E+000
    0.325520000000E+005    0.111057098477E+000
    0.326020000000E+005    0.111288847490E+000
    0.326520000000E+005    0.111520572236E+000
    0.327020000000E+005    0.111752272152E+000
    0.327520000000E+005    0.111983946678E+000
    0.328020000000E+005    0.112215595256E+000
    0.328520000000E+005    0.112447217330E+000
    0.329020000000E+005    0.112678812345E+000
    0.329520000000E+005    0.112910379748E+000
    0.330020000000E+005    0.113141918989E+000
    0.330520000000E+005    0.113373429519E+000
    0.331020000000E+005    0.113604910791E+000
    0.331520000000E+005    0.113836362259E+000
    0.332020000000E+005    0.114067783379E+000
    0.332520000000E+005    0.114299173611E+000
    0.333020000000E+005    0.114530532414E+000
    0.333520000000E+005    0.114761859250E+000
    0.334020000000E+005    0.114993153583E+000
    0.334520000000E+005    0.115224414878E+000
    0.335020000000E+005    0.115455642602E+000
    0.335520000000E+005    0.115686836226E+000
    0.336020000000E+005    0.115917995219E+000
    0.336520000000E+005    0.116149119054E+000
    0.337020000000E+005    0.116380207206E+000
    0.337520000000E+005    0.116611259150E+000
    0.338020000000E+005    0.116842274366E+000
    0.338520000000E+005    0.117073252332E+000
    0.339020000000E+005    0.117304192531E+000
    0.339520000000E+005    0.117535094444E+000
    0.340020000000E+005    0.117765957558E+000
    0.340520000000E+005    0.117996781359E+000
    0.341020000000E+005    0.118227565336E+000
    0.341520000000E+005    0.118458308979E+000
    0.342020000000E+005    0.118689011780E+000
    0.342520000000E+005    0.118919673233E+000
    0.343020000000E+005    0.119150292833E+000
    0.343520000000E+005    0.119380870078E+000
    0.344020000000E+005    0.119611404466E+000
    0.344520000000E+005    0.119841895498E+000
    0.345020000000E+005    0.120072342676E+000
    0.345520000000E+005    0.120302745506E+000
    0.346020000000E+005    0.120533103492E+000
    0.346520000000E+005    0.120763416142E+000
    0.347020000000E+005    0.120993682966E+000
    0.347520000000E+005    0.121223903474E+000
    0.348020000000E+005    0.121454077179E+000
    0.348520000000E+005    0.121684203596E+000
    0.349020000000E+005    0.121914282241E+000
    0.349520000000E+005    0.122144312630E+000
    0.350020000000E+005    0.122374294285E+000
    0.350520000000E+005    0.122604226726E+000
    0.351020000000E+005    0.122834109476E+000
    0.351520000000E+005    0.123063942059E+000
    0.352020000000E+005    0.123293724002E+000
    0.352520000000E+005    0.123523454833E+000
    0.353020000000E+005    0.123753134080E+000
    0.353520000000E+005    0.123982761277E+000
    0.354020000000E+005    0.124212335954E+000
    0.354520000000E+005    0.124441857647E+000
    0.355020000000E+005    0.124671325892E+000
    0.355520000000E+005    0.124900740226E+000
    0.356020000000E+005    0.125130100190E+000
    0.356520000000E+005    0.125359405324E+000
    0.357020000000E+005    0.125588655171E+000
    0.357520000000E+005    0.125817849276E+000
    0.358020000000E+005    0.126046987184E+000
    0.358520000000E+005    0.126276068443E+000
    0.359020000000E+005    0.126505092602E+000
    0.359520000000E+005    0.126734059213E+000
    0.360020000000E+005    0.126962967826E+000
    0.360520000000E+005    0.127191817998E+000
    0.361020000000E+005    0.127420609282E+000
    0.361520000000E+005    0.127649341236E+000
    0.362020000000E+005    0.127878013420E+000
    0.362520000000E+005    0.128106625393E+000
    0.363020000000E+005    0.128335176716E+000
    0.363520000000E+005    0.128563666955E+000
    0.364020000000E+005    0.128792095673E+000
    0.364520000000E+005    0.129020462438E+000
    0.365020000000E+005    0.129248766816E+000
    0.365520000000E+005    0.129477008379E+000
    0.366020000000E+005    0.129705186696E+000
    0.366520000000E+005    0.129933301341E+000
    0.367020000000E+005    0.130161351887E+000
    0.367520000000E+005    0.130389337911E+000
    0.368020000000E+005    0.130617258989E+000
    0.368520000000E+005    0.130845114700E+000
    0.369020000000E+005    0.131072904624E+000
    0.369520000000E+005    0.131300628343E+000
    0.370020000000E+005    0.131528285439E+000
    0.370520000000E+005    0.131755875497E+000
    0.371020000000E+005    0.131983398103E+000
    0.371520000000E+005    0.132210852843E+000
    0.372020000000E+005    0.132438239308E+000
    0.372520000000E+005    0.132665557086E+000
    0.373020000000E+005    0.132892805770E+000
    0.373520000000E+005    0.133119984951E+000
    0.374020000000E+005    0.133347094226E+000
    0.374520000000E+005    0.133574133188E+000
    0.375020000000E+005    0.133801101435E+000
    0.375520000000E+005    0.134027998565E+000
    0.376020000000E+005    0.134254824178E+000
    0.376520000000E+005    0.134481577875E+000
    0.377020000000E+005    0.134708259258E+000
    0.377520000000E+005    0.134934867931E+000
    0.378020000000E+005    0.135161403498E+000
    0.378520000000E+005    0.135387865567E+000
    0.379020000000E+005    0.135614253743E+000
    0.379520000000E+005    0.135840567636E+000
    0.380020000000E+005    0.136066806855E+000
    0.380520000000E+005    0.136292971013E+000
    0.381020000000E+005    0.136519059720E+000
    0.381520000000E+005    0.136745072591E+000
    0.382020000000E+005    0.136971009241E+000
    0.382520000000E+005    0.137196869284E+000
    0.383020000000E+005    0.137422652340E+000
    0.383520000000E+005    0.137648358025E+000
    0.384020000000E+005    0.137873985959E+000
    0.384520000000E+005    0.138099535762E+000
    0.385020000000E+005    0.138325007057E+000
    0.385520000000E+005    0.138550399466E+000
    0.386020000000E+005    0.138775712613E+000
    0.386520000000E+005    0.139000946123E+000
    0.387020000000E+005    0.139226099621E+000
    0.387520000000E+005    0.139451172735E+000
    0.388020000000E+005    0.139676165094E+000
    0.388520000000E+005    0.139901076325E+000
    0.389020000000E+005    0.140125906060E+000
    0.389520000000E+005    0.140350653929E+000
    0.390020000000E+005    0.140575319565E+000
    0.390520000000E+005    0.140799902600E+000
    0.391020000000E+005    0.141024402670E+000
    0.391520000000E+005    0.141248819408E+000
    0.392020000000E+005    0.141473152452E+000
    0.392520000000E+005    0.141697401437E+000
    0.393020000000E+005    0.141921566002E+000
    0.393520000000E+005    0.142145645786E+000
    0.394020000000E+005    0.142369640428E+000
    0.394520000000E+005    0.142593549568E+000
    0.395020000000E+005    0.142817372850E+000
    0.395520000000E+005    0.143041109913E+000
    0.396020000000E+005    0.143264760403E+000
    0.396520000000E+005    0.143488323962E+000
    0.397020000000E+005    0.143711800236E+000
    0.397520000000E+005    0.143935188870E+000
    0.398020000000E+005    0.144158489510E+000
    0.398520000000E+005    0.144381701805E+000
    0.399020000000E+005    0.144604825402E+000
    0.399520000000E+005    0.144827859949E+000
    0.400020000000E+005    0.145050805097E+000
    0.400520000000E+005    0.145273660496E+000
    0.401020000000E+005    0.145496425797E+000
    0.401520000000E+005    0.145719100651E+000
    0.402020000000E+005    0.145941684712E+000
    0.402520000000E+005    0.146164177632E+000
    0.403020000000E+005    0.146386579066E+000
    0.403520000000E+005    0.146608888669E+000
    0.404020000000E+005    0.146831106095E+000
    0.404520000000E+005    0.147053231001E+000
    0.405020000000E+005    0.147275263044E+000
    0.405520000000E+005    0.147497201881E+000
    0.406020000000E+005    0.147719047170E+000
    0.406520000000E+005    0.147940798571E+000
    0.407020000000E+005    0.148162455742E+000
    0.407520000000E+005    0.148384018344E+000
    0.408020000000E+005    0.148605486038E+000
    0.408520000000E+005    0.148826858485E+000
    0.409020000000E+005    0.149048135347E+000
    0.409520000000E+005    0.149269316286E+000
    0.410020000000E+005    0.149490400967E+000
    0.410520000000E+005    0.149711389053E+000
    0.411020000000E+005    0.149932280209E+000
    0.411520000000E+005    0.150153074099E+000
    0.412020000000E+005    0.150373770391E+000
    0.412520000000E+005    0.150594368749E+000
    0.413020000000E+005    0.150814868842E+000
    0.413520000000E+005    0.151035270337E+000
    0.414020000000E+005    0.151255572902E+000
    0.414520000000E+005    0.151475776206E+000
    0.415020000000E+005    0.151695879919E+000
    0.415520000000E+005    0.151915883710E+000
    0.416020000000E+005    0.152135787252E+000
    0.416520000000E+005    0.152355590214E+000
    0.417020000000E+005    0.152575292269E+000
    0.417520000000E+005    0.152794893089E+000
    0.418020000000E+005    0.153014392348E+000
    0.418520000000E+005    0.153233789720E+000
    0.419020000000E+005    0.153453084878E+000
    0.419520000000E+005    0.153672277498E+000
    0.420020000000E+005    0.153891367256E+000
    0.420520000000E+005    0.154110353828E+000
    0.421020000000E+005    0.154329236890E+000
    0.421520000000E+005    0.154548016121E+000
    0.422020000000E+005    0.154766691199E+000
    0.422520000000E+005    0.154985261802E+000
    0.423020000000E+005    0.155203727610E+000
    0.423520000000E+005    0.155422088303E+000
    0.424020000000E+005    0.155640343562E+000
    0.424520000000E+005    0.155858493068E+000
    0.425020000000E+005    0.156076536504E+000
    0.425520000000E+005    0.156294473552E+000
    0.426020000000E+005    0.156512303896E+000
    0.426520000000E+005    0.156730027220E+000
    0.427020000000E+005    0.156947643209E+000
    0.427520000000E+005    0.157165151548E+000
    0.428020000000E+005    0.157382551924E+000
    0.428520000000E+005    0.157599844023E+000
    0.429020000000E+005    0.157817027534E+000
    0.429520000000E+005    0.158034102144E+000
    0.430020000000E+005    0.158251067543E+000
    0.430520000000E+005    0.158467923421E+000
    0.431020000000E+005    0.158684669468E+000
    0.431520000000E+005    0.158901305376E+000
    0.432020000000E+005    0.159117830837E+000
    0.432520000000E+005    0.159334245544E+000
    0.433020000000E+005    0.159550549190E+000
    0.433520000000E+005    0.159766741470E+000
    0.434020000000E+005    0.159982822079E+000
    0.434520000000E+005    0.160198790714E+000
    0.435020000000E+005    0.160414647070E+000
    0.435520000000E+005    0.160630390847E+000
    0.436020000000E+005    0.160846021742E+000
    0.436520000000E+005    0.161061539454E+000
    0.437020000000E+005    0.161276943684E+000
    0.437520000000E+005    0.161492234133E+000
    0.438020000000E+005    0.161707410503E+000
    0.438520000000E+005    0.161922472496E+000
    0.439020000000E+005    0.162137419817E+000
    0.439520000000E+005    0.162352252169E+000
    0.440020000000E+005    0.162566969257E+000
    0.440520000000E+005    0.162781570789E+000
    0.441020000000E+005    0.162996056471E+000
    0.441520000000E+005    0.163210426012E+000
    0.442020000000E+005    0.163424679120E+000
    0.442520000000E+005    0.163638815505E+000
    0.443020000000E+005    0.163852834879E+000
    0.443520000000E+005    0.164066736952E+000
    0.444020000000E+005    0.164280521438E+000
    0.444520000000E+005    0.164494188050E+000
    0.445020000000E+005    0.164707736503E+000
    0.445520000000E+005    0.164921166512E+000
    0.446020000000E+005    0.165134477794E+000
    0.446520000000E+005    0.165347670067E+000
    0.447020000000E+005    0.165560743048E+000
    0.447520000000E+005    0.165773696458E+000
    0.448020000000E+005    0.165986530017E+000
    0.448520000000E+005    0.166199243446E+000
    0.449020000000E+005    0.166411836468E+000
    0.449520000000E+005    0.166624308806E+000
    0.450020000000E+005    0.166836660185E+000
    0.450520000000E+005    0.167048890330E+000
    0.451020000000E+005    0.167260998967E+000
    0.451520000000E+005    0.167472985825E+000
    0.452020000000E+005    0.167684850631E+000
    0.452520000000E+005    0.167896593116E+000
    0.453020000000E+005    0.168108213010E+000
    0.453520000000E+005    0.168319710044E+000
    0.454020000000E+005    0.168531083951E+000
    0.454520000000E+005    0.168742334466E+000
    0.455020000000E+005    0.168953461322E+000
    0.455520000000E+005    0.169164464256E+000
    0.456020000000E+005    0.169375343005E+000
    0.456520000000E+005    0.169586097306E+000
    0.457020000000E+005    0.169796726899E+000
    0.457520000000E+005    0.170007231523E+000
    0.458020000000E+005    0.170217610920E+000
    0.458520000000E+005    0.170427864832E+000
    0.459020000000E+005    0.170637993002E+000
    0.459520000000E+005    0.170847995175E+000
    0.460020000000E+005    0.171057871095E+000
    0.460520000000E+005    0.171267620510E+000
    0.461020000000E+005    0.171477243167E+000
    0.461520000000E+005    0.171686738815E+000
    0.462020000000E+005    0.171896107202E+000
    0.462520000000E+005    0.172105348081E+000
    0.463020000000E+005    0.172314461202E+000
    0.463520000000E+005    0.172523446320E+000
    0.464020000000E+005    0.172732303187E+000
    0.464520000000E+005    0.172941031559E+000
    0.465020000000E+005    0.173149631191E+000
    0.465520000000E+005    0.173358101842E+000
    0.466020000000E+005    0.173566443270E+000
    0.466520000000E+005    0.173774655233E+000
    0.467020000000E+005    0.173982737493E+000
    0.467520000000E+005    0.174190689810E+000
    0.468020000000E+005    0.174398511948E+000
    0.468520000000E+005    0.174606203669E+000
    0.469020000000E+005    0.174813764739E+000
    0.469520000000E+005    0.175021194924E+000
    0.470020000000E+005    0.175228493991E+000
    0.470520000000E+005    0.175435661706E+000
    0.471020000000E+005    0.175642697840E+000
    0.471520000000E+005    0.175849602162E+000
    0.472020000000E+005    0.176056374444E+000
    0.472520000000E+005    0.176263014458E+000
    0.473020000000E+005    0.176469521976E+000
    0.473520000000E+005    0.176675896774E+000
    0.474020000000E+005    0.176882138627E+000
    0.474520000000E+005    0.177088247310E+000
    0.475020000000E+005    0.177294222603E+000
    0.475520000000E+005    0.177500064282E+000
    0.476020000000E+005    0.177705772128E+000
    0.476520000000E+005    0.177911345922E+000
    0.477020000000E+005    0.178116785444E+000
    0.477520000000E+005    0.178322090479E+000
    0.478020000000E+005    0.178527260809E+000
    0.478520000000E+005    0.178732296220E+000
    0.479020000000E+005    0.178937196497E+000
    0.479520000000E+005    0.179141961427E+000
    0.480020000000E+005    0.179346590799E+000
    0.480520000000E+005    0.179551084400E+000
    0.481020000000E+005    0.179755442022E+000
    0.481520000000E+005    0.179959663455E+000
    0.482020000000E+005    0.180163748492E+000
    0.482520000000E+005    0.180367696925E+000
    0.483020000000E+005    0.180571508548E+000
    0.483520000000E+005    0.180775183158E+000
    0.484020000000E+005    0.180978720549E+000
    0.484520000000E+005    0.181182120519E+000
    0.485020000000E+005    0.181385382867E+000
    0.485520000000E+005    0.181588507391E+000
    0.486020000000E+005    0.181791493891E+000
    0.486520000000E+005    0.181994342170E+000
    0.487020000000E+005    0.182197052029E+000
    0.487520000000E+005    0.182399623271E+000
    0.488020000000E+005    0.182602055701E+000
    0.488520000000E+005    0.182804349124E+000
    0.489020000000E+005    0.183006503346E+000
    0.489520000000E+005    0.183208518175E+000
    0.490020000000E+005    0.183410393418E+000
    0.490520000000E+005    0.183612128885E+000
    0.491020000000E+005    0.183813724386E+000
    0.491520000000E+005    0.184015179732E+000
    0.492020000000E+005    0.184216494736E+000
    0.492520000000E+005    0.184417669210E+000
    0.493020000000E+005    0.184618702969E+000
    0.493520000000E+005    0.184819595828E+000
    0.494020000000E+005    0.185020347603E+000
    0.494520000000E+005    0.185220958111E+000
    0.495020000000E+005    0.185421427170E+000
    0.495520000000E+005    0.185621754599E+000
    0.496020000000E+005    0.185821940217E+000
    0.496520000000E+005    0.186021983847E+000
    0.497020000000E+005    0.186221885309E+000
    0.497520000000E+005    0.186421644427E+000
    0.498020000000E+005    0.186621261024E+000
    0.498520000000E+005    0.186820734925E+000
    0.499020000000E+005    0.187020065956E+000
    0.499520000000E+005    0.187219253943E+000
    0.500020000000E+005    0.187418298714E+000
    0.500520000000E+005    0.187617200098E+000
    0.501020000000E+005    0.187815957923E+000
    0.501520000000E+005    0.188014572021E+000
    0.502020000000E+005    0.188213042223E+000
    0.502520000000E+005    0.188411368360E+000
    0.503020000000E+005    0.188609550266E+000
    0.503520000000E+005    0.188807587776E+000
    0.504020000000E+005    0.189005480723E+000
    0.504520000000E+005    0.189203228945E+000
    0.505020000000E+005    0.189400832278E+000
    0.505520000000E+005    0.189598290560E+000
    0.506020000000E+005    0.189795603630E+000
    0.506520000000E+005    0.189992771326E+000
    0.507020000000E+005    0.190189793491E+000
    0.507520000000E+005    0.190386669964E+000
    0.508020000000E+005    0.190583400590E+000
    0.508520000000E+005    0.190779985210E+000
    0.509020000000E+005    0.190976423669E+000
    0.509520000000E+005    0.191172715812E+000
    0.510020000000E+005    0.191368861485E+000
    0.510520000000E+005    0.191564860535E+000
    0.511020000000E+005    0.191760712810E+000
    0.511520000000E+005    0.191956418158E+000
    0.512020000000E+005    0.192151976428E+000
    0.512520000000E+005    0.192347387472E+000
    0.513020000000E+005    0.192542651141E+000
    0.513520000000E+005    0.192737767286E+000
    0.514020000000E+005    0.192932735761E+000
    0.514520000000E+005    0.193127556419E+000
    0.515020000000E+005    0.193322229116E+000
    0.515520000000E+005    0.193516753707E+000
    0.516020000000E+005    0.193711130049E+000
    0.516520000000E+005    0.193905357999E+000
    0.517020000000E+005    0.194099437415E+000
    0.517520000000E+005    0.194293368157E+000
    0.518020000000E+005    0.194487150084E+000
    0.518520000000E+005    0.194680783057E+000
    0.519020000000E+005    0.194874266939E+000
    0.519520000000E+005    0.195067601591E+000
    0.520020000000E+005    0.195260786877E+000
    0.520520000000E+005    0.195453822661E+000
    0.521020000000E+005    0.195646708809E+000
    0.521520000000E+005    0.195839445186E+000
    0.522020000000E+005    0.196032031659E+000
    0.522520000000E+005    0.196224468096E+000
    0.523020000000E+005    0.196416754365E+000
    0.523520000000E+005    0.196608890335E+000
    0.524020000000E+005    0.196800875877E+000
    0.524520000000E+005    0.196992710862E+000
    0.525020000000E+005    0.197184395160E+000
    0.525520000000E+005    0.197375928646E+000
    0.526020000000E+005    0.197567311192E+000
    0.526520000000E+005    0.197758542673E+000
    0.527020000000E+005    0.197949622963E+000
    0.527520000000E+005    0.198140551939E+000
    0.528020000000E+005    0.198331329477E+000
    0.528520000000E+005    0.198521955454E+000
    0.529020000000E+005    0.198712429750E+000
    0.529520000000E+005    0.198902752242E+000
    0.530020000000E+005    0.199092922812E+000
    0.530520000000E+005    0.199282941339E+000
    0.531020000000E+005    0.199472807705E+000
    0.531520000000E+005    0.199662521793E+000
    0.532020000000E+005    0.199852083485E+000
    0.532520000000E+005    0.200041492665E+000
    0.533020000000E+005    0.200230749219E+000
    0.533520000000E+005    0.200419853031E+000
    0.534020000000E+005    0.200608803987E+000
    0.534520000000E+005    0.200797601975E+000
    0.535020000000E+005    0.200986246882E+000
    0.535520000000E+005    0.201174738597E+000
    0.536020000000E+005    0.201363077010E+000
    0.536520000000E+005    0.201551262009E+000
    0.537020000000E+005    0.201739293486E+000
    0.537520000000E+005    0.201927171333E+000
    0.538020000000E+005    0.202114895442E+000
    0.538520000000E+005    0.202302465706E+000
    0.539020000000E+005    0.202489882019E+000
    0.539520000000E+005    0.202677144274E+000
    0.540020000000E+005    0.202864252369E+000
    0.540520000000E+005    0.203051206198E+000
    0.541020000000E+005    0.203238005659E+000
    0.541520000000E+005    0.203424650648E+000
    0.542020000000E+005    0.203611141065E+000
    0.542520000000E+005    0.203797476808E+000
    0.543020000000E+005    0.203983657777E+000
    0.543520000000E+005    0.204169683873E+000
    0.544020000000E+005    0.204355554995E+000
    0.544520000000E+005    0.204541271047E+000
    0.545020000000E+005    0.204726831931E+000
    0.545520000000E+005    0.204912237550E+000
    0.546020000000E+005    0.205097487808E+000
    0.546520000000E+005    0.205282582609E+000
    0.547020000000E+005    0.205467521860E+000
    0.547520000000E+005    0.205652305466E+000
    0.548020000000E+005    0.205836933333E+000
    0.548520000000E+005    0.206021405369E+000
    0.549020000000E+005    0.206205721483E+000
    0.549520000000E+005    0.206389881583E+000
    0.550020000000E+005    0.206573885578E+000
    0.550520000000E+005    0.206757733379E+000
    0.551020000000E+005    0.206941424895E+000
    0.551520000000E+005    0.207124960040E+000
    0.552020000000E+005    0.207308338724E+000
    0.552520000000E+005    0.207491560861E+000
    0.553020000000E+005    0.207674626363E+000
    0.553520000000E+005    0.207857535146E+000
    0.554020000000E+005    0.208040287122E+000
    0.554520000000E+005    0.208222882209E+000
    0.555020000000E+005    0.208405320321E+000
    0.555520000000E+005    0.208587601375E+000
    0.556020000000E+005    0.208769725289E+000
    0.556520000000E+005    0.208951691980E+000
    0.557020000000E+005    0.209133501366E+000
    0.557520000000E+005    0.209315153367E+000
    0.558020000000E+005    0.209496647901E+000
    0.558520000000E+005    0.209677984890E+000
    0.559020000000E+005    0.209859164254E+000
    0.559520000000E+005    0.210040185915E+000
    0.560020000000E+005    0.210221049793E+000
    0.560520000000E+005    0.210401755813E+000
    0.561020000000E+005    0.210582303896E+000
    0.561520000000E+005    0.210762693968E+000
    0.562020000000E+005    0.210942925951E+000
    0.562520000000E+005    0.211122999771E+000
    0.563020000000E+005    0.211302915353E+000
    0.563520000000E+005    0.211482672623E+000
    0.564020000000E+005    0.211662271507E+000
    0.564520000000E+005    0.211841711933E+000
    0.565020000000E+005    0.212020993829E+000
    0.565520000000E+005    0.212200117121E+000
    0.566020000000E+005    0.212379081739E+000
    0.566520000000E+005    0.212557887611E+000
    0.567020000000E+005    0.212736534669E+000
    0.567520000000E+005    0.212915022841E+000
    0.568020000000E+005    0.213093352058E+000
    0.568520000000E+005    0.213271522252E+000
    0.569020000000E+005    0.213449533353E+000
    0.569520000000E+005    0.213627385296E+000
    0.570020000000E+005    0.213805078011E+000
    0.570520000000E+005    0.213982611432E+000
    0.571020000000E+005    0.214159985493E+000
    0.571520000000E+005    0.214337200127E+000
    0.572020000000E+005    0.214514255270E+000
    0.572520000000E+005    0.214691150856E+000
    0.573020000000E+005    0.214867886821E+000
    0.573520000000E+005    0.215044463101E+000
    0.574020000000E+005    0.215220879632E+000
    0.574520000000E+005    0.215397136350E+000
    0.575020000000E+005    0.215573233194E+000
    0.575520000000E+005    0.215749170100E+000
    0.576020000000E+005    0.215924947008E+000
    0.576520000000E+005    0.216100563855E+000
    0.577020000000E+005    0.216276020580E+000
    0.577520000000E+005    0.216451317122E+000
    0.578020000000E+005    0.216626453423E+000
    0.578520000000E+005    0.216801429421E+000
    0.579020000000E+005    0.216976245057E+000
    0.579520000000E+005    0.217150900272E+000
    0.580020000000E+005    0.217325395008E+000
    0.580520000000E+005    0.217499729206E+000
    0.581020000000E+005    0.217673902808E+000
    0.581520000000E+005    0.217847915758E+000
    0.582020000000E+005    0.218021767996E+000
    0.582520000000E+005    0.218195459468E+000
    0.583020000000E+005    0.218368990116E+000
    0.583520000000E+005    0.218542359885E+000
    0.584020000000E+005    0.218715568718E+000
    0.584520000000E+005    0.218888616561E+000
    0.585020000000E+005    0.219061503358E+000
    0.585520000000E+005    0.219234229054E+000
    0.586020000000E+005    0.219406793595E+000
    0.586520000000E+005    0.219579196928E+000
    0.587020000000E+005    0.219751438998E+000
    0.587520000000E+005    0.219923519752E+000
    0.588020000000E+005    0.220095439138E+000
    0.588520000000E+005    0.220267197101E+000
    0.589020000000E+005    0.220438793590E+000
    0.589520000000E+005    0.220610228553E+000
    0.590020000000E+005    0.220781501937E+000
    0.590520000000E+005    0.220952613691E+000
    0.591020000000E+005    0.221123563765E+000
    0.591520000000E+005    0.221294352106E+000
    0.592020000000E+005    0.221464978665E+000
    0.592520000000E+005    0.221635443390E+000
    0.593020000000E+005    0.221805746232E+000
    0.593520000000E+005    0.221975887141E+000
    0.594020000000E+005    0.222145866067E+000
    0.594520000000E+005    0.222315682961E+000
    0.595020000000E+005    0.222485337773E+000
    0.595520000000E+005    0.222654830456E+000
    0.596020000000E+005    0.222824160960E+000
    0.596520000000E+005    0.222993329237E+000
    0.597020000000E+005    0.223162335240E+000
    0.597520000000E+005    0.223331178920E+000
    0.598020000000E+005    0.223499860229E+000
    0.598520000000E+005    0.223668379121E+000
    0.599020000000E+005    0.223836735549E+000
    0.599520000000E+005    0.224004929465E+000
    0.600020000000E+005    0.224172960823E+000
    0.600520000000E+005    0.224340829577E+000
    0.601020000000E+005    0.224508535681E+000
    0.601520000000E+005    0.224676079088E+000
    0.602020000000E+005    0.224843459753E+000
    0.602520000000E+005    0.225010677631E+000
    0.603020000000E+005    0.225177732676E+000
    0.603520000000E+005    0.225344624844E+000
    0.604020000000E+005    0.225511354089E+000
    0.604520000000E+005    0.225677920368E+000
    0.605020000000E+005    0.225844323635E+000
    0.605520000000E+005    0.226010563847E+000
    0.606020000000E+005    0.226176640960E+000
    0.606520000000E+005    0.226342554930E+000
    0.607020000000E+005    0.226508305713E+000
    0.607520000000E+005    0.226673893267E+000
    0.608020000000E+005    0.226839317549E+000
    0.608520000000E+005    0.227004578515E+000
    0.609020000000E+005    0.227169676123E+000
    0.609520000000E+005    0.227334610331E+000
    0.610020000000E+005    0.227499381096E+000
    0.610520000000E+005    0.227663988377E+000
    0.611020000000E+005    0.227828432131E+000
    0.611520000000E+005    0.227992712317E+000
    0.612020000000E+005    0.228156828894E+000
    0.612520000000E+005    0.228320781821E+000
    0.613020000000E+005    0.228484571056E+000
    0.613520000000E+005    0.228648196560E+000
    0.614020000000E+005    0.228811658291E+000
    0.614520000000E+005    0.228974956209E+000
    0.615020000000E+005    0.229138090274E+000
    0.615520000000E+005    0.229301060447E+000
    0.616020000000E+005    0.229463866687E+000
    0.616520000000E+005    0.229626508956E+000
    0.617020000000E+005    0.229788987213E+000
    0.617520000000E+005    0.229951301420E+000
    0.618020000000E+005    0.230113451539E+000
    0.618520000000E+005    0.230275437530E+000
    0.619020000000E+005    0.230437259355E+000
    0.619520000000E+005    0.230598916976E+000
    0.620020000000E+005    0.230760410356E+000
    0.620520000000E+005    0.230921739456E+000
    0.621020000000E+005    0.231082904240E+000
    0.621520000000E+005    0.231243904669E+000
    0.622020000000E+005    0.231404740707E+000
    0.622520000000E+005    0.231565412317E+000
    0.623020000000E+005    0.231725919463E+000
    0.623520000000E+005    0.231886262108E+000
    0.624020000000E+005    0.232046440216E+000
    0.624520000000E+005    0.232206453752E+000
    0.625020000000E+005    0.232366302679E+000
    0.625520000000E+005    0.232525986963E+000
    0.626020000000E+005    0.232685506568E+000
    0.626520000000E+005    0.232844861460E+000
    0.627020000000E+005    0.233004051604E+000
    0.627520000000E+005    0.233163076965E+000
    0.628020000000E+005    0.233321937510E+000
    0.628520000000E+005    0.233480633204E+000
    0.629020000000E+005    0.233639164015E+000
    0.629520000000E+005    0.233797529908E+000
    0.630020000000E+005    0.233955730851E+000
    0.630520000000E+005    0.234113766811E+000
    0.631020000000E+005    0.234271637756E+000
    0.631520000000E+005    0.234429343653E+000
    0.632020000000E+005    0.234586884470E+000
    0.632520000000E+005    0.234744260175E+000
    0.633020000000E+005    0.234901470738E+000
    0.633520000000E+005    0.235058516127E+000
    0.634020000000E+005    0.235215396311E+000
    0.634520000000E+005    0.235372111259E+000
    0.635020000000E+005    0.235528660942E+000
    0.635520000000E+005    0.235685045330E+000
    0.636020000000E+005    0.235841264392E+000
    0.636520000000E+005    0.235997318099E+000
    0.637020000000E+005    0.236153206423E+000
    0.637520000000E+005    0.236308929335E+000
    0.638020000000E+005    0.236464486806E+000
    0.638520000000E+005    0.236619878807E+000
    0.639020000000E+005    0.236775105312E+000
    0.639520000000E+005    0.236930166293E+000
    0.640020000000E+005    0.237085061722E+000
    0.640520000000E+005    0.237239791572E+000
    0.641020000000E+005    0.237394355818E+000
    0.641520000000E+005    0.237548754432E+000
    0.642020000000E+005    0.237702987390E+000
    0.642520000000E+005    0.237857054665E+000
    0.643020000000E+005    0.238010956232E+000
    0.643520000000E+005    0.238164692066E+000
    0.644020000000E+005    0.238318262144E+000
    0.644520000000E+005    0.238471666439E+000
    0.645020000000E+005    0.238624904930E+000
    0.645520000000E+005    0.238777977592E+000
    0.646020000000E+005    0.238930884402E+000
    0.646520000000E+005    0.239083625338E+000
    0.647020000000E+005    0.239236200376E+000
    0.647520000000E+005    0.239388609495E+000
    0.648020000000E+005    0.239540852674E+000
    0.648520000000E+005    0.239692929890E+000
    0.649020000000E+005    0.239844841123E+000
    0.649520000000E+005    0.239996586352E+000
    0.650020000000E+005    0.240148165557E+000
    0.650520000000E+005    0.240299578719E+000
    0.651020000000E+005    0.240450825817E+000
    0.651520000000E+005    0.240601906832E+000
    0.652020000000E+005    0.240752821746E+000
    0.652520000000E+005    0.240903570541E+000
    0.653020000000E+005    0.241054153198E+000
    0.653520000000E+005    0.241204569700E+000
    0.654020000000E+005    0.241354820030E+000
    0.654520000000E+005    0.241504904171E+000
    0.655020000000E+005    0.241654822106E+000
    0.655520000000E+005    0.241804573819E+000
    0.656020000000E+005    0.241954159296E+000
    0.656520000000E+005    0.242103578520E+000
    0.657020000000E+005    0.242252831477E+000
    0.657520000000E+005    0.242401918152E+000
    0.658020000000E+005    0.242550838532E+000
    0.658520000000E+005    0.242699592602E+000
    0.659020000000E+005    0.242848180350E+000
    0.659520000000E+005    0.242996601762E+000
    0.660020000000E+005    0.243144856827E+000
    0.660520000000E+005    0.243292945532E+000
    0.661020000000E+005    0.243440867866E+000
    0.661520000000E+005    0.243588623818E+000
    0.662020000000E+005    0.243736213376E+000
    0.662520000000E+005    0.243883636530E+000
    0.663020000000E+005    0.244030893272E+000
    0.663520000000E+005    0.244177983590E+000
    0.664020000000E+005    0.244324907476E+000
    0.664520000000E+005    0.244471664921E+000
    0.665020000000E+005    0.244618255917E+000
    0.665520000000E+005    0.244764680456E+000
    0.666020000000E+005    0.244910938531E+000
    0.666520000000E+005    0.245057030134E+000
    0.667020000000E+005    0.245202955260E+000
    0.667520000000E+005    0.245348713901E+000
    0.668020000000E+005    0.245494306053E+000
    0.668520000000E+005    0.245639731709E+000
    0.669020000000E+005    0.245784990866E+000
    0.669520000000E+005    0.245930083517E+000
    0.670020000000E+005    0.246075009661E+000
    0.670520000000E+005    0.246219769291E+000
    0.671020000000E+005    0.246364362407E+000
    0.671520000000E+005    0.246508789004E+000
    0.672020000000E+005    0.246653049081E+000
    0.672520000000E+005    0.246797142635E+000
    0.673020000000E+005    0.246941069665E+000
    0.673520000000E+005    0.247084830170E+000
    0.674020000000E+005    0.247228424150E+000
    0.674520000000E+005    0.247371851603E+000
    0.675020000000E+005    0.247515112531E+000
    0.675520000000E+005    0.247658206933E+000
    0.676020000000E+005    0.247801134811E+000
    0.676520000000E+005    0.247943896167E+000
    0.677020000000E+005    0.248086491002E+000
    0.677520000000E+005    0.248228919318E+000
    0.678020000000E+005    0.248371181119E+000
    0.678520000000E+005    0.248513276407E+000
    0.679020000000E+005    0.248655205186E+000
    0.679520000000E+005    0.248796967460E+000
    0.680020000000E+005    0.248938563234E+000
    0.680520000000E+005    0.249079992512E+000
    0.681020000000E+005    0.249221255299E+000
    0.681520000000E+005    0.249362351602E+000
    0.682020000000E+005    0.249503281426E+000
    0.682520000000E+005    0.249644044778E+000
    0.683020000000E+005    0.249784641665E+000
    0.683520000000E+005    0.249925072094E+000
    0.684020000000E+005    0.250065336074E+000
    0.684520000000E+005    0.250205433611E+000
    0.685020000000E+005    0.250345364715E+000
    0.685520000000E+005    0.250485129395E+000
    0.686020000000E+005    0.250624727660E+000
    0.686520000000E+005    0.250764159521E+000
    0.687020000000E+005    0.250903424987E+000
    0.687520000000E+005    0.251042524069E+000
    0.688020000000E+005    0.251181456778E+000
    0.688520000000E+005    0.251320223126E+000
    0.689020000000E+005    0.251458823124E+000
    0.689520000000E+005    0.251597256786E+000
    0.690020000000E+005    0.251735524123E+000
    0.690520000000E+005    0.251873625149E+000
    0.691020000000E+005    0.252011559877E+000
    0.691520000000E+005    0.252149328322E+000
    0.692020000000E+005    0.252286930497E+000
    0.692520000000E+005    0.252424366418E+000
    0.693020000000E+005    0.252561636099E+000
    0.693520000000E+005    0.252698739556E+000
    0.694020000000E+005    0.252835676805E+000
    0.694520000000E+005    0.252972447863E+000
    0.695020000000E+005    0.253109052746E+000
    0.695520000000E+005    0.253245491471E+000
    0.696020000000E+005    0.253381764056E+000
    0.696520000000E+005    0.253517870518E+000
    0.697020000000E+005    0.253653810877E+000
    0.697520000000E+005    0.253789585150E+000
    0.698020000000E+005    0.253925193358E+000
    0.698520000000E+005    0.254060635518E+000
    0.699020000000E+005    0.254195911652E+000
    0.699520000000E+005    0.254331021780E+000
    0.700020000000E+005    0.254465965921E+000
    0.700520000000E+005    0.254600744098E+000
    0.701020000000E+005    0.254735356331E+000
    0.701520000000E+005    0.254869802643E+000
    0.702020000000E+005    0.255004083055E+000
    0.702520000000E+005    0.255138197591E+000
    0.703020000000E+005    0.255272146272E+000
    0.703520000000E+005    0.255405929123E+000
    0.704020000000E+005    0.255539546167E+000
    0.704520000000E+005    0.255672997428E+000
    0.705020000000E+005    0.255806282931E+000
    0.705520000000E+005    0.255939402700E+000
    0.706020000000E+005    0.256072356760E+000
    0.706520000000E+005    0.256205145138E+000
    0.707020000000E+005    0.256337767858E+000
    0.707520000000E+005    0.256470224948E+000
    0.708020000000E+005    0.256602516433E+000
    0.708520000000E+005    0.256734642341E+000
    0.709020000000E+005    0.256866602700E+000
    0.709520000000E+005    0.256998397536E+000
    0.710020000000E+005    0.257130026878E+000
    0.710520000000E+005    0.257261490755E+000
    0.711020000000E+005    0.257392789195E+000
    0.711520000000E+005    0.257523922227E+000
    0.712020000000E+005    0.257654889881E+000
    0.712520000000E+005    0.257785692186E+000
    0.713020000000E+005    0.257916329174E+000
    0.713520000000E+005    0.258046800873E+000
    0.714020000000E+005    0.258177107316E+000
    0.714520000000E+005    0.258307248533E+000
    0.715020000000E+005    0.258437224557E+000
    0.715520000000E+005    0.258567035418E+000
    0.716020000000E+005    0.258696681150E+000
    0.716520000000E+005    0.258826161784E+000
    0.717020000000E+005    0.258955477354E+000
    0.717520000000E+005    0.259084627893E+000
    0.718020000000E+005    0.259213613434E+000
    0.718520000000E+005    0.259342434012E+000
    0.719020000000E+005    0.259471089661E+000
    0.719520000000E+005    0.259599580415E+000
    0.720020000000E+005    0.259727906310E+000
    0.720520000000E+005    0.259856067380E+000
    0.721020000000E+005    0.259984063661E+000
    0.721520000000E+005    0.260111895189E+000
    0.722020000000E+005    0.260239562000E+000
    0.722520000000E+005    0.260367064131E+000
    0.723020000000E+005    0.260494401618E+000
    0.723520000000E+005    0.260621574499E+000
    0.724020000000E+005    0.260748582812E+000
    0.724520000000E+005    0.260875426594E+000
    0.725020000000E+005    0.261002105882E+000
    0.725520000000E+005    0.261128620716E+000
    0.726020000000E+005    0.261254971135E+000
    0.726520000000E+005    0.261381157177E+000
    0.727020000000E+005    0.261507178881E+000
    0.727520000000E+005    0.261633036288E+000
    0.728020000000E+005    0.261758729437E+000
    0.728520000000E+005    0.261884258369E+000
    0.729020000000E+005    0.262009623124E+000
    0.729520000000E+005    0.262134823742E+000
    0.730020000000E+005    0.262259860266E+000
    0.730520000000E+005    0.262384732736E+000
    0.731020000000E+005    0.262509441194E+000
    0.731520000000E+005    0.262633985682E+000
    0.732020000000E+005    0.262758366243E+000
    0.732520000000E+005    0.262882582919E+000
    0.733020000000E+005    0.263006635753E+000
    0.733520000000E+005    0.263130524788E+000
    0.734020000000E+005    0.263254250067E+000
    0.734520000000E+005    0.263377811635E+000
    0.735020000000E+005    0.263501209535E+000
    0.735520000000E+005    0.263624443811E+000
    0.736020000000E+005    0.263747514509E+000
    0.736520000000E+005    0.263870421672E+000
    0.737020000000E+005    0.263993165346E+000
    0.737520000000E+005    0.264115745576E+000
    0.738020000000E+005    0.264238162408E+000
    0.738520000000E+005    0.264360415888E+000
    0.739020000000E+005    0.264482506062E+000
    0.739520000000E+005    0.264604432976E+000
    0.740020000000E+005    0.264726196677E+000
    0.740520000000E+005    0.264847797212E+000
    0.741020000000E+005    0.264969234627E+000
    0.741520000000E+005    0.265090508972E+000
    0.742020000000E+005    0.265211620292E+000
    0.742520000000E+005    0.265332568636E+000
    0.743020000000E+005    0.265453354052E+000
    0.743520000000E+005    0.265573976589E+000
    0.744020000000E+005    0.265694436296E+000
    0.744520000000E+005    0.265814733220E+000
    0.745020000000E+005    0.265934867411E+000
    0.745520000000E+005    0.266054838920E+000
    0.746020000000E+005    0.266174647794E+000
    0.746520000000E+005    0.266294294085E+000
    0.747020000000E+005    0.266413777842E+000
    0.747520000000E+005    0.266533099115E+000
    0.748020000000E+005    0.266652257955E+000
    0.748520000000E+005    0.266771254413E+000
    0.749020000000E+005    0.266890088540E+000
    0.749520000000E+005    0.267008760387E+000
    0.750020000000E+005    0.267127270005E+000
    0.750520000000E+005    0.267245617445E+000
    0.751020000000E+005    0.267363802761E+000
    0.751520000000E+005    0.267481826004E+000
    0.752020000000E+005    0.267599687226E+000
    0.752520000000E+005    0.267717386479E+000
    0.753020000000E+005    0.267834923817E+000
    0.753520000000E+005    0.267952299292E+000
    0.754020000000E+005    0.268069512958E+000
    0.754520000000E+005    0.268186564867E+000
    0.755020000000E+005    0.268303455073E+000
    0.755520000000E+005    0.268420183630E+000
    0.756020000000E+005    0.268536750592E+000
    0.756520000000E+005    0.268653156012E+000
    0.757020000000E+005    0.268769399946E+000
    0.757520000000E+005    0.268885482447E+000
    0.758020000000E+005    0.269001403570E+000
    0.758520000000E+005    0.269117163371E+000
    0.759020000000E+005    0.269232761903E+000
    0.759520000000E+005    0.269348199222E+000
    0.760020000000E+005    0.269463475384E+000
    0.760520000000E+005    0.269578590445E+000
    0.761020000000E+005    0.269693544459E+000
    0.761520000000E+005    0.269808337483E+000
    0.762020000000E+005    0.269922969572E+000
    0.762520000000E+005    0.270037440784E+000
    0.763020000000E+005    0.270151751174E+000
    0.763520000000E+005    0.270265900799E+000
    0.764020000000E+005    0.270379889716E+000
    0.764520000000E+005    0.270493717981E+000
    0.765020000000E+005    0.270607385652E+000
    0.765520000000E+005    0.270720892786E+000
    0.766020000000E+005    0.270834239440E+000
    0.766520000000E+005    0.270947425671E+000
    0.767020000000E+005    0.271060451538E+000
    0.767520000000E+005    0.271173317098E+000
    0.768020000000E+005    0.271286022410E+000
    0.768520000000E+005    0.271398567530E+000
    0.769020000000E+005    0.271510952517E+000
    0.769520000000E+005    0.271623177431E+000
    0.770020000000E+005    0.271735242328E+000
    0.770520000000E+005    0.271847147269E+000
    0.771020000000E+005    0.271958892311E+000
    0.771520000000E+005    0.272070477514E+000
    0.772020000000E+005    0.272181902936E+000
    0.772520000000E+005    0.272293168637E+000
    0.773020000000E+005    0.272404274676E+000
    0.773520000000E+005    0.272515221113E+000
    0.774020000000E+005    0.272626008006E+000
    0.774520000000E+005    0.272736635416E+000
    0.775020000000E+005    0.272847103403E+000
    0.775520000000E+005    0.272957412026E+000
    0.776020000000E+005    0.273067561345E+000
    0.776520000000E+005    0.273177551421E+000
    0.777020000000E+005    0.273287382313E+000
    0.777520000000E+005    0.273397054083E+000
    0.778020000000E+005    0.273506566790E+000
    0.778520000000E+005    0.273615920495E+000
    0.779020000000E+005    0.273725115259E+000
    0.779520000000E+005    0.273834151142E+000
    0.780020000000E+005    0.273943028205E+000
    0.780520000000E+005    0.274051746510E+000
    0.781020000000E+005    0.274160306117E+000
    0.781520000000E+005    0.274268707088E+000
    0.782020000000E+005    0.274376949483E+000
    0.782520000000E+005    0.274485033365E+000
    0.783020000000E+005    0.274592958794E+000
    0.783520000000E+005    0.274700725833E+000
    0.784020000000E+005    0.274808334542E+000
    0.784520000000E+005    0.274915784983E+000
    0.785020000000E+005    0.275023077219E+000
    0.785520000000E+005    0.275130211311E+000
    0.786020000000E+005    0.275237187321E+000
    0.786520000000E+005    0.275344005311E+000
    0.787020000000E+005    0.275450665344E+000
    0.787520000000E+005    0.275557167481E+000
    0.788020000000E+005    0.275663511784E+000
    0.788520000000E+005    0.275769698317E+000
    0.789020000000E+005    0.275875727142E+000
    0.789520000000E+005    0.275981598320E+000
    0.790020000000E+005    0.276087311915E+000
    0.790520000000E+005    0.276192867990E+000
    0.791020000000E+005    0.276298266606E+000
    0.791520000000E+005    0.276403507828E+000
    0.792020000000E+005    0.276508591717E+000
    0.792520000000E+005    0.276613518336E+000
    0.793020000000E+005    0.276718287750E+000
    0.793520000000E+005    0.276822900020E+000
    0.794020000000E+005    0.276927355210E+000
    0.794520000000E+005    0.277031653383E+000
    0.795020000000E+005    0.277135794602E+000
    0.795520000000E+005    0.277239778931E+000
    0.796020000000E+005    0.277343606433E+000
    0.796520000000E+005    0.277447277172E+000
    0.797020000000E+005    0.277550791211E+000
    0.797520000000E+005    0.277654148613E+000
    0.798020000000E+005    0.277757349442E+000
    0.798520000000E+005    0.277860393762E+000
    0.799020000000E+005    0.277963281637E+000
    0.799520000000E+005    0.278066013130E+000
    0.800020000000E+005    0.278168588306E+000
    0.800520000000E+005    0.278271007227E+000
    0.801020000000E+005    0.278373269959E+000
    0.801520000000E+005    0.278475376565E+000
    0.802020000000E+005    0.278577327109E+000
    0.802520000000E+005    0.278679121655E+000
    0.803020000000E+005    0.278780760268E+000
    0.803520000000E+005    0.278882243012E+000
    0.804020000000E+005    0.278983569951E+000
    0.804520000000E+005    0.279084741149E+000
    0.805020000000E+005    0.279185756671E+000
    0.805520000000E+005    0.279286616581E+000
    0.806020000000E+005    0.279387320944E+000
    0.806520000000E+005    0.279487869825E+000
    0.807020000000E+005    0.279588263287E+000
    0.807520000000E+005    0.279688501396E+000
    0.808020000000E+005    0.279788584216E+000
    0.808520000000E+005    0.279888511811E+000
    0.809020000000E+005    0.279988284248E+000
    0.809520000000E+005    0.280087901591E+000
    0.810020000000E+005    0.280187363904E+000
    0.810520000000E+005    0.280286671252E+000
    0.811020000000E+005    0.280385823702E+000
    0.811520000000E+005    0.280484821316E+000
    0.812020000000E+005    0.280583664162E+000
    0.812520000000E+005    0.280682352303E+000
    0.813020000000E+005    0.280780885806E+000
    0.813520000000E+005    0.280879264735E+000
    0.814020000000E+005    0.280977489156E+000
    0.814520000000E+005    0.281075559134E+000
    0.815020000000E+005    0.281173474734E+000
    0.815520000000E+005    0.281271236023E+000
    0.816020000000E+005    0.281368843065E+000
    0.816520000000E+005    0.281466295927E+000
    0.817020000000E+005    0.281563594673E+000
    0.817520000000E+005    0.281660739371E+000
    0.818020000000E+005    0.281757730084E+000
    0.818520000000E+005    0.281854566880E+000
    0.819020000000E+005    0.281951249824E+000
    0.819520000000E+005    0.282047778981E+000
    0.820020000000E+005    0.282144154419E+000
    0.820520000000E+005    0.282240376204E+000
    0.821020000000E+005    0.282336444400E+000
    0.821520000000E+005    0.282432359075E+000
    0.822020000000E+005    0.282528120294E+000
    0.822520000000E+005    0.282623728125E+000
    0.823020000000E+005    0.282719182633E+000
    0.823520000000E+005    0.282814483885E+000
    0.824020000000E+005    0.282909631947E+000
    0.824520000000E+005    0.283004626886E+000
    0.825020000000E+005    0.283099468769E+000
    0.825520000000E+005    0.283194157662E+000
    0.826020000000E+005    0.283288693632E+000
    0.826520000000E+005    0.283383076746E+000
    0.827020000000E+005    0.283477307070E+000
    0.827520000000E+005    0.283571384673E+000
    0.828020000000E+005    0.283665309620E+000
    0.828520000000E+005    0.283759081979E+000
    0.829020000000E+005    0.283852701818E+000
    0.829520000000E+005    0.283946169202E+000
    0.830020000000E+005    0.284039484201E+000
    0.830520000000E+005    0.284132646881E+000
    0.831020000000E+005    0.284225657309E+000
    0.831520000000E+005    0.284318515554E+000
    0.832020000000E+005    0.284411221682E+000
    0.832520000000E+005    0.284503775763E+000
    0.833020000000E+005    0.284596177862E+000
    0.833520000000E+005    0.284688428050E+000
    0.834020000000E+005    0.284780526392E+000
    0.834520000000E+005    0.284872472958E+000
    0.835020000000E+005    0.284964267816E+000
    0.835520000000E+005    0.285055911033E+000
    0.836020000000E+005    0.285147402679E+000
    0.836520000000E+005    0.285238742821E+000
    0.837020000000E+005    0.285329931529E+000
    0.837520000000E+005    0.285420968870E+000
    0.838020000000E+005    0.285511854914E+000
    0.838520000000E+005    0.285602589728E+000
    0.839020000000E+005    0.285693173383E+000
    0.839520000000E+005    0.285783605947E+000
    0.840020000000E+005    0.285873887489E+000
    0.840520000000E+005    0.285964018078E+000
    0.841020000000E+005    0.286053997784E+000
    0.841520000000E+005    0.286143826675E+000
    0.842020000000E+005    0.286233504822E+000
    0.842520000000E+005    0.286323032294E+000
    0.843020000000E+005    0.286412409161E+000
    0.843520000000E+005    0.286501635491E+000
    0.844020000000E+005    0.286590711356E+000
    0.844520000000E+005    0.286679636826E+000
    0.845020000000E+005    0.286768411969E+000
    0.845520000000E+005    0.286857036857E+000
    0.846020000000E+005    0.286945511560E+000
    0.846520000000E+005    0.287033836147E+000
    0.847020000000E+005    0.287122010691E+000
    0.847520000000E+005    0.287210035261E+000
    0.848020000000E+005    0.287297909928E+000
    0.848520000000E+005    0.287385634762E+000
    0.849020000000E+005    0.287473209836E+000
    0.849520000000E+005    0.287560635219E+000
    0.850020000000E+005    0.287647910984E+000
    0.850520000000E+005    0.287735037201E+000
    0.851020000000E+005    0.287822013943E+000
    0.851520000000E+005    0.287908841279E+000
    0.852020000000E+005    0.287995519283E+000
    0.852520000000E+005    0.288082048025E+000
    0.853020000000E+005    0.288168427579E+000
    0.853520000000E+005    0.288254658015E+000
    0.854020000000E+005    0.288340739406E+000
    0.854520000000E+005    0.288426671825E+000
    0.855020000000E+005    0.288512455343E+000
    0.855520000000E+005    0.288598090034E+000
    0.856020000000E+005    0.288683575969E+000
    0.856520000000E+005    0.288768913222E+000
    0.857020000000E+005    0.288854101866E+000
    0.857520000000E+005    0.288939141973E+000
    0.858020000000E+005    0.289024033617E+000
    0.858520000000E+005    0.289108776872E+000
    0.859020000000E+005    0.289193371809E+000
    0.859520000000E+005    0.289277818504E+000
    0.860020000000E+005    0.289362117030E+000
    0.860520000000E+005    0.289446267460E+000
    0.861020000000E+005    0.289530269869E+000
    0.861520000000E+005    0.289614124330E+000
    0.862020000000E+005    0.289697830918E+000
    0.862520000000E+005    0.289781389708E+000
    0.863020000000E+005    0.289864800773E+000
    0.863520000000E+005    0.289948064188E+000
    0.864020000000E+005    0.290031180029E+000
    0.864520000000E+005    0.290114148369E+000
    0.865020000000E+005    0.290196969285E+000
    0.865520000000E+005    0.290279642851E+000
    0.866020000000E+005    0.290362169142E+000
    0.866520000000E+005    0.290444548235E+000
    0.867020000000E+005    0.290526780204E+000
    0.867520000000E+005    0.290608865125E+000
    0.868020000000E+005    0.290690803074E+000
    0.868520000000E+005    0.290772594128E+000
    0.869020000000E+005    0.290854238362E+000
    0.869520000000E+005    0.290935735852E+000
    0.870020000000E+005    0.291017086675E+000
    0.870520000000E+005    0.291098290908E+000
    0.871020000000E+005    0.291179348628E+000
    0.871520000000E+005    0.291260259910E+000
    0.872020000000E+005    0.291341024833E+000
    0.872520000000E+005    0.291421643473E+000
    0.873020000000E+005    0.291502115907E+000
    0.873520000000E+005    0.291582442213E+000
    0.874020000000E+005    0.291662622469E+000
    0.874520000000E+005    0.291742656752E+000
    0.875020000000E+005    0.291822545141E+000
    0.875520000000E+005    0.291902287712E+000
    0.876020000000E+005    0.291981884544E+000
    0.876520000000E+005    0.292061335716E+000
    0.877020000000E+005    0.292140641305E+000
    0.877520000000E+005    0.292219801391E+000
    0.878020000000E+005    0.292298816052E+000
    0.878520000000E+005    0.292377685367E+000
    0.879020000000E+005    0.292456409415E+000
    0.879520000000E+005    0.292534988274E+000
    0.880020000000E+005    0.292613422025E+000
    0.880520000000E+005    0.292691710747E+000
    0.881020000000E+005    0.292769854519E+000
    0.881520000000E+005    0.292847853420E+000
    0.882020000000E+005    0.292925707532E+000
    0.882520000000E+005    0.293003416933E+000
    0.883020000000E+005    0.293080981703E+000
    0.883520000000E+005    0.293158401924E+000
    0.884020000000E+005    0.293235677675E+000
    0.884520000000E+005    0.293312809037E+000
    0.885020000000E+005    0.293389796091E+000
    0.885520000000E+005    0.293466638917E+000
    0.886020000000E+005    0.293543337596E+000
    0.886520000000E+005    0.293619892210E+000
    0.887020000000E+005    0.293696302839E+000
    0.887520000000E+005    0.293772569566E+000
    0.888020000000E+005    0.293848692470E+000
    0.888520000000E+005    0.293924671635E+000
    0.889020000000E+005    0.294000507142E+000
    0.889520000000E+005    0.294076199072E+000
    0.890020000000E+005    0.294151747509E+000
    0.890520000000E+005    0.294227152533E+000
    0.891020000000E+005    0.294302414228E+000
    0.891520000000E+005    0.294377532675E+000
    0.892020000000E+005    0.294452507958E+000
    0.892520000000E+005    0.294527340158E+000
    0.893020000000E+005    0.294602029360E+000
    0.893520000000E+005    0.294676575645E+000
    0.894020000000E+005    0.294750979098E+000
    0.894520000000E+005    0.294825239800E+000
    0.895020000000E+005    0.294899357837E+000
    0.895520000000E+005    0.294973333290E+000
    0.896020000000E+005    0.295047166244E+000
    0.896520000000E+005    0.295120856782E+000
    0.897020000000E+005    0.295194404989E+000
    0.897520000000E+005    0.295267810949E+000
    0.898020000000E+005    0.295341074745E+000
    0.898520000000E+005    0.295414196461E+000
    0.899020000000E+005    0.295487176183E+000
    0.899520000000E+005    0.295560013995E+000
    0.900020000000E+005    0.295632709981E+000
    0.900520000000E+005    0.295705264226E+000
    0.901020000000E+005    0.295777676815E+000
    0.901520000000E+005    0.295849947834E+000
    0.902020000000E+005    0.295922077367E+000
    0.902520000000E+005    0.295994065499E+000
    0.903020000000E+005    0.296065912316E+000
    0.903520000000E+005    0.296137617903E+000
    0.904020000000E+005    0.296209182347E+000
    0.904520000000E+005    0.296280605732E+000
    0.905020000000E+005    0.296351888145E+000
    0.905520000000E+005    0.296423029671E+000
    0.906020000000E+005    0.296494030398E+000
    0.906520000000E+005    0.296564890410E+000
    0.907020000000E+005    0.296635609794E+000
    0.907520000000E+005    0.296706188637E+000
    0.908020000000E+005    0.296776627025E+000
    0.908520000000E+005    0.296846925046E+000
    0.909020000000E+005    0.296917082784E+000
    0.909520000000E+005    0.296987100329E+000
    0.910020000000E+005    0.297056977766E+000
    0.910520000000E+005    0.297126715183E+000
    0.911020000000E+005    0.297196312666E+000
    0.911520000000E+005    0.297265770304E+000
    0.912020000000E+005    0.297335088183E+000
    0.912520000000E+005    0.297404266392E+000
    0.913020000000E+005    0.297473305017E+000
    0.913520000000E+005    0.297542204147E+000
    0.914020000000E+005    0.297610963870E+000
    0.914520000000E+005    0.297679584272E+000
    0.915020000000E+005    0.297748065443E+000
    0.915520000000E+005    0.297816407471E+000
    0.916020000000E+005    0.297884610444E+000
    0.916520000000E+005    0.297952674449E+000
    0.917020000000E+005    0.298020599577E+000
    0.917520000000E+005    0.298088385914E+000
    0.918020000000E+005    0.298156033551E+000
    0.918520000000E+005    0.298223542574E+000
    0.919020000000E+005    0.298290913075E+000
    0.919520000000E+005    0.298358145140E+000
    0.920020000000E+005    0.298425238860E+000
    0.920520000000E+005    0.298492194324E+000
    0.921020000000E+005    0.298559011620E+000
    0.921520000000E+005    0.298625690837E+000
    0.922020000000E+005    0.298692232067E+000
    0.922520000000E+005    0.298758635397E+000
    0.923020000000E+005    0.298824900917E+000
    0.923520000000E+005    0.298891028717E+000
    0.924020000000E+005    0.298957018887E+000
    0.924520000000E+005    0.299022871517E+000
    0.925020000000E+005    0.299088586696E+000
    0.925520000000E+005    0.299154164514E+000
    0.926020000000E+005    0.299219605062E+000
    0.926520000000E+005    0.299284908430E+000
    0.927020000000E+005    0.299350074707E+000
    0.927520000000E+005    0.299415103984E+000
    0.928020000000E+005    0.299479996352E+000
    0.928520000000E+005    0.299544751901E+000
    0.929020000000E+005    0.299609370721E+000
    0.929520000000E+005    0.299673852904E+000
    0.930020000000E+005    0.299738198539E+000
    0.930520000000E+005    0.299802407717E+000
    0.931020000000E+005    0.299866480530E+000
    0.931520000000E+005    0.299930417068E+000
    0.932020000000E+005    0.299994217422E+000
    0.932520000000E+005    0.300057881684E+000
    0.933020000000E+005    0.300121409943E+000
    0.933520000000E+005    0.300184802293E+000
    0.934020000000E+005    0.300248058822E+000
    0.934520000000E+005    0.300311179624E+000
    0.935020000000E+005    0.300374164789E+000
    0.935520000000E+005    0.300437014409E+000
    0.936020000000E+005    0.300499728575E+000
    0.936520000000E+005    0.300562307379E+000
    0.937020000000E+005    0.300624750913E+000
    0.937520000000E+005    0.300687059267E+000
    0.938020000000E+005    0.300749232535E+000
    0.938520000000E+005    0.300811270806E+000
    0.939020000000E+005    0.300873174175E+000
    0.939520000000E+005    0.300934942731E+000
    0.940020000000E+005    0.300996576568E+000
    0.940520000000E+005    0.301058075777E+000
    0.941020000000E+005    0.301119440450E+000
    0.941520000000E+005    0.301180670680E+000
    0.942020000000E+005    0.301241766558E+000
    0.942520000000E+005    0.301302728177E+000
    0.943020000000E+005    0.301363555629E+000
    0.943520000000E+005    0.301424249006E+000
    0.944020000000E+005    0.301484808401E+000
    0.944520000000E+005    0.301545233906E+000
    0.945020000000E+005    0.301605525613E+000
    0.945520000000E+005    0.301665683616E+000
    0.946020000000E+005    0.301725708005E+000
    0.946520000000E+005    0.301785598875E+000
    0.947020000000E+005    0.301845356317E+000
    0.947520000000E+005    0.301904980425E+000
    0.948020000000E+005    0.301964471291E+000
    0.948520000000E+005    0.302023829007E+000
    0.949020000000E+005    0.302083053666E+000
    0.949520000000E+005    0.302142145362E+000
    0.950020000000E+005    0.302201104187E+000
    0.950520000000E+005    0.302259930233E+000
    0.951020000000E+005    0.302318623595E+000
    0.951520000000E+005    0.302377184364E+000
    0.952020000000E+005    0.302435612633E+000
    0.952520000000E+005    0.302493908497E+000
    0.953020000000E+005    0.302552072046E+000
    0.953520000000E+005    0.302610103376E+000
    0.954020000000E+005    0.302668002578E+000
    0.954520000000E+005    0.302725769746E+000
    0.955020000000E+005    0.302783404973E+000
    0.955520000000E+005    0.302840908352E+000
    0.956020000000E+005    0.302898279976E+000
    0.956520000000E+005    0.302955519938E+000
    0.957020000000E+005    0.303012628332E+000
    0.957520000000E+005    0.303069605251E+000
    0.958020000000E+005    0.303126450788E+000
    0.958520000000E+005    0.303183165036E+000
    0.959020000000E+005    0.303239748089E+000
    0.959520000000E+005    0.303296200040E+000
    0.960020000000E+005    0.303352520982E+000
    0.960520000000E+005    0.303408711008E+000
    0.961020000000E+005    0.303464770212E+000
    0.961520000000E+005    0.303520698688E+000
    0.962020000000E+005    0.303576496528E+000
    0.962520000000E+005    0.303632163826E+000
    0.963020000000E+005    0.303687700676E+000
    0.963520000000E+005    0.303743107170E+000
    0.964020000000E+005    0.303798383403E+000
    0.964520000000E+005    0.303853529467E+000
    0.965020000000E+005    0.303908545456E+000
    0.965520000000E+005    0.303963431463E+000
    0.966020000000E+005    0.304018187582E+000
    0.966520000000E+005    0.304072813907E+000
    0.967020000000E+005    0.304127310531E+000
    0.967520000000E+005    0.304181677546E+000
    0.968020000000E+005    0.304235915047E+000
    0.968520000000E+005    0.304290023128E+000
    0.969020000000E+005    0.304344001881E+000
    0.969520000000E+005    0.304397851399E+000
    0.970020000000E+005    0.304451571778E+000
    0.970520000000E+005    0.304505163109E+000
    0.971020000000E+005    0.304558625486E+000
    0.971520000000E+005    0.304611959004E+000
    0.972020000000E+005    0.304665163754E+000
    0.972520000000E+005    0.304718239831E+000
    0.973020000000E+005    0.304771187328E+000
    0.973520000000E+005    0.304824006339E+000
    0.974020000000E+005    0.304876696956E+000
    0.974520000000E+005    0.304929259274E+000
    0.975020000000E+005    0.304981693385E+000
    0.975520000000E+005    0.305033999384E+000
    0.976020000000E+005    0.305086177363E+000
    0.976520000000E+005    0.305138227416E+000
    0.977020000000E+005    0.305190149636E+000
    0.977520000000E+005    0.305241944116E+000
    0.978020000000E+005    0.305293610950E+000
    0.978520000000E+005    0.305345150232E+000
    0.979020000000E+005    0.305396562053E+000
    0.979520000000E+005    0.305447846509E+000
    0.980020000000E+005    0.305499003692E+000
    0.980520000000E+005    0.305550033695E+000
    0.981020000000E+005    0.305600936611E+000
    0.981520000000E+005    0.305651712534E+000
    0.982020000000E+005    0.305702361557E+000
    0.982520000000E+005    0.305752883774E+000
    0.983020000000E+005    0.305803279276E+000
    0.983520000000E+005    0.305853548159E+000
    0.984020000000E+005    0.305903690513E+000
    0.984520000000E+005    0.305953706434E+000
    0.985020000000E+005    0.306003596013E+000
    0.985520000000E+005    0.306053359344E+000
    0.986020000000E+005    0.306102996520E+000
    0.986520000000E+005    0.306152507635E+000
    0.987020000000E+005    0.306201892780E+000
    0.987520000000E+005    0.306251152049E+000
    0.988020000000E+005    0.306300285535E+000
    0.988520000000E+005    0.306349293331E+000
    0.989020000000E+005    0.306398175529E+000
    0.989520000000E+005    0.306446932224E+000
    0.990020000000E+005    0.306495563507E+000
    0.990520000000E+005    0.306544069471E+000
    0.991020000000E+005    0.306592450210E+000
    0.991520000000E+005    0.306640705815E+000
    0.992020000000E+005    0.306688836380E+000
    0.992520000000E+005    0.306736841998E+000
    0.993020000000E+005    0.306784722761E+000
    0.993520000000E+005    0.306832478762E+000
    0.994020000000E+005    0.306880110093E+000
    0.994520000000E+005    0.306927616848E+000
    0.995020000000E+005    0.306974999118E+000
    0.995520000000E+005    0.307022256997E+000
    0.996020000000E+005    0.307069390577E+000
    0.996520000000E+005    0.307116399950E+000
    0.997020000000E+005    0.307163285209E+000
    0.997520000000E+005    0.307210046446E+000
    0.998020000000E+005    0.307256683754E+000
    0.998520000000E+005    0.307303197225E+000
    0.999020000000E+005    0.307349586952E+000
    0.999520000000E+005    0.307395853026E+000
