TITLE = "0D Field KB"
VARIABLES = N ,"KB_Ha10Rem10Re100"
ZONE DATAPACKING = POINT
    0.200000000000E+001    0.799992000074E-009
    0.520000000000E+002    0.540524274496E-006
    0.102000000000E+003    0.207869963314E-005
    0.152000000000E+003    0.461382874298E-005
    0.202000000000E+003    0.814441596971E-005
    0.252000000000E+003    0.126689669841E-004
    0.302000000000E+003    0.181859873848E-004
    0.352000000000E+003    0.246939796349E-004
    0.402000000000E+003    0.321914381379E-004
    0.452000000000E+003    0.406768429318E-004
    0.502000000000E+003    0.501486528323E-004
    0.552000000000E+003    0.606052988423E-004
    0.602000000000E+003    0.720451784197E-004
    0.652000000000E+003    0.844666509239E-004
    0.702000000000E+003    0.978680343333E-004
    0.752000000000E+003    0.112247603179E-003
    0.802000000000E+003    0.127603587547E-003
    0.852000000000E+003    0.143934172980E-003
    0.902000000000E+003    0.161237501085E-003
    0.952000000000E+003    0.179511670701E-003
    0.100200000000E+004    0.198754739454E-003
    0.105200000000E+004    0.218964725604E-003
    0.110200000000E+004    0.240139610077E-003
    0.115200000000E+004    0.262277338595E-003
    0.120200000000E+004    0.285375823857E-003
    0.125200000000E+004    0.309432947724E-003
    0.130200000000E+004    0.334446563368E-003
    0.135200000000E+004    0.360414497363E-003
    0.140200000000E+004    0.387334551704E-003
    0.145200000000E+004    0.415204505744E-003
    0.150200000000E+004    0.444022118030E-003
    0.155200000000E+004    0.473785128053E-003
    0.160200000000E+004    0.504491257898E-003
    0.165200000000E+004    0.536138213792E-003
    0.170200000000E+004    0.568723687568E-003
    0.175200000000E+004    0.602245358031E-003
    0.180200000000E+004    0.636700892240E-003
    0.185200000000E+004    0.672087946703E-003
    0.190200000000E+004    0.708404168500E-003
    0.195200000000E+004    0.745647196320E-003
    0.200200000000E+004    0.783814661440E-003
    0.205200000000E+004    0.822904188629E-003
    0.210200000000E+004    0.862913396990E-003
    0.215200000000E+004    0.903839900751E-003
    0.220200000000E+004    0.945681309996E-003
    0.225200000000E+004    0.988435231343E-003
    0.230200000000E+004    0.103209926858E-002
    0.235200000000E+004    0.107667102326E-002
    0.240200000000E+004    0.112214809523E-002
    0.245200000000E+004    0.116852808317E-002
    0.250200000000E+004    0.121580858504E-002
    0.255200000000E+004    0.126398719855E-002
    0.260200000000E+004    0.131306152153E-002
    0.265200000000E+004    0.136302915235E-002
    0.270200000000E+004    0.141388769026E-002
    0.275200000000E+004    0.146563473571E-002
    0.280200000000E+004    0.151826789067E-002
    0.285200000000E+004    0.157178475891E-002
    0.290200000000E+004    0.162618294626E-002
    0.295200000000E+004    0.168146006086E-002
    0.300200000000E+004    0.173761371340E-002
    0.305200000000E+004    0.179464151729E-002
    0.310200000000E+004    0.185254108892E-002
    0.315200000000E+004    0.191131004778E-002
    0.320200000000E+004    0.197094601667E-002
    0.325200000000E+004    0.203144662186E-002
    0.330200000000E+004    0.209280949319E-002
    0.335200000000E+004    0.215503226425E-002
    0.340200000000E+004    0.221811257249E-002
    0.345200000000E+004    0.228204805934E-002
    0.350200000000E+004    0.234683637029E-002
    0.355200000000E+004    0.241247515504E-002
    0.360200000000E+004    0.247896206752E-002
    0.365200000000E+004    0.254629476606E-002
    0.370200000000E+004    0.261447091339E-002
    0.375200000000E+004    0.268348817675E-002
    0.380200000000E+004    0.275334422794E-002
    0.385200000000E+004    0.282403674340E-002
    0.390200000000E+004    0.289556340424E-002
    0.395200000000E+004    0.296792189631E-002
    0.400200000000E+004    0.304110991021E-002
    0.405200000000E+004    0.311512514139E-002
    0.410200000000E+004    0.318996529013E-002
    0.415200000000E+004    0.326562806160E-002
    0.420200000000E+004    0.334211116590E-002
    0.425200000000E+004    0.341941231807E-002
    0.430200000000E+004    0.349752923809E-002
    0.435200000000E+004    0.357645965095E-002
    0.440200000000E+004    0.365620128667E-002
    0.445200000000E+004    0.373675188024E-002
    0.450200000000E+004    0.381810917173E-002
    0.455200000000E+004    0.390027090623E-002
    0.460200000000E+004    0.398323483390E-002
    0.465200000000E+004    0.406699870996E-002
    0.470200000000E+004    0.415156029471E-002
    0.475200000000E+004    0.423691735350E-002
    0.480200000000E+004    0.432306765678E-002
    0.485200000000E+004    0.441000898007E-002
    0.490200000000E+004    0.449773910395E-002
    0.495200000000E+004    0.458625581410E-002
    0.500200000000E+004    0.467555690127E-002
    0.505200000000E+004    0.476564016126E-002
    0.510200000000E+004    0.485650339494E-002
    0.515200000000E+004    0.494814440826E-002
    0.520200000000E+004    0.504056101218E-002
    0.525200000000E+004    0.513375102275E-002
    0.530200000000E+004    0.522771226102E-002
    0.535200000000E+004    0.532244255308E-002
    0.540200000000E+004    0.541793973004E-002
    0.545200000000E+004    0.551420162799E-002
    0.550200000000E+004    0.561122608805E-002
    0.555200000000E+004    0.570901095630E-002
    0.560200000000E+004    0.580755408380E-002
    0.565200000000E+004    0.590685332655E-002
    0.570200000000E+004    0.600690654553E-002
    0.575200000000E+004    0.610771160661E-002
    0.580200000000E+004    0.620926638062E-002
    0.585200000000E+004    0.631156874325E-002
    0.590200000000E+004    0.641461657511E-002
    0.595200000000E+004    0.651840776167E-002
    0.600200000000E+004    0.662294019328E-002
    0.605200000000E+004    0.672821176510E-002
    0.610200000000E+004    0.683422037714E-002
    0.615200000000E+004    0.694096393422E-002
    0.620200000000E+004    0.704844034596E-002
    0.625200000000E+004    0.715664752676E-002
    0.630200000000E+004    0.726558339576E-002
    0.635200000000E+004    0.737524587689E-002
    0.640200000000E+004    0.748563289879E-002
    0.645200000000E+004    0.759674239481E-002
    0.650200000000E+004    0.770857230300E-002
    0.655200000000E+004    0.782112056611E-002
    0.660200000000E+004    0.793438513153E-002
    0.665200000000E+004    0.804836395132E-002
    0.670200000000E+004    0.816305498216E-002
    0.675200000000E+004    0.827845618535E-002
    0.680200000000E+004    0.839456552678E-002
    0.685200000000E+004    0.851138097693E-002
    0.690200000000E+004    0.862890051083E-002
    0.695200000000E+004    0.874712210808E-002
    0.700200000000E+004    0.886604375278E-002
    0.705200000000E+004    0.898566343358E-002
    0.710200000000E+004    0.910597914360E-002
    0.715200000000E+004    0.922698888043E-002
    0.720200000000E+004    0.934869064616E-002
    0.725200000000E+004    0.947108244729E-002
    0.730200000000E+004    0.959416229476E-002
    0.735200000000E+004    0.971792820394E-002
    0.740200000000E+004    0.984237819457E-002
    0.745200000000E+004    0.996751029078E-002
    0.750200000000E+004    0.100933225211E-001
    0.755200000000E+004    0.102198129183E-001
    0.760200000000E+004    0.103469795196E-001
    0.765200000000E+004    0.104748203664E-001
    0.770200000000E+004    0.106033335046E-001
    0.775200000000E+004    0.107325169842E-001
    0.780200000000E+004    0.108623688595E-001
    0.785200000000E+004    0.109928871891E-001
    0.790200000000E+004    0.111240700359E-001
    0.795200000000E+004    0.112559154667E-001
    0.800200000000E+004    0.113884215529E-001
    0.805200000000E+004    0.115215863699E-001
    0.810200000000E+004    0.116554079972E-001
    0.815200000000E+004    0.117898845186E-001
    0.820200000000E+004    0.119250140220E-001
    0.825200000000E+004    0.120607945992E-001
    0.830200000000E+004    0.121972243466E-001
    0.835200000000E+004    0.123343013642E-001
    0.840200000000E+004    0.124720237562E-001
    0.845200000000E+004    0.126103896312E-001
    0.850200000000E+004    0.127493971014E-001
    0.855200000000E+004    0.128890442833E-001
    0.860200000000E+004    0.130293292972E-001
    0.865200000000E+004    0.131702502678E-001
    0.870200000000E+004    0.133118053232E-001
    0.875200000000E+004    0.134539925961E-001
    0.880200000000E+004    0.135968102227E-001
    0.885200000000E+004    0.137402563434E-001
    0.890200000000E+004    0.138843291024E-001
    0.895200000000E+004    0.140290266479E-001
    0.900200000000E+004    0.141743471319E-001
    0.905200000000E+004    0.143202887104E-001
    0.910200000000E+004    0.144668495433E-001
    0.915200000000E+004    0.146140277942E-001
    0.920200000000E+004    0.147618216307E-001
    0.925200000000E+004    0.149102292242E-001
    0.930200000000E+004    0.150592487498E-001
    0.935200000000E+004    0.152088783867E-001
    0.940200000000E+004    0.153591163175E-001
    0.945200000000E+004    0.155099607290E-001
    0.950200000000E+004    0.156614098115E-001
    0.955200000000E+004    0.158134617591E-001
    0.960200000000E+004    0.159661147696E-001
    0.965200000000E+004    0.161193670447E-001
    0.970200000000E+004    0.162732167898E-001
    0.975200000000E+004    0.164276622137E-001
    0.980200000000E+004    0.165827015293E-001
    0.985200000000E+004    0.167383329529E-001
    0.990200000000E+004    0.168945547047E-001
    0.995200000000E+004    0.170513650083E-001
    0.100020000000E+005    0.172087620912E-001
    0.100520000000E+005    0.173667441843E-001
    0.101020000000E+005    0.175253095222E-001
    0.101520000000E+005    0.176844563433E-001
    0.102020000000E+005    0.178441828893E-001
    0.102520000000E+005    0.180044874057E-001
    0.103020000000E+005    0.181653681414E-001
    0.103520000000E+005    0.183268233491E-001
    0.104020000000E+005    0.184888512848E-001
    0.104520000000E+005    0.186514502083E-001
    0.105020000000E+005    0.188146183826E-001
    0.105520000000E+005    0.189783540744E-001
    0.106020000000E+005    0.191426555541E-001
    0.106520000000E+005    0.193075210952E-001
    0.107020000000E+005    0.194729489750E-001
    0.107520000000E+005    0.196389374742E-001
    0.108020000000E+005    0.198054848768E-001
    0.108520000000E+005    0.199725894704E-001
    0.109020000000E+005    0.201402495461E-001
    0.109520000000E+005    0.203084633983E-001
    0.110020000000E+005    0.204772293249E-001
    0.110520000000E+005    0.206465456271E-001
    0.111020000000E+005    0.208164106097E-001
    0.111520000000E+005    0.209868225807E-001
    0.112020000000E+005    0.211577798515E-001
    0.112520000000E+005    0.213292807370E-001
    0.113020000000E+005    0.215013235553E-001
    0.113520000000E+005    0.216739066281E-001
    0.114020000000E+005    0.218470282801E-001
    0.114520000000E+005    0.220206868395E-001
    0.115020000000E+005    0.221948806379E-001
    0.115520000000E+005    0.223696080101E-001
    0.116020000000E+005    0.225448672942E-001
    0.116520000000E+005    0.227206568317E-001
    0.117020000000E+005    0.228969749672E-001
    0.117520000000E+005    0.230738200487E-001
    0.118020000000E+005    0.232511904275E-001
    0.118520000000E+005    0.234290844580E-001
    0.119020000000E+005    0.236075004980E-001
    0.119520000000E+005    0.237864369084E-001
    0.120020000000E+005    0.239658920535E-001
    0.120520000000E+005    0.241458643006E-001
    0.121020000000E+005    0.243263520203E-001
    0.121520000000E+005    0.245073535866E-001
    0.122020000000E+005    0.246888673763E-001
    0.122520000000E+005    0.248708917697E-001
    0.123020000000E+005    0.250534251502E-001
    0.123520000000E+005    0.252364659041E-001
    0.124020000000E+005    0.254200124214E-001
    0.124520000000E+005    0.256040630947E-001
    0.125020000000E+005    0.257886163200E-001
    0.125520000000E+005    0.259736704964E-001
    0.126020000000E+005    0.261592240262E-001
    0.126520000000E+005    0.263452753146E-001
    0.127020000000E+005    0.265318227701E-001
    0.127520000000E+005    0.267188648042E-001
    0.128020000000E+005    0.269063998315E-001
    0.128520000000E+005    0.270944262698E-001
    0.129020000000E+005    0.272829425397E-001
    0.129520000000E+005    0.274719470651E-001
    0.130020000000E+005    0.276614382729E-001
    0.130520000000E+005    0.278514145931E-001
    0.131020000000E+005    0.280418744585E-001
    0.131520000000E+005    0.282328163052E-001
    0.132020000000E+005    0.284242385722E-001
    0.132520000000E+005    0.286161397016E-001
    0.133020000000E+005    0.288085181384E-001
    0.133520000000E+005    0.290013723307E-001
    0.134020000000E+005    0.291947007295E-001
    0.134520000000E+005    0.293885017887E-001
    0.135020000000E+005    0.295827739656E-001
    0.135520000000E+005    0.297775157199E-001
    0.136020000000E+005    0.299727255147E-001
    0.136520000000E+005    0.301684018158E-001
    0.137020000000E+005    0.303645430922E-001
    0.137520000000E+005    0.305611478155E-001
    0.138020000000E+005    0.307582144605E-001
    0.138520000000E+005    0.309557415048E-001
    0.139020000000E+005    0.311537274291E-001
    0.139520000000E+005    0.313521707167E-001
    0.140020000000E+005    0.315510698541E-001
    0.140520000000E+005    0.317504233306E-001
    0.141020000000E+005    0.319502296382E-001
    0.141520000000E+005    0.321504872722E-001
    0.142020000000E+005    0.323511947303E-001
    0.142520000000E+005    0.325523505134E-001
    0.143020000000E+005    0.327539531252E-001
    0.143520000000E+005    0.329560010722E-001
    0.144020000000E+005    0.331584928638E-001
    0.144520000000E+005    0.333614270122E-001
    0.145020000000E+005    0.335648020323E-001
    0.145520000000E+005    0.337686164422E-001
    0.146020000000E+005    0.339728687625E-001
    0.146520000000E+005    0.341775575167E-001
    0.147020000000E+005    0.343826812312E-001
    0.147520000000E+005    0.345882384351E-001
    0.148020000000E+005    0.347942276604E-001
    0.148520000000E+005    0.350006474416E-001
    0.149020000000E+005    0.352074963165E-001
    0.149520000000E+005    0.354147728251E-001
    0.150020000000E+005    0.356224755107E-001
    0.150520000000E+005    0.358306029190E-001
    0.151020000000E+005    0.360391535985E-001
    0.151520000000E+005    0.362481261007E-001
    0.152020000000E+005    0.364575189796E-001
    0.152520000000E+005    0.366673307920E-001
    0.153020000000E+005    0.368775600974E-001
    0.153520000000E+005    0.370882054582E-001
    0.154020000000E+005    0.372992654394E-001
    0.154520000000E+005    0.375107386086E-001
    0.155020000000E+005    0.377226235363E-001
    0.155520000000E+005    0.379349187956E-001
    0.156020000000E+005    0.381476229623E-001
    0.156520000000E+005    0.383607346151E-001
    0.157020000000E+005    0.385742523349E-001
    0.157520000000E+005    0.387881747059E-001
    0.158020000000E+005    0.390025003144E-001
    0.158520000000E+005    0.392172277498E-001
    0.159020000000E+005    0.394323556039E-001
    0.159520000000E+005    0.396478824713E-001
    0.160020000000E+005    0.398638069492E-001
    0.160520000000E+005    0.400801276374E-001
    0.161020000000E+005    0.402968431384E-001
    0.161520000000E+005    0.405139520574E-001
    0.162020000000E+005    0.407314530020E-001
    0.162520000000E+005    0.409493445826E-001
    0.163020000000E+005    0.411676254123E-001
    0.163520000000E+005    0.413862941067E-001
    0.164020000000E+005    0.416053492838E-001
    0.164520000000E+005    0.418247895646E-001
    0.165020000000E+005    0.420446135725E-001
    0.165520000000E+005    0.422648199333E-001
    0.166020000000E+005    0.424854072759E-001
    0.166520000000E+005    0.427063742311E-001
    0.167020000000E+005    0.429277194329E-001
    0.167520000000E+005    0.431494415175E-001
    0.168020000000E+005    0.433715391237E-001
    0.168520000000E+005    0.435940108931E-001
    0.169020000000E+005    0.438168554695E-001
    0.169520000000E+005    0.440400714994E-001
    0.170020000000E+005    0.442636576320E-001
    0.170520000000E+005    0.444876125189E-001
    0.171020000000E+005    0.447119348141E-001
    0.171520000000E+005    0.449366231744E-001
    0.172020000000E+005    0.451616762589E-001
    0.172520000000E+005    0.453870927293E-001
    0.173020000000E+005    0.456128712498E-001
    0.173520000000E+005    0.458390104871E-001
    0.174020000000E+005    0.460655091105E-001
    0.174520000000E+005    0.462923657917E-001
    0.175020000000E+005    0.465195792048E-001
    0.175520000000E+005    0.467471480266E-001
    0.176020000000E+005    0.469750709362E-001
    0.176520000000E+005    0.472033466153E-001
    0.177020000000E+005    0.474319737481E-001
    0.177520000000E+005    0.476609510210E-001
    0.178020000000E+005    0.478902771231E-001
    0.178520000000E+005    0.481199507461E-001
    0.179020000000E+005    0.483499705837E-001
    0.179520000000E+005    0.485803353325E-001
    0.180020000000E+005    0.488110436912E-001
    0.180520000000E+005    0.490420943612E-001
    0.181020000000E+005    0.492734860462E-001
    0.181520000000E+005    0.495052174523E-001
    0.182020000000E+005    0.497372872881E-001
    0.182520000000E+005    0.499696942647E-001
    0.183020000000E+005    0.502024370953E-001
    0.183520000000E+005    0.504355144959E-001
    0.184020000000E+005    0.506689251847E-001
    0.184520000000E+005    0.509026678822E-001
    0.185020000000E+005    0.511367413115E-001
    0.185520000000E+005    0.513711441980E-001
    0.186020000000E+005    0.516058752696E-001
    0.186520000000E+005    0.518409332563E-001
    0.187020000000E+005    0.520763168908E-001
    0.187520000000E+005    0.523120249080E-001
    0.188020000000E+005    0.525480560452E-001
    0.188520000000E+005    0.527844090420E-001
    0.189020000000E+005    0.530210826406E-001
    0.189520000000E+005    0.532580755852E-001
    0.190020000000E+005    0.534953866226E-001
    0.190520000000E+005    0.537330145018E-001
    0.191020000000E+005    0.539709579744E-001
    0.191520000000E+005    0.542092157941E-001
    0.192020000000E+005    0.544477867169E-001
    0.192520000000E+005    0.546866695013E-001
    0.193020000000E+005    0.549258629080E-001
    0.193520000000E+005    0.551653657001E-001
    0.194020000000E+005    0.554051766430E-001
    0.194520000000E+005    0.556452945044E-001
    0.195020000000E+005    0.558857180543E-001
    0.195520000000E+005    0.561264460651E-001
    0.196020000000E+005    0.563674773112E-001
    0.196520000000E+005    0.566088105696E-001
    0.197020000000E+005    0.568504446196E-001
    0.197520000000E+005    0.570923782426E-001
    0.198020000000E+005    0.573346102223E-001
    0.198520000000E+005    0.575771393449E-001
    0.199020000000E+005    0.578199643986E-001
    0.199520000000E+005    0.580630841740E-001
    0.200020000000E+005    0.583064974640E-001
    0.200520000000E+005    0.585502030637E-001
    0.201020000000E+005    0.587941997704E-001
    0.201520000000E+005    0.590384863839E-001
    0.202020000000E+005    0.592830617060E-001
    0.202520000000E+005    0.595279245407E-001
    0.203020000000E+005    0.597730736946E-001
    0.203520000000E+005    0.600185079761E-001
    0.204020000000E+005    0.602642261962E-001
    0.204520000000E+005    0.605102271678E-001
    0.205020000000E+005    0.607565097064E-001
    0.205520000000E+005    0.610030726293E-001
    0.206020000000E+005    0.612499147564E-001
    0.206520000000E+005    0.614970349096E-001
    0.207020000000E+005    0.617444319131E-001
    0.207520000000E+005    0.619921045932E-001
    0.208020000000E+005    0.622400517784E-001
    0.208520000000E+005    0.624882722997E-001
    0.209020000000E+005    0.627367649898E-001
    0.209520000000E+005    0.629855286841E-001
    0.210020000000E+005    0.632345622197E-001
    0.210520000000E+005    0.634838644363E-001
    0.211020000000E+005    0.637334341756E-001
    0.211520000000E+005    0.639832702814E-001
    0.212020000000E+005    0.642333715997E-001
    0.212520000000E+005    0.644837369789E-001
    0.213020000000E+005    0.647343652692E-001
    0.213520000000E+005    0.649852553232E-001
    0.214020000000E+005    0.652364059957E-001
    0.214520000000E+005    0.654878161434E-001
    0.215020000000E+005    0.657394846254E-001
    0.215520000000E+005    0.659914103028E-001
    0.216020000000E+005    0.662435920389E-001
    0.216520000000E+005    0.664960286992E-001
    0.217020000000E+005    0.667487191512E-001
    0.217520000000E+005    0.670016622646E-001
    0.218020000000E+005    0.672548569111E-001
    0.218520000000E+005    0.675083019649E-001
    0.219020000000E+005    0.677619963018E-001
    0.219520000000E+005    0.680159388002E-001
    0.220020000000E+005    0.682701283402E-001
    0.220520000000E+005    0.685245638044E-001
    0.221020000000E+005    0.687792440771E-001
    0.221520000000E+005    0.690341680451E-001
    0.222020000000E+005    0.692893345970E-001
    0.222520000000E+005    0.695447426236E-001
    0.223020000000E+005    0.698003910178E-001
    0.223520000000E+005    0.700562786746E-001
    0.224020000000E+005    0.703124044910E-001
    0.224520000000E+005    0.705687673663E-001
    0.225020000000E+005    0.708253662016E-001
    0.225520000000E+005    0.710821999002E-001
    0.226020000000E+005    0.713392673675E-001
    0.226520000000E+005    0.715965675109E-001
    0.227020000000E+005    0.718540992400E-001
    0.227520000000E+005    0.721118614662E-001
    0.228020000000E+005    0.723698531032E-001
    0.228520000000E+005    0.726280730666E-001
    0.229020000000E+005    0.728865202742E-001
    0.229520000000E+005    0.731451936458E-001
    0.230020000000E+005    0.734040921030E-001
    0.230520000000E+005    0.736632145699E-001
    0.231020000000E+005    0.739225599721E-001
    0.231520000000E+005    0.741821272378E-001
    0.232020000000E+005    0.744419152967E-001
    0.232520000000E+005    0.747019230809E-001
    0.233020000000E+005    0.749621495243E-001
    0.233520000000E+005    0.752225935630E-001
    0.234020000000E+005    0.754832541350E-001
    0.234520000000E+005    0.757441301802E-001
    0.235020000000E+005    0.760052206408E-001
    0.235520000000E+005    0.762665244608E-001
    0.236020000000E+005    0.765280405863E-001
    0.236520000000E+005    0.767897679652E-001
    0.237020000000E+005    0.770517055477E-001
    0.237520000000E+005    0.773138522858E-001
    0.238020000000E+005    0.775762071335E-001
    0.238520000000E+005    0.778387690468E-001
    0.239020000000E+005    0.781015369837E-001
    0.239520000000E+005    0.783645099042E-001
    0.240020000000E+005    0.786276867702E-001
    0.240520000000E+005    0.788910665457E-001
    0.241020000000E+005    0.791546481965E-001
    0.241520000000E+005    0.794184306906E-001
    0.242020000000E+005    0.796824129977E-001
    0.242520000000E+005    0.799465940896E-001
    0.243020000000E+005    0.802109729401E-001
    0.243520000000E+005    0.804755485248E-001
    0.244020000000E+005    0.807403198214E-001
    0.244520000000E+005    0.810052858095E-001
    0.245020000000E+005    0.812704454707E-001
    0.245520000000E+005    0.815357977883E-001
    0.246020000000E+005    0.818013417479E-001
    0.246520000000E+005    0.820670763367E-001
    0.247020000000E+005    0.823330005440E-001
    0.247520000000E+005    0.825991133612E-001
    0.248020000000E+005    0.828654137812E-001
    0.248520000000E+005    0.831319007992E-001
    0.249020000000E+005    0.833985734121E-001
    0.249520000000E+005    0.836654306188E-001
    0.250020000000E+005    0.839324714201E-001
    0.250520000000E+005    0.841996948188E-001
    0.251020000000E+005    0.844670998195E-001
    0.251520000000E+005    0.847346854286E-001
    0.252020000000E+005    0.850024506547E-001
    0.252520000000E+005    0.852703945080E-001
    0.253020000000E+005    0.855385160007E-001
    0.253520000000E+005    0.858068141471E-001
    0.254020000000E+005    0.860752879630E-001
    0.254520000000E+005    0.863439364664E-001
    0.255020000000E+005    0.866127586770E-001
    0.255520000000E+005    0.868817536165E-001
    0.256020000000E+005    0.871509203084E-001
    0.256520000000E+005    0.874202577781E-001
    0.257020000000E+005    0.876897650529E-001
    0.257520000000E+005    0.879594411619E-001
    0.258020000000E+005    0.882292851361E-001
    0.258520000000E+005    0.884992960084E-001
    0.259020000000E+005    0.887694728135E-001
    0.259520000000E+005    0.890398145879E-001
    0.260020000000E+005    0.893103203702E-001
    0.260520000000E+005    0.895809892005E-001
    0.261020000000E+005    0.898518201211E-001
    0.261520000000E+005    0.901228121758E-001
    0.262020000000E+005    0.903939644106E-001
    0.262520000000E+005    0.906652758729E-001
    0.263020000000E+005    0.909367456125E-001
    0.263520000000E+005    0.912083726805E-001
    0.264020000000E+005    0.914801561301E-001
    0.264520000000E+005    0.917520950162E-001
    0.265020000000E+005    0.920241883958E-001
    0.265520000000E+005    0.922964353273E-001
    0.266020000000E+005    0.925688348713E-001
    0.266520000000E+005    0.928413860900E-001
    0.267020000000E+005    0.931140880475E-001
    0.267520000000E+005    0.933869398096E-001
    0.268020000000E+005    0.936599404440E-001
    0.268520000000E+005    0.939330890202E-001
    0.269020000000E+005    0.942063846095E-001
    0.269520000000E+005    0.944798262849E-001
    0.270020000000E+005    0.947534131214E-001
    0.270520000000E+005    0.950271441957E-001
    0.271020000000E+005    0.953010185861E-001
    0.271520000000E+005    0.955750353730E-001
    0.272020000000E+005    0.958491936384E-001
    0.272520000000E+005    0.961234924660E-001
    0.273020000000E+005    0.963979309415E-001
    0.273520000000E+005    0.966725081523E-001
    0.274020000000E+005    0.969472231875E-001
    0.274520000000E+005    0.972220751380E-001
    0.275020000000E+005    0.974970630965E-001
    0.275520000000E+005    0.977721861574E-001
    0.276020000000E+005    0.980474434169E-001
    0.276520000000E+005    0.983228339731E-001
    0.277020000000E+005    0.985983569255E-001
    0.277520000000E+005    0.988740113758E-001
    0.278020000000E+005    0.991497964271E-001
    0.278520000000E+005    0.994257111845E-001
    0.279020000000E+005    0.997017547545E-001
    0.279520000000E+005    0.999779262458E-001
    0.280020000000E+005    0.100254224768E+000
    0.280520000000E+005    0.100530649434E+000
    0.281020000000E+005    0.100807199357E+000
    0.281520000000E+005    0.101083873653E+000
    0.282020000000E+005    0.101360671438E+000
    0.282520000000E+005    0.101637591831E+000
    0.283020000000E+005    0.101914633954E+000
    0.283520000000E+005    0.102191796928E+000
    0.284020000000E+005    0.102469079877E+000
    0.284520000000E+005    0.102746481927E+000
    0.285020000000E+005    0.103024002206E+000
    0.285520000000E+005    0.103301639842E+000
    0.286020000000E+005    0.103579393968E+000
    0.286520000000E+005    0.103857263714E+000
    0.287020000000E+005    0.104135248216E+000
    0.287520000000E+005    0.104413346609E+000
    0.288020000000E+005    0.104691558032E+000
    0.288520000000E+005    0.104969881623E+000
    0.289020000000E+005    0.105248316523E+000
    0.289520000000E+005    0.105526861876E+000
    0.290020000000E+005    0.105805516826E+000
    0.290520000000E+005    0.106084280519E+000
    0.291020000000E+005    0.106363152102E+000
    0.291520000000E+005    0.106642130726E+000
    0.292020000000E+005    0.106921215541E+000
    0.292520000000E+005    0.107200405701E+000
    0.293020000000E+005    0.107479700359E+000
    0.293520000000E+005    0.107759098672E+000
    0.294020000000E+005    0.108038599798E+000
    0.294520000000E+005    0.108318202897E+000
    0.295020000000E+005    0.108597907129E+000
    0.295520000000E+005    0.108877711657E+000
    0.296020000000E+005    0.109157615646E+000
    0.296520000000E+005    0.109437618262E+000
    0.297020000000E+005    0.109717718673E+000
    0.297520000000E+005    0.109997916048E+000
    0.298020000000E+005    0.110278209559E+000
    0.298520000000E+005    0.110558598378E+000
    0.299020000000E+005    0.110839081679E+000
    0.299520000000E+005    0.111119658638E+000
    0.300020000000E+005    0.111400328434E+000
    0.300520000000E+005    0.111681090245E+000
    0.301020000000E+005    0.111961943253E+000
    0.301520000000E+005    0.112242886639E+000
    0.302020000000E+005    0.112523919588E+000
    0.302520000000E+005    0.112805041287E+000
    0.303020000000E+005    0.113086250921E+000
    0.303520000000E+005    0.113367547681E+000
    0.304020000000E+005    0.113648930757E+000
    0.304520000000E+005    0.113930399341E+000
    0.305020000000E+005    0.114211952627E+000
    0.305520000000E+005    0.114493589811E+000
    0.306020000000E+005    0.114775310089E+000
    0.306520000000E+005    0.115057112661E+000
    0.307020000000E+005    0.115338996726E+000
    0.307520000000E+005    0.115620961487E+000
    0.308020000000E+005    0.115903006148E+000
    0.308520000000E+005    0.116185129912E+000
    0.309020000000E+005    0.116467331987E+000
    0.309520000000E+005    0.116749611581E+000
    0.310020000000E+005    0.117031967905E+000
    0.310520000000E+005    0.117314400168E+000
    0.311020000000E+005    0.117596907586E+000
    0.311520000000E+005    0.117879489371E+000
    0.312020000000E+005    0.118162144740E+000
    0.312520000000E+005    0.118444872912E+000
    0.313020000000E+005    0.118727673104E+000
    0.313520000000E+005    0.119010544539E+000
    0.314020000000E+005    0.119293486439E+000
    0.314520000000E+005    0.119576498027E+000
    0.315020000000E+005    0.119859578530E+000
    0.315520000000E+005    0.120142727174E+000
    0.316020000000E+005    0.120425943188E+000
    0.316520000000E+005    0.120709225803E+000
    0.317020000000E+005    0.120992574250E+000
    0.317520000000E+005    0.121275987762E+000
    0.318020000000E+005    0.121559465576E+000
    0.318520000000E+005    0.121843006926E+000
    0.319020000000E+005    0.122126611051E+000
    0.319520000000E+005    0.122410277191E+000
    0.320020000000E+005    0.122694004587E+000
    0.320520000000E+005    0.122977792481E+000
    0.321020000000E+005    0.123261640117E+000
    0.321520000000E+005    0.123545546742E+000
    0.322020000000E+005    0.123829511602E+000
    0.322520000000E+005    0.124113533947E+000
    0.323020000000E+005    0.124397613025E+000
    0.323520000000E+005    0.124681748090E+000
    0.324020000000E+005    0.124965938395E+000
    0.324520000000E+005    0.125250183194E+000
    0.325020000000E+005    0.125534481744E+000
    0.325520000000E+005    0.125818833303E+000
    0.326020000000E+005    0.126103237130E+000
    0.326520000000E+005    0.126387692486E+000
    0.327020000000E+005    0.126672198633E+000
    0.327520000000E+005    0.126956754836E+000
    0.328020000000E+005    0.127241360359E+000
    0.328520000000E+005    0.127526014470E+000
    0.329020000000E+005    0.127810716437E+000
    0.329520000000E+005    0.128095465529E+000
    0.330020000000E+005    0.128380261020E+000
    0.330520000000E+005    0.128665102180E+000
    0.331020000000E+005    0.128949988285E+000
    0.331520000000E+005    0.129234918611E+000
    0.332020000000E+005    0.129519892434E+000
    0.332520000000E+005    0.129804909035E+000
    0.333020000000E+005    0.130089967692E+000
    0.333520000000E+005    0.130375067688E+000
    0.334020000000E+005    0.130660208306E+000
    0.334520000000E+005    0.130945388830E+000
    0.335020000000E+005    0.131230608548E+000
    0.335520000000E+005    0.131515866747E+000
    0.336020000000E+005    0.131801162715E+000
    0.336520000000E+005    0.132086495744E+000
    0.337020000000E+005    0.132371865126E+000
    0.337520000000E+005    0.132657270153E+000
    0.338020000000E+005    0.132942710122E+000
    0.338520000000E+005    0.133228184328E+000
    0.339020000000E+005    0.133513692069E+000
    0.339520000000E+005    0.133799232645E+000
    0.340020000000E+005    0.134084805357E+000
    0.340520000000E+005    0.134370409507E+000
    0.341020000000E+005    0.134656044398E+000
    0.341520000000E+005    0.134941709336E+000
    0.342020000000E+005    0.135227403627E+000
    0.342520000000E+005    0.135513126580E+000
    0.343020000000E+005    0.135798877503E+000
    0.343520000000E+005    0.136084655707E+000
    0.344020000000E+005    0.136370460506E+000
    0.344520000000E+005    0.136656291212E+000
    0.345020000000E+005    0.136942147142E+000
    0.345520000000E+005    0.137228027610E+000
    0.346020000000E+005    0.137513931936E+000
    0.346520000000E+005    0.137799859439E+000
    0.347020000000E+005    0.138085809440E+000
    0.347520000000E+005    0.138371781261E+000
    0.348020000000E+005    0.138657774226E+000
    0.348520000000E+005    0.138943787659E+000
    0.349020000000E+005    0.139229820888E+000
    0.349520000000E+005    0.139515873240E+000
    0.350020000000E+005    0.139801944045E+000
    0.350520000000E+005    0.140088032634E+000
    0.351020000000E+005    0.140374138337E+000
    0.351520000000E+005    0.140660260490E+000
    0.352020000000E+005    0.140946398427E+000
    0.352520000000E+005    0.141232551484E+000
    0.353020000000E+005    0.141518719000E+000
    0.353520000000E+005    0.141804900312E+000
    0.354020000000E+005    0.142091094762E+000
    0.354520000000E+005    0.142377301692E+000
    0.355020000000E+005    0.142663520444E+000
    0.355520000000E+005    0.142949750365E+000
    0.356020000000E+005    0.143235990798E+000
    0.356520000000E+005    0.143522241093E+000
    0.357020000000E+005    0.143808500597E+000
    0.357520000000E+005    0.144094768662E+000
    0.358020000000E+005    0.144381044638E+000
    0.358520000000E+005    0.144667327878E+000
    0.359020000000E+005    0.144953617737E+000
    0.359520000000E+005    0.145239913570E+000
    0.360020000000E+005    0.145526214735E+000
    0.360520000000E+005    0.145812520590E+000
    0.361020000000E+005    0.146098830494E+000
    0.361520000000E+005    0.146385143808E+000
    0.362020000000E+005    0.146671459896E+000
    0.362520000000E+005    0.146957778121E+000
    0.363020000000E+005    0.147244097847E+000
    0.363520000000E+005    0.147530418442E+000
    0.364020000000E+005    0.147816739274E+000
    0.364520000000E+005    0.148103059711E+000
    0.365020000000E+005    0.148389379124E+000
    0.365520000000E+005    0.148675696885E+000
    0.366020000000E+005    0.148962012368E+000
    0.366520000000E+005    0.149248324946E+000
    0.367020000000E+005    0.149534633996E+000
    0.367520000000E+005    0.149820938895E+000
    0.368020000000E+005    0.150107239022E+000
    0.368520000000E+005    0.150393533756E+000
    0.369020000000E+005    0.150679822479E+000
    0.369520000000E+005    0.150966104573E+000
    0.370020000000E+005    0.151252379422E+000
    0.370520000000E+005    0.151538646411E+000
    0.371020000000E+005    0.151824904928E+000
    0.371520000000E+005    0.152111154359E+000
    0.372020000000E+005    0.152397394093E+000
    0.372520000000E+005    0.152683623522E+000
    0.373020000000E+005    0.152969842038E+000
    0.373520000000E+005    0.153256049032E+000
    0.374020000000E+005    0.153542243900E+000
    0.374520000000E+005    0.153828426037E+000
    0.375020000000E+005    0.154114594841E+000
    0.375520000000E+005    0.154400749709E+000
    0.376020000000E+005    0.154686890041E+000
    0.376520000000E+005    0.154973015239E+000
    0.377020000000E+005    0.155259124703E+000
    0.377520000000E+005    0.155545217839E+000
    0.378020000000E+005    0.155831294051E+000
    0.378520000000E+005    0.156117352744E+000
    0.379020000000E+005    0.156403393326E+000
    0.379520000000E+005    0.156689415206E+000
    0.380020000000E+005    0.156975417794E+000
    0.380520000000E+005    0.157261400500E+000
    0.381020000000E+005    0.157547362738E+000
    0.381520000000E+005    0.157833303922E+000
    0.382020000000E+005    0.158119223466E+000
    0.382520000000E+005    0.158405120786E+000
    0.383020000000E+005    0.158690995301E+000
    0.383520000000E+005    0.158976846428E+000
    0.384020000000E+005    0.159262673590E+000
    0.384520000000E+005    0.159548476206E+000
    0.385020000000E+005    0.159834253699E+000
    0.385520000000E+005    0.160120005494E+000
    0.386020000000E+005    0.160405731015E+000
    0.386520000000E+005    0.160691429690E+000
    0.387020000000E+005    0.160977100945E+000
    0.387520000000E+005    0.161262744210E+000
    0.388020000000E+005    0.161548358915E+000
    0.388520000000E+005    0.161833944492E+000
    0.389020000000E+005    0.162119500373E+000
    0.389520000000E+005    0.162405025992E+000
    0.390020000000E+005    0.162690520785E+000
    0.390520000000E+005    0.162975984188E+000
    0.391020000000E+005    0.163261415639E+000
    0.391520000000E+005    0.163546814576E+000
    0.392020000000E+005    0.163832180440E+000
    0.392520000000E+005    0.164117512673E+000
    0.393020000000E+005    0.164402810717E+000
    0.393520000000E+005    0.164688074016E+000
    0.394020000000E+005    0.164973302015E+000
    0.394520000000E+005    0.165258494160E+000
    0.395020000000E+005    0.165543649900E+000
    0.395520000000E+005    0.165828768683E+000
    0.396020000000E+005    0.166113849959E+000
    0.396520000000E+005    0.166398893179E+000
    0.397020000000E+005    0.166683897795E+000
    0.397520000000E+005    0.166968863263E+000
    0.398020000000E+005    0.167253789036E+000
    0.398520000000E+005    0.167538674570E+000
    0.399020000000E+005    0.167823519324E+000
    0.399520000000E+005    0.168108322755E+000
    0.400020000000E+005    0.168393084324E+000
    0.400520000000E+005    0.168677803491E+000
    0.401020000000E+005    0.168962479718E+000
    0.401520000000E+005    0.169247112470E+000
    0.402020000000E+005    0.169531701210E+000
    0.402520000000E+005    0.169816245405E+000
    0.403020000000E+005    0.170100744521E+000
    0.403520000000E+005    0.170385198027E+000
    0.404020000000E+005    0.170669605391E+000
    0.404520000000E+005    0.170953966086E+000
    0.405020000000E+005    0.171238279582E+000
    0.405520000000E+005    0.171522545352E+000
    0.406020000000E+005    0.171806762871E+000
    0.406520000000E+005    0.172090931614E+000
    0.407020000000E+005    0.172375051058E+000
    0.407520000000E+005    0.172659120679E+000
    0.408020000000E+005    0.172943139958E+000
    0.408520000000E+005    0.173227108374E+000
    0.409020000000E+005    0.173511025408E+000
    0.409520000000E+005    0.173794890544E+000
    0.410020000000E+005    0.174078703264E+000
    0.410520000000E+005    0.174362463053E+000
    0.411020000000E+005    0.174646169398E+000
    0.411520000000E+005    0.174929821784E+000
    0.412020000000E+005    0.175213419702E+000
    0.412520000000E+005    0.175496962640E+000
    0.413020000000E+005    0.175780450088E+000
    0.413520000000E+005    0.176063881539E+000
    0.414020000000E+005    0.176347256486E+000
    0.414520000000E+005    0.176630574422E+000
    0.415020000000E+005    0.176913834843E+000
    0.415520000000E+005    0.177197037245E+000
    0.416020000000E+005    0.177480181126E+000
    0.416520000000E+005    0.177763265984E+000
    0.417020000000E+005    0.178046291320E+000
    0.417520000000E+005    0.178329256635E+000
    0.418020000000E+005    0.178612161430E+000
    0.418520000000E+005    0.178895005209E+000
    0.419020000000E+005    0.179177787476E+000
    0.419520000000E+005    0.179460507737E+000
    0.420020000000E+005    0.179743165498E+000
    0.420520000000E+005    0.180025760269E+000
    0.421020000000E+005    0.180308291557E+000
    0.421520000000E+005    0.180590758872E+000
    0.422020000000E+005    0.180873161726E+000
    0.422520000000E+005    0.181155499632E+000
    0.423020000000E+005    0.181437772103E+000
    0.423520000000E+005    0.181719978653E+000
    0.424020000000E+005    0.182002118798E+000
    0.424520000000E+005    0.182284192055E+000
    0.425020000000E+005    0.182566197943E+000
    0.425520000000E+005    0.182848135980E+000
    0.426020000000E+005    0.183130005687E+000
    0.426520000000E+005    0.183411806585E+000
    0.427020000000E+005    0.183693538196E+000
    0.427520000000E+005    0.183975200045E+000
    0.428020000000E+005    0.184256791655E+000
    0.428520000000E+005    0.184538312553E+000
    0.429020000000E+005    0.184819762266E+000
    0.429520000000E+005    0.185101140322E+000
    0.430020000000E+005    0.185382446249E+000
    0.430520000000E+005    0.185663679579E+000
    0.431020000000E+005    0.185944839842E+000
    0.431520000000E+005    0.186225926571E+000
    0.432020000000E+005    0.186506939299E+000
    0.432520000000E+005    0.186787877562E+000
    0.433020000000E+005    0.187068740895E+000
    0.433520000000E+005    0.187349528835E+000
    0.434020000000E+005    0.187630240919E+000
    0.434520000000E+005    0.187910876687E+000
    0.435020000000E+005    0.188191435679E+000
    0.435520000000E+005    0.188471917437E+000
    0.436020000000E+005    0.188752321502E+000
    0.436520000000E+005    0.189032647417E+000
    0.437020000000E+005    0.189312894728E+000
    0.437520000000E+005    0.189593062980E+000
    0.438020000000E+005    0.189873151719E+000
    0.438520000000E+005    0.190153160494E+000
    0.439020000000E+005    0.190433088852E+000
    0.439520000000E+005    0.190712936345E+000
    0.440020000000E+005    0.190992702522E+000
    0.440520000000E+005    0.191272386936E+000
    0.441020000000E+005    0.191551989139E+000
    0.441520000000E+005    0.191831508687E+000
    0.442020000000E+005    0.192110945134E+000
    0.442520000000E+005    0.192390298036E+000
    0.443020000000E+005    0.192669566951E+000
    0.443520000000E+005    0.192948751438E+000
    0.444020000000E+005    0.193227851055E+000
    0.444520000000E+005    0.193506865363E+000
    0.445020000000E+005    0.193785793924E+000
    0.445520000000E+005    0.194064636300E+000
    0.446020000000E+005    0.194343392055E+000
    0.446520000000E+005    0.194622060754E+000
    0.447020000000E+005    0.194900641962E+000
    0.447520000000E+005    0.195179135247E+000
    0.448020000000E+005    0.195457540177E+000
    0.448520000000E+005    0.195735856319E+000
    0.449020000000E+005    0.196014083245E+000
    0.449520000000E+005    0.196292220524E+000
    0.450020000000E+005    0.196570267730E+000
    0.450520000000E+005    0.196848224436E+000
    0.451020000000E+005    0.197126090215E+000
    0.451520000000E+005    0.197403864642E+000
    0.452020000000E+005    0.197681547294E+000
    0.452520000000E+005    0.197959137749E+000
    0.453020000000E+005    0.198236635583E+000
    0.453520000000E+005    0.198514040378E+000
    0.454020000000E+005    0.198791351712E+000
    0.454520000000E+005    0.199068569168E+000
    0.455020000000E+005    0.199345692327E+000
    0.455520000000E+005    0.199622720774E+000
    0.456020000000E+005    0.199899654092E+000
    0.456520000000E+005    0.200176491867E+000
    0.457020000000E+005    0.200453233685E+000
    0.457520000000E+005    0.200729879135E+000
    0.458020000000E+005    0.201006427804E+000
    0.458520000000E+005    0.201282879282E+000
    0.459020000000E+005    0.201559233160E+000
    0.459520000000E+005    0.201835489028E+000
    0.460020000000E+005    0.202111646480E+000
    0.460520000000E+005    0.202387705110E+000
    0.461020000000E+005    0.202663664511E+000
    0.461520000000E+005    0.202939524280E+000
    0.462020000000E+005    0.203215284012E+000
    0.462520000000E+005    0.203490943306E+000
    0.463020000000E+005    0.203766501760E+000
    0.463520000000E+005    0.204041958974E+000
    0.464020000000E+005    0.204317314548E+000
    0.464520000000E+005    0.204592568084E+000
    0.465020000000E+005    0.204867719185E+000
    0.465520000000E+005    0.205142767453E+000
    0.466020000000E+005    0.205417712494E+000
    0.466520000000E+005    0.205692553914E+000
    0.467020000000E+005    0.205967291318E+000
    0.467520000000E+005    0.206241924314E+000
    0.468020000000E+005    0.206516452511E+000
    0.468520000000E+005    0.206790875518E+000
    0.469020000000E+005    0.207065192946E+000
    0.469520000000E+005    0.207339404406E+000
    0.470020000000E+005    0.207613509511E+000
    0.470520000000E+005    0.207887507873E+000
    0.471020000000E+005    0.208161399109E+000
    0.471520000000E+005    0.208435182832E+000
    0.472020000000E+005    0.208708858660E+000
    0.472520000000E+005    0.208982426209E+000
    0.473020000000E+005    0.209255885098E+000
    0.473520000000E+005    0.209529234946E+000
    0.474020000000E+005    0.209802475374E+000
    0.474520000000E+005    0.210075606002E+000
    0.475020000000E+005    0.210348626453E+000
    0.475520000000E+005    0.210621536351E+000
    0.476020000000E+005    0.210894335318E+000
    0.476520000000E+005    0.211167022980E+000
    0.477020000000E+005    0.211439598964E+000
    0.477520000000E+005    0.211712062895E+000
    0.478020000000E+005    0.211984414403E+000
    0.478520000000E+005    0.212256653116E+000
    0.479020000000E+005    0.212528778664E+000
    0.479520000000E+005    0.212800790677E+000
    0.480020000000E+005    0.213072688788E+000
    0.480520000000E+005    0.213344472629E+000
    0.481020000000E+005    0.213616141834E+000
    0.481520000000E+005    0.213887696038E+000
    0.482020000000E+005    0.214159134875E+000
    0.482520000000E+005    0.214430457983E+000
    0.483020000000E+005    0.214701664999E+000
    0.483520000000E+005    0.214972755561E+000
    0.484020000000E+005    0.215243729309E+000
    0.484520000000E+005    0.215514585882E+000
    0.485020000000E+005    0.215785324923E+000
    0.485520000000E+005    0.216055946073E+000
    0.486020000000E+005    0.216326448976E+000
    0.486520000000E+005    0.216596833275E+000
    0.487020000000E+005    0.216867098615E+000
    0.487520000000E+005    0.217137244642E+000
    0.488020000000E+005    0.217407271003E+000
    0.488520000000E+005    0.217677177346E+000
    0.489020000000E+005    0.217946963320E+000
    0.489520000000E+005    0.218216628573E+000
    0.490020000000E+005    0.218486172757E+000
    0.490520000000E+005    0.218755595523E+000
    0.491020000000E+005    0.219024896523E+000
    0.491520000000E+005    0.219294075410E+000
    0.492020000000E+005    0.219563131839E+000
    0.492520000000E+005    0.219832065465E+000
    0.493020000000E+005    0.220100875944E+000
    0.493520000000E+005    0.220369562932E+000
    0.494020000000E+005    0.220638126088E+000
    0.494520000000E+005    0.220906565071E+000
    0.495020000000E+005    0.221174879539E+000
    0.495520000000E+005    0.221443069154E+000
    0.496020000000E+005    0.221711133577E+000
    0.496520000000E+005    0.221979072471E+000
    0.497020000000E+005    0.222246885498E+000
    0.497520000000E+005    0.222514572324E+000
    0.498020000000E+005    0.222782132612E+000
    0.498520000000E+005    0.223049566030E+000
    0.499020000000E+005    0.223316872243E+000
    0.499520000000E+005    0.223584050920E+000
    0.500020000000E+005    0.223851101730E+000
    0.500520000000E+005    0.224118024342E+000
    0.501020000000E+005    0.224384818427E+000
    0.501520000000E+005    0.224651483655E+000
    0.502020000000E+005    0.224918019700E+000
    0.502520000000E+005    0.225184426234E+000
    0.503020000000E+005    0.225450702931E+000
    0.503520000000E+005    0.225716849467E+000
    0.504020000000E+005    0.225982865517E+000
    0.504520000000E+005    0.226248750758E+000
    0.505020000000E+005    0.226514504868E+000
    0.505520000000E+005    0.226780127524E+000
    0.506020000000E+005    0.227045618407E+000
    0.506520000000E+005    0.227310977197E+000
    0.507020000000E+005    0.227576203574E+000
    0.507520000000E+005    0.227841297220E+000
    0.508020000000E+005    0.228106257820E+000
    0.508520000000E+005    0.228371085055E+000
    0.509020000000E+005    0.228635778612E+000
    0.509520000000E+005    0.228900338175E+000
    0.510020000000E+005    0.229164763431E+000
    0.510520000000E+005    0.229429054066E+000
    0.511020000000E+005    0.229693209770E+000
    0.511520000000E+005    0.229957230231E+000
    0.512020000000E+005    0.230221115138E+000
    0.512520000000E+005    0.230484864184E+000
    0.513020000000E+005    0.230748477058E+000
    0.513520000000E+005    0.231011953454E+000
    0.514020000000E+005    0.231275293065E+000
    0.514520000000E+005    0.231538495584E+000
    0.515020000000E+005    0.231801560708E+000
    0.515520000000E+005    0.232064488131E+000
    0.516020000000E+005    0.232327277551E+000
    0.516520000000E+005    0.232589928665E+000
    0.517020000000E+005    0.232852441171E+000
    0.517520000000E+005    0.233114814769E+000
    0.518020000000E+005    0.233377049159E+000
    0.518520000000E+005    0.233639144042E+000
    0.519020000000E+005    0.233901099119E+000
    0.519520000000E+005    0.234162914094E+000
    0.520020000000E+005    0.234424588669E+000
    0.520520000000E+005    0.234686122549E+000
    0.521020000000E+005    0.234947515440E+000
    0.521520000000E+005    0.235208767047E+000
    0.522020000000E+005    0.235469877078E+000
    0.522520000000E+005    0.235730845239E+000
    0.523020000000E+005    0.235991671239E+000
    0.523520000000E+005    0.236252354789E+000
    0.524020000000E+005    0.236512895597E+000
    0.524520000000E+005    0.236773293376E+000
    0.525020000000E+005    0.237033547837E+000
    0.525520000000E+005    0.237293658692E+000
    0.526020000000E+005    0.237553625656E+000
    0.526520000000E+005    0.237813448442E+000
    0.527020000000E+005    0.238073126766E+000
    0.527520000000E+005    0.238332660344E+000
    0.528020000000E+005    0.238592048893E+000
    0.528520000000E+005    0.238851292130E+000
    0.529020000000E+005    0.239110389775E+000
    0.529520000000E+005    0.239369341545E+000
    0.530020000000E+005    0.239628147162E+000
    0.530520000000E+005    0.239886806346E+000
    0.531020000000E+005    0.240145318819E+000
    0.531520000000E+005    0.240403684304E+000
    0.532020000000E+005    0.240661902524E+000
    0.532520000000E+005    0.240919973204E+000
    0.533020000000E+005    0.241177896068E+000
    0.533520000000E+005    0.241435670842E+000
    0.534020000000E+005    0.241693297253E+000
    0.534520000000E+005    0.241950775029E+000
    0.535020000000E+005    0.242208103897E+000
    0.535520000000E+005    0.242465283588E+000
    0.536020000000E+005    0.242722313829E+000
    0.536520000000E+005    0.242979194354E+000
    0.537020000000E+005    0.243235924892E+000
    0.537520000000E+005    0.243492505177E+000
    0.538020000000E+005    0.243748934941E+000
    0.538520000000E+005    0.244005213918E+000
    0.539020000000E+005    0.244261341843E+000
    0.539520000000E+005    0.244517318452E+000
    0.540020000000E+005    0.244773143480E+000
    0.540520000000E+005    0.245028816665E+000
    0.541020000000E+005    0.245284337746E+000
    0.541520000000E+005    0.245539706459E+000
    0.542020000000E+005    0.245794922546E+000
    0.542520000000E+005    0.246049985746E+000
    0.543020000000E+005    0.246304895800E+000
    0.543520000000E+005    0.246559652451E+000
    0.544020000000E+005    0.246814255440E+000
    0.544520000000E+005    0.247068704511E+000
    0.545020000000E+005    0.247322999409E+000
    0.545520000000E+005    0.247577139879E+000
    0.546020000000E+005    0.247831125665E+000
    0.546520000000E+005    0.248084956516E+000
    0.547020000000E+005    0.248338632177E+000
    0.547520000000E+005    0.248592152398E+000
    0.548020000000E+005    0.248845516927E+000
    0.548520000000E+005    0.249098725513E+000
    0.549020000000E+005    0.249351777908E+000
    0.549520000000E+005    0.249604673863E+000
    0.550020000000E+005    0.249857413129E+000
    0.550520000000E+005    0.250109995459E+000
    0.551020000000E+005    0.250362420607E+000
    0.551520000000E+005    0.250614688327E+000
    0.552020000000E+005    0.250866798375E+000
    0.552520000000E+005    0.251118750505E+000
    0.553020000000E+005    0.251370544476E+000
    0.553520000000E+005    0.251622180043E+000
    0.554020000000E+005    0.251873656965E+000
    0.554520000000E+005    0.252124975002E+000
    0.555020000000E+005    0.252376133912E+000
    0.555520000000E+005    0.252627133457E+000
    0.556020000000E+005    0.252877973397E+000
    0.556520000000E+005    0.253128653495E+000
    0.557020000000E+005    0.253379173512E+000
    0.557520000000E+005    0.253629533214E+000
    0.558020000000E+005    0.253879732363E+000
    0.558520000000E+005    0.254129770725E+000
    0.559020000000E+005    0.254379648065E+000
    0.559520000000E+005    0.254629364151E+000
    0.560020000000E+005    0.254878918748E+000
    0.560520000000E+005    0.255128311626E+000
    0.561020000000E+005    0.255377542553E+000
    0.561520000000E+005    0.255626611299E+000
    0.562020000000E+005    0.255875517633E+000
    0.562520000000E+005    0.256124261327E+000
    0.563020000000E+005    0.256372842152E+000
    0.563520000000E+005    0.256621259881E+000
    0.564020000000E+005    0.256869514288E+000
    0.564520000000E+005    0.257117605145E+000
    0.565020000000E+005    0.257365532228E+000
    0.565520000000E+005    0.257613295313E+000
    0.566020000000E+005    0.257860894174E+000
    0.566520000000E+005    0.258108328590E+000
    0.567020000000E+005    0.258355598338E+000
    0.567520000000E+005    0.258602703196E+000
    0.568020000000E+005    0.258849642944E+000
    0.568520000000E+005    0.259096417361E+000
    0.569020000000E+005    0.259343026227E+000
    0.569520000000E+005    0.259589469325E+000
    0.570020000000E+005    0.259835746436E+000
    0.570520000000E+005    0.260081857343E+000
    0.571020000000E+005    0.260327801829E+000
    0.571520000000E+005    0.260573579679E+000
    0.572020000000E+005    0.260819190678E+000
    0.572520000000E+005    0.261064634611E+000
    0.573020000000E+005    0.261309911264E+000
    0.573520000000E+005    0.261555020426E+000
    0.574020000000E+005    0.261799961883E+000
    0.574520000000E+005    0.262044735424E+000
    0.575020000000E+005    0.262289340839E+000
    0.575520000000E+005    0.262533777917E+000
    0.576020000000E+005    0.262778046450E+000
    0.576520000000E+005    0.263022146228E+000
    0.577020000000E+005    0.263266077043E+000
    0.577520000000E+005    0.263509838690E+000
    0.578020000000E+005    0.263753430960E+000
    0.578520000000E+005    0.263996853649E+000
    0.579020000000E+005    0.264240106552E+000
    0.579520000000E+005    0.264483189464E+000
    0.580020000000E+005    0.264726102181E+000
    0.580520000000E+005    0.264968844501E+000
    0.581020000000E+005    0.265211416222E+000
    0.581520000000E+005    0.265453817141E+000
    0.582020000000E+005    0.265696047059E+000
    0.582520000000E+005    0.265938105775E+000
    0.583020000000E+005    0.266179993090E+000
    0.583520000000E+005    0.266421708806E+000
    0.584020000000E+005    0.266663252723E+000
    0.584520000000E+005    0.266904624646E+000
    0.585020000000E+005    0.267145824377E+000
    0.585520000000E+005    0.267386851720E+000
    0.586020000000E+005    0.267627706481E+000
    0.586520000000E+005    0.267868388465E+000
    0.587020000000E+005    0.268108897479E+000
    0.587520000000E+005    0.268349233328E+000
    0.588020000000E+005    0.268589395821E+000
    0.588520000000E+005    0.268829384766E+000
    0.589020000000E+005    0.269069199972E+000
    0.589520000000E+005    0.269308841249E+000
    0.590020000000E+005    0.269548308407E+000
    0.590520000000E+005    0.269787601257E+000
    0.591020000000E+005    0.270026719611E+000
    0.591520000000E+005    0.270265663281E+000
    0.592020000000E+005    0.270504432081E+000
    0.592520000000E+005    0.270743025824E+000
    0.593020000000E+005    0.270981444325E+000
    0.593520000000E+005    0.271219687398E+000
    0.594020000000E+005    0.271457754860E+000
    0.594520000000E+005    0.271695646528E+000
    0.595020000000E+005    0.271933362217E+000
    0.595520000000E+005    0.272170901748E+000
    0.596020000000E+005    0.272408264937E+000
    0.596520000000E+005    0.272645451604E+000
    0.597020000000E+005    0.272882461569E+000
    0.597520000000E+005    0.273119294652E+000
    0.598020000000E+005    0.273355950676E+000
    0.598520000000E+005    0.273592429461E+000
    0.599020000000E+005    0.273828730830E+000
    0.599520000000E+005    0.274064854607E+000
    0.600020000000E+005    0.274300800616E+000
    0.600520000000E+005    0.274536568681E+000
    0.601020000000E+005    0.274772158627E+000
    0.601520000000E+005    0.275007570280E+000
    0.602020000000E+005    0.275242803467E+000
    0.602520000000E+005    0.275477858015E+000
    0.603020000000E+005    0.275712733752E+000
    0.603520000000E+005    0.275947430507E+000
    0.604020000000E+005    0.276181948109E+000
    0.604520000000E+005    0.276416286388E+000
    0.605020000000E+005    0.276650445174E+000
    0.605520000000E+005    0.276884424298E+000
    0.606020000000E+005    0.277118223593E+000
    0.606520000000E+005    0.277351842891E+000
    0.607020000000E+005    0.277585282025E+000
    0.607520000000E+005    0.277818540828E+000
    0.608020000000E+005    0.278051619137E+000
    0.608520000000E+005    0.278284516784E+000
    0.609020000000E+005    0.278517233608E+000
    0.609520000000E+005    0.278749769443E+000
    0.610020000000E+005    0.278982124127E+000
    0.610520000000E+005    0.279214297497E+000
    0.611020000000E+005    0.279446289393E+000
    0.611520000000E+005    0.279678099653E+000
    0.612020000000E+005    0.279909728116E+000
    0.612520000000E+005    0.280141174624E+000
    0.613020000000E+005    0.280372439016E+000
    0.613520000000E+005    0.280603521135E+000
    0.614020000000E+005    0.280834420823E+000
    0.614520000000E+005    0.281065137923E+000
    0.615020000000E+005    0.281295672278E+000
    0.615520000000E+005    0.281526023733E+000
    0.616020000000E+005    0.281756192132E+000
    0.616520000000E+005    0.281986177321E+000
    0.617020000000E+005    0.282215979145E+000
    0.617520000000E+005    0.282445597452E+000
    0.618020000000E+005    0.282675032089E+000
    0.618520000000E+005    0.282904282904E+000
    0.619020000000E+005    0.283133349745E+000
    0.619520000000E+005    0.283362232462E+000
    0.620020000000E+005    0.283590930904E+000
    0.620520000000E+005    0.283819444923E+000
    0.621020000000E+005    0.284047774368E+000
    0.621520000000E+005    0.284275919093E+000
    0.622020000000E+005    0.284503878949E+000
    0.622520000000E+005    0.284731653789E+000
    0.623020000000E+005    0.284959243468E+000
    0.623520000000E+005    0.285186647838E+000
    0.624020000000E+005    0.285413866756E+000
    0.624520000000E+005    0.285640900076E+000
    0.625020000000E+005    0.285867747655E+000
    0.625520000000E+005    0.286094409350E+000
    0.626020000000E+005    0.286320885018E+000
    0.626520000000E+005    0.286547174516E+000
    0.627020000000E+005    0.286773277704E+000
    0.627520000000E+005    0.286999194440E+000
    0.628020000000E+005    0.287224924585E+000
    0.628520000000E+005    0.287450467999E+000
    0.629020000000E+005    0.287675824543E+000
    0.629520000000E+005    0.287900994078E+000
    0.630020000000E+005    0.288125976468E+000
    0.630520000000E+005    0.288350771574E+000
    0.631020000000E+005    0.288575379261E+000
    0.631520000000E+005    0.288799799392E+000
    0.632020000000E+005    0.289024031832E+000
    0.632520000000E+005    0.289248076447E+000
    0.633020000000E+005    0.289471933102E+000
    0.633520000000E+005    0.289695601664E+000
    0.634020000000E+005    0.289919082000E+000
    0.634520000000E+005    0.290142373979E+000
    0.635020000000E+005    0.290365477467E+000
    0.635520000000E+005    0.290588392334E+000
    0.636020000000E+005    0.290811118451E+000
    0.636520000000E+005    0.291033655686E+000
    0.637020000000E+005    0.291256003910E+000
    0.637520000000E+005    0.291478162996E+000
    0.638020000000E+005    0.291700132815E+000
    0.638520000000E+005    0.291921913239E+000
    0.639020000000E+005    0.292143504141E+000
    0.639520000000E+005    0.292364905396E+000
    0.640020000000E+005    0.292586116878E+000
    0.640520000000E+005    0.292807138461E+000
    0.641020000000E+005    0.293027970021E+000
    0.641520000000E+005    0.293248611434E+000
    0.642020000000E+005    0.293469062578E+000
    0.642520000000E+005    0.293689323328E+000
    0.643020000000E+005    0.293909393564E+000
    0.643520000000E+005    0.294129273162E+000
    0.644020000000E+005    0.294348962004E+000
    0.644520000000E+005    0.294568459967E+000
    0.645020000000E+005    0.294787766933E+000
    0.645520000000E+005    0.295006882783E+000
    0.646020000000E+005    0.295225807396E+000
    0.646520000000E+005    0.295444540656E+000
    0.647020000000E+005    0.295663082446E+000
    0.647520000000E+005    0.295881432647E+000
    0.648020000000E+005    0.296099591144E+000
    0.648520000000E+005    0.296317557822E+000
    0.649020000000E+005    0.296535332564E+000
    0.649520000000E+005    0.296752915257E+000
    0.650020000000E+005    0.296970305787E+000
    0.650520000000E+005    0.297187504039E+000
    0.651020000000E+005    0.297404509902E+000
    0.651520000000E+005    0.297621323263E+000
    0.652020000000E+005    0.297837944010E+000
    0.652520000000E+005    0.298054372032E+000
    0.653020000000E+005    0.298270607218E+000
    0.653520000000E+005    0.298486649460E+000
    0.654020000000E+005    0.298702498646E+000
    0.654520000000E+005    0.298918154669E+000
    0.655020000000E+005    0.299133617420E+000
    0.655520000000E+005    0.299348886791E+000
    0.656020000000E+005    0.299563962676E+000
    0.656520000000E+005    0.299778844967E+000
    0.657020000000E+005    0.299993533559E+000
    0.657520000000E+005    0.300208028346E+000
    0.658020000000E+005    0.300422329223E+000
    0.658520000000E+005    0.300636436086E+000
    0.659020000000E+005    0.300850348832E+000
    0.659520000000E+005    0.301064067356E+000
    0.660020000000E+005    0.301277591557E+000
    0.660520000000E+005    0.301490921332E+000
    0.661020000000E+005    0.301704056580E+000
    0.661520000000E+005    0.301916997199E+000
    0.662020000000E+005    0.302129743090E+000
    0.662520000000E+005    0.302342294152E+000
    0.663020000000E+005    0.302554650287E+000
    0.663520000000E+005    0.302766811394E+000
    0.664020000000E+005    0.302978777377E+000
    0.664520000000E+005    0.303190548137E+000
    0.665020000000E+005    0.303402123578E+000
    0.665520000000E+005    0.303613503602E+000
    0.666020000000E+005    0.303824688114E+000
    0.666520000000E+005    0.304035677019E+000
    0.667020000000E+005    0.304246470220E+000
    0.667520000000E+005    0.304457067625E+000
    0.668020000000E+005    0.304667469139E+000
    0.668520000000E+005    0.304877674669E+000
    0.669020000000E+005    0.305087684122E+000
    0.669520000000E+005    0.305297497406E+000
    0.670020000000E+005    0.305507114429E+000
    0.670520000000E+005    0.305716535101E+000
    0.671020000000E+005    0.305925759330E+000
    0.671520000000E+005    0.306134787026E+000
    0.672020000000E+005    0.306343618101E+000
    0.672520000000E+005    0.306552252464E+000
    0.673020000000E+005    0.306760690029E+000
    0.673520000000E+005    0.306968930706E+000
    0.674020000000E+005    0.307176974408E+000
    0.674520000000E+005    0.307384821049E+000
    0.675020000000E+005    0.307592470542E+000
    0.675520000000E+005    0.307799922802E+000
    0.676020000000E+005    0.308007177743E+000
    0.676520000000E+005    0.308214235280E+000
    0.677020000000E+005    0.308421095330E+000
    0.677520000000E+005    0.308627757809E+000
    0.678020000000E+005    0.308834222634E+000
    0.678520000000E+005    0.309040489721E+000
    0.679020000000E+005    0.309246558989E+000
    0.679520000000E+005    0.309452430357E+000
    0.680020000000E+005    0.309658103744E+000
    0.680520000000E+005    0.309863579068E+000
    0.681020000000E+005    0.310068856250E+000
    0.681520000000E+005    0.310273935211E+000
    0.682020000000E+005    0.310478815872E+000
    0.682520000000E+005    0.310683498154E+000
    0.683020000000E+005    0.310887981979E+000
    0.683520000000E+005    0.311092267270E+000
    0.684020000000E+005    0.311296353950E+000
    0.684520000000E+005    0.311500241943E+000
    0.685020000000E+005    0.311703931174E+000
    0.685520000000E+005    0.311907421566E+000
    0.686020000000E+005    0.312110713045E+000
    0.686520000000E+005    0.312313805536E+000
    0.687020000000E+005    0.312516698967E+000
    0.687520000000E+005    0.312719393263E+000
    0.688020000000E+005    0.312921888352E+000
    0.688520000000E+005    0.313124184162E+000
    0.689020000000E+005    0.313326280621E+000
    0.689520000000E+005    0.313528177657E+000
    0.690020000000E+005    0.313729875201E+000
    0.690520000000E+005    0.313931373182E+000
    0.691020000000E+005    0.314132671530E+000
    0.691520000000E+005    0.314333770176E+000
    0.692020000000E+005    0.314534669052E+000
    0.692520000000E+005    0.314735368089E+000
    0.693020000000E+005    0.314935867219E+000
    0.693520000000E+005    0.315136166376E+000
    0.694020000000E+005    0.315336265492E+000
    0.694520000000E+005    0.315536164502E+000
    0.695020000000E+005    0.315735863340E+000
    0.695520000000E+005    0.315935361941E+000
    0.696020000000E+005    0.316134660240E+000
    0.696520000000E+005    0.316333758173E+000
    0.697020000000E+005    0.316532655676E+000
    0.697520000000E+005    0.316731352686E+000
    0.698020000000E+005    0.316929849141E+000
    0.698520000000E+005    0.317128144978E+000
    0.699020000000E+005    0.317326240135E+000
    0.699520000000E+005    0.317524134552E+000
    0.700020000000E+005    0.317721828167E+000
    0.700520000000E+005    0.317919320921E+000
    0.701020000000E+005    0.318116612753E+000
    0.701520000000E+005    0.318313703605E+000
    0.702020000000E+005    0.318510593418E+000
    0.702520000000E+005    0.318707282132E+000
    0.703020000000E+005    0.318903769692E+000
    0.703520000000E+005    0.319100056039E+000
    0.704020000000E+005    0.319296141116E+000
    0.704520000000E+005    0.319492024868E+000
    0.705020000000E+005    0.319687707237E+000
    0.705520000000E+005    0.319883188170E+000
    0.706020000000E+005    0.320078467611E+000
    0.706520000000E+005    0.320273545506E+000
    0.707020000000E+005    0.320468421800E+000
    0.707520000000E+005    0.320663096441E+000
    0.708020000000E+005    0.320857569375E+000
    0.708520000000E+005    0.321051840551E+000
    0.709020000000E+005    0.321245909915E+000
    0.709520000000E+005    0.321439777416E+000
    0.710020000000E+005    0.321633443004E+000
    0.710520000000E+005    0.321826906627E+000
    0.711020000000E+005    0.322020168236E+000
    0.711520000000E+005    0.322213227782E+000
    0.712020000000E+005    0.322406085214E+000
    0.712520000000E+005    0.322598740484E+000
    0.713020000000E+005    0.322791193544E+000
    0.713520000000E+005    0.322983444346E+000
    0.714020000000E+005    0.323175492843E+000
    0.714520000000E+005    0.323367338988E+000
    0.715020000000E+005    0.323558982735E+000
    0.715520000000E+005    0.323750424038E+000
    0.716020000000E+005    0.323941662851E+000
    0.716520000000E+005    0.324132699130E+000
    0.717020000000E+005    0.324323532829E+000
    0.717520000000E+005    0.324514163906E+000
    0.718020000000E+005    0.324704592316E+000
    0.718520000000E+005    0.324894818016E+000
    0.719020000000E+005    0.325084840964E+000
    0.719520000000E+005    0.325274661117E+000
    0.720020000000E+005    0.325464278434E+000
    0.720520000000E+005    0.325653692874E+000
    0.721020000000E+005    0.325842904395E+000
    0.721520000000E+005    0.326031912958E+000
    0.722020000000E+005    0.326220718522E+000
    0.722520000000E+005    0.326409321047E+000
    0.723020000000E+005    0.326597720496E+000
    0.723520000000E+005    0.326785916830E+000
    0.724020000000E+005    0.326973910009E+000
    0.724520000000E+005    0.327161699998E+000
    0.725020000000E+005    0.327349286757E+000
    0.725520000000E+005    0.327536670252E+000
    0.726020000000E+005    0.327723850445E+000
    0.726520000000E+005    0.327910827301E+000
    0.727020000000E+005    0.328097600785E+000
    0.727520000000E+005    0.328284170860E+000
    0.728020000000E+005    0.328470537494E+000
    0.728520000000E+005    0.328656700651E+000
    0.729020000000E+005    0.328842660299E+000
    0.729520000000E+005    0.329028416403E+000
    0.730020000000E+005    0.329213968933E+000
    0.730520000000E+005    0.329399317854E+000
    0.731020000000E+005    0.329584463135E+000
    0.731520000000E+005    0.329769404745E+000
    0.732020000000E+005    0.329954142653E+000
    0.732520000000E+005    0.330138676829E+000
    0.733020000000E+005    0.330323007242E+000
    0.733520000000E+005    0.330507133862E+000
    0.734020000000E+005    0.330691056661E+000
    0.734520000000E+005    0.330874775610E+000
    0.735020000000E+005    0.331058290680E+000
    0.735520000000E+005    0.331241601844E+000
    0.736020000000E+005    0.331424709073E+000
    0.736520000000E+005    0.331607612342E+000
    0.737020000000E+005    0.331790311623E+000
    0.737520000000E+005    0.331972806890E+000
    0.738020000000E+005    0.332155098117E+000
    0.738520000000E+005    0.332337185280E+000
    0.739020000000E+005    0.332519068353E+000
    0.739520000000E+005    0.332700747312E+000
    0.740020000000E+005    0.332882222132E+000
    0.740520000000E+005    0.333063492791E+000
    0.741020000000E+005    0.333244559265E+000
    0.741520000000E+005    0.333425421531E+000
    0.742020000000E+005    0.333606079567E+000
    0.742520000000E+005    0.333786533351E+000
    0.743020000000E+005    0.333966782861E+000
    0.743520000000E+005    0.334146828077E+000
    0.744020000000E+005    0.334326668978E+000
    0.744520000000E+005    0.334506305544E+000
    0.745020000000E+005    0.334685737754E+000
    0.745520000000E+005    0.334864965589E+000
    0.746020000000E+005    0.335043989032E+000
    0.746520000000E+005    0.335222808061E+000
    0.747020000000E+005    0.335401422661E+000
    0.747520000000E+005    0.335579832813E+000
    0.748020000000E+005    0.335758038499E+000
    0.748520000000E+005    0.335936039704E+000
    0.749020000000E+005    0.336113836409E+000
    0.749520000000E+005    0.336291428600E+000
    0.750020000000E+005    0.336468816261E+000
    0.750520000000E+005    0.336645999376E+000
    0.751020000000E+005    0.336822977931E+000
    0.751520000000E+005    0.336999751910E+000
    0.752020000000E+005    0.337176321301E+000
    0.752520000000E+005    0.337352686089E+000
    0.753020000000E+005    0.337528846262E+000
    0.753520000000E+005    0.337704801806E+000
    0.754020000000E+005    0.337880552709E+000
    0.754520000000E+005    0.338056098959E+000
    0.755020000000E+005    0.338231440544E+000
    0.755520000000E+005    0.338406577454E+000
    0.756020000000E+005    0.338581509677E+000
    0.756520000000E+005    0.338756237204E+000
    0.757020000000E+005    0.338930760023E+000
    0.757520000000E+005    0.339105078127E+000
    0.758020000000E+005    0.339279191504E+000
    0.758520000000E+005    0.339453100147E+000
    0.759020000000E+005    0.339626804047E+000
    0.759520000000E+005    0.339800303197E+000
    0.760020000000E+005    0.339973597588E+000
    0.760520000000E+005    0.340146687213E+000
    0.761020000000E+005    0.340319572066E+000
    0.761520000000E+005    0.340492252140E+000
    0.762020000000E+005    0.340664727429E+000
    0.762520000000E+005    0.340836997927E+000
    0.763020000000E+005    0.341009063630E+000
    0.763520000000E+005    0.341180924532E+000
    0.764020000000E+005    0.341352580628E+000
    0.764520000000E+005    0.341524031916E+000
    0.765020000000E+005    0.341695278391E+000
    0.765520000000E+005    0.341866320049E+000
    0.766020000000E+005    0.342037156889E+000
    0.766520000000E+005    0.342207788906E+000
    0.767020000000E+005    0.342378216100E+000
    0.767520000000E+005    0.342548438468E+000
    0.768020000000E+005    0.342718456010E+000
    0.768520000000E+005    0.342888268723E+000
    0.769020000000E+005    0.343057876608E+000
    0.769520000000E+005    0.343227279663E+000
    0.770020000000E+005    0.343396477890E+000
    0.770520000000E+005    0.343565471289E+000
    0.771020000000E+005    0.343734259861E+000
    0.771520000000E+005    0.343902843607E+000
    0.772020000000E+005    0.344071222528E+000
    0.772520000000E+005    0.344239396627E+000
    0.773020000000E+005    0.344407365905E+000
    0.773520000000E+005    0.344575130367E+000
    0.774020000000E+005    0.344742690015E+000
    0.774520000000E+005    0.344910044852E+000
    0.775020000000E+005    0.345077194882E+000
    0.775520000000E+005    0.345244140110E+000
    0.776020000000E+005    0.345410880541E+000
    0.776520000000E+005    0.345577416178E+000
    0.777020000000E+005    0.345743747029E+000
    0.777520000000E+005    0.345909873097E+000
    0.778020000000E+005    0.346075794390E+000
    0.778520000000E+005    0.346241510915E+000
    0.779020000000E+005    0.346407022676E+000
    0.779520000000E+005    0.346572329683E+000
    0.780020000000E+005    0.346737431943E+000
    0.780520000000E+005    0.346902329463E+000
    0.781020000000E+005    0.347067022251E+000
    0.781520000000E+005    0.347231510317E+000
    0.782020000000E+005    0.347395793670E+000
    0.782520000000E+005    0.347559872318E+000
    0.783020000000E+005    0.347723746272E+000
    0.783520000000E+005    0.347887415542E+000
    0.784020000000E+005    0.348050880138E+000
    0.784520000000E+005    0.348214140070E+000
    0.785020000000E+005    0.348377195351E+000
    0.785520000000E+005    0.348540045992E+000
    0.786020000000E+005    0.348702692003E+000
    0.786520000000E+005    0.348865133399E+000
    0.787020000000E+005    0.349027370191E+000
    0.787520000000E+005    0.349189402392E+000
    0.788020000000E+005    0.349351230016E+000
    0.788520000000E+005    0.349512853075E+000
    0.789020000000E+005    0.349674271585E+000
    0.789520000000E+005    0.349835485560E+000
    0.790020000000E+005    0.349996495013E+000
    0.790520000000E+005    0.350157299961E+000
    0.791020000000E+005    0.350317900419E+000
    0.791520000000E+005    0.350478296402E+000
    0.792020000000E+005    0.350638487926E+000
    0.792520000000E+005    0.350798475008E+000
    0.793020000000E+005    0.350958257664E+000
    0.793520000000E+005    0.351117835913E+000
    0.794020000000E+005    0.351277209770E+000
    0.794520000000E+005    0.351436379254E+000
    0.795020000000E+005    0.351595344384E+000
    0.795520000000E+005    0.351754105177E+000
    0.796020000000E+005    0.351912661652E+000
    0.796520000000E+005    0.352071013829E+000
    0.797020000000E+005    0.352229161727E+000
    0.797520000000E+005    0.352387105366E+000
    0.798020000000E+005    0.352544844766E+000
    0.798520000000E+005    0.352702379947E+000
    0.799020000000E+005    0.352859710930E+000
    0.799520000000E+005    0.353016837737E+000
    0.800020000000E+005    0.353173760389E+000
    0.800520000000E+005    0.353330478908E+000
    0.801020000000E+005    0.353486993316E+000
    0.801520000000E+005    0.353643303635E+000
    0.802020000000E+005    0.353799409889E+000
    0.802520000000E+005    0.353955312100E+000
    0.803020000000E+005    0.354111010293E+000
    0.803520000000E+005    0.354266504490E+000
    0.804020000000E+005    0.354421794716E+000
    0.804520000000E+005    0.354576880995E+000
    0.805020000000E+005    0.354731763352E+000
    0.805520000000E+005    0.354886441813E+000
    0.806020000000E+005    0.355040916403E+000
    0.806520000000E+005    0.355195187147E+000
    0.807020000000E+005    0.355349254072E+000
    0.807520000000E+005    0.355503117204E+000
    0.808020000000E+005    0.355656776569E+000
    0.808520000000E+005    0.355810232196E+000
    0.809020000000E+005    0.355963484110E+000
    0.809520000000E+005    0.356116532341E+000
    0.810020000000E+005    0.356269376916E+000
    0.810520000000E+005    0.356422017862E+000
    0.811020000000E+005    0.356574455210E+000
    0.811520000000E+005    0.356726688988E+000
    0.812020000000E+005    0.356878719224E+000
    0.812520000000E+005    0.357030545950E+000
    0.813020000000E+005    0.357182169194E+000
    0.813520000000E+005    0.357333588987E+000
    0.814020000000E+005    0.357484805359E+000
    0.814520000000E+005    0.357635818342E+000
    0.815020000000E+005    0.357786627966E+000
    0.815520000000E+005    0.357937234263E+000
    0.816020000000E+005    0.358087637264E+000
    0.816520000000E+005    0.358237837002E+000
    0.817020000000E+005    0.358387833510E+000
    0.817520000000E+005    0.358537626819E+000
    0.818020000000E+005    0.358687216963E+000
    0.818520000000E+005    0.358836603976E+000
    0.819020000000E+005    0.358985787890E+000
    0.819520000000E+005    0.359134768739E+000
    0.820020000000E+005    0.359283546559E+000
    0.820520000000E+005    0.359432121383E+000
    0.821020000000E+005    0.359580493246E+000
    0.821520000000E+005    0.359728662184E+000
    0.822020000000E+005    0.359876628232E+000
    0.822520000000E+005    0.360024391425E+000
    0.823020000000E+005    0.360171951800E+000
    0.823520000000E+005    0.360319309392E+000
    0.824020000000E+005    0.360466464239E+000
    0.824520000000E+005    0.360613416378E+000
    0.825020000000E+005    0.360760165846E+000
    0.825520000000E+005    0.360906712679E+000
    0.826020000000E+005    0.361053056917E+000
    0.826520000000E+005    0.361199198597E+000
    0.827020000000E+005    0.361345137757E+000
    0.827520000000E+005    0.361490874436E+000
    0.828020000000E+005    0.361636408674E+000
    0.828520000000E+005    0.361781740509E+000
    0.829020000000E+005    0.361926869981E+000
    0.829520000000E+005    0.362071797130E+000
    0.830020000000E+005    0.362216521996E+000
    0.830520000000E+005    0.362361044620E+000
    0.831020000000E+005    0.362505365041E+000
    0.831520000000E+005    0.362649483302E+000
    0.832020000000E+005    0.362793399443E+000
    0.832520000000E+005    0.362937113507E+000
    0.833020000000E+005    0.363080625534E+000
    0.833520000000E+005    0.363223935567E+000
    0.834020000000E+005    0.363367043648E+000
    0.834520000000E+005    0.363509949821E+000
    0.835020000000E+005    0.363652654128E+000
    0.835520000000E+005    0.363795156612E+000
    0.836020000000E+005    0.363937457317E+000
    0.836520000000E+005    0.364079556287E+000
    0.837020000000E+005    0.364221453566E+000
    0.837520000000E+005    0.364363149198E+000
    0.838020000000E+005    0.364504643228E+000
    0.838520000000E+005    0.364645935701E+000
    0.839020000000E+005    0.364787026662E+000
    0.839520000000E+005    0.364927916156E+000
    0.840020000000E+005    0.365068604230E+000
    0.840520000000E+005    0.365209090929E+000
    0.841020000000E+005    0.365349376300E+000
    0.841520000000E+005    0.365489460389E+000
    0.842020000000E+005    0.365629343243E+000
    0.842520000000E+005    0.365769024909E+000
    0.843020000000E+005    0.365908505435E+000
    0.843520000000E+005    0.366047784868E+000
    0.844020000000E+005    0.366186863257E+000
    0.844520000000E+005    0.366325740649E+000
    0.845020000000E+005    0.366464417092E+000
    0.845520000000E+005    0.366602892637E+000
    0.846020000000E+005    0.366741167330E+000
    0.846520000000E+005    0.366879241223E+000
    0.847020000000E+005    0.367017114364E+000
    0.847520000000E+005    0.367154786804E+000
    0.848020000000E+005    0.367292258591E+000
    0.848520000000E+005    0.367429529777E+000
    0.849020000000E+005    0.367566600412E+000
    0.849520000000E+005    0.367703470547E+000
    0.850020000000E+005    0.367840140233E+000
    0.850520000000E+005    0.367976609522E+000
    0.851020000000E+005    0.368112878464E+000
    0.851520000000E+005    0.368248947113E+000
    0.852020000000E+005    0.368384815519E+000
    0.852520000000E+005    0.368520483736E+000
    0.853020000000E+005    0.368655951816E+000
    0.853520000000E+005    0.368791219811E+000
    0.854020000000E+005    0.368926287776E+000
    0.854520000000E+005    0.369061155763E+000
    0.855020000000E+005    0.369195823827E+000
    0.855520000000E+005    0.369330292020E+000
    0.856020000000E+005    0.369464560398E+000
    0.856520000000E+005    0.369598629014E+000
    0.857020000000E+005    0.369732497924E+000
    0.857520000000E+005    0.369866167182E+000
    0.858020000000E+005    0.369999636843E+000
    0.858520000000E+005    0.370132906963E+000
    0.859020000000E+005    0.370265977597E+000
    0.859520000000E+005    0.370398848802E+000
    0.860020000000E+005    0.370531520633E+000
    0.860520000000E+005    0.370663993147E+000
    0.861020000000E+005    0.370796266400E+000
    0.861520000000E+005    0.370928340450E+000
    0.862020000000E+005    0.371060215353E+000
    0.862520000000E+005    0.371191891167E+000
    0.863020000000E+005    0.371323367950E+000
    0.863520000000E+005    0.371454645758E+000
    0.864020000000E+005    0.371585724652E+000
    0.864520000000E+005    0.371716604688E+000
    0.865020000000E+005    0.371847285925E+000
    0.865520000000E+005    0.371977768422E+000
    0.866020000000E+005    0.372108052239E+000
    0.866520000000E+005    0.372238137434E+000
    0.867020000000E+005    0.372368024067E+000
    0.867520000000E+005    0.372497712197E+000
    0.868020000000E+005    0.372627201886E+000
    0.868520000000E+005    0.372756493192E+000
    0.869020000000E+005    0.372885586176E+000
    0.869520000000E+005    0.373014480900E+000
    0.870020000000E+005    0.373143177423E+000
    0.870520000000E+005    0.373271675808E+000
    0.871020000000E+005    0.373399976115E+000
    0.871520000000E+005    0.373528078406E+000
    0.872020000000E+005    0.373655982744E+000
    0.872520000000E+005    0.373783689189E+000
    0.873020000000E+005    0.373911197804E+000
    0.873520000000E+005    0.374038508653E+000
    0.874020000000E+005    0.374165621797E+000
    0.874520000000E+005    0.374292537299E+000
    0.875020000000E+005    0.374419255224E+000
    0.875520000000E+005    0.374545775633E+000
    0.876020000000E+005    0.374672098592E+000
    0.876520000000E+005    0.374798224163E+000
    0.877020000000E+005    0.374924152411E+000
    0.877520000000E+005    0.375049883400E+000
    0.878020000000E+005    0.375175417195E+000
    0.878520000000E+005    0.375300753860E+000
    0.879020000000E+005    0.375425893461E+000
    0.879520000000E+005    0.375550836062E+000
    0.880020000000E+005    0.375675581729E+000
    0.880520000000E+005    0.375800130529E+000
    0.881020000000E+005    0.375924482525E+000
    0.881520000000E+005    0.376048637786E+000
    0.882020000000E+005    0.376172596376E+000
    0.882520000000E+005    0.376296358362E+000
    0.883020000000E+005    0.376419923812E+000
    0.883520000000E+005    0.376543292792E+000
    0.884020000000E+005    0.376666465369E+000
    0.884520000000E+005    0.376789441611E+000
    0.885020000000E+005    0.376912221585E+000
    0.885520000000E+005    0.377034805359E+000
    0.886020000000E+005    0.377157193000E+000
    0.886520000000E+005    0.377279384578E+000
    0.887020000000E+005    0.377401380160E+000
    0.887520000000E+005    0.377523179816E+000
    0.888020000000E+005    0.377644783613E+000
    0.888520000000E+005    0.377766191622E+000
    0.889020000000E+005    0.377887403911E+000
    0.889520000000E+005    0.378008420549E+000
    0.890020000000E+005    0.378129241607E+000
    0.890520000000E+005    0.378249867154E+000
    0.891020000000E+005    0.378370297261E+000
    0.891520000000E+005    0.378490531997E+000
    0.892020000000E+005    0.378610571433E+000
    0.892520000000E+005    0.378730415640E+000
    0.893020000000E+005    0.378850064688E+000
    0.893520000000E+005    0.378969518649E+000
    0.894020000000E+005    0.379088777594E+000
    0.894520000000E+005    0.379207841595E+000
    0.895020000000E+005    0.379326710722E+000
    0.895520000000E+005    0.379445385049E+000
    0.896020000000E+005    0.379563864646E+000
    0.896520000000E+005    0.379682149587E+000
    0.897020000000E+005    0.379800239943E+000
    0.897520000000E+005    0.379918135789E+000
    0.898020000000E+005    0.380035837195E+000
    0.898520000000E+005    0.380153344236E+000
    0.899020000000E+005    0.380270656984E+000
    0.899520000000E+005    0.380387775513E+000
    0.900020000000E+005    0.380504699897E+000
    0.900520000000E+005    0.380621430209E+000
    0.901020000000E+005    0.380737966524E+000
    0.901520000000E+005    0.380854308916E+000
    0.902020000000E+005    0.380970457459E+000
    0.902520000000E+005    0.381086412227E+000
    0.903020000000E+005    0.381202173296E+000
    0.903520000000E+005    0.381317740740E+000
    0.904020000000E+005    0.381433114635E+000
    0.904520000000E+005    0.381548295056E+000
    0.905020000000E+005    0.381663282078E+000
    0.905520000000E+005    0.381778075778E+000
    0.906020000000E+005    0.381892676230E+000
    0.906520000000E+005    0.382007083511E+000
    0.907020000000E+005    0.382121297698E+000
    0.907520000000E+005    0.382235318867E+000
    0.908020000000E+005    0.382349147094E+000
    0.908520000000E+005    0.382462782457E+000
    0.909020000000E+005    0.382576225031E+000
    0.909520000000E+005    0.382689474896E+000
    0.910020000000E+005    0.382802532126E+000
    0.910520000000E+005    0.382915396802E+000
    0.911020000000E+005    0.383028068999E+000
    0.911520000000E+005    0.383140548796E+000
    0.912020000000E+005    0.383252836272E+000
    0.912520000000E+005    0.383364931503E+000
    0.913020000000E+005    0.383476834569E+000
    0.913520000000E+005    0.383588545549E+000
    0.914020000000E+005    0.383700064520E+000
    0.914520000000E+005    0.383811391563E+000
    0.915020000000E+005    0.383922526755E+000
    0.915520000000E+005    0.384033470177E+000
    0.916020000000E+005    0.384144221908E+000
    0.916520000000E+005    0.384254782028E+000
    0.917020000000E+005    0.384365150615E+000
    0.917520000000E+005    0.384475327752E+000
    0.918020000000E+005    0.384585313516E+000
    0.918520000000E+005    0.384695107990E+000
    0.919020000000E+005    0.384804711252E+000
    0.919520000000E+005    0.384914123385E+000
    0.920020000000E+005    0.385023344469E+000
    0.920520000000E+005    0.385132374584E+000
    0.921020000000E+005    0.385241213812E+000
    0.921520000000E+005    0.385349862235E+000
    0.922020000000E+005    0.385458319934E+000
    0.922520000000E+005    0.385566586990E+000
    0.923020000000E+005    0.385674663485E+000
    0.923520000000E+005    0.385782549501E+000
    0.924020000000E+005    0.385890245121E+000
    0.924520000000E+005    0.385997750427E+000
    0.925020000000E+005    0.386105065501E+000
    0.925520000000E+005    0.386212190426E+000
    0.926020000000E+005    0.386319125285E+000
    0.926520000000E+005    0.386425870161E+000
    0.927020000000E+005    0.386532425136E+000
    0.927520000000E+005    0.386638790294E+000
    0.928020000000E+005    0.386744965719E+000
    0.928520000000E+005    0.386850951494E+000
    0.929020000000E+005    0.386956747703E+000
    0.929520000000E+005    0.387062354430E+000
    0.930020000000E+005    0.387167771758E+000
    0.930520000000E+005    0.387272999773E+000
    0.931020000000E+005    0.387378038558E+000
    0.931520000000E+005    0.387482888199E+000
    0.932020000000E+005    0.387587548779E+000
    0.932520000000E+005    0.387692020384E+000
    0.933020000000E+005    0.387796303098E+000
    0.933520000000E+005    0.387900397007E+000
    0.934020000000E+005    0.388004302196E+000
    0.934520000000E+005    0.388108018751E+000
    0.935020000000E+005    0.388211546757E+000
    0.935520000000E+005    0.388314886299E+000
    0.936020000000E+005    0.388418037465E+000
    0.936520000000E+005    0.388521000339E+000
    0.937020000000E+005    0.388623775009E+000
    0.937520000000E+005    0.388726361560E+000
    0.938020000000E+005    0.388828760078E+000
    0.938520000000E+005    0.388930970652E+000
    0.939020000000E+005    0.389032993366E+000
    0.939520000000E+005    0.389134828310E+000
    0.940020000000E+005    0.389236475568E+000
    0.940520000000E+005    0.389337935229E+000
    0.941020000000E+005    0.389439207380E+000
    0.941520000000E+005    0.389540292109E+000
    0.942020000000E+005    0.389641189502E+000
    0.942520000000E+005    0.389741899649E+000
    0.943020000000E+005    0.389842422637E+000
    0.943520000000E+005    0.389942758554E+000
    0.944020000000E+005    0.390042907488E+000
    0.944520000000E+005    0.390142869527E+000
    0.945020000000E+005    0.390242644761E+000
    0.945520000000E+005    0.390342233278E+000
    0.946020000000E+005    0.390441635166E+000
    0.946520000000E+005    0.390540850514E+000
    0.947020000000E+005    0.390639879413E+000
    0.947520000000E+005    0.390738721949E+000
    0.948020000000E+005    0.390837378215E+000
    0.948520000000E+005    0.390935848297E+000
    0.949020000000E+005    0.391034132287E+000
    0.949520000000E+005    0.391132230274E+000
    0.950020000000E+005    0.391230142347E+000
    0.950520000000E+005    0.391327868598E+000
    0.951020000000E+005    0.391425409115E+000
    0.951520000000E+005    0.391522763989E+000
    0.952020000000E+005    0.391619933312E+000
    0.952520000000E+005    0.391716917172E+000
    0.953020000000E+005    0.391813715661E+000
    0.953520000000E+005    0.391910328870E+000
    0.954020000000E+005    0.392006756890E+000
    0.954520000000E+005    0.392102999811E+000
    0.955020000000E+005    0.392199057725E+000
    0.955520000000E+005    0.392294930723E+000
    0.956020000000E+005    0.392390618897E+000
    0.956520000000E+005    0.392486122338E+000
    0.957020000000E+005    0.392581441138E+000
    0.957520000000E+005    0.392676575389E+000
    0.958020000000E+005    0.392771525183E+000
    0.958520000000E+005    0.392866290611E+000
    0.959020000000E+005    0.392960871766E+000
    0.959520000000E+005    0.393055268741E+000
    0.960020000000E+005    0.393149481627E+000
    0.960520000000E+005    0.393243510518E+000
    0.961020000000E+005    0.393337355506E+000
    0.961520000000E+005    0.393431016684E+000
    0.962020000000E+005    0.393524494144E+000
    0.962520000000E+005    0.393617787981E+000
    0.963020000000E+005    0.393710898286E+000
    0.963520000000E+005    0.393803825154E+000
    0.964020000000E+005    0.393896568678E+000
    0.964520000000E+005    0.393989128952E+000
    0.965020000000E+005    0.394081506068E+000
    0.965520000000E+005    0.394173700121E+000
    0.966020000000E+005    0.394265711205E+000
    0.966520000000E+005    0.394357539414E+000
    0.967020000000E+005    0.394449184842E+000
    0.967520000000E+005    0.394540647583E+000
    0.968020000000E+005    0.394631927731E+000
    0.968520000000E+005    0.394723025381E+000
    0.969020000000E+005    0.394813940628E+000
    0.969520000000E+005    0.394904673567E+000
    0.970020000000E+005    0.394995224292E+000
    0.970520000000E+005    0.395085592897E+000
    0.971020000000E+005    0.395175779479E+000
    0.971520000000E+005    0.395265784133E+000
    0.972020000000E+005    0.395355606953E+000
    0.972520000000E+005    0.395445248035E+000
    0.973020000000E+005    0.395534707474E+000
    0.973520000000E+005    0.395623985367E+000
    0.974020000000E+005    0.395713081809E+000
    0.974520000000E+005    0.395801996895E+000
    0.975020000000E+005    0.395890730722E+000
    0.975520000000E+005    0.395979283386E+000
    0.976020000000E+005    0.396067654982E+000
    0.976520000000E+005    0.396155845608E+000
    0.977020000000E+005    0.396243855360E+000
    0.977520000000E+005    0.396331684333E+000
    0.978020000000E+005    0.396419332625E+000
    0.978520000000E+005    0.396506800332E+000
    0.979020000000E+005    0.396594087552E+000
    0.979520000000E+005    0.396681194380E+000
    0.980020000000E+005    0.396768120914E+000
    0.980520000000E+005    0.396854867252E+000
    0.981020000000E+005    0.396941433490E+000
    0.981520000000E+005    0.397027819725E+000
    0.982020000000E+005    0.397114026056E+000
    0.982520000000E+005    0.397200052579E+000
    0.983020000000E+005    0.397285899393E+000
    0.983520000000E+005    0.397371566594E+000
    0.984020000000E+005    0.397457054282E+000
    0.984520000000E+005    0.397542362553E+000
    0.985020000000E+005    0.397627491506E+000
    0.985520000000E+005    0.397712441238E+000
    0.986020000000E+005    0.397797211849E+000
    0.986520000000E+005    0.397881803436E+000
    0.987020000000E+005    0.397966216099E+000
    0.987520000000E+005    0.398050449934E+000
    0.988020000000E+005    0.398134505042E+000
    0.988520000000E+005    0.398218381520E+000
    0.989020000000E+005    0.398302079468E+000
    0.989520000000E+005    0.398385598985E+000
    0.990020000000E+005    0.398468940168E+000
    0.990520000000E+005    0.398552103119E+000
    0.991020000000E+005    0.398635087935E+000
    0.991520000000E+005    0.398717894716E+000
    0.992020000000E+005    0.398800523562E+000
    0.992520000000E+005    0.398882974571E+000
    0.993020000000E+005    0.398965247844E+000
    0.993520000000E+005    0.399047343480E+000
    0.994020000000E+005    0.399129261579E+000
    0.994520000000E+005    0.399211002241E+000
    0.995020000000E+005    0.399292565565E+000
    0.995520000000E+005    0.399373951652E+000
    0.996020000000E+005    0.399455160602E+000
    0.996520000000E+005    0.399536192515E+000
    0.997020000000E+005    0.399617047491E+000
    0.997520000000E+005    0.399697725630E+000
    0.998020000000E+005    0.399778227034E+000
    0.998520000000E+005    0.399858551802E+000
    0.999020000000E+005    0.399938700036E+000
    0.999520000000E+005    0.400018671836E+000
