TITLE = "0D Field KB"
VARIABLES = N ,"KB_Ha10Rem100Re500"
ZONE DATAPACKING = POINT
    0.200000000000E+001    0.799992000074E-009
    0.520000000000E+002    0.540524274496E-006
    0.102000000000E+003    0.207869963316E-005
    0.152000000000E+003    0.461382874558E-005
    0.202000000000E+003    0.814441603549E-005
    0.252000000000E+003    0.126689676710E-004
    0.302000000000E+003    0.181859915627E-004
    0.352000000000E+003    0.246939973617E-004
    0.402000000000E+003    0.321914964578E-004
    0.452000000000E+003    0.406770019779E-004
    0.502000000000E+003    0.501490287836E-004
    0.552000000000E+003    0.606060934699E-004
    0.602000000000E+003    0.720467143629E-004
    0.652000000000E+003    0.844694115182E-004
    0.702000000000E+003    0.978727067191E-004
    0.752000000000E+003    0.112255123474E-003
    0.802000000000E+003    0.127615187017E-003
    0.852000000000E+003    0.143951424301E-003
    0.902000000000E+003    0.161262364003E-003
    0.952000000000E+003    0.179546536515E-003
    0.100200000000E+004    0.198802473947E-003
    0.105200000000E+004    0.219028710123E-003
    0.110200000000E+004    0.240223780579E-003
    0.115200000000E+004    0.262386222565E-003
    0.120200000000E+004    0.285514575035E-003
    0.125200000000E+004    0.309607378654E-003
    0.130200000000E+004    0.334663175789E-003
    0.135200000000E+004    0.360680510510E-003
    0.140200000000E+004    0.387657928590E-003
    0.145200000000E+004    0.415593977499E-003
    0.150200000000E+004    0.444487206402E-003
    0.155200000000E+004    0.474336166160E-003
    0.160200000000E+004    0.505139409325E-003
    0.165200000000E+004    0.536895490139E-003
    0.170200000000E+004    0.569602964527E-003
    0.175200000000E+004    0.603260390103E-003
    0.180200000000E+004    0.637866326159E-003
    0.185200000000E+004    0.673419333665E-003
    0.190200000000E+004    0.709917975266E-003
    0.195200000000E+004    0.747360815281E-003
    0.200200000000E+004    0.785746419694E-003
    0.205200000000E+004    0.825073356157E-003
    0.210200000000E+004    0.865340193981E-003
    0.215200000000E+004    0.906545504134E-003
    0.220200000000E+004    0.948687859238E-003
    0.225200000000E+004    0.991765833564E-003
    0.230200000000E+004    0.103577800302E-002
    0.235200000000E+004    0.108072294518E-002
    0.240200000000E+004    0.112659923921E-002
    0.245200000000E+004    0.117340546593E-002
    0.250200000000E+004    0.122114020780E-002
    0.255200000000E+004    0.126980204886E-002
    0.260200000000E+004    0.131938957481E-002
    0.265200000000E+004    0.136990137290E-002
    0.270200000000E+004    0.142133603204E-002
    0.275200000000E+004    0.147369214269E-002
    0.280200000000E+004    0.152696829693E-002
    0.285200000000E+004    0.158116308840E-002
    0.290200000000E+004    0.163627511232E-002
    0.295200000000E+004    0.169230296548E-002
    0.300200000000E+004    0.174924524624E-002
    0.305200000000E+004    0.180710055450E-002
    0.310200000000E+004    0.186586749171E-002
    0.315200000000E+004    0.192554466087E-002
    0.320200000000E+004    0.198613066648E-002
    0.325200000000E+004    0.204762411460E-002
    0.330200000000E+004    0.211002361279E-002
    0.335200000000E+004    0.217332777010E-002
    0.340200000000E+004    0.223753519711E-002
    0.345200000000E+004    0.230264450587E-002
    0.350200000000E+004    0.236865430991E-002
    0.355200000000E+004    0.243556322425E-002
    0.360200000000E+004    0.250336986536E-002
    0.365200000000E+004    0.257207285118E-002
    0.370200000000E+004    0.264167080108E-002
    0.375200000000E+004    0.271216233590E-002
    0.380200000000E+004    0.278354607787E-002
    0.385200000000E+004    0.285582065069E-002
    0.390200000000E+004    0.292898467943E-002
    0.395200000000E+004    0.300303679059E-002
    0.400200000000E+004    0.307797561207E-002
    0.405200000000E+004    0.315379977315E-002
    0.410200000000E+004    0.323050790448E-002
    0.415200000000E+004    0.330809863809E-002
    0.420200000000E+004    0.338657060739E-002
    0.425200000000E+004    0.346592244712E-002
    0.430200000000E+004    0.354615279337E-002
    0.435200000000E+004    0.362726028358E-002
    0.440200000000E+004    0.370924355652E-002
    0.445200000000E+004    0.379210125226E-002
    0.450200000000E+004    0.387583201220E-002
    0.455200000000E+004    0.396043447906E-002
    0.460200000000E+004    0.404590729682E-002
    0.465200000000E+004    0.413224911079E-002
    0.470200000000E+004    0.421945856753E-002
    0.475200000000E+004    0.430753431490E-002
    0.480200000000E+004    0.439647500201E-002
    0.485200000000E+004    0.448627927924E-002
    0.490200000000E+004    0.457694579821E-002
    0.495200000000E+004    0.466847321180E-002
    0.500200000000E+004    0.476086017413E-002
    0.505200000000E+004    0.485410534053E-002
    0.510200000000E+004    0.494820736758E-002
    0.515200000000E+004    0.504316491306E-002
    0.520200000000E+004    0.513897663599E-002
    0.525200000000E+004    0.523564119655E-002
    0.530200000000E+004    0.533315725616E-002
    0.535200000000E+004    0.543152347742E-002
    0.540200000000E+004    0.553073852411E-002
    0.545200000000E+004    0.563080106119E-002
    0.550200000000E+004    0.573170975482E-002
    0.555200000000E+004    0.583346327230E-002
    0.560200000000E+004    0.593606028211E-002
    0.565200000000E+004    0.603949945389E-002
    0.570200000000E+004    0.614377945843E-002
    0.575200000000E+004    0.624889896766E-002
    0.580200000000E+004    0.635485665468E-002
    0.585200000000E+004    0.646165119371E-002
    0.590200000000E+004    0.656928126011E-002
    0.595200000000E+004    0.667774553036E-002
    0.600200000000E+004    0.678704268209E-002
    0.605200000000E+004    0.689717139402E-002
    0.610200000000E+004    0.700813034602E-002
    0.615200000000E+004    0.711991821905E-002
    0.620200000000E+004    0.723253369519E-002
    0.625200000000E+004    0.734597545763E-002
    0.630200000000E+004    0.746024219064E-002
    0.635200000000E+004    0.757533257962E-002
    0.640200000000E+004    0.769124531105E-002
    0.645200000000E+004    0.780797907250E-002
    0.650200000000E+004    0.792553255262E-002
    0.655200000000E+004    0.804390444118E-002
    0.660200000000E+004    0.816309342899E-002
    0.665200000000E+004    0.828309820797E-002
    0.670200000000E+004    0.840391747111E-002
    0.675200000000E+004    0.852554991247E-002
    0.680200000000E+004    0.864799422718E-002
    0.685200000000E+004    0.877124911146E-002
    0.690200000000E+004    0.889531326256E-002
    0.695200000000E+004    0.902018537884E-002
    0.700200000000E+004    0.914586415968E-002
    0.705200000000E+004    0.927234830556E-002
    0.710200000000E+004    0.939963651800E-002
    0.715200000000E+004    0.952772749956E-002
    0.720200000000E+004    0.965661995390E-002
    0.725200000000E+004    0.978631258570E-002
    0.730200000000E+004    0.991680410069E-002
    0.735200000000E+004    0.100480932057E-001
    0.740200000000E+004    0.101801786085E-001
    0.745200000000E+004    0.103130590180E-001
    0.750200000000E+004    0.104467331443E-001
    0.755200000000E+004    0.105811996981E-001
    0.760200000000E+004    0.107164573916E-001
    0.765200000000E+004    0.108525049379E-001
    0.770200000000E+004    0.109893410510E-001
    0.775200000000E+004    0.111269644462E-001
    0.780200000000E+004    0.112653738395E-001
    0.785200000000E+004    0.114045679484E-001
    0.790200000000E+004    0.115445454909E-001
    0.795200000000E+004    0.116853051865E-001
    0.800200000000E+004    0.118268457555E-001
    0.805200000000E+004    0.119691659193E-001
    0.810200000000E+004    0.121122644003E-001
    0.815200000000E+004    0.122561399220E-001
    0.820200000000E+004    0.124007912089E-001
    0.825200000000E+004    0.125462169865E-001
    0.830200000000E+004    0.126924159815E-001
    0.835200000000E+004    0.128393869213E-001
    0.840200000000E+004    0.129871285348E-001
    0.845200000000E+004    0.131356395515E-001
    0.850200000000E+004    0.132849187022E-001
    0.855200000000E+004    0.134349647187E-001
    0.860200000000E+004    0.135857763337E-001
    0.865200000000E+004    0.137373522810E-001
    0.870200000000E+004    0.138896912956E-001
    0.875200000000E+004    0.140427921133E-001
    0.880200000000E+004    0.141966534711E-001
    0.885200000000E+004    0.143512741069E-001
    0.890200000000E+004    0.145066527598E-001
    0.895200000000E+004    0.146627881697E-001
    0.900200000000E+004    0.148196790779E-001
    0.905200000000E+004    0.149773242264E-001
    0.910200000000E+004    0.151357223583E-001
    0.915200000000E+004    0.152948722179E-001
    0.920200000000E+004    0.154547725504E-001
    0.925200000000E+004    0.156154221021E-001
    0.930200000000E+004    0.157768196204E-001
    0.935200000000E+004    0.159389638534E-001
    0.940200000000E+004    0.161018535508E-001
    0.945200000000E+004    0.162654874629E-001
    0.950200000000E+004    0.164298643412E-001
    0.955200000000E+004    0.165949829382E-001
    0.960200000000E+004    0.167608420075E-001
    0.965200000000E+004    0.169274403038E-001
    0.970200000000E+004    0.170947765826E-001
    0.975200000000E+004    0.172628496007E-001
    0.980200000000E+004    0.174316581159E-001
    0.985200000000E+004    0.176012008869E-001
    0.990200000000E+004    0.177714766736E-001
    0.995200000000E+004    0.179424842369E-001
    0.100020000000E+005    0.181142223387E-001
    0.100520000000E+005    0.182866897421E-001
    0.101020000000E+005    0.184598852110E-001
    0.101520000000E+005    0.186338075106E-001
    0.102020000000E+005    0.188084554071E-001
    0.102520000000E+005    0.189838276676E-001
    0.103020000000E+005    0.191599230604E-001
    0.103520000000E+005    0.193367403549E-001
    0.104020000000E+005    0.195142783213E-001
    0.104520000000E+005    0.196925357311E-001
    0.105020000000E+005    0.198715113568E-001
    0.105520000000E+005    0.200512039720E-001
    0.106020000000E+005    0.202316123512E-001
    0.106520000000E+005    0.204127352702E-001
    0.107020000000E+005    0.205945715055E-001
    0.107520000000E+005    0.207771198351E-001
    0.108020000000E+005    0.209603790378E-001
    0.108520000000E+005    0.211443478934E-001
    0.109020000000E+005    0.213290251830E-001
    0.109520000000E+005    0.215144096886E-001
    0.110020000000E+005    0.217005001934E-001
    0.110520000000E+005    0.218872954814E-001
    0.111020000000E+005    0.220747943379E-001
    0.111520000000E+005    0.222629955493E-001
    0.112020000000E+005    0.224518979030E-001
    0.112520000000E+005    0.226415001873E-001
    0.113020000000E+005    0.228318011919E-001
    0.113520000000E+005    0.230227997073E-001
    0.114020000000E+005    0.232144945252E-001
    0.114520000000E+005    0.234068844383E-001
    0.115020000000E+005    0.235999682405E-001
    0.115520000000E+005    0.237937447267E-001
    0.116020000000E+005    0.239882126929E-001
    0.116520000000E+005    0.241833709360E-001
    0.117020000000E+005    0.243792182543E-001
    0.117520000000E+005    0.245757534470E-001
    0.118020000000E+005    0.247729753144E-001
    0.118520000000E+005    0.249708826577E-001
    0.119020000000E+005    0.251694742796E-001
    0.119520000000E+005    0.253687489836E-001
    0.120020000000E+005    0.255687055742E-001
    0.120520000000E+005    0.257693428572E-001
    0.121020000000E+005    0.259706596394E-001
    0.121520000000E+005    0.261726547287E-001
    0.122020000000E+005    0.263753269341E-001
    0.122520000000E+005    0.265786750656E-001
    0.123020000000E+005    0.267826979344E-001
    0.123520000000E+005    0.269873943527E-001
    0.124020000000E+005    0.271927631339E-001
    0.124520000000E+005    0.273988030924E-001
    0.125020000000E+005    0.276055130438E-001
    0.125520000000E+005    0.278128918045E-001
    0.126020000000E+005    0.280209381924E-001
    0.126520000000E+005    0.282296510263E-001
    0.127020000000E+005    0.284390291261E-001
    0.127520000000E+005    0.286490713127E-001
    0.128020000000E+005    0.288597764082E-001
    0.128520000000E+005    0.290711432359E-001
    0.129020000000E+005    0.292831706201E-001
    0.129520000000E+005    0.294958573861E-001
    0.130020000000E+005    0.297092023604E-001
    0.130520000000E+005    0.299232043707E-001
    0.131020000000E+005    0.301378622456E-001
    0.131520000000E+005    0.303531748150E-001
    0.132020000000E+005    0.305691409097E-001
    0.132520000000E+005    0.307857593618E-001
    0.133020000000E+005    0.310030290043E-001
    0.133520000000E+005    0.312209486715E-001
    0.134020000000E+005    0.314395171988E-001
    0.134520000000E+005    0.316587334225E-001
    0.135020000000E+005    0.318785961803E-001
    0.135520000000E+005    0.320991043107E-001
    0.136020000000E+005    0.323202566535E-001
    0.136520000000E+005    0.325420520496E-001
    0.137020000000E+005    0.327644893410E-001
    0.137520000000E+005    0.329875673707E-001
    0.138020000000E+005    0.332112849831E-001
    0.138520000000E+005    0.334356410233E-001
    0.139020000000E+005    0.336606343378E-001
    0.139520000000E+005    0.338862637743E-001
    0.140020000000E+005    0.341125281812E-001
    0.140520000000E+005    0.343394264085E-001
    0.141020000000E+005    0.345669573069E-001
    0.141520000000E+005    0.347951197286E-001
    0.142020000000E+005    0.350239125265E-001
    0.142520000000E+005    0.352533345550E-001
    0.143020000000E+005    0.354833846695E-001
    0.143520000000E+005    0.357140617263E-001
    0.144020000000E+005    0.359453645831E-001
    0.144520000000E+005    0.361772920986E-001
    0.145020000000E+005    0.364098431326E-001
    0.145520000000E+005    0.366430165461E-001
    0.146020000000E+005    0.368768112012E-001
    0.146520000000E+005    0.371112259610E-001
    0.147020000000E+005    0.373462596898E-001
    0.147520000000E+005    0.375819112532E-001
    0.148020000000E+005    0.378181795176E-001
    0.148520000000E+005    0.380550633508E-001
    0.149020000000E+005    0.382925616215E-001
    0.149520000000E+005    0.385306731997E-001
    0.150020000000E+005    0.387693969564E-001
    0.150520000000E+005    0.390087317639E-001
    0.151020000000E+005    0.392486764953E-001
    0.151520000000E+005    0.394892300252E-001
    0.152020000000E+005    0.397303912291E-001
    0.152520000000E+005    0.399721589838E-001
    0.153020000000E+005    0.402145321669E-001
    0.153520000000E+005    0.404575096574E-001
    0.154020000000E+005    0.407010903354E-001
    0.154520000000E+005    0.409452730822E-001
    0.155020000000E+005    0.411900567799E-001
    0.155520000000E+005    0.414354403121E-001
    0.156020000000E+005    0.416814225633E-001
    0.156520000000E+005    0.419280024192E-001
    0.157020000000E+005    0.421751787667E-001
    0.157520000000E+005    0.424229504938E-001
    0.158020000000E+005    0.426713164894E-001
    0.158520000000E+005    0.429202756439E-001
    0.159020000000E+005    0.431698268487E-001
    0.159520000000E+005    0.434199689961E-001
    0.160020000000E+005    0.436707009798E-001
    0.160520000000E+005    0.439220216945E-001
    0.161020000000E+005    0.441739300362E-001
    0.161520000000E+005    0.444264249018E-001
    0.162020000000E+005    0.446795051894E-001
    0.162520000000E+005    0.449331697985E-001
    0.163020000000E+005    0.451874176292E-001
    0.163520000000E+005    0.454422475833E-001
    0.164020000000E+005    0.456976585633E-001
    0.164520000000E+005    0.459536494731E-001
    0.165020000000E+005    0.462102192176E-001
    0.165520000000E+005    0.464673667028E-001
    0.166020000000E+005    0.467250908360E-001
    0.166520000000E+005    0.469833905255E-001
    0.167020000000E+005    0.472422646808E-001
    0.167520000000E+005    0.475017122125E-001
    0.168020000000E+005    0.477617320322E-001
    0.168520000000E+005    0.480223230529E-001
    0.169020000000E+005    0.482834841887E-001
    0.169520000000E+005    0.485452143545E-001
    0.170020000000E+005    0.488075124667E-001
    0.170520000000E+005    0.490703774428E-001
    0.171020000000E+005    0.493338082011E-001
    0.171520000000E+005    0.495978036615E-001
    0.172020000000E+005    0.498623627447E-001
    0.172520000000E+005    0.501274843727E-001
    0.173020000000E+005    0.503931674685E-001
    0.173520000000E+005    0.506594109564E-001
    0.174020000000E+005    0.509262137617E-001
    0.174520000000E+005    0.511935748108E-001
    0.175020000000E+005    0.514614930315E-001
    0.175520000000E+005    0.517299673524E-001
    0.176020000000E+005    0.519989967035E-001
    0.176520000000E+005    0.522685800157E-001
    0.177020000000E+005    0.525387162212E-001
    0.177520000000E+005    0.528094042534E-001
    0.178020000000E+005    0.530806430466E-001
    0.178520000000E+005    0.533524315363E-001
    0.179020000000E+005    0.536247686594E-001
    0.179520000000E+005    0.538976533536E-001
    0.180020000000E+005    0.541710845578E-001
    0.180520000000E+005    0.544450612123E-001
    0.181020000000E+005    0.547195822581E-001
    0.181520000000E+005    0.549946466377E-001
    0.182020000000E+005    0.552702532946E-001
    0.182520000000E+005    0.555464011733E-001
    0.183020000000E+005    0.558230892198E-001
    0.183520000000E+005    0.561003163808E-001
    0.184020000000E+005    0.563780816044E-001
    0.184520000000E+005    0.566563838398E-001
    0.185020000000E+005    0.569352220373E-001
    0.185520000000E+005    0.572145951484E-001
    0.186020000000E+005    0.574945021255E-001
    0.186520000000E+005    0.577749419224E-001
    0.187020000000E+005    0.580559134939E-001
    0.187520000000E+005    0.583374157960E-001
    0.188020000000E+005    0.586194477858E-001
    0.188520000000E+005    0.589020084216E-001
    0.189020000000E+005    0.591850966626E-001
    0.189520000000E+005    0.594687114695E-001
    0.190020000000E+005    0.597528518038E-001
    0.190520000000E+005    0.600375166283E-001
    0.191020000000E+005    0.603227049068E-001
    0.191520000000E+005    0.606084156045E-001
    0.192020000000E+005    0.608946476875E-001
    0.192520000000E+005    0.611814001230E-001
    0.193020000000E+005    0.614686718795E-001
    0.193520000000E+005    0.617564619265E-001
    0.194020000000E+005    0.620447692347E-001
    0.194520000000E+005    0.623335927760E-001
    0.195020000000E+005    0.626229315232E-001
    0.195520000000E+005    0.629127844504E-001
    0.196020000000E+005    0.632031505329E-001
    0.196520000000E+005    0.634940287470E-001
    0.197020000000E+005    0.637854180700E-001
    0.197520000000E+005    0.640773174807E-001
    0.198020000000E+005    0.643697259587E-001
    0.198520000000E+005    0.646626424849E-001
    0.199020000000E+005    0.649560660412E-001
    0.199520000000E+005    0.652499956108E-001
    0.200020000000E+005    0.655444301778E-001
    0.200520000000E+005    0.658393687276E-001
    0.201020000000E+005    0.661348102467E-001
    0.201520000000E+005    0.664307537228E-001
    0.202020000000E+005    0.667271981445E-001
    0.202520000000E+005    0.670241425016E-001
    0.203020000000E+005    0.673215857853E-001
    0.203520000000E+005    0.676195269876E-001
    0.204020000000E+005    0.679179651017E-001
    0.204520000000E+005    0.682168991220E-001
    0.205020000000E+005    0.685163280439E-001
    0.205520000000E+005    0.688162508642E-001
    0.206020000000E+005    0.691166665804E-001
    0.206520000000E+005    0.694175741915E-001
    0.207020000000E+005    0.697189726975E-001
    0.207520000000E+005    0.700208610994E-001
    0.208020000000E+005    0.703232383995E-001
    0.208520000000E+005    0.706261036010E-001
    0.209020000000E+005    0.709294557086E-001
    0.209520000000E+005    0.712332937277E-001
    0.210020000000E+005    0.715376166651E-001
    0.210520000000E+005    0.718424235285E-001
    0.211020000000E+005    0.721477133270E-001
    0.211520000000E+005    0.724534850706E-001
    0.212020000000E+005    0.727597377705E-001
    0.212520000000E+005    0.730664704390E-001
    0.213020000000E+005    0.733736820895E-001
    0.213520000000E+005    0.736813717366E-001
    0.214020000000E+005    0.739895383958E-001
    0.214520000000E+005    0.742981810841E-001
    0.215020000000E+005    0.746072988192E-001
    0.215520000000E+005    0.749168906202E-001
    0.216020000000E+005    0.752269555073E-001
    0.216520000000E+005    0.755374925015E-001
    0.217020000000E+005    0.758485006254E-001
    0.217520000000E+005    0.761599789023E-001
    0.218020000000E+005    0.764719263569E-001
    0.218520000000E+005    0.767843420148E-001
    0.219020000000E+005    0.770972249028E-001
    0.219520000000E+005    0.774105740489E-001
    0.220020000000E+005    0.777243884822E-001
    0.220520000000E+005    0.780386672326E-001
    0.221020000000E+005    0.783534093316E-001
    0.221520000000E+005    0.786686138114E-001
    0.222020000000E+005    0.789842797055E-001
    0.222520000000E+005    0.793004060486E-001
    0.223020000000E+005    0.796169918763E-001
    0.223520000000E+005    0.799340362254E-001
    0.224020000000E+005    0.802515381339E-001
    0.224520000000E+005    0.805694966407E-001
    0.225020000000E+005    0.808879107860E-001
    0.225520000000E+005    0.812067796110E-001
    0.226020000000E+005    0.815261021580E-001
    0.226520000000E+005    0.818458774706E-001
    0.227020000000E+005    0.821661045932E-001
    0.227520000000E+005    0.824867825715E-001
    0.228020000000E+005    0.828079104523E-001
    0.228520000000E+005    0.831294872834E-001
    0.229020000000E+005    0.834515121139E-001
    0.229520000000E+005    0.837739839936E-001
    0.230020000000E+005    0.840969019740E-001
    0.230520000000E+005    0.844202651071E-001
    0.231020000000E+005    0.847440724464E-001
    0.231520000000E+005    0.850683230464E-001
    0.232020000000E+005    0.853930159626E-001
    0.232520000000E+005    0.857181502518E-001
    0.233020000000E+005    0.860437249716E-001
    0.233520000000E+005    0.863697391810E-001
    0.234020000000E+005    0.866961919399E-001
    0.234520000000E+005    0.870230823094E-001
    0.235020000000E+005    0.873504093516E-001
    0.235520000000E+005    0.876781721299E-001
    0.236020000000E+005    0.880063697085E-001
    0.236520000000E+005    0.883350011529E-001
    0.237020000000E+005    0.886640655297E-001
    0.237520000000E+005    0.889935619065E-001
    0.238020000000E+005    0.893234893520E-001
    0.238520000000E+005    0.896538469361E-001
    0.239020000000E+005    0.899846337296E-001
    0.239520000000E+005    0.903158488046E-001
    0.240020000000E+005    0.906474912341E-001
    0.240520000000E+005    0.909795600925E-001
    0.241020000000E+005    0.913120544548E-001
    0.241520000000E+005    0.916449733976E-001
    0.242020000000E+005    0.919783159982E-001
    0.242520000000E+005    0.923120813352E-001
    0.243020000000E+005    0.926462684882E-001
    0.243520000000E+005    0.929808765380E-001
    0.244020000000E+005    0.933159045663E-001
    0.244520000000E+005    0.936513516560E-001
    0.245020000000E+005    0.939872168912E-001
    0.245520000000E+005    0.943234993568E-001
    0.246020000000E+005    0.946601981390E-001
    0.246520000000E+005    0.949973123250E-001
    0.247020000000E+005    0.953348410032E-001
    0.247520000000E+005    0.956727832629E-001
    0.248020000000E+005    0.960111381946E-001
    0.248520000000E+005    0.963499048898E-001
    0.249020000000E+005    0.966890824411E-001
    0.249520000000E+005    0.970286699424E-001
    0.250020000000E+005    0.973686664882E-001
    0.250520000000E+005    0.977090711746E-001
    0.251020000000E+005    0.980498830985E-001
    0.251520000000E+005    0.983911013578E-001
    0.252020000000E+005    0.987327250518E-001
    0.252520000000E+005    0.990747532804E-001
    0.253020000000E+005    0.994171851450E-001
    0.253520000000E+005    0.997600197479E-001
    0.254020000000E+005    0.100103256193E+000
    0.254520000000E+005    0.100446893583E+000
    0.255020000000E+005    0.100790931026E+000
    0.255520000000E+005    0.101135367626E+000
    0.256020000000E+005    0.101480202493E+000
    0.256520000000E+005    0.101825434735E+000
    0.257020000000E+005    0.102171063461E+000
    0.257520000000E+005    0.102517087782E+000
    0.258020000000E+005    0.102863506811E+000
    0.258520000000E+005    0.103210319660E+000
    0.259020000000E+005    0.103557525443E+000
    0.259520000000E+005    0.103905123276E+000
    0.260020000000E+005    0.104253112276E+000
    0.260520000000E+005    0.104601491558E+000
    0.261020000000E+005    0.104950260241E+000
    0.261520000000E+005    0.105299417446E+000
    0.262020000000E+005    0.105648962292E+000
    0.262520000000E+005    0.105998893900E+000
    0.263020000000E+005    0.106349211395E+000
    0.263520000000E+005    0.106699913898E+000
    0.264020000000E+005    0.107051000535E+000
    0.264520000000E+005    0.107402470432E+000
    0.265020000000E+005    0.107754322715E+000
    0.265520000000E+005    0.108106556513E+000
    0.266020000000E+005    0.108459170953E+000
    0.266520000000E+005    0.108812165168E+000
    0.267020000000E+005    0.109165538286E+000
    0.267520000000E+005    0.109519289441E+000
    0.268020000000E+005    0.109873417765E+000
    0.268520000000E+005    0.110227922394E+000
    0.269020000000E+005    0.110582802461E+000
    0.269520000000E+005    0.110938057104E+000
    0.270020000000E+005    0.111293685460E+000
    0.270520000000E+005    0.111649686667E+000
    0.271020000000E+005    0.112006059864E+000
    0.271520000000E+005    0.112362804193E+000
    0.272020000000E+005    0.112719918795E+000
    0.272520000000E+005    0.113077402812E+000
    0.273020000000E+005    0.113435255388E+000
    0.273520000000E+005    0.113793475668E+000
    0.274020000000E+005    0.114152062798E+000
    0.274520000000E+005    0.114511015924E+000
    0.275020000000E+005    0.114870334194E+000
    0.275520000000E+005    0.115230016757E+000
    0.276020000000E+005    0.115590062763E+000
    0.276520000000E+005    0.115950471364E+000
    0.277020000000E+005    0.116311241710E+000
    0.277520000000E+005    0.116672372955E+000
    0.278020000000E+005    0.117033864254E+000
    0.278520000000E+005    0.117395714761E+000
    0.279020000000E+005    0.117757923632E+000
    0.279520000000E+005    0.118120490025E+000
    0.280020000000E+005    0.118483413098E+000
    0.280520000000E+005    0.118846692010E+000
    0.281020000000E+005    0.119210325922E+000
    0.281520000000E+005    0.119574313994E+000
    0.282020000000E+005    0.119938655390E+000
    0.282520000000E+005    0.120303349272E+000
    0.283020000000E+005    0.120668394806E+000
    0.283520000000E+005    0.121033791156E+000
    0.284020000000E+005    0.121399537489E+000
    0.284520000000E+005    0.121765632973E+000
    0.285020000000E+005    0.122132076777E+000
    0.285520000000E+005    0.122498868069E+000
    0.286020000000E+005    0.122866006020E+000
    0.286520000000E+005    0.123233489803E+000
    0.287020000000E+005    0.123601318589E+000
    0.287520000000E+005    0.123969491553E+000
    0.288020000000E+005    0.124338007869E+000
    0.288520000000E+005    0.124706866713E+000
    0.289020000000E+005    0.125076067261E+000
    0.289520000000E+005    0.125445608692E+000
    0.290020000000E+005    0.125815490185E+000
    0.290520000000E+005    0.126185710919E+000
    0.291020000000E+005    0.126556270074E+000
    0.291520000000E+005    0.126927166834E+000
    0.292020000000E+005    0.127298400381E+000
    0.292520000000E+005    0.127669969898E+000
    0.293020000000E+005    0.128041874571E+000
    0.293520000000E+005    0.128414113585E+000
    0.294020000000E+005    0.128786686128E+000
    0.294520000000E+005    0.129159591387E+000
    0.295020000000E+005    0.129532828552E+000
    0.295520000000E+005    0.129906396813E+000
    0.296020000000E+005    0.130280295360E+000
    0.296520000000E+005    0.130654523385E+000
    0.297020000000E+005    0.131029080082E+000
    0.297520000000E+005    0.131403964645E+000
    0.298020000000E+005    0.131779176268E+000
    0.298520000000E+005    0.132154714149E+000
    0.299020000000E+005    0.132530577482E+000
    0.299520000000E+005    0.132906765468E+000
    0.300020000000E+005    0.133283277305E+000
    0.300520000000E+005    0.133660112193E+000
    0.301020000000E+005    0.134037269333E+000
    0.301520000000E+005    0.134414747927E+000
    0.302020000000E+005    0.134792547178E+000
    0.302520000000E+005    0.135170666291E+000
    0.303020000000E+005    0.135549104470E+000
    0.303520000000E+005    0.135927860922E+000
    0.304020000000E+005    0.136306934854E+000
    0.304520000000E+005    0.136686325473E+000
    0.305020000000E+005    0.137066031990E+000
    0.305520000000E+005    0.137446053613E+000
    0.306020000000E+005    0.137826389554E+000
    0.306520000000E+005    0.138207039026E+000
    0.307020000000E+005    0.138588001241E+000
    0.307520000000E+005    0.138969275413E+000
    0.308020000000E+005    0.139350860757E+000
    0.308520000000E+005    0.139732756490E+000
    0.309020000000E+005    0.140114961828E+000
    0.309520000000E+005    0.140497475990E+000
    0.310020000000E+005    0.140880298194E+000
    0.310520000000E+005    0.141263427661E+000
    0.311020000000E+005    0.141646863611E+000
    0.311520000000E+005    0.142030605267E+000
    0.312020000000E+005    0.142414651852E+000
    0.312520000000E+005    0.142799002588E+000
    0.313020000000E+005    0.143183656703E+000
    0.313520000000E+005    0.143568613420E+000
    0.314020000000E+005    0.143953871968E+000
    0.314520000000E+005    0.144339431574E+000
    0.315020000000E+005    0.144725291468E+000
    0.315520000000E+005    0.145111450878E+000
    0.316020000000E+005    0.145497909035E+000
    0.316520000000E+005    0.145884665173E+000
    0.317020000000E+005    0.146271718522E+000
    0.317520000000E+005    0.146659068318E+000
    0.318020000000E+005    0.147046713795E+000
    0.318520000000E+005    0.147434654189E+000
    0.319020000000E+005    0.147822888735E+000
    0.319520000000E+005    0.148211416673E+000
    0.320020000000E+005    0.148600237241E+000
    0.320520000000E+005    0.148989349677E+000
    0.321020000000E+005    0.149378753224E+000
    0.321520000000E+005    0.149768447122E+000
    0.322020000000E+005    0.150158430614E+000
    0.322520000000E+005    0.150548702944E+000
    0.323020000000E+005    0.150939263355E+000
    0.323520000000E+005    0.151330111094E+000
    0.324020000000E+005    0.151721245407E+000
    0.324520000000E+005    0.152112665541E+000
    0.325020000000E+005    0.152504370745E+000
    0.325520000000E+005    0.152896360267E+000
    0.326020000000E+005    0.153288633359E+000
    0.326520000000E+005    0.153681189271E+000
    0.327020000000E+005    0.154074027255E+000
    0.327520000000E+005    0.154467146565E+000
    0.328020000000E+005    0.154860546455E+000
    0.328520000000E+005    0.155254226180E+000
    0.329020000000E+005    0.155648184996E+000
    0.329520000000E+005    0.156042422160E+000
    0.330020000000E+005    0.156436936930E+000
    0.330520000000E+005    0.156831728564E+000
    0.331020000000E+005    0.157226796324E+000
    0.331520000000E+005    0.157622139468E+000
    0.332020000000E+005    0.158017757260E+000
    0.332520000000E+005    0.158413648962E+000
    0.333020000000E+005    0.158809813838E+000
    0.333520000000E+005    0.159206251152E+000
    0.334020000000E+005    0.159602960170E+000
    0.334520000000E+005    0.159999940158E+000
    0.335020000000E+005    0.160397190384E+000
    0.335520000000E+005    0.160794710116E+000
    0.336020000000E+005    0.161192498624E+000
    0.336520000000E+005    0.161590555178E+000
    0.337020000000E+005    0.161988879049E+000
    0.337520000000E+005    0.162387469510E+000
    0.338020000000E+005    0.162786325833E+000
    0.338520000000E+005    0.163185447293E+000
    0.339020000000E+005    0.163584833165E+000
    0.339520000000E+005    0.163984482724E+000
    0.340020000000E+005    0.164384395249E+000
    0.340520000000E+005    0.164784570015E+000
    0.341020000000E+005    0.165185006303E+000
    0.341520000000E+005    0.165585703392E+000
    0.342020000000E+005    0.165986660563E+000
    0.342520000000E+005    0.166387877097E+000
    0.343020000000E+005    0.166789352277E+000
    0.343520000000E+005    0.167191085386E+000
    0.344020000000E+005    0.167593075709E+000
    0.344520000000E+005    0.167995322531E+000
    0.345020000000E+005    0.168397825138E+000
    0.345520000000E+005    0.168800582818E+000
    0.346020000000E+005    0.169203594859E+000
    0.346520000000E+005    0.169606860550E+000
    0.347020000000E+005    0.170010379180E+000
    0.347520000000E+005    0.170414150042E+000
    0.348020000000E+005    0.170818172425E+000
    0.348520000000E+005    0.171222445625E+000
    0.349020000000E+005    0.171626968933E+000
    0.349520000000E+005    0.172031741645E+000
    0.350020000000E+005    0.172436763056E+000
    0.350520000000E+005    0.172842032464E+000
    0.351020000000E+005    0.173247549164E+000
    0.351520000000E+005    0.173653312456E+000
    0.352020000000E+005    0.174059321638E+000
    0.352520000000E+005    0.174465576011E+000
    0.353020000000E+005    0.174872074877E+000
    0.353520000000E+005    0.175278817536E+000
    0.354020000000E+005    0.175685803292E+000
    0.354520000000E+005    0.176093031449E+000
    0.355020000000E+005    0.176500501312E+000
    0.355520000000E+005    0.176908212185E+000
    0.356020000000E+005    0.177316163377E+000
    0.356520000000E+005    0.177724354193E+000
    0.357020000000E+005    0.178132783943E+000
    0.357520000000E+005    0.178541451937E+000
    0.358020000000E+005    0.178950357483E+000
    0.358520000000E+005    0.179359499893E+000
    0.359020000000E+005    0.179768878480E+000
    0.359520000000E+005    0.180178492557E+000
    0.360020000000E+005    0.180588341436E+000
    0.360520000000E+005    0.180998424433E+000
    0.361020000000E+005    0.181408740864E+000
    0.361520000000E+005    0.181819290045E+000
    0.362020000000E+005    0.182230071294E+000
    0.362520000000E+005    0.182641083928E+000
    0.363020000000E+005    0.183052327268E+000
    0.363520000000E+005    0.183463800634E+000
    0.364020000000E+005    0.183875503346E+000
    0.364520000000E+005    0.184287434727E+000
    0.365020000000E+005    0.184699594099E+000
    0.365520000000E+005    0.185111980786E+000
    0.366020000000E+005    0.185524594114E+000
    0.366520000000E+005    0.185937433406E+000
    0.367020000000E+005    0.186350497991E+000
    0.367520000000E+005    0.186763787195E+000
    0.368020000000E+005    0.187177300347E+000
    0.368520000000E+005    0.187591036775E+000
    0.369020000000E+005    0.188004995811E+000
    0.369520000000E+005    0.188419176784E+000
    0.370020000000E+005    0.188833579026E+000
    0.370520000000E+005    0.189248201871E+000
    0.371020000000E+005    0.189663044652E+000
    0.371520000000E+005    0.190078106703E+000
    0.372020000000E+005    0.190493387360E+000
    0.372520000000E+005    0.190908885958E+000
    0.373020000000E+005    0.191324601837E+000
    0.373520000000E+005    0.191740534332E+000
    0.374020000000E+005    0.192156682783E+000
    0.374520000000E+005    0.192573046531E+000
    0.375020000000E+005    0.192989624915E+000
    0.375520000000E+005    0.193406417277E+000
    0.376020000000E+005    0.193823422960E+000
    0.376520000000E+005    0.194240641306E+000
    0.377020000000E+005    0.194658071661E+000
    0.377520000000E+005    0.195075713370E+000
    0.378020000000E+005    0.195493565777E+000
    0.378520000000E+005    0.195911628231E+000
    0.379020000000E+005    0.196329900078E+000
    0.379520000000E+005    0.196748380668E+000
    0.380020000000E+005    0.197167069349E+000
    0.380520000000E+005    0.197585965473E+000
    0.381020000000E+005    0.198005068390E+000
    0.381520000000E+005    0.198424377452E+000
    0.382020000000E+005    0.198843892013E+000
    0.382520000000E+005    0.199263611426E+000
    0.383020000000E+005    0.199683535046E+000
    0.383520000000E+005    0.200103662229E+000
    0.384020000000E+005    0.200523992330E+000
    0.384520000000E+005    0.200944524708E+000
    0.385020000000E+005    0.201365258719E+000
    0.385520000000E+005    0.201786193724E+000
    0.386020000000E+005    0.202207329083E+000
    0.386520000000E+005    0.202628664155E+000
    0.387020000000E+005    0.203050198303E+000
    0.387520000000E+005    0.203471930888E+000
    0.388020000000E+005    0.203893861276E+000
    0.388520000000E+005    0.204315988828E+000
    0.389020000000E+005    0.204738312912E+000
    0.389520000000E+005    0.205160832891E+000
    0.390020000000E+005    0.205583548135E+000
    0.390520000000E+005    0.206006458008E+000
    0.391020000000E+005    0.206429561882E+000
    0.391520000000E+005    0.206852859124E+000
    0.392020000000E+005    0.207276349104E+000
    0.392520000000E+005    0.207700031195E+000
    0.393020000000E+005    0.208123904767E+000
    0.393520000000E+005    0.208547969194E+000
    0.394020000000E+005    0.208972223849E+000
    0.394520000000E+005    0.209396668107E+000
    0.395020000000E+005    0.209821301342E+000
    0.395520000000E+005    0.210246122932E+000
    0.396020000000E+005    0.210671132252E+000
    0.396520000000E+005    0.211096328681E+000
    0.397020000000E+005    0.211521711598E+000
    0.397520000000E+005    0.211947280381E+000
    0.398020000000E+005    0.212373034412E+000
    0.398520000000E+005    0.212798973071E+000
    0.399020000000E+005    0.213225095741E+000
    0.399520000000E+005    0.213651401804E+000
    0.400020000000E+005    0.214077890645E+000
    0.400520000000E+005    0.214504561647E+000
    0.401020000000E+005    0.214931414196E+000
    0.401520000000E+005    0.215358447679E+000
    0.402020000000E+005    0.215785661482E+000
    0.402520000000E+005    0.216213054994E+000
    0.403020000000E+005    0.216640627603E+000
    0.403520000000E+005    0.217068378698E+000
    0.404020000000E+005    0.217496307671E+000
    0.404520000000E+005    0.217924413912E+000
    0.405020000000E+005    0.218352696813E+000
    0.405520000000E+005    0.218781155769E+000
    0.406020000000E+005    0.219209790171E+000
    0.406520000000E+005    0.219638599415E+000
    0.407020000000E+005    0.220067582896E+000
    0.407520000000E+005    0.220496740010E+000
    0.408020000000E+005    0.220926070155E+000
    0.408520000000E+005    0.221355572729E+000
    0.409020000000E+005    0.221785247129E+000
    0.409520000000E+005    0.222215092756E+000
    0.410020000000E+005    0.222645109010E+000
    0.410520000000E+005    0.223075295292E+000
    0.411020000000E+005    0.223505651005E+000
    0.411520000000E+005    0.223936175550E+000
    0.412020000000E+005    0.224366868332E+000
    0.412520000000E+005    0.224797728755E+000
    0.413020000000E+005    0.225228756225E+000
    0.413520000000E+005    0.225659950147E+000
    0.414020000000E+005    0.226091309928E+000
    0.414520000000E+005    0.226522834977E+000
    0.415020000000E+005    0.226954524701E+000
    0.415520000000E+005    0.227386378511E+000
    0.416020000000E+005    0.227818395816E+000
    0.416520000000E+005    0.228250576027E+000
    0.417020000000E+005    0.228682918556E+000
    0.417520000000E+005    0.229115422817E+000
    0.418020000000E+005    0.229548088221E+000
    0.418520000000E+005    0.229980914184E+000
    0.419020000000E+005    0.230413900120E+000
    0.419520000000E+005    0.230847045445E+000
    0.420020000000E+005    0.231280349577E+000
    0.420520000000E+005    0.231713811932E+000
    0.421020000000E+005    0.232147431929E+000
    0.421520000000E+005    0.232581208987E+000
    0.422020000000E+005    0.233015142525E+000
    0.422520000000E+005    0.233449231965E+000
    0.423020000000E+005    0.233883476728E+000
    0.423520000000E+005    0.234317876237E+000
    0.424020000000E+005    0.234752429913E+000
    0.424520000000E+005    0.235187137182E+000
    0.425020000000E+005    0.235621997468E+000
    0.425520000000E+005    0.236057010196E+000
    0.426020000000E+005    0.236492174794E+000
    0.426520000000E+005    0.236927490687E+000
    0.427020000000E+005    0.237362957303E+000
    0.427520000000E+005    0.237798574073E+000
    0.428020000000E+005    0.238234340424E+000
    0.428520000000E+005    0.238670255787E+000
    0.429020000000E+005    0.239106319594E+000
    0.429520000000E+005    0.239542531276E+000
    0.430020000000E+005    0.239978890265E+000
    0.430520000000E+005    0.240415395996E+000
    0.431020000000E+005    0.240852047903E+000
    0.431520000000E+005    0.241288845419E+000
    0.432020000000E+005    0.241725787983E+000
    0.432520000000E+005    0.242162875029E+000
    0.433020000000E+005    0.242600105995E+000
    0.433520000000E+005    0.243037480320E+000
    0.434020000000E+005    0.243474997442E+000
    0.434520000000E+005    0.243912656801E+000
    0.435020000000E+005    0.244350457838E+000
    0.435520000000E+005    0.244788399994E+000
    0.436020000000E+005    0.245226482711E+000
    0.436520000000E+005    0.245664705432E+000
    0.437020000000E+005    0.246103067600E+000
    0.437520000000E+005    0.246541568661E+000
    0.438020000000E+005    0.246980208058E+000
    0.438520000000E+005    0.247418985239E+000
    0.439020000000E+005    0.247857899650E+000
    0.439520000000E+005    0.248296950738E+000
    0.440020000000E+005    0.248736137952E+000
    0.440520000000E+005    0.249175460741E+000
    0.441020000000E+005    0.249614918554E+000
    0.441520000000E+005    0.250054510843E+000
    0.442020000000E+005    0.250494237059E+000
    0.442520000000E+005    0.250934096653E+000
    0.443020000000E+005    0.251374089079E+000
    0.443520000000E+005    0.251814213791E+000
    0.444020000000E+005    0.252254470243E+000
    0.444520000000E+005    0.252694857891E+000
    0.445020000000E+005    0.253135376189E+000
    0.445520000000E+005    0.253576024596E+000
    0.446020000000E+005    0.254016802568E+000
    0.446520000000E+005    0.254457709565E+000
    0.447020000000E+005    0.254898745044E+000
    0.447520000000E+005    0.255339908466E+000
    0.448020000000E+005    0.255781199292E+000
    0.448520000000E+005    0.256222616983E+000
    0.449020000000E+005    0.256664161000E+000
    0.449520000000E+005    0.257105830808E+000
    0.450020000000E+005    0.257547625869E+000
    0.450520000000E+005    0.257989545648E+000
    0.451020000000E+005    0.258431589610E+000
    0.451520000000E+005    0.258873757221E+000
    0.452020000000E+005    0.259316047947E+000
    0.452520000000E+005    0.259758461257E+000
    0.453020000000E+005    0.260200996618E+000
    0.453520000000E+005    0.260643653499E+000
    0.454020000000E+005    0.261086431370E+000
    0.454520000000E+005    0.261529329702E+000
    0.455020000000E+005    0.261972347965E+000
    0.455520000000E+005    0.262415485631E+000
    0.456020000000E+005    0.262858742174E+000
    0.456520000000E+005    0.263302117067E+000
    0.457020000000E+005    0.263745609783E+000
    0.457520000000E+005    0.264189219798E+000
    0.458020000000E+005    0.264632946587E+000
    0.458520000000E+005    0.265076789627E+000
    0.459020000000E+005    0.265520748396E+000
    0.459520000000E+005    0.265964822370E+000
    0.460020000000E+005    0.266409011029E+000
    0.460520000000E+005    0.266853313852E+000
    0.461020000000E+005    0.267297730319E+000
    0.461520000000E+005    0.267742259912E+000
    0.462020000000E+005    0.268186902111E+000
    0.462520000000E+005    0.268631656399E+000
    0.463020000000E+005    0.269076522259E+000
    0.463520000000E+005    0.269521499175E+000
    0.464020000000E+005    0.269966586632E+000
    0.464520000000E+005    0.270411784115E+000
    0.465020000000E+005    0.270857091110E+000
    0.465520000000E+005    0.271302507104E+000
    0.466020000000E+005    0.271748031584E+000
    0.466520000000E+005    0.272193664039E+000
    0.467020000000E+005    0.272639403957E+000
    0.467520000000E+005    0.273085250828E+000
    0.468020000000E+005    0.273531204143E+000
    0.468520000000E+005    0.273977263394E+000
    0.469020000000E+005    0.274423428071E+000
    0.469520000000E+005    0.274869697667E+000
    0.470020000000E+005    0.275316071676E+000
    0.470520000000E+005    0.275762549593E+000
    0.471020000000E+005    0.276209130911E+000
    0.471520000000E+005    0.276655815126E+000
    0.472020000000E+005    0.277102601735E+000
    0.472520000000E+005    0.277549490235E+000
    0.473020000000E+005    0.277996480122E+000
    0.473520000000E+005    0.278443570897E+000
    0.474020000000E+005    0.278890762058E+000
    0.474520000000E+005    0.279338053104E+000
    0.475020000000E+005    0.279785443537E+000
    0.475520000000E+005    0.280232932857E+000
    0.476020000000E+005    0.280680520567E+000
    0.476520000000E+005    0.281128206170E+000
    0.477020000000E+005    0.281575989169E+000
    0.477520000000E+005    0.282023869068E+000
    0.478020000000E+005    0.282471845372E+000
    0.478520000000E+005    0.282919917587E+000
    0.479020000000E+005    0.283368085219E+000
    0.479520000000E+005    0.283816347775E+000
    0.480020000000E+005    0.284264704763E+000
    0.480520000000E+005    0.284713155691E+000
    0.481020000000E+005    0.285161700069E+000
    0.481520000000E+005    0.285610337407E+000
    0.482020000000E+005    0.286059067214E+000
    0.482520000000E+005    0.286507889003E+000
    0.483020000000E+005    0.286956802285E+000
    0.483520000000E+005    0.287405806574E+000
    0.484020000000E+005    0.287854901382E+000
    0.484520000000E+005    0.288304086223E+000
    0.485020000000E+005    0.288753360614E+000
    0.485520000000E+005    0.289202724068E+000
    0.486020000000E+005    0.289652176103E+000
    0.486520000000E+005    0.290101716235E+000
    0.487020000000E+005    0.290551343982E+000
    0.487520000000E+005    0.291001058862E+000
    0.488020000000E+005    0.291450860395E+000
    0.488520000000E+005    0.291900748100E+000
    0.489020000000E+005    0.292350721498E+000
    0.489520000000E+005    0.292800780109E+000
    0.490020000000E+005    0.293250923456E+000
    0.490520000000E+005    0.293701151061E+000
    0.491020000000E+005    0.294151462448E+000
    0.491520000000E+005    0.294601857140E+000
    0.492020000000E+005    0.295052334662E+000
    0.492520000000E+005    0.295502894539E+000
    0.493020000000E+005    0.295953536298E+000
    0.493520000000E+005    0.296404259464E+000
    0.494020000000E+005    0.296855063567E+000
    0.494520000000E+005    0.297305948132E+000
    0.495020000000E+005    0.297756912690E+000
    0.495520000000E+005    0.298207956770E+000
    0.496020000000E+005    0.298659079902E+000
    0.496520000000E+005    0.299110281617E+000
    0.497020000000E+005    0.299561561446E+000
    0.497520000000E+005    0.300012918922E+000
    0.498020000000E+005    0.300464353577E+000
    0.498520000000E+005    0.300915864945E+000
    0.499020000000E+005    0.301367452561E+000
    0.499520000000E+005    0.301819115959E+000
    0.500020000000E+005    0.302270854675E+000
    0.500520000000E+005    0.302722668245E+000
    0.501020000000E+005    0.303174556207E+000
    0.501520000000E+005    0.303626518097E+000
    0.502020000000E+005    0.304078553455E+000
    0.502520000000E+005    0.304530661819E+000
    0.503020000000E+005    0.304982842729E+000
    0.503520000000E+005    0.305435095726E+000
    0.504020000000E+005    0.305887420350E+000
    0.504520000000E+005    0.306339816144E+000
    0.505020000000E+005    0.306792282649E+000
    0.505520000000E+005    0.307244819409E+000
    0.506020000000E+005    0.307697425968E+000
    0.506520000000E+005    0.308150101870E+000
    0.507020000000E+005    0.308602846660E+000
    0.507520000000E+005    0.309055659883E+000
    0.508020000000E+005    0.309508541088E+000
    0.508520000000E+005    0.309961489819E+000
    0.509020000000E+005    0.310414505626E+000
    0.509520000000E+005    0.310867588057E+000
    0.510020000000E+005    0.311320736661E+000
    0.510520000000E+005    0.311773950987E+000
    0.511020000000E+005    0.312227230587E+000
    0.511520000000E+005    0.312680575010E+000
    0.512020000000E+005    0.313133983810E+000
    0.512520000000E+005    0.313587456538E+000
    0.513020000000E+005    0.314040992748E+000
    0.513520000000E+005    0.314494591994E+000
    0.514020000000E+005    0.314948253829E+000
    0.514520000000E+005    0.315401977809E+000
    0.515020000000E+005    0.315855763490E+000
    0.515520000000E+005    0.316309610428E+000
    0.516020000000E+005    0.316763518181E+000
    0.516520000000E+005    0.317217486305E+000
    0.517020000000E+005    0.317671514360E+000
    0.517520000000E+005    0.318125601904E+000
    0.518020000000E+005    0.318579748497E+000
    0.518520000000E+005    0.319033953700E+000
    0.519020000000E+005    0.319488217073E+000
    0.519520000000E+005    0.319942538178E+000
    0.520020000000E+005    0.320396916578E+000
    0.520520000000E+005    0.320851351836E+000
    0.521020000000E+005    0.321305843514E+000
    0.521520000000E+005    0.321760391178E+000
    0.522020000000E+005    0.322214994392E+000
    0.522520000000E+005    0.322669652722E+000
    0.523020000000E+005    0.323124365734E+000
    0.523520000000E+005    0.323579132995E+000
    0.524020000000E+005    0.324033954073E+000
    0.524520000000E+005    0.324488828535E+000
    0.525020000000E+005    0.324943755951E+000
    0.525520000000E+005    0.325398735890E+000
    0.526020000000E+005    0.325853767922E+000
    0.526520000000E+005    0.326308851618E+000
    0.527020000000E+005    0.326763986548E+000
    0.527520000000E+005    0.327219172286E+000
    0.528020000000E+005    0.327674408404E+000
    0.528520000000E+005    0.328129694475E+000
    0.529020000000E+005    0.328585030074E+000
    0.529520000000E+005    0.329040414774E+000
    0.530020000000E+005    0.329495848151E+000
    0.530520000000E+005    0.329951329780E+000
    0.531020000000E+005    0.330406859240E+000
    0.531520000000E+005    0.330862436105E+000
    0.532020000000E+005    0.331318059955E+000
    0.532520000000E+005    0.331773730368E+000
    0.533020000000E+005    0.332229446922E+000
    0.533520000000E+005    0.332685209198E+000
    0.534020000000E+005    0.333141016775E+000
    0.534520000000E+005    0.333596869235E+000
    0.535020000000E+005    0.334052766159E+000
    0.535520000000E+005    0.334508707130E+000
    0.536020000000E+005    0.334964691730E+000
    0.536520000000E+005    0.335420719542E+000
    0.537020000000E+005    0.335876790152E+000
    0.537520000000E+005    0.336332903143E+000
    0.538020000000E+005    0.336789058101E+000
    0.538520000000E+005    0.337245254612E+000
    0.539020000000E+005    0.337701492262E+000
    0.539520000000E+005    0.338157770639E+000
    0.540020000000E+005    0.338614089330E+000
    0.540520000000E+005    0.339070447925E+000
    0.541020000000E+005    0.339526846011E+000
    0.541520000000E+005    0.339983283180E+000
    0.542020000000E+005    0.340439759021E+000
    0.542520000000E+005    0.340896273124E+000
    0.543020000000E+005    0.341352825083E+000
    0.543520000000E+005    0.341809414488E+000
    0.544020000000E+005    0.342266040934E+000
    0.544520000000E+005    0.342722704012E+000
    0.545020000000E+005    0.343179403318E+000
    0.545520000000E+005    0.343636138445E+000
    0.546020000000E+005    0.344092908990E+000
    0.546520000000E+005    0.344549714547E+000
    0.547020000000E+005    0.345006554715E+000
    0.547520000000E+005    0.345463429089E+000
    0.548020000000E+005    0.345920337268E+000
    0.548520000000E+005    0.346377278849E+000
    0.549020000000E+005    0.346834253432E+000
    0.549520000000E+005    0.347291260617E+000
    0.550020000000E+005    0.347748300003E+000
    0.550520000000E+005    0.348205371192E+000
    0.551020000000E+005    0.348662473784E+000
    0.551520000000E+005    0.349119607383E+000
    0.552020000000E+005    0.349576771589E+000
    0.552520000000E+005    0.350033966008E+000
    0.553020000000E+005    0.350491190241E+000
    0.553520000000E+005    0.350948443895E+000
    0.554020000000E+005    0.351405726574E+000
    0.554520000000E+005    0.351863037884E+000
    0.555020000000E+005    0.352320377430E+000
    0.555520000000E+005    0.352777744820E+000
    0.556020000000E+005    0.353235139661E+000
    0.556520000000E+005    0.353692561562E+000
    0.557020000000E+005    0.354150010131E+000
    0.557520000000E+005    0.354607484976E+000
    0.558020000000E+005    0.355064985709E+000
    0.558520000000E+005    0.355522511940E+000
    0.559020000000E+005    0.355980063279E+000
    0.559520000000E+005    0.356437639338E+000
    0.560020000000E+005    0.356895239730E+000
    0.560520000000E+005    0.357352864067E+000
    0.561020000000E+005    0.357810511963E+000
    0.561520000000E+005    0.358268183032E+000
    0.562020000000E+005    0.358725876888E+000
    0.562520000000E+005    0.359183593147E+000
    0.563020000000E+005    0.359641331425E+000
    0.563520000000E+005    0.360099091337E+000
    0.564020000000E+005    0.360556872502E+000
    0.564520000000E+005    0.361014674536E+000
    0.565020000000E+005    0.361472497057E+000
    0.565520000000E+005    0.361930339686E+000
    0.566020000000E+005    0.362388202040E+000
    0.566520000000E+005    0.362846083740E+000
    0.567020000000E+005    0.363303984406E+000
    0.567520000000E+005    0.363761903660E+000
    0.568020000000E+005    0.364219841122E+000
    0.568520000000E+005    0.364677796417E+000
    0.569020000000E+005    0.365135769166E+000
    0.569520000000E+005    0.365593758992E+000
    0.570020000000E+005    0.366051765521E+000
    0.570520000000E+005    0.366509788375E+000
    0.571020000000E+005    0.366967827182E+000
    0.571520000000E+005    0.367425881566E+000
    0.572020000000E+005    0.367883951154E+000
    0.572520000000E+005    0.368342035573E+000
    0.573020000000E+005    0.368800134450E+000
    0.573520000000E+005    0.369258247414E+000
    0.574020000000E+005    0.369716374093E+000
    0.574520000000E+005    0.370174514116E+000
    0.575020000000E+005    0.370632667113E+000
    0.575520000000E+005    0.371090832716E+000
    0.576020000000E+005    0.371549010553E+000
    0.576520000000E+005    0.372007200259E+000
    0.577020000000E+005    0.372465401463E+000
    0.577520000000E+005    0.372923613800E+000
    0.578020000000E+005    0.373381836902E+000
    0.578520000000E+005    0.373840070403E+000
    0.579020000000E+005    0.374298313938E+000
    0.579520000000E+005    0.374756567141E+000
    0.580020000000E+005    0.375214829649E+000
    0.580520000000E+005    0.375673101097E+000
    0.581020000000E+005    0.376131381123E+000
    0.581520000000E+005    0.376589669363E+000
    0.582020000000E+005    0.377047965455E+000
    0.582520000000E+005    0.377506269037E+000
    0.583020000000E+005    0.377964579749E+000
    0.583520000000E+005    0.378422897231E+000
    0.584020000000E+005    0.378881221122E+000
    0.584520000000E+005    0.379339551062E+000
    0.585020000000E+005    0.379797886694E+000
    0.585520000000E+005    0.380256227659E+000
    0.586020000000E+005    0.380714573599E+000
    0.586520000000E+005    0.381172924157E+000
    0.587020000000E+005    0.381631278978E+000
    0.587520000000E+005    0.382089637704E+000
    0.588020000000E+005    0.382547999980E+000
    0.588520000000E+005    0.383006365452E+000
    0.589020000000E+005    0.383464733765E+000
    0.589520000000E+005    0.383923104566E+000
    0.590020000000E+005    0.384381477501E+000
    0.590520000000E+005    0.384839852218E+000
    0.591020000000E+005    0.385298228365E+000
    0.591520000000E+005    0.385756605590E+000
    0.592020000000E+005    0.386214983542E+000
    0.592520000000E+005    0.386673361871E+000
    0.593020000000E+005    0.387131740227E+000
    0.593520000000E+005    0.387590118261E+000
    0.594020000000E+005    0.388048495624E+000
    0.594520000000E+005    0.388506871968E+000
    0.595020000000E+005    0.388965246945E+000
    0.595520000000E+005    0.389423620209E+000
    0.596020000000E+005    0.389881991412E+000
    0.596520000000E+005    0.390340360208E+000
    0.597020000000E+005    0.390798726253E+000
    0.597520000000E+005    0.391257089201E+000
    0.598020000000E+005    0.391715448708E+000
    0.598520000000E+005    0.392173804431E+000
    0.599020000000E+005    0.392632156025E+000
    0.599520000000E+005    0.393090503148E+000
    0.600020000000E+005    0.393548845459E+000
    0.600520000000E+005    0.394007182615E+000
    0.601020000000E+005    0.394465514275E+000
    0.601520000000E+005    0.394923840100E+000
    0.602020000000E+005    0.395382159748E+000
    0.602520000000E+005    0.395840472880E+000
    0.603020000000E+005    0.396298779158E+000
    0.603520000000E+005    0.396757078244E+000
    0.604020000000E+005    0.397215369798E+000
    0.604520000000E+005    0.397673653485E+000
    0.605020000000E+005    0.398131928967E+000
    0.605520000000E+005    0.398590195908E+000
    0.606020000000E+005    0.399048453972E+000
    0.606520000000E+005    0.399506702824E+000
    0.607020000000E+005    0.399964942131E+000
    0.607520000000E+005    0.400423171556E+000
    0.608020000000E+005    0.400881390768E+000
    0.608520000000E+005    0.401339599433E+000
    0.609020000000E+005    0.401797797218E+000
    0.609520000000E+005    0.402255983792E+000
    0.610020000000E+005    0.402714158823E+000
    0.610520000000E+005    0.403172321981E+000
    0.611020000000E+005    0.403630472934E+000
    0.611520000000E+005    0.404088611354E+000
    0.612020000000E+005    0.404546736911E+000
    0.612520000000E+005    0.405004849275E+000
    0.613020000000E+005    0.405462948120E+000
    0.613520000000E+005    0.405921033117E+000
    0.614020000000E+005    0.406379103938E+000
    0.614520000000E+005    0.406837160258E+000
    0.615020000000E+005    0.407295201751E+000
    0.615520000000E+005    0.407753228090E+000
    0.616020000000E+005    0.408211238950E+000
    0.616520000000E+005    0.408669234008E+000
    0.617020000000E+005    0.409127212938E+000
    0.617520000000E+005    0.409585175418E+000
    0.618020000000E+005    0.410043121125E+000
    0.618520000000E+005    0.410501049735E+000
    0.619020000000E+005    0.410958960928E+000
    0.619520000000E+005    0.411416854381E+000
    0.620020000000E+005    0.411874729774E+000
    0.620520000000E+005    0.412332586786E+000
    0.621020000000E+005    0.412790425098E+000
    0.621520000000E+005    0.413248244390E+000
    0.622020000000E+005    0.413706044343E+000
    0.622520000000E+005    0.414163824639E+000
    0.623020000000E+005    0.414621584961E+000
    0.623520000000E+005    0.415079324990E+000
    0.624020000000E+005    0.415537044411E+000
    0.624520000000E+005    0.415994742906E+000
    0.625020000000E+005    0.416452420161E+000
    0.625520000000E+005    0.416910075859E+000
    0.626020000000E+005    0.417367709687E+000
    0.626520000000E+005    0.417825321329E+000
    0.627020000000E+005    0.418282910473E+000
    0.627520000000E+005    0.418740476805E+000
    0.628020000000E+005    0.419198020012E+000
    0.628520000000E+005    0.419655539783E+000
    0.629020000000E+005    0.420113035805E+000
    0.629520000000E+005    0.420570507768E+000
    0.630020000000E+005    0.421027955360E+000
    0.630520000000E+005    0.421485378272E+000
    0.631020000000E+005    0.421942776194E+000
    0.631520000000E+005    0.422400148817E+000
    0.632020000000E+005    0.422857495833E+000
    0.632520000000E+005    0.423314816932E+000
    0.633020000000E+005    0.423772111808E+000
    0.633520000000E+005    0.424229380153E+000
    0.634020000000E+005    0.424686621661E+000
    0.634520000000E+005    0.425143836026E+000
    0.635020000000E+005    0.425601022942E+000
    0.635520000000E+005    0.426058182104E+000
    0.636020000000E+005    0.426515313208E+000
    0.636520000000E+005    0.426972415948E+000
    0.637020000000E+005    0.427429490023E+000
    0.637520000000E+005    0.427886535128E+000
    0.638020000000E+005    0.428343550961E+000
    0.638520000000E+005    0.428800537219E+000
    0.639020000000E+005    0.429257493602E+000
    0.639520000000E+005    0.429714419808E+000
    0.640020000000E+005    0.430171315537E+000
    0.640520000000E+005    0.430628180488E+000
    0.641020000000E+005    0.431085014362E+000
    0.641520000000E+005    0.431541816859E+000
    0.642020000000E+005    0.431998587681E+000
    0.642520000000E+005    0.432455326530E+000
    0.643020000000E+005    0.432912033108E+000
    0.643520000000E+005    0.433368707118E+000
    0.644020000000E+005    0.433825348263E+000
    0.644520000000E+005    0.434281956247E+000
    0.645020000000E+005    0.434738530775E+000
    0.645520000000E+005    0.435195071550E+000
    0.646020000000E+005    0.435651578280E+000
    0.646520000000E+005    0.436108050668E+000
    0.647020000000E+005    0.436564488422E+000
    0.647520000000E+005    0.437020891247E+000
    0.648020000000E+005    0.437477258853E+000
    0.648520000000E+005    0.437933590945E+000
    0.649020000000E+005    0.438389887232E+000
    0.649520000000E+005    0.438846147424E+000
    0.650020000000E+005    0.439302371229E+000
    0.650520000000E+005    0.439758558356E+000
    0.651020000000E+005    0.440214708516E+000
    0.651520000000E+005    0.440670821420E+000
    0.652020000000E+005    0.441126896778E+000
    0.652520000000E+005    0.441582934302E+000
    0.653020000000E+005    0.442038933705E+000
    0.653520000000E+005    0.442494894698E+000
    0.654020000000E+005    0.442950816995E+000
    0.654520000000E+005    0.443406700309E+000
    0.655020000000E+005    0.443862544354E+000
    0.655520000000E+005    0.444318348845E+000
    0.656020000000E+005    0.444774113497E+000
    0.656520000000E+005    0.445229838024E+000
    0.657020000000E+005    0.445685522143E+000
    0.657520000000E+005    0.446141165570E+000
    0.658020000000E+005    0.446596768022E+000
    0.658520000000E+005    0.447052329217E+000
    0.659020000000E+005    0.447507848871E+000
    0.659520000000E+005    0.447963326704E+000
    0.660020000000E+005    0.448418762434E+000
    0.660520000000E+005    0.448874155779E+000
    0.661020000000E+005    0.449329506461E+000
    0.661520000000E+005    0.449784814199E+000
    0.662020000000E+005    0.450240078713E+000
    0.662520000000E+005    0.450695299724E+000
    0.663020000000E+005    0.451150476955E+000
    0.663520000000E+005    0.451605610127E+000
    0.664020000000E+005    0.452060698962E+000
    0.664520000000E+005    0.452515743184E+000
    0.665020000000E+005    0.452970742516E+000
    0.665520000000E+005    0.453425696682E+000
    0.666020000000E+005    0.453880605406E+000
    0.666520000000E+005    0.454335468413E+000
    0.667020000000E+005    0.454790285428E+000
    0.667520000000E+005    0.455245056177E+000
    0.668020000000E+005    0.455699780386E+000
    0.668520000000E+005    0.456154457782E+000
    0.669020000000E+005    0.456609088092E+000
    0.669520000000E+005    0.457063671043E+000
    0.670020000000E+005    0.457518206364E+000
    0.670520000000E+005    0.457972693783E+000
    0.671020000000E+005    0.458427133029E+000
    0.671520000000E+005    0.458881523831E+000
    0.672020000000E+005    0.459335865919E+000
    0.672520000000E+005    0.459790159025E+000
    0.673020000000E+005    0.460244402877E+000
    0.673520000000E+005    0.460698597208E+000
    0.674020000000E+005    0.461152741750E+000
    0.674520000000E+005    0.461606836234E+000
    0.675020000000E+005    0.462060880393E+000
    0.675520000000E+005    0.462514873960E+000
    0.676020000000E+005    0.462968816670E+000
    0.676520000000E+005    0.463422708255E+000
    0.677020000000E+005    0.463876548450E+000
    0.677520000000E+005    0.464330336990E+000
    0.678020000000E+005    0.464784073610E+000
    0.678520000000E+005    0.465237758047E+000
    0.679020000000E+005    0.465691390036E+000
    0.679520000000E+005    0.466144969315E+000
    0.680020000000E+005    0.466598495619E+000
    0.680520000000E+005    0.467051968688E+000
    0.681020000000E+005    0.467505388258E+000
    0.681520000000E+005    0.467958754069E+000
    0.682020000000E+005    0.468412065859E+000
    0.682520000000E+005    0.468865323368E+000
    0.683020000000E+005    0.469318526336E+000
    0.683520000000E+005    0.469771674502E+000
    0.684020000000E+005    0.470224767608E+000
    0.684520000000E+005    0.470677805395E+000
    0.685020000000E+005    0.471130787604E+000
    0.685520000000E+005    0.471583713977E+000
    0.686020000000E+005    0.472036584258E+000
    0.686520000000E+005    0.472489398188E+000
    0.687020000000E+005    0.472942155511E+000
    0.687520000000E+005    0.473394855972E+000
    0.688020000000E+005    0.473847499314E+000
    0.688520000000E+005    0.474300085282E+000
    0.689020000000E+005    0.474752613621E+000
    0.689520000000E+005    0.475205084078E+000
    0.690020000000E+005    0.475657496397E+000
    0.690520000000E+005    0.476109850325E+000
    0.691020000000E+005    0.476562145609E+000
    0.691520000000E+005    0.477014381998E+000
    0.692020000000E+005    0.477466559237E+000
    0.692520000000E+005    0.477918677076E+000
    0.693020000000E+005    0.478370735263E+000
    0.693520000000E+005    0.478822733548E+000
    0.694020000000E+005    0.479274671680E+000
    0.694520000000E+005    0.479726549408E+000
    0.695020000000E+005    0.480178366484E+000
    0.695520000000E+005    0.480630122657E+000
    0.696020000000E+005    0.481081817681E+000
    0.696520000000E+005    0.481533451305E+000
    0.697020000000E+005    0.481985023282E+000
    0.697520000000E+005    0.482436533365E+000
    0.698020000000E+005    0.482887981306E+000
    0.698520000000E+005    0.483339366860E+000
    0.699020000000E+005    0.483790689779E+000
    0.699520000000E+005    0.484241949819E+000
    0.700020000000E+005    0.484693146734E+000
    0.700520000000E+005    0.485144280279E+000
    0.701020000000E+005    0.485595350210E+000
    0.701520000000E+005    0.486046356282E+000
    0.702020000000E+005    0.486497298252E+000
    0.702520000000E+005    0.486948175877E+000
    0.703020000000E+005    0.487398988914E+000
    0.703520000000E+005    0.487849737122E+000
    0.704020000000E+005    0.488300420257E+000
    0.704520000000E+005    0.488751038078E+000
    0.705020000000E+005    0.489201590345E+000
    0.705520000000E+005    0.489652076817E+000
    0.706020000000E+005    0.490102497254E+000
    0.706520000000E+005    0.490552851416E+000
    0.707020000000E+005    0.491003139063E+000
    0.707520000000E+005    0.491453359956E+000
    0.708020000000E+005    0.491903513858E+000
    0.708520000000E+005    0.492353600530E+000
    0.709020000000E+005    0.492803619735E+000
    0.709520000000E+005    0.493253571234E+000
    0.710020000000E+005    0.493703454792E+000
    0.710520000000E+005    0.494153270172E+000
    0.711020000000E+005    0.494603017137E+000
    0.711520000000E+005    0.495052695453E+000
    0.712020000000E+005    0.495502304885E+000
    0.712520000000E+005    0.495951845196E+000
    0.713020000000E+005    0.496401316154E+000
    0.713520000000E+005    0.496850717524E+000
    0.714020000000E+005    0.497300049072E+000
    0.714520000000E+005    0.497749310567E+000
    0.715020000000E+005    0.498198501774E+000
    0.715520000000E+005    0.498647622462E+000
    0.716020000000E+005    0.499096672398E+000
    0.716520000000E+005    0.499545651352E+000
    0.717020000000E+005    0.499994559093E+000
    0.717520000000E+005    0.500443395389E+000
    0.718020000000E+005    0.500892160011E+000
    0.718520000000E+005    0.501340852728E+000
    0.719020000000E+005    0.501789473312E+000
    0.719520000000E+005    0.502238021533E+000
    0.720020000000E+005    0.502686497164E+000
    0.720520000000E+005    0.503134899974E+000
    0.721020000000E+005    0.503583229738E+000
    0.721520000000E+005    0.504031486228E+000
    0.722020000000E+005    0.504479669215E+000
    0.722520000000E+005    0.504927778476E+000
    0.723020000000E+005    0.505375813782E+000
    0.723520000000E+005    0.505823774908E+000
    0.724020000000E+005    0.506271661629E+000
    0.724520000000E+005    0.506719473721E+000
    0.725020000000E+005    0.507167210957E+000
    0.725520000000E+005    0.507614873116E+000
    0.726020000000E+005    0.508062459971E+000
    0.726520000000E+005    0.508509971302E+000
    0.727020000000E+005    0.508957406883E+000
    0.727520000000E+005    0.509404766494E+000
    0.728020000000E+005    0.509852049912E+000
    0.728520000000E+005    0.510299256915E+000
    0.729020000000E+005    0.510746387281E+000
    0.729520000000E+005    0.511193440791E+000
    0.730020000000E+005    0.511640417223E+000
    0.730520000000E+005    0.512087316357E+000
    0.731020000000E+005    0.512534137975E+000
    0.731520000000E+005    0.512980881855E+000
    0.732020000000E+005    0.513427547780E+000
    0.732520000000E+005    0.513874135530E+000
    0.733020000000E+005    0.514320644889E+000
    0.733520000000E+005    0.514767075637E+000
    0.734020000000E+005    0.515213427558E+000
    0.734520000000E+005    0.515659700435E+000
    0.735020000000E+005    0.516105894051E+000
    0.735520000000E+005    0.516552008190E+000
    0.736020000000E+005    0.516998042636E+000
    0.736520000000E+005    0.517443997175E+000
    0.737020000000E+005    0.517889871590E+000
    0.737520000000E+005    0.518335665667E+000
    0.738020000000E+005    0.518781379192E+000
    0.738520000000E+005    0.519227011952E+000
    0.739020000000E+005    0.519672563733E+000
    0.739520000000E+005    0.520118034321E+000
    0.740020000000E+005    0.520563423505E+000
    0.740520000000E+005    0.521008731072E+000
    0.741020000000E+005    0.521453956809E+000
    0.741520000000E+005    0.521899100507E+000
    0.742020000000E+005    0.522344161952E+000
    0.742520000000E+005    0.522789140936E+000
    0.743020000000E+005    0.523234037247E+000
    0.743520000000E+005    0.523678850676E+000
    0.744020000000E+005    0.524123581012E+000
    0.744520000000E+005    0.524568228047E+000
    0.745020000000E+005    0.525012791573E+000
    0.745520000000E+005    0.525457271380E+000
    0.746020000000E+005    0.525901667260E+000
    0.746520000000E+005    0.526345979007E+000
    0.747020000000E+005    0.526790206412E+000
    0.747520000000E+005    0.527234349269E+000
    0.748020000000E+005    0.527678407371E+000
    0.748520000000E+005    0.528122380513E+000
    0.749020000000E+005    0.528566268488E+000
    0.749520000000E+005    0.529010071091E+000
    0.750020000000E+005    0.529453788118E+000
    0.750520000000E+005    0.529897419363E+000
    0.751020000000E+005    0.530340964622E+000
    0.751520000000E+005    0.530784423692E+000
    0.752020000000E+005    0.531227796369E+000
    0.752520000000E+005    0.531671082450E+000
    0.753020000000E+005    0.532114281732E+000
    0.753520000000E+005    0.532557394013E+000
    0.754020000000E+005    0.533000419091E+000
    0.754520000000E+005    0.533443356764E+000
    0.755020000000E+005    0.533886206832E+000
    0.755520000000E+005    0.534328969093E+000
    0.756020000000E+005    0.534771643346E+000
    0.756520000000E+005    0.535214229393E+000
    0.757020000000E+005    0.535656727033E+000
    0.757520000000E+005    0.536099136066E+000
    0.758020000000E+005    0.536541456294E+000
    0.758520000000E+005    0.536983687518E+000
    0.759020000000E+005    0.537425829541E+000
    0.759520000000E+005    0.537867882163E+000
    0.760020000000E+005    0.538309845188E+000
    0.760520000000E+005    0.538751718418E+000
    0.761020000000E+005    0.539193501657E+000
    0.761520000000E+005    0.539635194708E+000
    0.762020000000E+005    0.540076797375E+000
    0.762520000000E+005    0.540518309463E+000
    0.763020000000E+005    0.540959730777E+000
    0.763520000000E+005    0.541401061121E+000
    0.764020000000E+005    0.541842300300E+000
    0.764520000000E+005    0.542283448122E+000
    0.765020000000E+005    0.542724504391E+000
    0.765520000000E+005    0.543165468915E+000
    0.766020000000E+005    0.543606341500E+000
    0.766520000000E+005    0.544047121954E+000
    0.767020000000E+005    0.544487810084E+000
    0.767520000000E+005    0.544928405698E+000
    0.768020000000E+005    0.545368908604E+000
    0.768520000000E+005    0.545809318612E+000
    0.769020000000E+005    0.546249635531E+000
    0.769520000000E+005    0.546689859169E+000
    0.770020000000E+005    0.547129989337E+000
    0.770520000000E+005    0.547570025845E+000
    0.771020000000E+005    0.548009968503E+000
    0.771520000000E+005    0.548449817122E+000
    0.772020000000E+005    0.548889571513E+000
    0.772520000000E+005    0.549329231489E+000
    0.773020000000E+005    0.549768796861E+000
    0.773520000000E+005    0.550208267441E+000
    0.774020000000E+005    0.550647643042E+000
    0.774520000000E+005    0.551086923477E+000
    0.775020000000E+005    0.551526108560E+000
    0.775520000000E+005    0.551965198104E+000
    0.776020000000E+005    0.552404191923E+000
    0.776520000000E+005    0.552843089831E+000
    0.777020000000E+005    0.553281891645E+000
    0.777520000000E+005    0.553720597177E+000
    0.778020000000E+005    0.554159206245E+000
    0.778520000000E+005    0.554597718665E+000
    0.779020000000E+005    0.555036134251E+000
    0.779520000000E+005    0.555474452821E+000
    0.780020000000E+005    0.555912674192E+000
    0.780520000000E+005    0.556350798181E+000
    0.781020000000E+005    0.556788824606E+000
    0.781520000000E+005    0.557226753284E+000
    0.782020000000E+005    0.557664584034E+000
    0.782520000000E+005    0.558102316675E+000
    0.783020000000E+005    0.558539951026E+000
    0.783520000000E+005    0.558977486905E+000
    0.784020000000E+005    0.559414924134E+000
    0.784520000000E+005    0.559852262531E+000
    0.785020000000E+005    0.560289501917E+000
    0.785520000000E+005    0.560726642113E+000
    0.786020000000E+005    0.561163682940E+000
    0.786520000000E+005    0.561600624220E+000
    0.787020000000E+005    0.562037465774E+000
    0.787520000000E+005    0.562474207425E+000
    0.788020000000E+005    0.562910848994E+000
    0.788520000000E+005    0.563347390306E+000
    0.789020000000E+005    0.563783831182E+000
    0.789520000000E+005    0.564220171447E+000
    0.790020000000E+005    0.564656410924E+000
    0.790520000000E+005    0.565092549438E+000
    0.791020000000E+005    0.565528586812E+000
    0.791520000000E+005    0.565964522873E+000
    0.792020000000E+005    0.566400357445E+000
    0.792520000000E+005    0.566836090353E+000
    0.793020000000E+005    0.567271721425E+000
    0.793520000000E+005    0.567707250485E+000
    0.794020000000E+005    0.568142677360E+000
    0.794520000000E+005    0.568578001878E+000
    0.795020000000E+005    0.569013223866E+000
    0.795520000000E+005    0.569448343151E+000
    0.796020000000E+005    0.569883359562E+000
    0.796520000000E+005    0.570318272925E+000
    0.797020000000E+005    0.570753083071E+000
    0.797520000000E+005    0.571187789828E+000
    0.798020000000E+005    0.571622393026E+000
    0.798520000000E+005    0.572056892493E+000
    0.799020000000E+005    0.572491288060E+000
    0.799520000000E+005    0.572925579558E+000
    0.800020000000E+005    0.573359766816E+000
    0.800520000000E+005    0.573793849666E+000
    0.801020000000E+005    0.574227827940E+000
    0.801520000000E+005    0.574661701468E+000
    0.802020000000E+005    0.575095470082E+000
    0.802520000000E+005    0.575529133616E+000
    0.803020000000E+005    0.575962691901E+000
    0.803520000000E+005    0.576396144771E+000
    0.804020000000E+005    0.576829492059E+000
    0.804520000000E+005    0.577262733598E+000
    0.805020000000E+005    0.577695869223E+000
    0.805520000000E+005    0.578128898767E+000
    0.806020000000E+005    0.578561822065E+000
    0.806520000000E+005    0.578994638953E+000
    0.807020000000E+005    0.579427349265E+000
    0.807520000000E+005    0.579859952837E+000
    0.808020000000E+005    0.580292449506E+000
    0.808520000000E+005    0.580724839106E+000
    0.809020000000E+005    0.581157121475E+000
    0.809520000000E+005    0.581589296450E+000
    0.810020000000E+005    0.582021363868E+000
    0.810520000000E+005    0.582453323566E+000
    0.811020000000E+005    0.582885175383E+000
    0.811520000000E+005    0.583316919156E+000
    0.812020000000E+005    0.583748554724E+000
    0.812520000000E+005    0.584180081926E+000
    0.813020000000E+005    0.584611500601E+000
    0.813520000000E+005    0.585042810588E+000
    0.814020000000E+005    0.585474011728E+000
    0.814520000000E+005    0.585905103861E+000
    0.815020000000E+005    0.586336086826E+000
    0.815520000000E+005    0.586766960465E+000
    0.816020000000E+005    0.587197724619E+000
    0.816520000000E+005    0.587628379129E+000
    0.817020000000E+005    0.588058923837E+000
    0.817520000000E+005    0.588489358585E+000
    0.818020000000E+005    0.588919683216E+000
    0.818520000000E+005    0.589349897572E+000
    0.819020000000E+005    0.589780001496E+000
    0.819520000000E+005    0.590209994831E+000
    0.820020000000E+005    0.590639877421E+000
    0.820520000000E+005    0.591069649111E+000
    0.821020000000E+005    0.591499309744E+000
    0.821520000000E+005    0.591928859164E+000
    0.822020000000E+005    0.592358297218E+000
    0.822520000000E+005    0.592787623750E+000
    0.823020000000E+005    0.593216838605E+000
    0.823520000000E+005    0.593645941631E+000
    0.824020000000E+005    0.594074932671E+000
    0.824520000000E+005    0.594503811574E+000
    0.825020000000E+005    0.594932578186E+000
    0.825520000000E+005    0.595361232354E+000
    0.826020000000E+005    0.595789773926E+000
    0.826520000000E+005    0.596218202749E+000
    0.827020000000E+005    0.596646518671E+000
    0.827520000000E+005    0.597074721541E+000
    0.828020000000E+005    0.597502811208E+000
    0.828520000000E+005    0.597930787519E+000
    0.829020000000E+005    0.598358650326E+000
    0.829520000000E+005    0.598786399477E+000
    0.830020000000E+005    0.599214034822E+000
    0.830520000000E+005    0.599641556211E+000
    0.831020000000E+005    0.600068963495E+000
    0.831520000000E+005    0.600496256526E+000
    0.832020000000E+005    0.600923435153E+000
    0.832520000000E+005    0.601350499228E+000
    0.833020000000E+005    0.601777448604E+000
    0.833520000000E+005    0.602204283132E+000
    0.834020000000E+005    0.602631002665E+000
    0.834520000000E+005    0.603057607055E+000
    0.835020000000E+005    0.603484096156E+000
    0.835520000000E+005    0.603910469820E+000
    0.836020000000E+005    0.604336727901E+000
    0.836520000000E+005    0.604762870253E+000
    0.837020000000E+005    0.605188896731E+000
    0.837520000000E+005    0.605614807189E+000
    0.838020000000E+005    0.606040601481E+000
    0.838520000000E+005    0.606466279463E+000
    0.839020000000E+005    0.606891840991E+000
    0.839520000000E+005    0.607317285919E+000
    0.840020000000E+005    0.607742614104E+000
    0.840520000000E+005    0.608167825403E+000
    0.841020000000E+005    0.608592919672E+000
    0.841520000000E+005    0.609017896767E+000
    0.842020000000E+005    0.609442756546E+000
    0.842520000000E+005    0.609867498868E+000
    0.843020000000E+005    0.610292123588E+000
    0.843520000000E+005    0.610716630566E+000
    0.844020000000E+005    0.611141019660E+000
    0.844520000000E+005    0.611565290729E+000
    0.845020000000E+005    0.611989443632E+000
    0.845520000000E+005    0.612413478228E+000
    0.846020000000E+005    0.612837394376E+000
    0.846520000000E+005    0.613261191937E+000
    0.847020000000E+005    0.613684870771E+000
    0.847520000000E+005    0.614108430738E+000
    0.848020000000E+005    0.614531871699E+000
    0.848520000000E+005    0.614955193515E+000
    0.849020000000E+005    0.615378396048E+000
    0.849520000000E+005    0.615801479160E+000
    0.850020000000E+005    0.616224442711E+000
    0.850520000000E+005    0.616647286565E+000
    0.851020000000E+005    0.617070010585E+000
    0.851520000000E+005    0.617492614632E+000
    0.852020000000E+005    0.617915098570E+000
    0.852520000000E+005    0.618337462263E+000
    0.853020000000E+005    0.618759705574E+000
    0.853520000000E+005    0.619181828367E+000
    0.854020000000E+005    0.619603830507E+000
    0.854520000000E+005    0.620025711859E+000
    0.855020000000E+005    0.620447472286E+000
    0.855520000000E+005    0.620869111655E+000
    0.856020000000E+005    0.621290629831E+000
    0.856520000000E+005    0.621712026679E+000
    0.857020000000E+005    0.622133302065E+000
    0.857520000000E+005    0.622554455857E+000
    0.858020000000E+005    0.622975487921E+000
    0.858520000000E+005    0.623396398122E+000
    0.859020000000E+005    0.623817186330E+000
    0.859520000000E+005    0.624237852411E+000
    0.860020000000E+005    0.624658396233E+000
    0.860520000000E+005    0.625078817663E+000
    0.861020000000E+005    0.625499116572E+000
    0.861520000000E+005    0.625919292826E+000
    0.862020000000E+005    0.626339346295E+000
    0.862520000000E+005    0.626759276849E+000
    0.863020000000E+005    0.627179084356E+000
    0.863520000000E+005    0.627598768686E+000
    0.864020000000E+005    0.628018329710E+000
    0.864520000000E+005    0.628437767298E+000
    0.865020000000E+005    0.628857081321E+000
    0.865520000000E+005    0.629276271649E+000
    0.866020000000E+005    0.629695338153E+000
    0.866520000000E+005    0.630114280705E+000
    0.867020000000E+005    0.630533099177E+000
    0.867520000000E+005    0.630951793441E+000
    0.868020000000E+005    0.631370363369E+000
    0.868520000000E+005    0.631788808834E+000
    0.869020000000E+005    0.632207129708E+000
    0.869520000000E+005    0.632625325865E+000
    0.870020000000E+005    0.633043397178E+000
    0.870520000000E+005    0.633461343521E+000
    0.871020000000E+005    0.633879164768E+000
    0.871520000000E+005    0.634296860793E+000
    0.872020000000E+005    0.634714431471E+000
    0.872520000000E+005    0.635131876676E+000
    0.873020000000E+005    0.635549196284E+000
    0.873520000000E+005    0.635966390170E+000
    0.874020000000E+005    0.636383458209E+000
    0.874520000000E+005    0.636800400278E+000
    0.875020000000E+005    0.637217216253E+000
    0.875520000000E+005    0.637633906010E+000
    0.876020000000E+005    0.638050469425E+000
    0.876520000000E+005    0.638466906377E+000
    0.877020000000E+005    0.638883216742E+000
    0.877520000000E+005    0.639299400398E+000
    0.878020000000E+005    0.639715457223E+000
    0.878520000000E+005    0.640131387094E+000
    0.879020000000E+005    0.640547189891E+000
    0.879520000000E+005    0.640962865492E+000
    0.880020000000E+005    0.641378413775E+000
    0.880520000000E+005    0.641793834620E+000
    0.881020000000E+005    0.642209127907E+000
    0.881520000000E+005    0.642624293516E+000
    0.882020000000E+005    0.643039331325E+000
    0.882520000000E+005    0.643454241216E+000
    0.883020000000E+005    0.643869023069E+000
    0.883520000000E+005    0.644283676765E+000
    0.884020000000E+005    0.644698202186E+000
    0.884520000000E+005    0.645112599211E+000
    0.885020000000E+005    0.645526867724E+000
    0.885520000000E+005    0.645941007605E+000
    0.886020000000E+005    0.646355018738E+000
    0.886520000000E+005    0.646768901004E+000
    0.887020000000E+005    0.647182654287E+000
    0.887520000000E+005    0.647596278469E+000
    0.888020000000E+005    0.648009773433E+000
    0.888520000000E+005    0.648423139063E+000
    0.889020000000E+005    0.648836375243E+000
    0.889520000000E+005    0.649249481857E+000
    0.890020000000E+005    0.649662458789E+000
    0.890520000000E+005    0.650075305924E+000
    0.891020000000E+005    0.650488023146E+000
    0.891520000000E+005    0.650900610340E+000
    0.892020000000E+005    0.651313067393E+000
    0.892520000000E+005    0.651725394189E+000
    0.893020000000E+005    0.652137590614E+000
    0.893520000000E+005    0.652549656555E+000
    0.894020000000E+005    0.652961591898E+000
    0.894520000000E+005    0.653373396530E+000
    0.895020000000E+005    0.653785070337E+000
    0.895520000000E+005    0.654196613207E+000
    0.896020000000E+005    0.654608025027E+000
    0.896520000000E+005    0.655019305685E+000
    0.897020000000E+005    0.655430455069E+000
    0.897520000000E+005    0.655841473067E+000
    0.898020000000E+005    0.656252359568E+000
    0.898520000000E+005    0.656663114460E+000
    0.899020000000E+005    0.657073737632E+000
    0.899520000000E+005    0.657484228974E+000
    0.900020000000E+005    0.657894588375E+000
    0.900520000000E+005    0.658304815725E+000
    0.901020000000E+005    0.658714910914E+000
    0.901520000000E+005    0.659124873833E+000
    0.902020000000E+005    0.659534704371E+000
    0.902520000000E+005    0.659944402419E+000
    0.903020000000E+005    0.660353967870E+000
    0.903520000000E+005    0.660763400613E+000
    0.904020000000E+005    0.661172700541E+000
    0.904520000000E+005    0.661581867545E+000
    0.905020000000E+005    0.661990901518E+000
    0.905520000000E+005    0.662399802352E+000
    0.906020000000E+005    0.662808569939E+000
    0.906520000000E+005    0.663217204172E+000
    0.907020000000E+005    0.663625704945E+000
    0.907520000000E+005    0.664034072150E+000
    0.908020000000E+005    0.664442305682E+000
    0.908520000000E+005    0.664850405433E+000
    0.909020000000E+005    0.665258371299E+000
    0.909520000000E+005    0.665666203174E+000
    0.910020000000E+005    0.666073900952E+000
    0.910520000000E+005    0.666481464528E+000
    0.911020000000E+005    0.666888893797E+000
    0.911520000000E+005    0.667296188655E+000
    0.912020000000E+005    0.667703348997E+000
    0.912520000000E+005    0.668110374719E+000
    0.913020000000E+005    0.668517265717E+000
    0.913520000000E+005    0.668924021888E+000
    0.914020000000E+005    0.669330643128E+000
    0.914520000000E+005    0.669737129333E+000
    0.915020000000E+005    0.670143480402E+000
    0.915520000000E+005    0.670549696231E+000
    0.916020000000E+005    0.670955776719E+000
    0.916520000000E+005    0.671361721762E+000
    0.917020000000E+005    0.671767531259E+000
    0.917520000000E+005    0.672173205108E+000
    0.918020000000E+005    0.672578743209E+000
    0.918520000000E+005    0.672984145459E+000
    0.919020000000E+005    0.673389411757E+000
    0.919520000000E+005    0.673794542004E+000
    0.920020000000E+005    0.674199536099E+000
    0.920520000000E+005    0.674604393941E+000
    0.921020000000E+005    0.675009115430E+000
    0.921520000000E+005    0.675413700468E+000
    0.922020000000E+005    0.675818148954E+000
    0.922520000000E+005    0.676222460789E+000
    0.923020000000E+005    0.676626635874E+000
    0.923520000000E+005    0.677030674110E+000
    0.924020000000E+005    0.677434575400E+000
    0.924520000000E+005    0.677838339644E+000
    0.925020000000E+005    0.678241966745E+000
    0.925520000000E+005    0.678645456604E+000
    0.926020000000E+005    0.679048809126E+000
    0.926520000000E+005    0.679452024211E+000
    0.927020000000E+005    0.679855101763E+000
    0.927520000000E+005    0.680258041686E+000
    0.928020000000E+005    0.680660843882E+000
    0.928520000000E+005    0.681063508256E+000
    0.929020000000E+005    0.681466034711E+000
    0.929520000000E+005    0.681868423151E+000
    0.930020000000E+005    0.682270673481E+000
    0.930520000000E+005    0.682672785606E+000
    0.931020000000E+005    0.683074759429E+000
    0.931520000000E+005    0.683476594858E+000
    0.932020000000E+005    0.683878291796E+000
    0.932520000000E+005    0.684279850149E+000
    0.933020000000E+005    0.684681269823E+000
    0.933520000000E+005    0.685082550725E+000
    0.934020000000E+005    0.685483692760E+000
    0.934520000000E+005    0.685884695835E+000
    0.935020000000E+005    0.686285559857E+000
    0.935520000000E+005    0.686686284732E+000
    0.936020000000E+005    0.687086870369E+000
    0.936520000000E+005    0.687487316673E+000
    0.937020000000E+005    0.687887623554E+000
    0.937520000000E+005    0.688287790919E+000
    0.938020000000E+005    0.688687818676E+000
    0.938520000000E+005    0.689087706733E+000
    0.939020000000E+005    0.689487455000E+000
    0.939520000000E+005    0.689887063384E+000
    0.940020000000E+005    0.690286531796E+000
    0.940520000000E+005    0.690685860144E+000
    0.941020000000E+005    0.691085048338E+000
    0.941520000000E+005    0.691484096287E+000
    0.942020000000E+005    0.691883003903E+000
    0.942520000000E+005    0.692281771094E+000
    0.943020000000E+005    0.692680397772E+000
    0.943520000000E+005    0.693078883847E+000
    0.944020000000E+005    0.693477229230E+000
    0.944520000000E+005    0.693875433832E+000
    0.945020000000E+005    0.694273497565E+000
    0.945520000000E+005    0.694671420340E+000
    0.946020000000E+005    0.695069202069E+000
    0.946520000000E+005    0.695466842664E+000
    0.947020000000E+005    0.695864342038E+000
    0.947520000000E+005    0.696261700102E+000
    0.948020000000E+005    0.696658916771E+000
    0.948520000000E+005    0.697055991956E+000
    0.949020000000E+005    0.697452925570E+000
    0.949520000000E+005    0.697849717529E+000
    0.950020000000E+005    0.698246367744E+000
    0.950520000000E+005    0.698642876129E+000
    0.951020000000E+005    0.699039242600E+000
    0.951520000000E+005    0.699435467070E+000
    0.952020000000E+005    0.699831549454E+000
    0.952520000000E+005    0.700227489667E+000
    0.953020000000E+005    0.700623287623E+000
    0.953520000000E+005    0.701018943238E+000
    0.954020000000E+005    0.701414456428E+000
    0.954520000000E+005    0.701809827107E+000
    0.955020000000E+005    0.702205055192E+000
    0.955520000000E+005    0.702600140599E+000
    0.956020000000E+005    0.702995083244E+000
    0.956520000000E+005    0.703389883045E+000
    0.957020000000E+005    0.703784539917E+000
    0.957520000000E+005    0.704179053777E+000
    0.958020000000E+005    0.704573424544E+000
    0.958520000000E+005    0.704967652134E+000
    0.959020000000E+005    0.705361736464E+000
    0.959520000000E+005    0.705755677454E+000
    0.960020000000E+005    0.706149475021E+000
    0.960520000000E+005    0.706543129083E+000
    0.961020000000E+005    0.706936639559E+000
    0.961520000000E+005    0.707330006367E+000
    0.962020000000E+005    0.707723229427E+000
    0.962520000000E+005    0.708116308658E+000
    0.963020000000E+005    0.708509243979E+000
    0.963520000000E+005    0.708902035310E+000
    0.964020000000E+005    0.709294682571E+000
    0.964520000000E+005    0.709687185681E+000
    0.965020000000E+005    0.710079544562E+000
    0.965520000000E+005    0.710471759133E+000
    0.966020000000E+005    0.710863829315E+000
    0.966520000000E+005    0.711255755030E+000
    0.967020000000E+005    0.711647536198E+000
    0.967520000000E+005    0.712039172740E+000
    0.968020000000E+005    0.712430664579E+000
    0.968520000000E+005    0.712822011636E+000
    0.969020000000E+005    0.713213213833E+000
    0.969520000000E+005    0.713604271092E+000
    0.970020000000E+005    0.713995183337E+000
    0.970520000000E+005    0.714385950488E+000
    0.971020000000E+005    0.714776572470E+000
    0.971520000000E+005    0.715167049205E+000
    0.972020000000E+005    0.715557380617E+000
    0.972520000000E+005    0.715947566629E+000
    0.973020000000E+005    0.716337607165E+000
    0.973520000000E+005    0.716727502148E+000
    0.974020000000E+005    0.717117251504E+000
    0.974520000000E+005    0.717506855155E+000
    0.975020000000E+005    0.717896313028E+000
    0.975520000000E+005    0.718285625046E+000
    0.976020000000E+005    0.718674791134E+000
    0.976520000000E+005    0.719063811219E+000
    0.977020000000E+005    0.719452685224E+000
    0.977520000000E+005    0.719841413076E+000
    0.978020000000E+005    0.720229994701E+000
    0.978520000000E+005    0.720618430025E+000
    0.979020000000E+005    0.721006718973E+000
    0.979520000000E+005    0.721394861472E+000
    0.980020000000E+005    0.721782857450E+000
    0.980520000000E+005    0.722170706832E+000
    0.981020000000E+005    0.722558409546E+000
    0.981520000000E+005    0.722945965519E+000
    0.982020000000E+005    0.723333374678E+000
    0.982520000000E+005    0.723720636952E+000
    0.983020000000E+005    0.724107752269E+000
    0.983520000000E+005    0.724494720555E+000
    0.984020000000E+005    0.724881541740E+000
    0.984520000000E+005    0.725268215752E+000
    0.985020000000E+005    0.725654742520E+000
    0.985520000000E+005    0.726041121972E+000
    0.986020000000E+005    0.726427354038E+000
    0.986520000000E+005    0.726813438648E+000
    0.987020000000E+005    0.727199375730E+000
    0.987520000000E+005    0.727585165215E+000
    0.988020000000E+005    0.727970807032E+000
    0.988520000000E+005    0.728356301111E+000
    0.989020000000E+005    0.728741647383E+000
    0.989520000000E+005    0.729126845779E+000
    0.990020000000E+005    0.729511896229E+000
    0.990520000000E+005    0.729896798664E+000
    0.991020000000E+005    0.730281553015E+000
    0.991520000000E+005    0.730666159214E+000
    0.992020000000E+005    0.731050617192E+000
    0.992520000000E+005    0.731434926881E+000
    0.993020000000E+005    0.731819088213E+000
    0.993520000000E+005    0.732203101120E+000
    0.994020000000E+005    0.732586965534E+000
    0.994520000000E+005    0.732970681388E+000
    0.995020000000E+005    0.733354248615E+000
    0.995520000000E+005    0.733737667148E+000
    0.996020000000E+005    0.734120936920E+000
    0.996520000000E+005    0.734504057863E+000
    0.997020000000E+005    0.734887029913E+000
    0.997520000000E+005    0.735269853002E+000
    0.998020000000E+005    0.735652527064E+000
    0.998520000000E+005    0.736035052034E+000
    0.999020000000E+005    0.736417427846E+000
    0.999520000000E+005    0.736799654435E+000
