TITLE = "0D Field KB"
VARIABLES = N ,"KB_Ha10Rem100Re10000"
ZONE DATAPACKING = POINT
    0.200000000000E+001    0.799992000074E-009
    0.520000000000E+002    0.540524274496E-006
    0.102000000000E+003    0.207869963316E-005
    0.152000000000E+003    0.461382874558E-005
    0.202000000000E+003    0.814441603549E-005
    0.252000000000E+003    0.126689676710E-004
    0.302000000000E+003    0.181859915627E-004
    0.352000000000E+003    0.246939973617E-004
    0.402000000000E+003    0.321914964578E-004
    0.452000000000E+003    0.406770019779E-004
    0.502000000000E+003    0.501490287836E-004
    0.552000000000E+003    0.606060934699E-004
    0.602000000000E+003    0.720467143629E-004
    0.652000000000E+003    0.844694115182E-004
    0.702000000000E+003    0.978727067191E-004
    0.752000000000E+003    0.112255123474E-003
    0.802000000000E+003    0.127615187017E-003
    0.852000000000E+003    0.143951424301E-003
    0.902000000000E+003    0.161262364003E-003
    0.952000000000E+003    0.179546536515E-003
    0.100200000000E+004    0.198802473947E-003
    0.105200000000E+004    0.219028710123E-003
    0.110200000000E+004    0.240223780580E-003
    0.115200000000E+004    0.262386222565E-003
    0.120200000000E+004    0.285514575035E-003
    0.125200000000E+004    0.309607378654E-003
    0.130200000000E+004    0.334663175789E-003
    0.135200000000E+004    0.360680510511E-003
    0.140200000000E+004    0.387657928591E-003
    0.145200000000E+004    0.415593977500E-003
    0.150200000000E+004    0.444487206404E-003
    0.155200000000E+004    0.474336166163E-003
    0.160200000000E+004    0.505139409329E-003
    0.165200000000E+004    0.536895490144E-003
    0.170200000000E+004    0.569602964536E-003
    0.175200000000E+004    0.603260390115E-003
    0.180200000000E+004    0.637866326175E-003
    0.185200000000E+004    0.673419333687E-003
    0.190200000000E+004    0.709917975297E-003
    0.195200000000E+004    0.747360815322E-003
    0.200200000000E+004    0.785746419750E-003
    0.205200000000E+004    0.825073356232E-003
    0.210200000000E+004    0.865340194079E-003
    0.215200000000E+004    0.906545504263E-003
    0.220200000000E+004    0.948687859406E-003
    0.225200000000E+004    0.991765833780E-003
    0.230200000000E+004    0.103577800330E-002
    0.235200000000E+004    0.108072294553E-002
    0.240200000000E+004    0.112659923965E-002
    0.245200000000E+004    0.117340546650E-002
    0.250200000000E+004    0.122114020851E-002
    0.255200000000E+004    0.126980204975E-002
    0.260200000000E+004    0.131938957590E-002
    0.265200000000E+004    0.136990137425E-002
    0.270200000000E+004    0.142133603369E-002
    0.275200000000E+004    0.147369214470E-002
    0.280200000000E+004    0.152696829937E-002
    0.285200000000E+004    0.158116309135E-002
    0.290200000000E+004    0.163627511588E-002
    0.295200000000E+004    0.169230296975E-002
    0.300200000000E+004    0.174924525134E-002
    0.305200000000E+004    0.180710056057E-002
    0.310200000000E+004    0.186586749891E-002
    0.315200000000E+004    0.192554466937E-002
    0.320200000000E+004    0.198613067650E-002
    0.325200000000E+004    0.204762412637E-002
    0.330200000000E+004    0.211002362656E-002
    0.335200000000E+004    0.217332778617E-002
    0.340200000000E+004    0.223753521580E-002
    0.345200000000E+004    0.230264452754E-002
    0.350200000000E+004    0.236865433498E-002
    0.355200000000E+004    0.243556325317E-002
    0.360200000000E+004    0.250336989864E-002
    0.365200000000E+004    0.257207288937E-002
    0.370200000000E+004    0.264167084481E-002
    0.375200000000E+004    0.271216238585E-002
    0.380200000000E+004    0.278354613479E-002
    0.385200000000E+004    0.285582071541E-002
    0.390200000000E+004    0.292898475285E-002
    0.395200000000E+004    0.300303687372E-002
    0.400200000000E+004    0.307797570599E-002
    0.405200000000E+004    0.315379987904E-002
    0.410200000000E+004    0.323050802364E-002
    0.415200000000E+004    0.330809877193E-002
    0.420200000000E+004    0.338657075744E-002
    0.425200000000E+004    0.346592261504E-002
    0.430200000000E+004    0.354615298097E-002
    0.435200000000E+004    0.362726049281E-002
    0.440200000000E+004    0.370924378948E-002
    0.445200000000E+004    0.379210151122E-002
    0.450200000000E+004    0.387583229962E-002
    0.455200000000E+004    0.396043479757E-002
    0.460200000000E+004    0.404590764926E-002
    0.465200000000E+004    0.413224950020E-002
    0.470200000000E+004    0.421945899718E-002
    0.475200000000E+004    0.430753478828E-002
    0.480200000000E+004    0.439647552286E-002
    0.485200000000E+004    0.448627985156E-002
    0.490200000000E+004    0.457694642628E-002
    0.495200000000E+004    0.466847390018E-002
    0.500200000000E+004    0.476086092767E-002
    0.505200000000E+004    0.485410616441E-002
    0.510200000000E+004    0.494820826730E-002
    0.515200000000E+004    0.504316589447E-002
    0.520200000000E+004    0.513897770528E-002
    0.525200000000E+004    0.523564236032E-002
    0.530200000000E+004    0.533315852139E-002
    0.535200000000E+004    0.543152485149E-002
    0.540200000000E+004    0.553074001485E-002
    0.545200000000E+004    0.563080267687E-002
    0.550200000000E+004    0.573171150416E-002
    0.555200000000E+004    0.583346516453E-002
    0.560200000000E+004    0.593606232695E-002
    0.565200000000E+004    0.603950166160E-002
    0.570200000000E+004    0.614378183980E-002
    0.575200000000E+004    0.624890153406E-002
    0.580200000000E+004    0.635485941807E-002
    0.585200000000E+004    0.646165416664E-002
    0.590200000000E+004    0.656928445579E-002
    0.595200000000E+004    0.667774896264E-002
    0.600200000000E+004    0.678704636551E-002
    0.605200000000E+004    0.689717534382E-002
    0.610200000000E+004    0.700813457816E-002
    0.615200000000E+004    0.711992275026E-002
    0.620200000000E+004    0.723253854298E-002
    0.625200000000E+004    0.734598064029E-002
    0.630200000000E+004    0.746024772732E-002
    0.635200000000E+004    0.757533849030E-002
    0.640200000000E+004    0.769125161662E-002
    0.645200000000E+004    0.780798579475E-002
    0.650200000000E+004    0.792553971429E-002
    0.655200000000E+004    0.804391206596E-002
    0.660200000000E+004    0.816310154159E-002
    0.665200000000E+004    0.828310683412E-002
    0.670200000000E+004    0.840392663759E-002
    0.675200000000E+004    0.852555964717E-002
    0.680200000000E+004    0.864800455909E-002
    0.685200000000E+004    0.877126007072E-002
    0.690200000000E+004    0.889532488052E-002
    0.695200000000E+004    0.902019768804E-002
    0.700200000000E+004    0.914587719392E-002
    0.705200000000E+004    0.927236209992E-002
    0.710200000000E+004    0.939965110886E-002
    0.715200000000E+004    0.952774292468E-002
    0.720200000000E+004    0.965663625239E-002
    0.725200000000E+004    0.978632979811E-002
    0.730200000000E+004    0.991682226902E-002
    0.735200000000E+004    0.100481123734E-001
    0.740200000000E+004    0.101801988207E-001
    0.745200000000E+004    0.103130803212E-001
    0.750200000000E+004    0.104467555866E-001
    0.755200000000E+004    0.105812233294E-001
    0.760200000000E+004    0.107164822634E-001
    0.765200000000E+004    0.108525311034E-001
    0.770200000000E+004    0.109893685651E-001
    0.775200000000E+004    0.111269933657E-001
    0.780200000000E+004    0.112654042230E-001
    0.785200000000E+004    0.114045998562E-001
    0.790200000000E+004    0.115445789855E-001
    0.795200000000E+004    0.116853403322E-001
    0.800200000000E+004    0.118268826186E-001
    0.805200000000E+004    0.119692045681E-001
    0.810200000000E+004    0.121123049052E-001
    0.815200000000E+004    0.122561823556E-001
    0.820200000000E+004    0.124008356459E-001
    0.825200000000E+004    0.125462635038E-001
    0.830200000000E+004    0.126924646581E-001
    0.835200000000E+004    0.128394378389E-001
    0.840200000000E+004    0.129871817770E-001
    0.845200000000E+004    0.131356952045E-001
    0.850200000000E+004    0.132849768545E-001
    0.855200000000E+004    0.134350254614E-001
    0.860200000000E+004    0.135858397603E-001
    0.865200000000E+004    0.137374184878E-001
    0.870200000000E+004    0.138897603811E-001
    0.875200000000E+004    0.140428641790E-001
    0.880200000000E+004    0.141967286211E-001
    0.885200000000E+004    0.143513524480E-001
    0.890200000000E+004    0.145067344016E-001
    0.895200000000E+004    0.146628732247E-001
    0.900200000000E+004    0.148197676614E-001
    0.905200000000E+004    0.149774164567E-001
    0.910200000000E+004    0.151358183567E-001
    0.915200000000E+004    0.152949721087E-001
    0.920200000000E+004    0.154548764610E-001
    0.925200000000E+004    0.156155301631E-001
    0.930200000000E+004    0.157769319653E-001
    0.935200000000E+004    0.159390806194E-001
    0.940200000000E+004    0.161019748780E-001
    0.945200000000E+004    0.162656134949E-001
    0.950200000000E+004    0.164299952249E-001
    0.955200000000E+004    0.165951188241E-001
    0.960200000000E+004    0.167609830495E-001
    0.965200000000E+004    0.169275866592E-001
    0.970200000000E+004    0.170949284125E-001
    0.975200000000E+004    0.172630070697E-001
    0.980200000000E+004    0.174318213923E-001
    0.985200000000E+004    0.176013701429E-001
    0.990200000000E+004    0.177716520851E-001
    0.995200000000E+004    0.179426659836E-001
    0.100020000000E+005    0.181144106044E-001
    0.100520000000E+005    0.182868847143E-001
    0.101020000000E+005    0.184600870814E-001
    0.101520000000E+005    0.186340164750E-001
    0.102020000000E+005    0.188086716652E-001
    0.102520000000E+005    0.189840514235E-001
    0.103020000000E+005    0.191601545223E-001
    0.103520000000E+005    0.193369797353E-001
    0.104020000000E+005    0.195145258372E-001
    0.104520000000E+005    0.196927916038E-001
    0.105020000000E+005    0.198717758120E-001
    0.105520000000E+005    0.200514772399E-001
    0.106020000000E+005    0.202318946666E-001
    0.106520000000E+005    0.204130268725E-001
    0.107020000000E+005    0.205948726390E-001
    0.107520000000E+005    0.207774307485E-001
    0.108020000000E+005    0.209606999847E-001
    0.108520000000E+005    0.211446791324E-001
    0.109020000000E+005    0.213293669775E-001
    0.109520000000E+005    0.215147623069E-001
    0.110020000000E+005    0.217008639087E-001
    0.110520000000E+005    0.218876705724E-001
    0.111020000000E+005    0.220751810881E-001
    0.111520000000E+005    0.222633942474E-001
    0.112020000000E+005    0.224523088430E-001
    0.112520000000E+005    0.226419236686E-001
    0.113020000000E+005    0.228322375192E-001
    0.113520000000E+005    0.230232491906E-001
    0.114020000000E+005    0.232149574802E-001
    0.114520000000E+005    0.234073611861E-001
    0.115020000000E+005    0.236004591078E-001
    0.115520000000E+005    0.237942500459E-001
    0.116020000000E+005    0.239887328020E-001
    0.116520000000E+005    0.241839061790E-001
    0.117020000000E+005    0.243797689809E-001
    0.117520000000E+005    0.245763200127E-001
    0.118020000000E+005    0.247735580807E-001
    0.118520000000E+005    0.249714819923E-001
    0.119020000000E+005    0.251700905561E-001
    0.119520000000E+005    0.253693825816E-001
    0.120020000000E+005    0.255693568798E-001
    0.120520000000E+005    0.257700122626E-001
    0.121020000000E+005    0.259713475431E-001
    0.121520000000E+005    0.261733615355E-001
    0.122020000000E+005    0.263760530553E-001
    0.122520000000E+005    0.265794209190E-001
    0.123020000000E+005    0.267834639443E-001
    0.123520000000E+005    0.269881809501E-001
    0.124020000000E+005    0.271935707564E-001
    0.124520000000E+005    0.273996321843E-001
    0.125020000000E+005    0.276063640561E-001
    0.125520000000E+005    0.278137651954E-001
    0.126020000000E+005    0.280218344266E-001
    0.126520000000E+005    0.282305705757E-001
    0.127020000000E+005    0.284399724695E-001
    0.127520000000E+005    0.286500389362E-001
    0.128020000000E+005    0.288607688049E-001
    0.128520000000E+005    0.290721609061E-001
    0.129020000000E+005    0.292842140713E-001
    0.129520000000E+005    0.294969271333E-001
    0.130020000000E+005    0.297102989260E-001
    0.130520000000E+005    0.299243282844E-001
    0.131020000000E+005    0.301390140447E-001
    0.131520000000E+005    0.303543550443E-001
    0.132020000000E+005    0.305703501218E-001
    0.132520000000E+005    0.307869981168E-001
    0.133020000000E+005    0.310042978703E-001
    0.133520000000E+005    0.312222482242E-001
    0.134020000000E+005    0.314408480218E-001
    0.134520000000E+005    0.316600961074E-001
    0.135020000000E+005    0.318799913266E-001
    0.135520000000E+005    0.321005325262E-001
    0.136020000000E+005    0.323217185539E-001
    0.136520000000E+005    0.325435482589E-001
    0.137020000000E+005    0.327660204913E-001
    0.137520000000E+005    0.329891341026E-001
    0.138020000000E+005    0.332128879454E-001
    0.138520000000E+005    0.334372808733E-001
    0.139020000000E+005    0.336623117414E-001
    0.139520000000E+005    0.338879794056E-001
    0.140020000000E+005    0.341142827232E-001
    0.140520000000E+005    0.343412205528E-001
    0.141020000000E+005    0.345687917539E-001
    0.141520000000E+005    0.347969951872E-001
    0.142020000000E+005    0.350258297149E-001
    0.142520000000E+005    0.352552941999E-001
    0.143020000000E+005    0.354853875068E-001
    0.143520000000E+005    0.357161085008E-001
    0.144020000000E+005    0.359474560488E-001
    0.144520000000E+005    0.361794290186E-001
    0.145020000000E+005    0.364120262793E-001
    0.145520000000E+005    0.366452467010E-001
    0.146020000000E+005    0.368790891551E-001
    0.146520000000E+005    0.371135525143E-001
    0.147020000000E+005    0.373486356524E-001
    0.147520000000E+005    0.375843374442E-001
    0.148020000000E+005    0.378206567659E-001
    0.148520000000E+005    0.380575924948E-001
    0.149020000000E+005    0.382951435095E-001
    0.149520000000E+005    0.385333086895E-001
    0.150020000000E+005    0.387720869158E-001
    0.150520000000E+005    0.390114770703E-001
    0.151020000000E+005    0.392514780365E-001
    0.151520000000E+005    0.394920886985E-001
    0.152020000000E+005    0.397333079422E-001
    0.152520000000E+005    0.399751346542E-001
    0.153020000000E+005    0.402175677225E-001
    0.153520000000E+005    0.404606060363E-001
    0.154020000000E+005    0.407042484859E-001
    0.154520000000E+005    0.409484939629E-001
    0.155020000000E+005    0.411933413600E-001
    0.155520000000E+005    0.414387895710E-001
    0.156020000000E+005    0.416848374912E-001
    0.156520000000E+005    0.419314840167E-001
    0.157020000000E+005    0.421787280451E-001
    0.157520000000E+005    0.424265684749E-001
    0.158020000000E+005    0.426750042061E-001
    0.158520000000E+005    0.429240341397E-001
    0.159020000000E+005    0.431736571779E-001
    0.159520000000E+005    0.434238722241E-001
    0.160020000000E+005    0.436746781829E-001
    0.160520000000E+005    0.439260739601E-001
    0.161020000000E+005    0.441780584627E-001
    0.161520000000E+005    0.444306305989E-001
    0.162020000000E+005    0.446837892779E-001
    0.162520000000E+005    0.449375334104E-001
    0.163020000000E+005    0.451918619080E-001
    0.163520000000E+005    0.454467736838E-001
    0.164020000000E+005    0.457022676518E-001
    0.164520000000E+005    0.459583427273E-001
    0.165020000000E+005    0.462149978268E-001
    0.165520000000E+005    0.464722318680E-001
    0.166020000000E+005    0.467300437698E-001
    0.166520000000E+005    0.469884324522E-001
    0.167020000000E+005    0.472473968365E-001
    0.167520000000E+005    0.475069358452E-001
    0.168020000000E+005    0.477670484018E-001
    0.168520000000E+005    0.480277334311E-001
    0.169020000000E+005    0.482889898592E-001
    0.169520000000E+005    0.485508166134E-001
    0.170020000000E+005    0.488132126219E-001
    0.170520000000E+005    0.490761768143E-001
    0.171020000000E+005    0.493397081215E-001
    0.171520000000E+005    0.496038054754E-001
    0.172020000000E+005    0.498684678091E-001
    0.172520000000E+005    0.501336940569E-001
    0.173020000000E+005    0.503994831545E-001
    0.173520000000E+005    0.506658340384E-001
    0.174020000000E+005    0.509327456467E-001
    0.174520000000E+005    0.512002169184E-001
    0.175020000000E+005    0.514682467937E-001
    0.175520000000E+005    0.517368342143E-001
    0.176020000000E+005    0.520059781226E-001
    0.176520000000E+005    0.522756774626E-001
    0.177020000000E+005    0.525459311793E-001
    0.177520000000E+005    0.528167382189E-001
    0.178020000000E+005    0.530880975288E-001
    0.178520000000E+005    0.533600080577E-001
    0.179020000000E+005    0.536324687553E-001
    0.179520000000E+005    0.539054785725E-001
    0.180020000000E+005    0.541790364617E-001
    0.180520000000E+005    0.544531413760E-001
    0.181020000000E+005    0.547277922700E-001
    0.181520000000E+005    0.550029880995E-001
    0.182020000000E+005    0.552787278213E-001
    0.182520000000E+005    0.555550103936E-001
    0.183020000000E+005    0.558318347756E-001
    0.183520000000E+005    0.561091999278E-001
    0.184020000000E+005    0.563871048118E-001
    0.184520000000E+005    0.566655483905E-001
    0.185020000000E+005    0.569445296279E-001
    0.185520000000E+005    0.572240474891E-001
    0.186020000000E+005    0.575041009406E-001
    0.186520000000E+005    0.577846889500E-001
    0.187020000000E+005    0.580658104859E-001
    0.187520000000E+005    0.583474645184E-001
    0.188020000000E+005    0.586296500185E-001
    0.188520000000E+005    0.589123659585E-001
    0.189020000000E+005    0.591956113120E-001
    0.189520000000E+005    0.594793850536E-001
    0.190020000000E+005    0.597636861591E-001
    0.190520000000E+005    0.600485136055E-001
    0.191020000000E+005    0.603338663711E-001
    0.191520000000E+005    0.606197434353E-001
    0.192020000000E+005    0.609061437786E-001
    0.192520000000E+005    0.611930663828E-001
    0.193020000000E+005    0.614805102307E-001
    0.193520000000E+005    0.617684743066E-001
    0.194020000000E+005    0.620569575956E-001
    0.194520000000E+005    0.623459590843E-001
    0.195020000000E+005    0.626354777602E-001
    0.195520000000E+005    0.629255126122E-001
    0.196020000000E+005    0.632160626304E-001
    0.196520000000E+005    0.635071268058E-001
    0.197020000000E+005    0.637987041307E-001
    0.197520000000E+005    0.640907935988E-001
    0.198020000000E+005    0.643833942047E-001
    0.198520000000E+005    0.646765049443E-001
    0.199020000000E+005    0.649701248146E-001
    0.199520000000E+005    0.652642528138E-001
    0.200020000000E+005    0.655588879414E-001
    0.200520000000E+005    0.658540291978E-001
    0.201020000000E+005    0.661496755849E-001
    0.201520000000E+005    0.664458261055E-001
    0.202020000000E+005    0.667424797637E-001
    0.202520000000E+005    0.670396355647E-001
    0.203020000000E+005    0.673372925150E-001
    0.203520000000E+005    0.676354496222E-001
    0.204020000000E+005    0.679341058949E-001
    0.204520000000E+005    0.682332603432E-001
    0.205020000000E+005    0.685329119782E-001
    0.205520000000E+005    0.688330598120E-001
    0.206020000000E+005    0.691337028581E-001
    0.206520000000E+005    0.694348401311E-001
    0.207020000000E+005    0.697364706467E-001
    0.207520000000E+005    0.700385934220E-001
    0.208020000000E+005    0.703412074749E-001
    0.208520000000E+005    0.706443118248E-001
    0.209020000000E+005    0.709479054920E-001
    0.209520000000E+005    0.712519874981E-001
    0.210020000000E+005    0.715565568659E-001
    0.210520000000E+005    0.718616126192E-001
    0.211020000000E+005    0.721671537832E-001
    0.211520000000E+005    0.724731793840E-001
    0.212020000000E+005    0.727796884491E-001
    0.212520000000E+005    0.730866800070E-001
    0.213020000000E+005    0.733941530874E-001
    0.213520000000E+005    0.737021067212E-001
    0.214020000000E+005    0.740105399403E-001
    0.214520000000E+005    0.743194517780E-001
    0.215020000000E+005    0.746288412686E-001
    0.215520000000E+005    0.749387074475E-001
    0.216020000000E+005    0.752490493515E-001
    0.216520000000E+005    0.755598660184E-001
    0.217020000000E+005    0.758711564870E-001
    0.217520000000E+005    0.761829197975E-001
    0.218020000000E+005    0.764951549912E-001
    0.218520000000E+005    0.768078611104E-001
    0.219020000000E+005    0.771210371988E-001
    0.219520000000E+005    0.774346823010E-001
    0.220020000000E+005    0.777487954629E-001
    0.220520000000E+005    0.780633757315E-001
    0.221020000000E+005    0.783784221551E-001
    0.221520000000E+005    0.786939337828E-001
    0.222020000000E+005    0.790099096652E-001
    0.222520000000E+005    0.793263488538E-001
    0.223020000000E+005    0.796432504014E-001
    0.223520000000E+005    0.799606133620E-001
    0.224020000000E+005    0.802784367905E-001
    0.224520000000E+005    0.805967197431E-001
    0.225020000000E+005    0.809154612772E-001
    0.225520000000E+005    0.812346604512E-001
    0.226020000000E+005    0.815543163248E-001
    0.226520000000E+005    0.818744279587E-001
    0.227020000000E+005    0.821949944147E-001
    0.227520000000E+005    0.825160147560E-001
    0.228020000000E+005    0.828374880467E-001
    0.228520000000E+005    0.831594133521E-001
    0.229020000000E+005    0.834817897387E-001
    0.229520000000E+005    0.838046162740E-001
    0.230020000000E+005    0.841278920267E-001
    0.230520000000E+005    0.844516160668E-001
    0.231020000000E+005    0.847757874652E-001
    0.231520000000E+005    0.851004052940E-001
    0.232020000000E+005    0.854254686266E-001
    0.232520000000E+005    0.857509765372E-001
    0.233020000000E+005    0.860769281014E-001
    0.233520000000E+005    0.864033223959E-001
    0.234020000000E+005    0.867301584985E-001
    0.234520000000E+005    0.870574354880E-001
    0.235020000000E+005    0.873851524445E-001
    0.235520000000E+005    0.877133084492E-001
    0.236020000000E+005    0.880419025843E-001
    0.236520000000E+005    0.883709339334E-001
    0.237020000000E+005    0.887004015809E-001
    0.237520000000E+005    0.890303046125E-001
    0.238020000000E+005    0.893606421150E-001
    0.238520000000E+005    0.896914131763E-001
    0.239020000000E+005    0.900226168855E-001
    0.239520000000E+005    0.903542523328E-001
    0.240020000000E+005    0.906863186094E-001
    0.240520000000E+005    0.910188148077E-001
    0.241020000000E+005    0.913517400212E-001
    0.241520000000E+005    0.916850933447E-001
    0.242020000000E+005    0.920188738738E-001
    0.242520000000E+005    0.923530807054E-001
    0.243020000000E+005    0.926877129376E-001
    0.243520000000E+005    0.930227696694E-001
    0.244020000000E+005    0.933582500010E-001
    0.244520000000E+005    0.936941530339E-001
    0.245020000000E+005    0.940304778704E-001
    0.245520000000E+005    0.943672236140E-001
    0.246020000000E+005    0.947043893696E-001
    0.246520000000E+005    0.950419742428E-001
    0.247020000000E+005    0.953799773406E-001
    0.247520000000E+005    0.957183977710E-001
    0.248020000000E+005    0.960572346430E-001
    0.248520000000E+005    0.963964870668E-001
    0.249020000000E+005    0.967361541539E-001
    0.249520000000E+005    0.970762350166E-001
    0.250020000000E+005    0.974167287685E-001
    0.250520000000E+005    0.977576345241E-001
    0.251020000000E+005    0.980989513993E-001
    0.251520000000E+005    0.984406785108E-001
    0.252020000000E+005    0.987828149767E-001
    0.252520000000E+005    0.991253599159E-001
    0.253020000000E+005    0.994683124487E-001
    0.253520000000E+005    0.998116716961E-001
    0.254020000000E+005    0.100155436781E+000
    0.254520000000E+005    0.100499606826E+000
    0.255020000000E+005    0.100844180956E+000
    0.255520000000E+005    0.101189158297E+000
    0.256020000000E+005    0.101534537975E+000
    0.256520000000E+005    0.101880319118E+000
    0.257020000000E+005    0.102226500855E+000
    0.257520000000E+005    0.102573082317E+000
    0.258020000000E+005    0.102920062634E+000
    0.258520000000E+005    0.103267440938E+000
    0.259020000000E+005    0.103615216363E+000
    0.259520000000E+005    0.103963388042E+000
    0.260020000000E+005    0.104311955113E+000
    0.260520000000E+005    0.104660916710E+000
    0.261020000000E+005    0.105010271971E+000
    0.261520000000E+005    0.105360020036E+000
    0.262020000000E+005    0.105710160044E+000
    0.262520000000E+005    0.106060691136E+000
    0.263020000000E+005    0.106411612454E+000
    0.263520000000E+005    0.106762923141E+000
    0.264020000000E+005    0.107114622341E+000
    0.264520000000E+005    0.107466709199E+000
    0.265020000000E+005    0.107819182862E+000
    0.265520000000E+005    0.108172042476E+000
    0.266020000000E+005    0.108525287191E+000
    0.266520000000E+005    0.108878916155E+000
    0.267020000000E+005    0.109232928520E+000
    0.267520000000E+005    0.109587323436E+000
    0.268020000000E+005    0.109942100058E+000
    0.268520000000E+005    0.110297257537E+000
    0.269020000000E+005    0.110652795031E+000
    0.269520000000E+005    0.111008711693E+000
    0.270020000000E+005    0.111365006682E+000
    0.270520000000E+005    0.111721679155E+000
    0.271020000000E+005    0.112078728272E+000
    0.271520000000E+005    0.112436153192E+000
    0.272020000000E+005    0.112793953077E+000
    0.272520000000E+005    0.113152127090E+000
    0.273020000000E+005    0.113510674393E+000
    0.273520000000E+005    0.113869594152E+000
    0.274020000000E+005    0.114228885531E+000
    0.274520000000E+005    0.114588547698E+000
    0.275020000000E+005    0.114948579819E+000
    0.275520000000E+005    0.115308981065E+000
    0.276020000000E+005    0.115669750603E+000
    0.276520000000E+005    0.116030887606E+000
    0.277020000000E+005    0.116392391245E+000
    0.277520000000E+005    0.116754260693E+000
    0.278020000000E+005    0.117116495125E+000
    0.278520000000E+005    0.117479093714E+000
    0.279020000000E+005    0.117842055638E+000
    0.279520000000E+005    0.118205380073E+000
    0.280020000000E+005    0.118569066197E+000
    0.280520000000E+005    0.118933113191E+000
    0.281020000000E+005    0.119297520233E+000
    0.281520000000E+005    0.119662286506E+000
    0.282020000000E+005    0.120027411192E+000
    0.282520000000E+005    0.120392893475E+000
    0.283020000000E+005    0.120758732538E+000
    0.283520000000E+005    0.121124927567E+000
    0.284020000000E+005    0.121491477750E+000
    0.284520000000E+005    0.121858382273E+000
    0.285020000000E+005    0.122225640325E+000
    0.285520000000E+005    0.122593251097E+000
    0.286020000000E+005    0.122961213778E+000
    0.286520000000E+005    0.123329527560E+000
    0.287020000000E+005    0.123698191637E+000
    0.287520000000E+005    0.124067205202E+000
    0.288020000000E+005    0.124436567450E+000
    0.288520000000E+005    0.124806277577E+000
    0.289020000000E+005    0.125176334779E+000
    0.289520000000E+005    0.125546738256E+000
    0.290020000000E+005    0.125917487206E+000
    0.290520000000E+005    0.126288580829E+000
    0.291020000000E+005    0.126660018326E+000
    0.291520000000E+005    0.127031798900E+000
    0.292020000000E+005    0.127403921753E+000
    0.292520000000E+005    0.127776386089E+000
    0.293020000000E+005    0.128149191114E+000
    0.293520000000E+005    0.128522336035E+000
    0.294020000000E+005    0.128895820057E+000
    0.294520000000E+005    0.129269642391E+000
    0.295020000000E+005    0.129643802244E+000
    0.295520000000E+005    0.130018298827E+000
    0.296020000000E+005    0.130393131352E+000
    0.296520000000E+005    0.130768299031E+000
    0.297020000000E+005    0.131143801077E+000
    0.297520000000E+005    0.131519636705E+000
    0.298020000000E+005    0.131895805131E+000
    0.298520000000E+005    0.132272305570E+000
    0.299020000000E+005    0.132649137240E+000
    0.299520000000E+005    0.133026299359E+000
    0.300020000000E+005    0.133403791148E+000
    0.300520000000E+005    0.133781611826E+000
    0.301020000000E+005    0.134159760615E+000
    0.301520000000E+005    0.134538236737E+000
    0.302020000000E+005    0.134917039417E+000
    0.302520000000E+005    0.135296167879E+000
    0.303020000000E+005    0.135675621347E+000
    0.303520000000E+005    0.136055399050E+000
    0.304020000000E+005    0.136435500213E+000
    0.304520000000E+005    0.136815924067E+000
    0.305020000000E+005    0.137196669840E+000
    0.305520000000E+005    0.137577736763E+000
    0.306020000000E+005    0.137959124067E+000
    0.306520000000E+005    0.138340830986E+000
    0.307020000000E+005    0.138722856752E+000
    0.307520000000E+005    0.139105200601E+000
    0.308020000000E+005    0.139487861767E+000
    0.308520000000E+005    0.139870839488E+000
    0.309020000000E+005    0.140254133001E+000
    0.309520000000E+005    0.140637741545E+000
    0.310020000000E+005    0.141021664359E+000
    0.310520000000E+005    0.141405900683E+000
    0.311020000000E+005    0.141790449759E+000
    0.311520000000E+005    0.142175310831E+000
    0.312020000000E+005    0.142560483140E+000
    0.312520000000E+005    0.142945965933E+000
    0.313020000000E+005    0.143331758453E+000
    0.313520000000E+005    0.143717859949E+000
    0.314020000000E+005    0.144104269667E+000
    0.314520000000E+005    0.144490986855E+000
    0.315020000000E+005    0.144878010764E+000
    0.315520000000E+005    0.145265340643E+000
    0.316020000000E+005    0.145652975744E+000
    0.316520000000E+005    0.146040915320E+000
    0.317020000000E+005    0.146429158623E+000
    0.317520000000E+005    0.146817704909E+000
    0.318020000000E+005    0.147206553432E+000
    0.318520000000E+005    0.147595703448E+000
    0.319020000000E+005    0.147985154216E+000
    0.319520000000E+005    0.148374904994E+000
    0.320020000000E+005    0.148764955039E+000
    0.320520000000E+005    0.149155303614E+000
    0.321020000000E+005    0.149545949979E+000
    0.321520000000E+005    0.149936893396E+000
    0.322020000000E+005    0.150328133128E+000
    0.322520000000E+005    0.150719668440E+000
    0.323020000000E+005    0.151111498596E+000
    0.323520000000E+005    0.151503622862E+000
    0.324020000000E+005    0.151896040506E+000
    0.324520000000E+005    0.152288750796E+000
    0.325020000000E+005    0.152681753000E+000
    0.325520000000E+005    0.153075046389E+000
    0.326020000000E+005    0.153468630232E+000
    0.326520000000E+005    0.153862503803E+000
    0.327020000000E+005    0.154256666374E+000
    0.327520000000E+005    0.154651117218E+000
    0.328020000000E+005    0.155045855611E+000
    0.328520000000E+005    0.155440880827E+000
    0.329020000000E+005    0.155836192144E+000
    0.329520000000E+005    0.156231788840E+000
    0.330020000000E+005    0.156627670192E+000
    0.330520000000E+005    0.157023835481E+000
    0.331020000000E+005    0.157420283986E+000
    0.331520000000E+005    0.157817014989E+000
    0.332020000000E+005    0.158214027773E+000
    0.332520000000E+005    0.158611321621E+000
    0.333020000000E+005    0.159008895816E+000
    0.333520000000E+005    0.159406749645E+000
    0.334020000000E+005    0.159804882394E+000
    0.334520000000E+005    0.160203293349E+000
    0.335020000000E+005    0.160601981798E+000
    0.335520000000E+005    0.161000947032E+000
    0.336020000000E+005    0.161400188338E+000
    0.336520000000E+005    0.161799705009E+000
    0.337020000000E+005    0.162199496337E+000
    0.337520000000E+005    0.162599561613E+000
    0.338020000000E+005    0.162999900132E+000
    0.338520000000E+005    0.163400511188E+000
    0.339020000000E+005    0.163801394078E+000
    0.339520000000E+005    0.164202548097E+000
    0.340020000000E+005    0.164603972543E+000
    0.340520000000E+005    0.165005666714E+000
    0.341020000000E+005    0.165407629910E+000
    0.341520000000E+005    0.165809861430E+000
    0.342020000000E+005    0.166212360577E+000
    0.342520000000E+005    0.166615126652E+000
    0.343020000000E+005    0.167018158959E+000
    0.343520000000E+005    0.167421456801E+000
    0.344020000000E+005    0.167825019483E+000
    0.344520000000E+005    0.168228846311E+000
    0.345020000000E+005    0.168632936592E+000
    0.345520000000E+005    0.169037289634E+000
    0.346020000000E+005    0.169441904745E+000
    0.346520000000E+005    0.169846781234E+000
    0.347020000000E+005    0.170251918413E+000
    0.347520000000E+005    0.170657315593E+000
    0.348020000000E+005    0.171062972085E+000
    0.348520000000E+005    0.171468887204E+000
    0.349020000000E+005    0.171875060262E+000
    0.349520000000E+005    0.172281490577E+000
    0.350020000000E+005    0.172688177463E+000
    0.350520000000E+005    0.173095120237E+000
    0.351020000000E+005    0.173502318217E+000
    0.351520000000E+005    0.173909770722E+000
    0.352020000000E+005    0.174317477072E+000
    0.352520000000E+005    0.174725436587E+000
    0.353020000000E+005    0.175133648589E+000
    0.353520000000E+005    0.175542112399E+000
    0.354020000000E+005    0.175950827342E+000
    0.354520000000E+005    0.176359792741E+000
    0.355020000000E+005    0.176769007922E+000
    0.355520000000E+005    0.177178472211E+000
    0.356020000000E+005    0.177588184934E+000
    0.356520000000E+005    0.177998145420E+000
    0.357020000000E+005    0.178408352996E+000
    0.357520000000E+005    0.178818806994E+000
    0.358020000000E+005    0.179229506743E+000
    0.358520000000E+005    0.179640451575E+000
    0.359020000000E+005    0.180051640822E+000
    0.359520000000E+005    0.180463073817E+000
    0.360020000000E+005    0.180874749895E+000
    0.360520000000E+005    0.181286668391E+000
    0.361020000000E+005    0.181698828640E+000
    0.361520000000E+005    0.182111229979E+000
    0.362020000000E+005    0.182523871747E+000
    0.362520000000E+005    0.182936753281E+000
    0.363020000000E+005    0.183349873921E+000
    0.363520000000E+005    0.183763233009E+000
    0.364020000000E+005    0.184176829884E+000
    0.364520000000E+005    0.184590663889E+000
    0.365020000000E+005    0.185004734368E+000
    0.365520000000E+005    0.185419040663E+000
    0.366020000000E+005    0.185833582121E+000
    0.366520000000E+005    0.186248358087E+000
    0.367020000000E+005    0.186663367907E+000
    0.367520000000E+005    0.187078610929E+000
    0.368020000000E+005    0.187494086501E+000
    0.368520000000E+005    0.187909793973E+000
    0.369020000000E+005    0.188325732695E+000
    0.369520000000E+005    0.188741902017E+000
    0.370020000000E+005    0.189158301292E+000
    0.370520000000E+005    0.189574929873E+000
    0.371020000000E+005    0.189991787113E+000
    0.371520000000E+005    0.190408872367E+000
    0.372020000000E+005    0.190826184990E+000
    0.372520000000E+005    0.191243724338E+000
    0.373020000000E+005    0.191661489769E+000
    0.373520000000E+005    0.192079480641E+000
    0.374020000000E+005    0.192497696312E+000
    0.374520000000E+005    0.192916136143E+000
    0.375020000000E+005    0.193334799494E+000
    0.375520000000E+005    0.193753685727E+000
    0.376020000000E+005    0.194172794203E+000
    0.376520000000E+005    0.194592124287E+000
    0.377020000000E+005    0.195011675343E+000
    0.377520000000E+005    0.195431446734E+000
    0.378020000000E+005    0.195851437829E+000
    0.378520000000E+005    0.196271647992E+000
    0.379020000000E+005    0.196692076592E+000
    0.379520000000E+005    0.197112722997E+000
    0.380020000000E+005    0.197533586576E+000
    0.380520000000E+005    0.197954666700E+000
    0.381020000000E+005    0.198375962739E+000
    0.381520000000E+005    0.198797474066E+000
    0.382020000000E+005    0.199219200054E+000
    0.382520000000E+005    0.199641140075E+000
    0.383020000000E+005    0.200063293504E+000
    0.383520000000E+005    0.200485659718E+000
    0.384020000000E+005    0.200908238091E+000
    0.384520000000E+005    0.201331028000E+000
    0.385020000000E+005    0.201754028825E+000
    0.385520000000E+005    0.202177239943E+000
    0.386020000000E+005    0.202600660734E+000
    0.386520000000E+005    0.203024290578E+000
    0.387020000000E+005    0.203448128858E+000
    0.387520000000E+005    0.203872174954E+000
    0.388020000000E+005    0.204296428250E+000
    0.388520000000E+005    0.204720888129E+000
    0.389020000000E+005    0.205145553977E+000
    0.389520000000E+005    0.205570425178E+000
    0.390020000000E+005    0.205995501120E+000
    0.390520000000E+005    0.206420781189E+000
    0.391020000000E+005    0.206846264773E+000
    0.391520000000E+005    0.207271951262E+000
    0.392020000000E+005    0.207697840044E+000
    0.392520000000E+005    0.208123930511E+000
    0.393020000000E+005    0.208550222053E+000
    0.393520000000E+005    0.208976714064E+000
    0.394020000000E+005    0.209403405936E+000
    0.394520000000E+005    0.209830297062E+000
    0.395020000000E+005    0.210257386839E+000
    0.395520000000E+005    0.210684674660E+000
    0.396020000000E+005    0.211112159923E+000
    0.396520000000E+005    0.211539842025E+000
    0.397020000000E+005    0.211967720364E+000
    0.397520000000E+005    0.212395794339E+000
    0.398020000000E+005    0.212824063348E+000
    0.398520000000E+005    0.213252526794E+000
    0.399020000000E+005    0.213681184077E+000
    0.399520000000E+005    0.214110034600E+000
    0.400020000000E+005    0.214539077765E+000
    0.400520000000E+005    0.214968312977E+000
    0.401020000000E+005    0.215397739639E+000
    0.401520000000E+005    0.215827357158E+000
    0.402020000000E+005    0.216257164939E+000
    0.402520000000E+005    0.216687162390E+000
    0.403020000000E+005    0.217117348919E+000
    0.403520000000E+005    0.217547723934E+000
    0.404020000000E+005    0.217978286846E+000
    0.404520000000E+005    0.218409037064E+000
    0.405020000000E+005    0.218839973999E+000
    0.405520000000E+005    0.219271097064E+000
    0.406020000000E+005    0.219702405672E+000
    0.406520000000E+005    0.220133899235E+000
    0.407020000000E+005    0.220565577169E+000
    0.407520000000E+005    0.220997438889E+000
    0.408020000000E+005    0.221429483811E+000
    0.408520000000E+005    0.221861711351E+000
    0.409020000000E+005    0.222294120927E+000
    0.409520000000E+005    0.222726711959E+000
    0.410020000000E+005    0.223159483865E+000
    0.410520000000E+005    0.223592436065E+000
    0.411020000000E+005    0.224025567980E+000
    0.411520000000E+005    0.224458879032E+000
    0.412020000000E+005    0.224892368643E+000
    0.412520000000E+005    0.225326036237E+000
    0.413020000000E+005    0.225759881238E+000
    0.413520000000E+005    0.226193903071E+000
    0.414020000000E+005    0.226628101161E+000
    0.414520000000E+005    0.227062474935E+000
    0.415020000000E+005    0.227497023820E+000
    0.415520000000E+005    0.227931747245E+000
    0.416020000000E+005    0.228366644638E+000
    0.416520000000E+005    0.228801715429E+000
    0.417020000000E+005    0.229236959048E+000
    0.417520000000E+005    0.229672374927E+000
    0.418020000000E+005    0.230107962498E+000
    0.418520000000E+005    0.230543721194E+000
    0.419020000000E+005    0.230979650448E+000
    0.419520000000E+005    0.231415749694E+000
    0.420020000000E+005    0.231852018369E+000
    0.420520000000E+005    0.232288455908E+000
    0.421020000000E+005    0.232725061747E+000
    0.421520000000E+005    0.233161835325E+000
    0.422020000000E+005    0.233598776080E+000
    0.422520000000E+005    0.234035883451E+000
    0.423020000000E+005    0.234473156877E+000
    0.423520000000E+005    0.234910595801E+000
    0.424020000000E+005    0.235348199662E+000
    0.424520000000E+005    0.235785967904E+000
    0.425020000000E+005    0.236223899969E+000
    0.425520000000E+005    0.236661995302E+000
    0.426020000000E+005    0.237100253347E+000
    0.426520000000E+005    0.237538673549E+000
    0.427020000000E+005    0.237977255355E+000
    0.427520000000E+005    0.238415998211E+000
    0.428020000000E+005    0.238854901565E+000
    0.428520000000E+005    0.239293964866E+000
    0.429020000000E+005    0.239733187564E+000
    0.429520000000E+005    0.240172569107E+000
    0.430020000000E+005    0.240612108947E+000
    0.430520000000E+005    0.241051806536E+000
    0.431020000000E+005    0.241491661326E+000
    0.431520000000E+005    0.241931672769E+000
    0.432020000000E+005    0.242371840321E+000
    0.432520000000E+005    0.242812163435E+000
    0.433020000000E+005    0.243252641567E+000
    0.433520000000E+005    0.243693274173E+000
    0.434020000000E+005    0.244134060710E+000
    0.434520000000E+005    0.244575000636E+000
    0.435020000000E+005    0.245016093409E+000
    0.435520000000E+005    0.245457338489E+000
    0.436020000000E+005    0.245898735335E+000
    0.436520000000E+005    0.246340283409E+000
    0.437020000000E+005    0.246781982171E+000
    0.437520000000E+005    0.247223831085E+000
    0.438020000000E+005    0.247665829613E+000
    0.438520000000E+005    0.248107977219E+000
    0.439020000000E+005    0.248550273367E+000
    0.439520000000E+005    0.248992717523E+000
    0.440020000000E+005    0.249435309153E+000
    0.440520000000E+005    0.249878047723E+000
    0.441020000000E+005    0.250320932702E+000
    0.441520000000E+005    0.250763963558E+000
    0.442020000000E+005    0.251207139759E+000
    0.442520000000E+005    0.251650460775E+000
    0.443020000000E+005    0.252093926077E+000
    0.443520000000E+005    0.252537535137E+000
    0.444020000000E+005    0.252981287426E+000
    0.444520000000E+005    0.253425182417E+000
    0.445020000000E+005    0.253869219584E+000
    0.445520000000E+005    0.254313398401E+000
    0.446020000000E+005    0.254757718343E+000
    0.446520000000E+005    0.255202178886E+000
    0.447020000000E+005    0.255646779506E+000
    0.447520000000E+005    0.256091519680E+000
    0.448020000000E+005    0.256536398888E+000
    0.448520000000E+005    0.256981416606E+000
    0.449020000000E+005    0.257426572316E+000
    0.449520000000E+005    0.257871865496E+000
    0.450020000000E+005    0.258317295629E+000
    0.450520000000E+005    0.258762862195E+000
    0.451020000000E+005    0.259208564677E+000
    0.451520000000E+005    0.259654402559E+000
    0.452020000000E+005    0.260100375323E+000
    0.452520000000E+005    0.260546482456E+000
    0.453020000000E+005    0.260992723442E+000
    0.453520000000E+005    0.261439097767E+000
    0.454020000000E+005    0.261885604918E+000
    0.454520000000E+005    0.262332244382E+000
    0.455020000000E+005    0.262779015649E+000
    0.455520000000E+005    0.263225918206E+000
    0.456020000000E+005    0.263672951544E+000
    0.456520000000E+005    0.264120115154E+000
    0.457020000000E+005    0.264567408525E+000
    0.457520000000E+005    0.265014831151E+000
    0.458020000000E+005    0.265462382523E+000
    0.458520000000E+005    0.265910062136E+000
    0.459020000000E+005    0.266357869483E+000
    0.459520000000E+005    0.266805804059E+000
    0.460020000000E+005    0.267253865359E+000
    0.460520000000E+005    0.267702052880E+000
    0.461020000000E+005    0.268150366120E+000
    0.461520000000E+005    0.268598804574E+000
    0.462020000000E+005    0.269047367742E+000
    0.462520000000E+005    0.269496055124E+000
    0.463020000000E+005    0.269944866218E+000
    0.463520000000E+005    0.270393800525E+000
    0.464020000000E+005    0.270842857547E+000
    0.464520000000E+005    0.271292036785E+000
    0.465020000000E+005    0.271741337742E+000
    0.465520000000E+005    0.272190759922E+000
    0.466020000000E+005    0.272640302829E+000
    0.466520000000E+005    0.273089965967E+000
    0.467020000000E+005    0.273539748842E+000
    0.467520000000E+005    0.273989650960E+000
    0.468020000000E+005    0.274439671829E+000
    0.468520000000E+005    0.274889810955E+000
    0.469020000000E+005    0.275340067847E+000
    0.469520000000E+005    0.275790442015E+000
    0.470020000000E+005    0.276240932967E+000
    0.470520000000E+005    0.276691540215E+000
    0.471020000000E+005    0.277142263269E+000
    0.471520000000E+005    0.277593101641E+000
    0.472020000000E+005    0.278044054845E+000
    0.472520000000E+005    0.278495122392E+000
    0.473020000000E+005    0.278946303798E+000
    0.473520000000E+005    0.279397598577E+000
    0.474020000000E+005    0.279849006243E+000
    0.474520000000E+005    0.280300526314E+000
    0.475020000000E+005    0.280752158306E+000
    0.475520000000E+005    0.281203901736E+000
    0.476020000000E+005    0.281655756123E+000
    0.476520000000E+005    0.282107720985E+000
    0.477020000000E+005    0.282559795842E+000
    0.477520000000E+005    0.283011980214E+000
    0.478020000000E+005    0.283464273621E+000
    0.478520000000E+005    0.283916675587E+000
    0.479020000000E+005    0.284369185632E+000
    0.479520000000E+005    0.284821803280E+000
    0.480020000000E+005    0.285274528055E+000
    0.480520000000E+005    0.285727359480E+000
    0.481020000000E+005    0.286180297081E+000
    0.481520000000E+005    0.286633340384E+000
    0.482020000000E+005    0.287086488915E+000
    0.482520000000E+005    0.287539742201E+000
    0.483020000000E+005    0.287993099769E+000
    0.483520000000E+005    0.288446561149E+000
    0.484020000000E+005    0.288900125869E+000
    0.484520000000E+005    0.289353793460E+000
    0.485020000000E+005    0.289807563451E+000
    0.485520000000E+005    0.290261435374E+000
    0.486020000000E+005    0.290715408761E+000
    0.486520000000E+005    0.291169483144E+000
    0.487020000000E+005    0.291623658057E+000
    0.487520000000E+005    0.292077933033E+000
    0.488020000000E+005    0.292532307606E+000
    0.488520000000E+005    0.292986781313E+000
    0.489020000000E+005    0.293441353689E+000
    0.489520000000E+005    0.293896024271E+000
    0.490020000000E+005    0.294350792595E+000
    0.490520000000E+005    0.294805658201E+000
    0.491020000000E+005    0.295260620625E+000
    0.491520000000E+005    0.295715679408E+000
    0.492020000000E+005    0.296170834090E+000
    0.492520000000E+005    0.296626084211E+000
    0.493020000000E+005    0.297081429312E+000
    0.493520000000E+005    0.297536868936E+000
    0.494020000000E+005    0.297992402625E+000
    0.494520000000E+005    0.298448029922E+000
    0.495020000000E+005    0.298903750371E+000
    0.495520000000E+005    0.299359563517E+000
    0.496020000000E+005    0.299815468905E+000
    0.496520000000E+005    0.300271466080E+000
    0.497020000000E+005    0.300727554590E+000
    0.497520000000E+005    0.301183733982E+000
    0.498020000000E+005    0.301640003804E+000
    0.498520000000E+005    0.302096363603E+000
    0.499020000000E+005    0.302552812930E+000
    0.499520000000E+005    0.303009351335E+000
    0.500020000000E+005    0.303465978367E+000
    0.500520000000E+005    0.303922693578E+000
    0.501020000000E+005    0.304379496520E+000
    0.501520000000E+005    0.304836386745E+000
    0.502020000000E+005    0.305293363807E+000
    0.502520000000E+005    0.305750427258E+000
    0.503020000000E+005    0.306207576655E+000
    0.503520000000E+005    0.306664811551E+000
    0.504020000000E+005    0.307122131503E+000
    0.504520000000E+005    0.307579536067E+000
    0.505020000000E+005    0.308037024800E+000
    0.505520000000E+005    0.308494597259E+000
    0.506020000000E+005    0.308952253004E+000
    0.506520000000E+005    0.309409991593E+000
    0.507020000000E+005    0.309867812585E+000
    0.507520000000E+005    0.310325715541E+000
    0.508020000000E+005    0.310783700022E+000
    0.508520000000E+005    0.311241765590E+000
    0.509020000000E+005    0.311699911806E+000
    0.509520000000E+005    0.312158138234E+000
    0.510020000000E+005    0.312616444437E+000
    0.510520000000E+005    0.313074829979E+000
    0.511020000000E+005    0.313533294425E+000
    0.511520000000E+005    0.313991837341E+000
    0.512020000000E+005    0.314450458292E+000
    0.512520000000E+005    0.314909156845E+000
    0.513020000000E+005    0.315367932567E+000
    0.513520000000E+005    0.315826785027E+000
    0.514020000000E+005    0.316285713793E+000
    0.514520000000E+005    0.316744718434E+000
    0.515020000000E+005    0.317203798521E+000
    0.515520000000E+005    0.317662953623E+000
    0.516020000000E+005    0.318122183312E+000
    0.516520000000E+005    0.318581487159E+000
    0.517020000000E+005    0.319040864738E+000
    0.517520000000E+005    0.319500315620E+000
    0.518020000000E+005    0.319959839380E+000
    0.518520000000E+005    0.320419435592E+000
    0.519020000000E+005    0.320879103831E+000
    0.519520000000E+005    0.321338843673E+000
    0.520020000000E+005    0.321798654693E+000
    0.520520000000E+005    0.322258536468E+000
    0.521020000000E+005    0.322718488576E+000
    0.521520000000E+005    0.323178510595E+000
    0.522020000000E+005    0.323638602104E+000
    0.522520000000E+005    0.324098762681E+000
    0.523020000000E+005    0.324558991908E+000
    0.523520000000E+005    0.325019289363E+000
    0.524020000000E+005    0.325479654629E+000
    0.524520000000E+005    0.325940087287E+000
    0.525020000000E+005    0.326400586920E+000
    0.525520000000E+005    0.326861153110E+000
    0.526020000000E+005    0.327321785441E+000
    0.526520000000E+005    0.327782483498E+000
    0.527020000000E+005    0.328243246866E+000
    0.527520000000E+005    0.328704075129E+000
    0.528020000000E+005    0.329164967874E+000
    0.528520000000E+005    0.329625924688E+000
    0.529020000000E+005    0.330086945158E+000
    0.529520000000E+005    0.330548028872E+000
    0.530020000000E+005    0.331009175418E+000
    0.530520000000E+005    0.331470384386E+000
    0.531020000000E+005    0.331931655366E+000
    0.531520000000E+005    0.332392987947E+000
    0.532020000000E+005    0.332854381721E+000
    0.532520000000E+005    0.333315836279E+000
    0.533020000000E+005    0.333777351214E+000
    0.533520000000E+005    0.334238926118E+000
    0.534020000000E+005    0.334700560586E+000
    0.534520000000E+005    0.335162254210E+000
    0.535020000000E+005    0.335624006585E+000
    0.535520000000E+005    0.336085817307E+000
    0.536020000000E+005    0.336547685972E+000
    0.536520000000E+005    0.337009612176E+000
    0.537020000000E+005    0.337471595515E+000
    0.537520000000E+005    0.337933635589E+000
    0.538020000000E+005    0.338395731994E+000
    0.538520000000E+005    0.338857884330E+000
    0.539020000000E+005    0.339320092196E+000
    0.539520000000E+005    0.339782355193E+000
    0.540020000000E+005    0.340244672920E+000
    0.540520000000E+005    0.340707044979E+000
    0.541020000000E+005    0.341169470973E+000
    0.541520000000E+005    0.341631950503E+000
    0.542020000000E+005    0.342094483172E+000
    0.542520000000E+005    0.342557068584E+000
    0.543020000000E+005    0.343019706343E+000
    0.543520000000E+005    0.343482396055E+000
    0.544020000000E+005    0.343945137323E+000
    0.544520000000E+005    0.344407929756E+000
    0.545020000000E+005    0.344870772958E+000
    0.545520000000E+005    0.345333666537E+000
    0.546020000000E+005    0.345796610101E+000
    0.546520000000E+005    0.346259603259E+000
    0.547020000000E+005    0.346722645618E+000
    0.547520000000E+005    0.347185736790E+000
    0.548020000000E+005    0.347648876383E+000
    0.548520000000E+005    0.348112064008E+000
    0.549020000000E+005    0.348575299278E+000
    0.549520000000E+005    0.349038581803E+000
    0.550020000000E+005    0.349501911196E+000
    0.550520000000E+005    0.349965287070E+000
    0.551020000000E+005    0.350428709039E+000
    0.551520000000E+005    0.350892176717E+000
    0.552020000000E+005    0.351355689718E+000
    0.552520000000E+005    0.351819247659E+000
    0.553020000000E+005    0.352282850154E+000
    0.553520000000E+005    0.352746496821E+000
    0.554020000000E+005    0.353210187276E+000
    0.554520000000E+005    0.353673921138E+000
    0.555020000000E+005    0.354137698024E+000
    0.555520000000E+005    0.354601517554E+000
    0.556020000000E+005    0.355065379346E+000
    0.556520000000E+005    0.355529283020E+000
    0.557020000000E+005    0.355993228198E+000
    0.557520000000E+005    0.356457214500E+000
    0.558020000000E+005    0.356921241549E+000
    0.558520000000E+005    0.357385308965E+000
    0.559020000000E+005    0.357849416373E+000
    0.559520000000E+005    0.358313563395E+000
    0.560020000000E+005    0.358777749655E+000
    0.560520000000E+005    0.359241974779E+000
    0.561020000000E+005    0.359706238390E+000
    0.561520000000E+005    0.360170540116E+000
    0.562020000000E+005    0.360634879581E+000
    0.562520000000E+005    0.361099256414E+000
    0.563020000000E+005    0.361563670240E+000
    0.563520000000E+005    0.362028120689E+000
    0.564020000000E+005    0.362492607388E+000
    0.564520000000E+005    0.362957129968E+000
    0.565020000000E+005    0.363421688056E+000
    0.565520000000E+005    0.363886281284E+000
    0.566020000000E+005    0.364350909283E+000
    0.566520000000E+005    0.364815571683E+000
    0.567020000000E+005    0.365280268117E+000
    0.567520000000E+005    0.365744998217E+000
    0.568020000000E+005    0.366209761615E+000
    0.568520000000E+005    0.366674557947E+000
    0.569020000000E+005    0.367139386845E+000
    0.569520000000E+005    0.367604247944E+000
    0.570020000000E+005    0.368069140880E+000
    0.570520000000E+005    0.368534065288E+000
    0.571020000000E+005    0.368999020805E+000
    0.571520000000E+005    0.369464007068E+000
    0.572020000000E+005    0.369929023714E+000
    0.572520000000E+005    0.370394070380E+000
    0.573020000000E+005    0.370859146707E+000
    0.573520000000E+005    0.371324252332E+000
    0.574020000000E+005    0.371789386895E+000
    0.574520000000E+005    0.372254550037E+000
    0.575020000000E+005    0.372719741398E+000
    0.575520000000E+005    0.373184960620E+000
    0.576020000000E+005    0.373650207345E+000
    0.576520000000E+005    0.374115481214E+000
    0.577020000000E+005    0.374580781872E+000
    0.577520000000E+005    0.375046108960E+000
    0.578020000000E+005    0.375511462124E+000
    0.578520000000E+005    0.375976841008E+000
    0.579020000000E+005    0.376442245257E+000
    0.579520000000E+005    0.376907674517E+000
    0.580020000000E+005    0.377373128435E+000
    0.580520000000E+005    0.377838606655E+000
    0.581020000000E+005    0.378304108827E+000
    0.581520000000E+005    0.378769634598E+000
    0.582020000000E+005    0.379235183616E+000
    0.582520000000E+005    0.379700755531E+000
    0.583020000000E+005    0.380166349991E+000
    0.583520000000E+005    0.380631966647E+000
    0.584020000000E+005    0.381097605150E+000
    0.584520000000E+005    0.381563265149E+000
    0.585020000000E+005    0.382028946298E+000
    0.585520000000E+005    0.382494648248E+000
    0.586020000000E+005    0.382960370651E+000
    0.586520000000E+005    0.383426113162E+000
    0.587020000000E+005    0.383891875434E+000
    0.587520000000E+005    0.384357657120E+000
    0.588020000000E+005    0.384823457877E+000
    0.588520000000E+005    0.385289277359E+000
    0.589020000000E+005    0.385755115222E+000
    0.589520000000E+005    0.386220971123E+000
    0.590020000000E+005    0.386686844718E+000
    0.590520000000E+005    0.387152735666E+000
    0.591020000000E+005    0.387618643623E+000
    0.591520000000E+005    0.388084568249E+000
    0.592020000000E+005    0.388550509203E+000
    0.592520000000E+005    0.389016466144E+000
    0.593020000000E+005    0.389482438733E+000
    0.593520000000E+005    0.389948426629E+000
    0.594020000000E+005    0.390414429495E+000
    0.594520000000E+005    0.390880446991E+000
    0.595020000000E+005    0.391346478781E+000
    0.595520000000E+005    0.391812524527E+000
    0.596020000000E+005    0.392278583892E+000
    0.596520000000E+005    0.392744656539E+000
    0.597020000000E+005    0.393210742134E+000
    0.597520000000E+005    0.393676840341E+000
    0.598020000000E+005    0.394142950826E+000
    0.598520000000E+005    0.394609073254E+000
    0.599020000000E+005    0.395075207291E+000
    0.599520000000E+005    0.395541352606E+000
    0.600020000000E+005    0.396007508864E+000
    0.600520000000E+005    0.396473675734E+000
    0.601020000000E+005    0.396939852885E+000
    0.601520000000E+005    0.397406039985E+000
    0.602020000000E+005    0.397872236704E+000
    0.602520000000E+005    0.398338442712E+000
    0.603020000000E+005    0.398804657680E+000
    0.603520000000E+005    0.399270881277E+000
    0.604020000000E+005    0.399737113178E+000
    0.604520000000E+005    0.400203353052E+000
    0.605020000000E+005    0.400669600572E+000
    0.605520000000E+005    0.401135855413E+000
    0.606020000000E+005    0.401602117247E+000
    0.606520000000E+005    0.402068385748E+000
    0.607020000000E+005    0.402534660592E+000
    0.607520000000E+005    0.403000941452E+000
    0.608020000000E+005    0.403467228006E+000
    0.608520000000E+005    0.403933519928E+000
    0.609020000000E+005    0.404399816896E+000
    0.609520000000E+005    0.404866118587E+000
    0.610020000000E+005    0.405332424679E+000
    0.610520000000E+005    0.405798734848E+000
    0.611020000000E+005    0.406265048775E+000
    0.611520000000E+005    0.406731366139E+000
    0.612020000000E+005    0.407197686618E+000
    0.612520000000E+005    0.407664009894E+000
    0.613020000000E+005    0.408130335647E+000
    0.613520000000E+005    0.408596663558E+000
    0.614020000000E+005    0.409062993308E+000
    0.614520000000E+005    0.409529324581E+000
    0.615020000000E+005    0.409995657058E+000
    0.615520000000E+005    0.410461990423E+000
    0.616020000000E+005    0.410928324359E+000
    0.616520000000E+005    0.411394658551E+000
    0.617020000000E+005    0.411860992684E+000
    0.617520000000E+005    0.412327326441E+000
    0.618020000000E+005    0.412793659510E+000
    0.618520000000E+005    0.413259991577E+000
    0.619020000000E+005    0.413726322327E+000
    0.619520000000E+005    0.414192651448E+000
    0.620020000000E+005    0.414658978628E+000
    0.620520000000E+005    0.415125303555E+000
    0.621020000000E+005    0.415591625918E+000
    0.621520000000E+005    0.416057945404E+000
    0.622020000000E+005    0.416524261706E+000
    0.622520000000E+005    0.416990574511E+000
    0.623020000000E+005    0.417456883511E+000
    0.623520000000E+005    0.417923188398E+000
    0.624020000000E+005    0.418389488861E+000
    0.624520000000E+005    0.418855784595E+000
    0.625020000000E+005    0.419322075290E+000
    0.625520000000E+005    0.419788360641E+000
    0.626020000000E+005    0.420254640340E+000
    0.626520000000E+005    0.420720914082E+000
    0.627020000000E+005    0.421187181560E+000
    0.627520000000E+005    0.421653442471E+000
    0.628020000000E+005    0.422119696510E+000
    0.628520000000E+005    0.422585943372E+000
    0.629020000000E+005    0.423052182754E+000
    0.629520000000E+005    0.423518414352E+000
    0.630020000000E+005    0.423984637865E+000
    0.630520000000E+005    0.424450852990E+000
    0.631020000000E+005    0.424917059425E+000
    0.631520000000E+005    0.425383256869E+000
    0.632020000000E+005    0.425849445022E+000
    0.632520000000E+005    0.426315623583E+000
    0.633020000000E+005    0.426781792252E+000
    0.633520000000E+005    0.427247950731E+000
    0.634020000000E+005    0.427714098720E+000
    0.634520000000E+005    0.428180235922E+000
    0.635020000000E+005    0.428646362037E+000
    0.635520000000E+005    0.429112476770E+000
    0.636020000000E+005    0.429578579823E+000
    0.636520000000E+005    0.430044670899E+000
    0.637020000000E+005    0.430510749703E+000
    0.637520000000E+005    0.430976815939E+000
    0.638020000000E+005    0.431442869313E+000
    0.638520000000E+005    0.431908909529E+000
    0.639020000000E+005    0.432374936294E+000
    0.639520000000E+005    0.432840949313E+000
    0.640020000000E+005    0.433306948295E+000
    0.640520000000E+005    0.433772932946E+000
    0.641020000000E+005    0.434238902975E+000
    0.641520000000E+005    0.434704858088E+000
    0.642020000000E+005    0.435170797996E+000
    0.642520000000E+005    0.435636722408E+000
    0.643020000000E+005    0.436102631032E+000
    0.643520000000E+005    0.436568523580E+000
    0.644020000000E+005    0.437034399762E+000
    0.644520000000E+005    0.437500259289E+000
    0.645020000000E+005    0.437966101872E+000
    0.645520000000E+005    0.438431927224E+000
    0.646020000000E+005    0.438897735057E+000
    0.646520000000E+005    0.439363525084E+000
    0.647020000000E+005    0.439829297018E+000
    0.647520000000E+005    0.440295050574E+000
    0.648020000000E+005    0.440760785465E+000
    0.648520000000E+005    0.441226501407E+000
    0.649020000000E+005    0.441692198114E+000
    0.649520000000E+005    0.442157875303E+000
    0.650020000000E+005    0.442623532689E+000
    0.650520000000E+005    0.443089169990E+000
    0.651020000000E+005    0.443554786922E+000
    0.651520000000E+005    0.444020383202E+000
    0.652020000000E+005    0.444485958549E+000
    0.652520000000E+005    0.444951512682E+000
    0.653020000000E+005    0.445417045318E+000
    0.653520000000E+005    0.445882556178E+000
    0.654020000000E+005    0.446348044982E+000
    0.654520000000E+005    0.446813511449E+000
    0.655020000000E+005    0.447278955300E+000
    0.655520000000E+005    0.447744376257E+000
    0.656020000000E+005    0.448209774041E+000
    0.656520000000E+005    0.448675148374E+000
    0.657020000000E+005    0.449140498979E+000
    0.657520000000E+005    0.449605825578E+000
    0.658020000000E+005    0.450071127896E+000
    0.658520000000E+005    0.450536405656E+000
    0.659020000000E+005    0.451001658582E+000
    0.659520000000E+005    0.451466886399E+000
    0.660020000000E+005    0.451932088832E+000
    0.660520000000E+005    0.452397265608E+000
    0.661020000000E+005    0.452862416451E+000
    0.661520000000E+005    0.453327541090E+000
    0.662020000000E+005    0.453792639250E+000
    0.662520000000E+005    0.454257710659E+000
    0.663020000000E+005    0.454722755045E+000
    0.663520000000E+005    0.455187772136E+000
    0.664020000000E+005    0.455652761662E+000
    0.664520000000E+005    0.456117723351E+000
    0.665020000000E+005    0.456582656933E+000
    0.665520000000E+005    0.457047562138E+000
    0.666020000000E+005    0.457512438697E+000
    0.666520000000E+005    0.457977286341E+000
    0.667020000000E+005    0.458442104800E+000
    0.667520000000E+005    0.458906893808E+000
    0.668020000000E+005    0.459371653096E+000
    0.668520000000E+005    0.459836382397E+000
    0.669020000000E+005    0.460301081445E+000
    0.669520000000E+005    0.460765749972E+000
    0.670020000000E+005    0.461230387713E+000
    0.670520000000E+005    0.461694994403E+000
    0.671020000000E+005    0.462159569776E+000
    0.671520000000E+005    0.462624113567E+000
    0.672020000000E+005    0.463088625513E+000
    0.672520000000E+005    0.463553105350E+000
    0.673020000000E+005    0.464017552814E+000
    0.673520000000E+005    0.464481967643E+000
    0.674020000000E+005    0.464946349574E+000
    0.674520000000E+005    0.465410698345E+000
    0.675020000000E+005    0.465875013694E+000
    0.675520000000E+005    0.466339295361E+000
    0.676020000000E+005    0.466803543084E+000
    0.676520000000E+005    0.467267756603E+000
    0.677020000000E+005    0.467731935658E+000
    0.677520000000E+005    0.468196079991E+000
    0.678020000000E+005    0.468660189341E+000
    0.678520000000E+005    0.469124263450E+000
    0.679020000000E+005    0.469588302060E+000
    0.679520000000E+005    0.470052304914E+000
    0.680020000000E+005    0.470516271753E+000
    0.680520000000E+005    0.470980202322E+000
    0.681020000000E+005    0.471444096363E+000
    0.681520000000E+005    0.471907953621E+000
    0.682020000000E+005    0.472371773840E+000
    0.682520000000E+005    0.472835556764E+000
    0.683020000000E+005    0.473299302140E+000
    0.683520000000E+005    0.473763009712E+000
    0.684020000000E+005    0.474226679227E+000
    0.684520000000E+005    0.474690310431E+000
    0.685020000000E+005    0.475153903071E+000
    0.685520000000E+005    0.475617456894E+000
    0.686020000000E+005    0.476080971649E+000
    0.686520000000E+005    0.476544447083E+000
    0.687020000000E+005    0.477007882944E+000
    0.687520000000E+005    0.477471278983E+000
    0.688020000000E+005    0.477934634948E+000
    0.688520000000E+005    0.478397950590E+000
    0.689020000000E+005    0.478861225657E+000
    0.689520000000E+005    0.479324459902E+000
    0.690020000000E+005    0.479787653076E+000
    0.690520000000E+005    0.480250804929E+000
    0.691020000000E+005    0.480713915213E+000
    0.691520000000E+005    0.481176983682E+000
    0.692020000000E+005    0.481640010087E+000
    0.692520000000E+005    0.482102994182E+000
    0.693020000000E+005    0.482565935721E+000
    0.693520000000E+005    0.483028834457E+000
    0.694020000000E+005    0.483491690145E+000
    0.694520000000E+005    0.483954502540E+000
    0.695020000000E+005    0.484417271396E+000
    0.695520000000E+005    0.484879996470E+000
    0.696020000000E+005    0.485342677518E+000
    0.696520000000E+005    0.485805314295E+000
    0.697020000000E+005    0.486267906560E+000
    0.697520000000E+005    0.486730454069E+000
    0.698020000000E+005    0.487192956579E+000
    0.698520000000E+005    0.487655413849E+000
    0.699020000000E+005    0.488117825638E+000
    0.699520000000E+005    0.488580191704E+000
    0.700020000000E+005    0.489042511806E+000
    0.700520000000E+005    0.489504785705E+000
    0.701020000000E+005    0.489967013160E+000
    0.701520000000E+005    0.490429193932E+000
    0.702020000000E+005    0.490891327782E+000
    0.702520000000E+005    0.491353414471E+000
    0.703020000000E+005    0.491815453760E+000
    0.703520000000E+005    0.492277445413E+000
    0.704020000000E+005    0.492739389191E+000
    0.704520000000E+005    0.493201284858E+000
    0.705020000000E+005    0.493663132176E+000
    0.705520000000E+005    0.494124930909E+000
    0.706020000000E+005    0.494586680823E+000
    0.706520000000E+005    0.495048381680E+000
    0.707020000000E+005    0.495510033246E+000
    0.707520000000E+005    0.495971635287E+000
    0.708020000000E+005    0.496433187568E+000
    0.708520000000E+005    0.496894689854E+000
    0.709020000000E+005    0.497356141914E+000
    0.709520000000E+005    0.497817543513E+000
    0.710020000000E+005    0.498278894419E+000
    0.710520000000E+005    0.498740194400E+000
    0.711020000000E+005    0.499201443223E+000
    0.711520000000E+005    0.499662640657E+000
    0.712020000000E+005    0.500123786472E+000
    0.712520000000E+005    0.500584880436E+000
    0.713020000000E+005    0.501045922318E+000
    0.713520000000E+005    0.501506911890E+000
    0.714020000000E+005    0.501967848921E+000
    0.714520000000E+005    0.502428733183E+000
    0.715020000000E+005    0.502889564446E+000
    0.715520000000E+005    0.503350342482E+000
    0.716020000000E+005    0.503811067064E+000
    0.716520000000E+005    0.504271737963E+000
    0.717020000000E+005    0.504732354952E+000
    0.717520000000E+005    0.505192917805E+000
    0.718020000000E+005    0.505653426295E+000
    0.718520000000E+005    0.506113880197E+000
    0.719020000000E+005    0.506574279283E+000
    0.719520000000E+005    0.507034623330E+000
    0.720020000000E+005    0.507494912112E+000
    0.720520000000E+005    0.507955145405E+000
    0.721020000000E+005    0.508415322984E+000
    0.721520000000E+005    0.508875444626E+000
    0.722020000000E+005    0.509335510108E+000
    0.722520000000E+005    0.509795519206E+000
    0.723020000000E+005    0.510255471699E+000
    0.723520000000E+005    0.510715367363E+000
    0.724020000000E+005    0.511175205977E+000
    0.724520000000E+005    0.511634987320E+000
    0.725020000000E+005    0.512094711170E+000
    0.725520000000E+005    0.512554377307E+000
    0.726020000000E+005    0.513013985510E+000
    0.726520000000E+005    0.513473535560E+000
    0.727020000000E+005    0.513933027237E+000
    0.727520000000E+005    0.514392460322E+000
    0.728020000000E+005    0.514851834596E+000
    0.728520000000E+005    0.515311149841E+000
    0.729020000000E+005    0.515770405838E+000
    0.729520000000E+005    0.516229602371E+000
    0.730020000000E+005    0.516688739221E+000
    0.730520000000E+005    0.517147816172E+000
    0.731020000000E+005    0.517606833007E+000
    0.731520000000E+005    0.518065789511E+000
    0.732020000000E+005    0.518524685467E+000
    0.732520000000E+005    0.518983520660E+000
    0.733020000000E+005    0.519442294875E+000
    0.733520000000E+005    0.519901007898E+000
    0.734020000000E+005    0.520359659513E+000
    0.734520000000E+005    0.520818249508E+000
    0.735020000000E+005    0.521276777668E+000
    0.735520000000E+005    0.521735243781E+000
    0.736020000000E+005    0.522193647633E+000
    0.736520000000E+005    0.522651989013E+000
    0.737020000000E+005    0.523110267708E+000
    0.737520000000E+005    0.523568483506E+000
    0.738020000000E+005    0.524026636197E+000
    0.738520000000E+005    0.524484725569E+000
    0.739020000000E+005    0.524942751411E+000
    0.739520000000E+005    0.525400713515E+000
    0.740020000000E+005    0.525858611668E+000
    0.740520000000E+005    0.526316445663E+000
    0.741020000000E+005    0.526774215290E+000
    0.741520000000E+005    0.527231920340E+000
    0.742020000000E+005    0.527689560605E+000
    0.742520000000E+005    0.528147135877E+000
    0.743020000000E+005    0.528604645948E+000
    0.743520000000E+005    0.529062090611E+000
    0.744020000000E+005    0.529519469660E+000
    0.744520000000E+005    0.529976782886E+000
    0.745020000000E+005    0.530434030085E+000
    0.745520000000E+005    0.530891211051E+000
    0.746020000000E+005    0.531348325577E+000
    0.746520000000E+005    0.531805373459E+000
    0.747020000000E+005    0.532262354493E+000
    0.747520000000E+005    0.532719268473E+000
    0.748020000000E+005    0.533176115195E+000
    0.748520000000E+005    0.533632894457E+000
    0.749020000000E+005    0.534089606054E+000
    0.749520000000E+005    0.534546249784E+000
    0.750020000000E+005    0.535002825445E+000
    0.750520000000E+005    0.535459332833E+000
    0.751020000000E+005    0.535915771747E+000
    0.751520000000E+005    0.536372141986E+000
    0.752020000000E+005    0.536828443348E+000
    0.752520000000E+005    0.537284675632E+000
    0.753020000000E+005    0.537740838638E+000
    0.753520000000E+005    0.538196932167E+000
    0.754020000000E+005    0.538652956017E+000
    0.754520000000E+005    0.539108909991E+000
    0.755020000000E+005    0.539564793888E+000
    0.755520000000E+005    0.540020607510E+000
    0.756020000000E+005    0.540476350659E+000
    0.756520000000E+005    0.540932023136E+000
    0.757020000000E+005    0.541387624745E+000
    0.757520000000E+005    0.541843155287E+000
    0.758020000000E+005    0.542298614567E+000
    0.758520000000E+005    0.542754002386E+000
    0.759020000000E+005    0.543209318550E+000
    0.759520000000E+005    0.543664562862E+000
    0.760020000000E+005    0.544119735126E+000
    0.760520000000E+005    0.544574835148E+000
    0.761020000000E+005    0.545029862733E+000
    0.761520000000E+005    0.545484817685E+000
    0.762020000000E+005    0.545939699812E+000
    0.762520000000E+005    0.546394508919E+000
    0.763020000000E+005    0.546849244813E+000
    0.763520000000E+005    0.547303907300E+000
    0.764020000000E+005    0.547758496188E+000
    0.764520000000E+005    0.548213011285E+000
    0.765020000000E+005    0.548667452398E+000
    0.765520000000E+005    0.549121819336E+000
    0.766020000000E+005    0.549576111907E+000
    0.766520000000E+005    0.550030329920E+000
    0.767020000000E+005    0.550484473185E+000
    0.767520000000E+005    0.550938541511E+000
    0.768020000000E+005    0.551392534709E+000
    0.768520000000E+005    0.551846452588E+000
    0.769020000000E+005    0.552300294959E+000
    0.769520000000E+005    0.552754061633E+000
    0.770020000000E+005    0.553207752422E+000
    0.770520000000E+005    0.553661367138E+000
    0.771020000000E+005    0.554114905591E+000
    0.771520000000E+005    0.554568367596E+000
    0.772020000000E+005    0.555021752964E+000
    0.772520000000E+005    0.555475061508E+000
    0.773020000000E+005    0.555928293042E+000
    0.773520000000E+005    0.556381447380E+000
    0.774020000000E+005    0.556834524336E+000
    0.774520000000E+005    0.557287523723E+000
    0.775020000000E+005    0.557740445357E+000
    0.775520000000E+005    0.558193289054E+000
    0.776020000000E+005    0.558646054627E+000
    0.776520000000E+005    0.559098741894E+000
    0.777020000000E+005    0.559551350669E+000
    0.777520000000E+005    0.560003880770E+000
    0.778020000000E+005    0.560456332014E+000
    0.778520000000E+005    0.560908704217E+000
    0.779020000000E+005    0.561360997196E+000
    0.779520000000E+005    0.561813210770E+000
    0.780020000000E+005    0.562265344757E+000
    0.780520000000E+005    0.562717398974E+000
    0.781020000000E+005    0.563169373241E+000
    0.781520000000E+005    0.563621267377E+000
    0.782020000000E+005    0.564073081201E+000
    0.782520000000E+005    0.564524814533E+000
    0.783020000000E+005    0.564976467193E+000
    0.783520000000E+005    0.565428039002E+000
    0.784020000000E+005    0.565879529779E+000
    0.784520000000E+005    0.566330939346E+000
    0.785020000000E+005    0.566782267525E+000
    0.785520000000E+005    0.567233514137E+000
    0.786020000000E+005    0.567684679005E+000
    0.786520000000E+005    0.568135761950E+000
    0.787020000000E+005    0.568586762795E+000
    0.787520000000E+005    0.569037681363E+000
    0.788020000000E+005    0.569488517478E+000
    0.788520000000E+005    0.569939270963E+000
    0.789020000000E+005    0.570389941642E+000
    0.789520000000E+005    0.570840529339E+000
    0.790020000000E+005    0.571291033880E+000
    0.790520000000E+005    0.571741455089E+000
    0.791020000000E+005    0.572191792791E+000
    0.791520000000E+005    0.572642046812E+000
    0.792020000000E+005    0.573092216978E+000
    0.792520000000E+005    0.573542303115E+000
    0.793020000000E+005    0.573992305049E+000
    0.793520000000E+005    0.574442222608E+000
    0.794020000000E+005    0.574892055619E+000
    0.794520000000E+005    0.575341803909E+000
    0.795020000000E+005    0.575791467306E+000
    0.795520000000E+005    0.576241045638E+000
    0.796020000000E+005    0.576690538734E+000
    0.796520000000E+005    0.577139946422E+000
    0.797020000000E+005    0.577589268532E+000
    0.797520000000E+005    0.578038504893E+000
    0.798020000000E+005    0.578487655335E+000
    0.798520000000E+005    0.578936719687E+000
    0.799020000000E+005    0.579385697781E+000
    0.799520000000E+005    0.579834589446E+000
    0.800020000000E+005    0.580283394515E+000
    0.800520000000E+005    0.580732112817E+000
    0.801020000000E+005    0.581180744186E+000
    0.801520000000E+005    0.581629288452E+000
    0.802020000000E+005    0.582077745449E+000
    0.802520000000E+005    0.582526115008E+000
    0.803020000000E+005    0.582974396963E+000
    0.803520000000E+005    0.583422591146E+000
    0.804020000000E+005    0.583870697392E+000
    0.804520000000E+005    0.584318715534E+000
    0.805020000000E+005    0.584766645406E+000
    0.805520000000E+005    0.585214486843E+000
    0.806020000000E+005    0.585662239680E+000
    0.806520000000E+005    0.586109903751E+000
    0.807020000000E+005    0.586557478891E+000
    0.807520000000E+005    0.587004964938E+000
    0.808020000000E+005    0.587452361726E+000
    0.808520000000E+005    0.587899669092E+000
    0.809020000000E+005    0.588346886873E+000
    0.809520000000E+005    0.588794014905E+000
    0.810020000000E+005    0.589241053026E+000
    0.810520000000E+005    0.589688001073E+000
    0.811020000000E+005    0.590134858885E+000
    0.811520000000E+005    0.590581626298E+000
    0.812020000000E+005    0.591028303153E+000
    0.812520000000E+005    0.591474889286E+000
    0.813020000000E+005    0.591921384539E+000
    0.813520000000E+005    0.592367788749E+000
    0.814020000000E+005    0.592814101757E+000
    0.814520000000E+005    0.593260323403E+000
    0.815020000000E+005    0.593706453527E+000
    0.815520000000E+005    0.594152491969E+000
    0.816020000000E+005    0.594598438570E+000
    0.816520000000E+005    0.595044293172E+000
    0.817020000000E+005    0.595490055616E+000
    0.817520000000E+005    0.595935725745E+000
    0.818020000000E+005    0.596381303399E+000
    0.818520000000E+005    0.596826788421E+000
    0.819020000000E+005    0.597272180655E+000
    0.819520000000E+005    0.597717479942E+000
    0.820020000000E+005    0.598162686127E+000
    0.820520000000E+005    0.598607799054E+000
    0.821020000000E+005    0.599052818565E+000
    0.821520000000E+005    0.599497744505E+000
    0.822020000000E+005    0.599942576719E+000
    0.822520000000E+005    0.600387315051E+000
    0.823020000000E+005    0.600831959347E+000
    0.823520000000E+005    0.601276509451E+000
    0.824020000000E+005    0.601720965210E+000
    0.824520000000E+005    0.602165326470E+000
    0.825020000000E+005    0.602609593077E+000
    0.825520000000E+005    0.603053764877E+000
    0.826020000000E+005    0.603497841717E+000
    0.826520000000E+005    0.603941823445E+000
    0.827020000000E+005    0.604385709908E+000
    0.827520000000E+005    0.604829500953E+000
    0.828020000000E+005    0.605273196429E+000
    0.828520000000E+005    0.605716796184E+000
    0.829020000000E+005    0.606160300067E+000
    0.829520000000E+005    0.606603707927E+000
    0.830020000000E+005    0.607047019612E+000
    0.830520000000E+005    0.607490234973E+000
    0.831020000000E+005    0.607933353859E+000
    0.831520000000E+005    0.608376376120E+000
    0.832020000000E+005    0.608819301607E+000
    0.832520000000E+005    0.609262130170E+000
    0.833020000000E+005    0.609704861660E+000
    0.833520000000E+005    0.610147495929E+000
    0.834020000000E+005    0.610590032828E+000
    0.834520000000E+005    0.611032472208E+000
    0.835020000000E+005    0.611474813923E+000
    0.835520000000E+005    0.611917057825E+000
    0.836020000000E+005    0.612359203765E+000
    0.836520000000E+005    0.612801251597E+000
    0.837020000000E+005    0.613243201175E+000
    0.837520000000E+005    0.613685052352E+000
    0.838020000000E+005    0.614126804981E+000
    0.838520000000E+005    0.614568458918E+000
    0.839020000000E+005    0.615010014016E+000
    0.839520000000E+005    0.615451470129E+000
    0.840020000000E+005    0.615892827114E+000
    0.840520000000E+005    0.616334084825E+000
    0.841020000000E+005    0.616775243118E+000
    0.841520000000E+005    0.617216301848E+000
    0.842020000000E+005    0.617657260872E+000
    0.842520000000E+005    0.618098120047E+000
    0.843020000000E+005    0.618538879228E+000
    0.843520000000E+005    0.618979538273E+000
    0.844020000000E+005    0.619420097039E+000
    0.844520000000E+005    0.619860555384E+000
    0.845020000000E+005    0.620300913165E+000
    0.845520000000E+005    0.620741170240E+000
    0.846020000000E+005    0.621181326469E+000
    0.846520000000E+005    0.621621381709E+000
    0.847020000000E+005    0.622061335819E+000
    0.847520000000E+005    0.622501188659E+000
    0.848020000000E+005    0.622940940088E+000
    0.848520000000E+005    0.623380589966E+000
    0.849020000000E+005    0.623820138153E+000
    0.849520000000E+005    0.624259584510E+000
    0.850020000000E+005    0.624698928896E+000
    0.850520000000E+005    0.625138171173E+000
    0.851020000000E+005    0.625577311202E+000
    0.851520000000E+005    0.626016348844E+000
    0.852020000000E+005    0.626455283962E+000
    0.852520000000E+005    0.626894116416E+000
    0.853020000000E+005    0.627332846070E+000
    0.853520000000E+005    0.627771472785E+000
    0.854020000000E+005    0.628209996426E+000
    0.854520000000E+005    0.628648416854E+000
    0.855020000000E+005    0.629086733933E+000
    0.855520000000E+005    0.629524947526E+000
    0.856020000000E+005    0.629963057499E+000
    0.856520000000E+005    0.630401063714E+000
    0.857020000000E+005    0.630838966036E+000
    0.857520000000E+005    0.631276764331E+000
    0.858020000000E+005    0.631714458462E+000
    0.858520000000E+005    0.632152048296E+000
    0.859020000000E+005    0.632589533697E+000
    0.859520000000E+005    0.633026914532E+000
    0.860020000000E+005    0.633464190667E+000
    0.860520000000E+005    0.633901361967E+000
    0.861020000000E+005    0.634338428301E+000
    0.861520000000E+005    0.634775389533E+000
    0.862020000000E+005    0.635212245533E+000
    0.862520000000E+005    0.635648996166E+000
    0.863020000000E+005    0.636085641301E+000
    0.863520000000E+005    0.636522180806E+000
    0.864020000000E+005    0.636958614549E+000
    0.864520000000E+005    0.637394942398E+000
    0.865020000000E+005    0.637831164223E+000
    0.865520000000E+005    0.638267279891E+000
    0.866020000000E+005    0.638703289274E+000
    0.866520000000E+005    0.639139192239E+000
    0.867020000000E+005    0.639574988657E+000
    0.867520000000E+005    0.640010678399E+000
    0.868020000000E+005    0.640446261333E+000
    0.868520000000E+005    0.640881737332E+000
    0.869020000000E+005    0.641317106265E+000
    0.869520000000E+005    0.641752368005E+000
    0.870020000000E+005    0.642187522422E+000
    0.870520000000E+005    0.642622569388E+000
    0.871020000000E+005    0.643057508775E+000
    0.871520000000E+005    0.643492340455E+000
    0.872020000000E+005    0.643927064302E+000
    0.872520000000E+005    0.644361680186E+000
    0.873020000000E+005    0.644796187982E+000
    0.873520000000E+005    0.645230587562E+000
    0.874020000000E+005    0.645664878801E+000
    0.874520000000E+005    0.646099061572E+000
    0.875020000000E+005    0.646533135748E+000
    0.875520000000E+005    0.646967101205E+000
    0.876020000000E+005    0.647400957817E+000
    0.876520000000E+005    0.647834705458E+000
    0.877020000000E+005    0.648268344004E+000
    0.877520000000E+005    0.648701873330E+000
    0.878020000000E+005    0.649135293312E+000
    0.878520000000E+005    0.649568603824E+000
    0.879020000000E+005    0.650001804745E+000
    0.879520000000E+005    0.650434895949E+000
    0.880020000000E+005    0.650867877314E+000
    0.880520000000E+005    0.651300748716E+000
    0.881020000000E+005    0.651733510033E+000
    0.881520000000E+005    0.652166161141E+000
    0.882020000000E+005    0.652598701919E+000
    0.882520000000E+005    0.653031132244E+000
    0.883020000000E+005    0.653463451995E+000
    0.883520000000E+005    0.653895661049E+000
    0.884020000000E+005    0.654327759286E+000
    0.884520000000E+005    0.654759746585E+000
    0.885020000000E+005    0.655191622824E+000
    0.885520000000E+005    0.655623387883E+000
    0.886020000000E+005    0.656055041642E+000
    0.886520000000E+005    0.656486583981E+000
    0.887020000000E+005    0.656918014779E+000
    0.887520000000E+005    0.657349333918E+000
    0.888020000000E+005    0.657780541277E+000
    0.888520000000E+005    0.658211636738E+000
    0.889020000000E+005    0.658642620182E+000
    0.889520000000E+005    0.659073491491E+000
    0.890020000000E+005    0.659504250545E+000
    0.890520000000E+005    0.659934897228E+000
    0.891020000000E+005    0.660365431421E+000
    0.891520000000E+005    0.660795853006E+000
    0.892020000000E+005    0.661226161867E+000
    0.892520000000E+005    0.661656357885E+000
    0.893020000000E+005    0.662086440945E+000
    0.893520000000E+005    0.662516410930E+000
    0.894020000000E+005    0.662946267724E+000
    0.894520000000E+005    0.663376011209E+000
    0.895020000000E+005    0.663805641271E+000
    0.895520000000E+005    0.664235157794E+000
    0.896020000000E+005    0.664664560663E+000
    0.896520000000E+005    0.665093849762E+000
    0.897020000000E+005    0.665523024976E+000
    0.897520000000E+005    0.665952086192E+000
    0.898020000000E+005    0.666381033294E+000
    0.898520000000E+005    0.666809866168E+000
    0.899020000000E+005    0.667238584701E+000
    0.899520000000E+005    0.667667188779E+000
    0.900020000000E+005    0.668095678289E+000
    0.900520000000E+005    0.668524053117E+000
    0.901020000000E+005    0.668952313151E+000
    0.901520000000E+005    0.669380458277E+000
    0.902020000000E+005    0.669808488384E+000
    0.902520000000E+005    0.670236403359E+000
    0.903020000000E+005    0.670664203091E+000
    0.903520000000E+005    0.671091887467E+000
    0.904020000000E+005    0.671519456376E+000
    0.904520000000E+005    0.671946909707E+000
    0.905020000000E+005    0.672374247349E+000
    0.905520000000E+005    0.672801469192E+000
    0.906020000000E+005    0.673228575124E+000
    0.906520000000E+005    0.673655565035E+000
    0.907020000000E+005    0.674082438816E+000
    0.907520000000E+005    0.674509196357E+000
    0.908020000000E+005    0.674935837548E+000
    0.908520000000E+005    0.675362362280E+000
    0.909020000000E+005    0.675788770444E+000
    0.909520000000E+005    0.676215061930E+000
    0.910020000000E+005    0.676641236631E+000
    0.910520000000E+005    0.677067294438E+000
    0.911020000000E+005    0.677493235243E+000
    0.911520000000E+005    0.677919058938E+000
    0.912020000000E+005    0.678344765416E+000
    0.912520000000E+005    0.678770354568E+000
    0.913020000000E+005    0.679195826288E+000
    0.913520000000E+005    0.679621180470E+000
    0.914020000000E+005    0.680046417005E+000
    0.914520000000E+005    0.680471535788E+000
    0.915020000000E+005    0.680896536713E+000
    0.915520000000E+005    0.681321419673E+000
    0.916020000000E+005    0.681746184563E+000
    0.916520000000E+005    0.682170831277E+000
    0.917020000000E+005    0.682595359710E+000
    0.917520000000E+005    0.683019769757E+000
    0.918020000000E+005    0.683444061313E+000
    0.918520000000E+005    0.683868234274E+000
    0.919020000000E+005    0.684292288534E+000
    0.919520000000E+005    0.684716223990E+000
    0.920020000000E+005    0.685140040539E+000
    0.920520000000E+005    0.685563738076E+000
    0.921020000000E+005    0.685987316497E+000
    0.921520000000E+005    0.686410775701E+000
    0.922020000000E+005    0.686834115583E+000
    0.922520000000E+005    0.687257336041E+000
    0.923020000000E+005    0.687680436972E+000
    0.923520000000E+005    0.688103418275E+000
    0.924020000000E+005    0.688526279847E+000
    0.924520000000E+005    0.688949021586E+000
    0.925020000000E+005    0.689371643390E+000
    0.925520000000E+005    0.689794145159E+000
    0.926020000000E+005    0.690216526791E+000
    0.926520000000E+005    0.690638788185E+000
    0.927020000000E+005    0.691060929240E+000
    0.927520000000E+005    0.691482949856E+000
    0.928020000000E+005    0.691904849933E+000
    0.928520000000E+005    0.692326629371E+000
    0.929020000000E+005    0.692748288070E+000
    0.929520000000E+005    0.693169825930E+000
    0.930020000000E+005    0.693591242852E+000
    0.930520000000E+005    0.694012538737E+000
    0.931020000000E+005    0.694433713486E+000
    0.931520000000E+005    0.694854767000E+000
    0.932020000000E+005    0.695275699181E+000
    0.932520000000E+005    0.695696509931E+000
    0.933020000000E+005    0.696117199151E+000
    0.933520000000E+005    0.696537766744E+000
    0.934020000000E+005    0.696958212612E+000
    0.934520000000E+005    0.697378536659E+000
    0.935020000000E+005    0.697798738786E+000
    0.935520000000E+005    0.698218818897E+000
    0.936020000000E+005    0.698638776895E+000
    0.936520000000E+005    0.699058612685E+000
    0.937020000000E+005    0.699478326168E+000
    0.937520000000E+005    0.699897917251E+000
    0.938020000000E+005    0.700317385836E+000
    0.938520000000E+005    0.700736731829E+000
    0.939020000000E+005    0.701155955133E+000
    0.939520000000E+005    0.701575055654E+000
    0.940020000000E+005    0.701994033297E+000
    0.940520000000E+005    0.702412887968E+000
    0.941020000000E+005    0.702831619570E+000
    0.941520000000E+005    0.703250228012E+000
    0.942020000000E+005    0.703668713198E+000
    0.942520000000E+005    0.704087075034E+000
    0.943020000000E+005    0.704505313428E+000
    0.943520000000E+005    0.704923428285E+000
    0.944020000000E+005    0.705341419512E+000
    0.944520000000E+005    0.705759287018E+000
    0.945020000000E+005    0.706177030707E+000
    0.945520000000E+005    0.706594650490E+000
    0.946020000000E+005    0.707012146272E+000
    0.946520000000E+005    0.707429517962E+000
    0.947020000000E+005    0.707846765468E+000
    0.947520000000E+005    0.708263888699E+000
    0.948020000000E+005    0.708680887562E+000
    0.948520000000E+005    0.709097761967E+000
    0.949020000000E+005    0.709514511823E+000
    0.949520000000E+005    0.709931137039E+000
    0.950020000000E+005    0.710347637524E+000
    0.950520000000E+005    0.710764013188E+000
    0.951020000000E+005    0.711180263941E+000
    0.951520000000E+005    0.711596389693E+000
    0.952020000000E+005    0.712012390353E+000
    0.952520000000E+005    0.712428265834E+000
    0.953020000000E+005    0.712844016045E+000
    0.953520000000E+005    0.713259640897E+000
    0.954020000000E+005    0.713675140301E+000
    0.954520000000E+005    0.714090514169E+000
    0.955020000000E+005    0.714505762412E+000
    0.955520000000E+005    0.714920884942E+000
    0.956020000000E+005    0.715335881670E+000
    0.956520000000E+005    0.715750752510E+000
    0.957020000000E+005    0.716165497373E+000
    0.957520000000E+005    0.716580116173E+000
    0.958020000000E+005    0.716994608821E+000
    0.958520000000E+005    0.717408975230E+000
    0.959020000000E+005    0.717823215315E+000
    0.959520000000E+005    0.718237328988E+000
    0.960020000000E+005    0.718651316164E+000
    0.960520000000E+005    0.719065176755E+000
    0.961020000000E+005    0.719478910676E+000
    0.961520000000E+005    0.719892517841E+000
    0.962020000000E+005    0.720305998165E+000
    0.962520000000E+005    0.720719351562E+000
    0.963020000000E+005    0.721132577947E+000
    0.963520000000E+005    0.721545677236E+000
    0.964020000000E+005    0.721958649343E+000
    0.964520000000E+005    0.722371494184E+000
    0.965020000000E+005    0.722784211674E+000
    0.965520000000E+005    0.723196801730E+000
    0.966020000000E+005    0.723609264268E+000
    0.966520000000E+005    0.724021599204E+000
    0.967020000000E+005    0.724433806454E+000
    0.967520000000E+005    0.724845885936E+000
    0.968020000000E+005    0.725257837565E+000
    0.968520000000E+005    0.725669661260E+000
    0.969020000000E+005    0.726081356937E+000
    0.969520000000E+005    0.726492924515E+000
    0.970020000000E+005    0.726904363910E+000
    0.970520000000E+005    0.727315675040E+000
    0.971020000000E+005    0.727726857825E+000
    0.971520000000E+005    0.728137912182E+000
    0.972020000000E+005    0.728548838029E+000
    0.972520000000E+005    0.728959635286E+000
    0.973020000000E+005    0.729370303871E+000
    0.973520000000E+005    0.729780843704E+000
    0.974020000000E+005    0.730191254704E+000
    0.974520000000E+005    0.730601536789E+000
    0.975020000000E+005    0.731011689881E+000
    0.975520000000E+005    0.731421713899E+000
    0.976020000000E+005    0.731831608763E+000
    0.976520000000E+005    0.732241374394E+000
    0.977020000000E+005    0.732651010711E+000
    0.977520000000E+005    0.733060517637E+000
    0.978020000000E+005    0.733469895091E+000
    0.978520000000E+005    0.733879142994E+000
    0.979020000000E+005    0.734288261269E+000
    0.979520000000E+005    0.734697249837E+000
    0.980020000000E+005    0.735106108618E+000
    0.980520000000E+005    0.735514837536E+000
    0.981020000000E+005    0.735923436512E+000
    0.981520000000E+005    0.736331905469E+000
    0.982020000000E+005    0.736740244329E+000
    0.982520000000E+005    0.737148453015E+000
    0.983020000000E+005    0.737556531450E+000
    0.983520000000E+005    0.737964479556E+000
    0.984020000000E+005    0.738372297258E+000
    0.984520000000E+005    0.738779984478E+000
    0.985020000000E+005    0.739187541140E+000
    0.985520000000E+005    0.739594967168E+000
    0.986020000000E+005    0.740002262487E+000
    0.986520000000E+005    0.740409427020E+000
    0.987020000000E+005    0.740816460692E+000
    0.987520000000E+005    0.741223363427E+000
    0.988020000000E+005    0.741630135150E+000
    0.988520000000E+005    0.742036775787E+000
    0.989020000000E+005    0.742443285262E+000
    0.989520000000E+005    0.742849663502E+000
    0.990020000000E+005    0.743255910431E+000
    0.990520000000E+005    0.743662025975E+000
    0.991020000000E+005    0.744068010060E+000
    0.991520000000E+005    0.744473862613E+000
    0.992020000000E+005    0.744879583560E+000
    0.992520000000E+005    0.745285172827E+000
    0.993020000000E+005    0.745690630341E+000
    0.993520000000E+005    0.746095956030E+000
    0.994020000000E+005    0.746501149819E+000
    0.994520000000E+005    0.746906211637E+000
    0.995020000000E+005    0.747311141411E+000
    0.995520000000E+005    0.747715939069E+000
    0.996020000000E+005    0.748120604538E+000
    0.996520000000E+005    0.748525137747E+000
    0.997020000000E+005    0.748929538623E+000
    0.997520000000E+005    0.749333807096E+000
    0.998020000000E+005    0.749737943094E+000
    0.998520000000E+005    0.750141946546E+000
    0.999020000000E+005    0.750545817381E+000
    0.999520000000E+005    0.750949555527E+000
