TITLE = "0D Field KB"
VARIABLES = N ,"KB_Ha10Rem1Re100"
ZONE DATAPACKING = POINT
    0.200000000000E+001    0.799992000074E-009
    0.520000000000E+002    0.540520789763E-006
    0.102000000000E+003    0.207820819874E-005
    0.152000000000E+003    0.460902816089E-005
    0.202000000000E+003    0.812453042770E-005
    0.252000000000E+003    0.126142014950E-004
    0.302000000000E+003    0.180666651019E-004
    0.352000000000E+003    0.244703008458E-004
    0.402000000000E+003    0.318135460162E-004
    0.452000000000E+003    0.400850404633E-004
    0.502000000000E+003    0.492736929317E-004
    0.552000000000E+003    0.593687072310E-004
    0.602000000000E+003    0.703595875761E-004
    0.652000000000E+003    0.822361331597E-004
    0.702000000000E+003    0.949884273323E-004
    0.752000000000E+003    0.108606824316E-003
    0.802000000000E+003    0.123081935055E-003
    0.852000000000E+003    0.138404613086E-003
    0.902000000000E+003    0.154565940889E-003
    0.952000000000E+003    0.171557216951E-003
    0.100200000000E+004    0.189369943654E-003
    0.105200000000E+004    0.207995815993E-003
    0.110200000000E+004    0.227426711126E-003
    0.115200000000E+004    0.247654678701E-003
    0.120200000000E+004    0.268671931918E-003
    0.125200000000E+004    0.290470839268E-003
    0.130200000000E+004    0.313043916889E-003
    0.135200000000E+004    0.336383821495E-003
    0.140200000000E+004    0.360483343826E-003
    0.145200000000E+004    0.385335402563E-003
    0.150200000000E+004    0.410933038680E-003
    0.155200000000E+004    0.437269410191E-003
    0.160200000000E+004    0.464337787253E-003
    0.165200000000E+004    0.492131547598E-003
    0.170200000000E+004    0.520644172262E-003
    0.175200000000E+004    0.549869241594E-003
    0.180200000000E+004    0.579800431508E-003
    0.185200000000E+004    0.610431509973E-003
    0.190200000000E+004    0.641756333704E-003
    0.195200000000E+004    0.673768845058E-003
    0.200200000000E+004    0.706463069103E-003
    0.205200000000E+004    0.739833110861E-003
    0.210200000000E+004    0.773873152699E-003
    0.215200000000E+004    0.808577451859E-003
    0.220200000000E+004    0.843940338126E-003
    0.225200000000E+004    0.879956211613E-003
    0.230200000000E+004    0.916619540659E-003
    0.235200000000E+004    0.953924859838E-003
    0.240200000000E+004    0.991866768054E-003
    0.245200000000E+004    0.103043992675E-002
    0.250200000000E+004    0.106963905816E-002
    0.255200000000E+004    0.110945894373E-002
    0.260200000000E+004    0.114989442250E-002
    0.265200000000E+004    0.119094038961E-002
    0.270200000000E+004    0.123259179493E-002
    0.275200000000E+004    0.127484364164E-002
    0.280200000000E+004    0.131769098492E-002
    0.285200000000E+004    0.136112893074E-002
    0.290200000000E+004    0.140515263464E-002
    0.295200000000E+004    0.144975730056E-002
    0.300200000000E+004    0.149493817976E-002
    0.305200000000E+004    0.154069056976E-002
    0.310200000000E+004    0.158700981330E-002
    0.315200000000E+004    0.163389129738E-002
    0.320200000000E+004    0.168133045230E-002
    0.325200000000E+004    0.172932275075E-002
    0.330200000000E+004    0.177786370693E-002
    0.335200000000E+004    0.182694887573E-002
    0.340200000000E+004    0.187657385187E-002
    0.345200000000E+004    0.192673426918E-002
    0.350200000000E+004    0.197742579978E-002
    0.355200000000E+004    0.202864415338E-002
    0.360200000000E+004    0.208038507653E-002
    0.365200000000E+004    0.213264435201E-002
    0.370200000000E+004    0.218541779808E-002
    0.375200000000E+004    0.223870126788E-002
    0.380200000000E+004    0.229249064883E-002
    0.385200000000E+004    0.234678186197E-002
    0.390200000000E+004    0.240157086144E-002
    0.395200000000E+004    0.245685363388E-002
    0.400200000000E+004    0.251262619786E-002
    0.405200000000E+004    0.256888460340E-002
    0.410200000000E+004    0.262562493142E-002
    0.415200000000E+004    0.268284329322E-002
    0.420200000000E+004    0.274053583004E-002
    0.425200000000E+004    0.279869871255E-002
    0.430200000000E+004    0.285732814040E-002
    0.435200000000E+004    0.291642034178E-002
    0.440200000000E+004    0.297597157298E-002
    0.445200000000E+004    0.303597811797E-002
    0.450200000000E+004    0.309643628797E-002
    0.455200000000E+004    0.315734242106E-002
    0.460200000000E+004    0.321869288180E-002
    0.465200000000E+004    0.328048406082E-002
    0.470200000000E+004    0.334271237448E-002
    0.475200000000E+004    0.340537426450E-002
    0.480200000000E+004    0.346846619760E-002
    0.485200000000E+004    0.353198466517E-002
    0.490200000000E+004    0.359592618291E-002
    0.495200000000E+004    0.366028729053E-002
    0.500200000000E+004    0.372506455139E-002
    0.505200000000E+004    0.379025455225E-002
    0.510200000000E+004    0.385585390290E-002
    0.515200000000E+004    0.392185923592E-002
    0.520200000000E+004    0.398826720635E-002
    0.525200000000E+004    0.405507449143E-002
    0.530200000000E+004    0.412227779032E-002
    0.535200000000E+004    0.418987382380E-002
    0.540200000000E+004    0.425785933404E-002
    0.545200000000E+004    0.432623108432E-002
    0.550200000000E+004    0.439498585879E-002
    0.555200000000E+004    0.446412046221E-002
    0.560200000000E+004    0.453363171973E-002
    0.565200000000E+004    0.460351647662E-002
    0.570200000000E+004    0.467377159807E-002
    0.575200000000E+004    0.474439396893E-002
    0.580200000000E+004    0.481538049354E-002
    0.585200000000E+004    0.488672809542E-002
    0.590200000000E+004    0.495843371714E-002
    0.595200000000E+004    0.503049432010E-002
    0.600200000000E+004    0.510290688427E-002
    0.605200000000E+004    0.517566840807E-002
    0.610200000000E+004    0.524877590811E-002
    0.615200000000E+004    0.532222641901E-002
    0.620200000000E+004    0.539601699324E-002
    0.625200000000E+004    0.547014470090E-002
    0.630200000000E+004    0.554460662954E-002
    0.635200000000E+004    0.561939988400E-002
    0.640200000000E+004    0.569452158622E-002
    0.645200000000E+004    0.576996887509E-002
    0.650200000000E+004    0.584573890627E-002
    0.655200000000E+004    0.592182885201E-002
    0.660200000000E+004    0.599823590100E-002
    0.665200000000E+004    0.607495725822E-002
    0.670200000000E+004    0.615199014476E-002
    0.675200000000E+004    0.622933179768E-002
    0.680200000000E+004    0.630697946986E-002
    0.685200000000E+004    0.638493042985E-002
    0.690200000000E+004    0.646318196173E-002
    0.695200000000E+004    0.654173136498E-002
    0.700200000000E+004    0.662057595428E-002
    0.705200000000E+004    0.669971305946E-002
    0.710200000000E+004    0.677914002530E-002
    0.715200000000E+004    0.685885421140E-002
    0.720200000000E+004    0.693885299207E-002
    0.725200000000E+004    0.701913375621E-002
    0.730200000000E+004    0.709969390715E-002
    0.735200000000E+004    0.718053086258E-002
    0.740200000000E+004    0.726164205435E-002
    0.745200000000E+004    0.734302492843E-002
    0.750200000000E+004    0.742467694473E-002
    0.755200000000E+004    0.750659557703E-002
    0.760200000000E+004    0.758877831281E-002
    0.765200000000E+004    0.767122265319E-002
    0.770200000000E+004    0.775392611281E-002
    0.775200000000E+004    0.783688621969E-002
    0.780200000000E+004    0.792010051517E-002
    0.785200000000E+004    0.800356655376E-002
    0.790200000000E+004    0.808728190307E-002
    0.795200000000E+004    0.817124414369E-002
    0.800200000000E+004    0.825545086908E-002
    0.805200000000E+004    0.833989968549E-002
    0.810200000000E+004    0.842458821184E-002
    0.815200000000E+004    0.850951407968E-002
    0.820200000000E+004    0.859467493301E-002
    0.825200000000E+004    0.868006842827E-002
    0.830200000000E+004    0.876569223419E-002
    0.835200000000E+004    0.885154403174E-002
    0.840200000000E+004    0.893762151401E-002
    0.845200000000E+004    0.902392238611E-002
    0.850200000000E+004    0.911044436514E-002
    0.855200000000E+004    0.919718518005E-002
    0.860200000000E+004    0.928414257160E-002
    0.865200000000E+004    0.937131429224E-002
    0.870200000000E+004    0.945869810606E-002
    0.875200000000E+004    0.954629178869E-002
    0.880200000000E+004    0.963409312722E-002
    0.885200000000E+004    0.972209992012E-002
    0.890200000000E+004    0.981030997720E-002
    0.895200000000E+004    0.989872111945E-002
    0.900200000000E+004    0.998733117908E-002
    0.905200000000E+004    0.100761379993E-001
    0.910200000000E+004    0.101651394345E-001
    0.915200000000E+004    0.102543333499E-001
    0.920200000000E+004    0.103437176215E-001
    0.925200000000E+004    0.104332901362E-001
    0.930200000000E+004    0.105230487918E-001
    0.935200000000E+004    0.106129914964E-001
    0.940200000000E+004    0.107031161690E-001
    0.945200000000E+004    0.107934207390E-001
    0.950200000000E+004    0.108839031463E-001
    0.955200000000E+004    0.109745613412E-001
    0.960200000000E+004    0.110653932843E-001
    0.965200000000E+004    0.111563969466E-001
    0.970200000000E+004    0.112475703091E-001
    0.975200000000E+004    0.113389113631E-001
    0.980200000000E+004    0.114304181101E-001
    0.985200000000E+004    0.115220885613E-001
    0.990200000000E+004    0.116139207382E-001
    0.995200000000E+004    0.117059126721E-001
    0.100020000000E+005    0.117980624041E-001
    0.100520000000E+005    0.118903679851E-001
    0.101020000000E+005    0.119828274760E-001
    0.101520000000E+005    0.120754389469E-001
    0.102020000000E+005    0.121682004781E-001
    0.102520000000E+005    0.122611101590E-001
    0.103020000000E+005    0.123541660888E-001
    0.103520000000E+005    0.124473663761E-001
    0.104020000000E+005    0.125407091389E-001
    0.104520000000E+005    0.126341925047E-001
    0.105020000000E+005    0.127278146101E-001
    0.105520000000E+005    0.128215736012E-001
    0.106020000000E+005    0.129154676331E-001
    0.106520000000E+005    0.130094948702E-001
    0.107020000000E+005    0.131036534861E-001
    0.107520000000E+005    0.131979416632E-001
    0.108020000000E+005    0.132923575933E-001
    0.108520000000E+005    0.133868994769E-001
    0.109020000000E+005    0.134815655234E-001
    0.109520000000E+005    0.135763539514E-001
    0.110020000000E+005    0.136712629881E-001
    0.110520000000E+005    0.137662908694E-001
    0.111020000000E+005    0.138614358401E-001
    0.111520000000E+005    0.139566961539E-001
    0.112020000000E+005    0.140520700727E-001
    0.112520000000E+005    0.141475558675E-001
    0.113020000000E+005    0.142431518175E-001
    0.113520000000E+005    0.143388562107E-001
    0.114020000000E+005    0.144346673433E-001
    0.114520000000E+005    0.145305835204E-001
    0.115020000000E+005    0.146266030550E-001
    0.115520000000E+005    0.147227242688E-001
    0.116020000000E+005    0.148189454917E-001
    0.116520000000E+005    0.149152650620E-001
    0.117020000000E+005    0.150116813262E-001
    0.117520000000E+005    0.151081926389E-001
    0.118020000000E+005    0.152047973629E-001
    0.118520000000E+005    0.153014938693E-001
    0.119020000000E+005    0.153982805372E-001
    0.119520000000E+005    0.154951557537E-001
    0.120020000000E+005    0.155921179139E-001
    0.120520000000E+005    0.156891654209E-001
    0.121020000000E+005    0.157862966860E-001
    0.121520000000E+005    0.158835101279E-001
    0.122020000000E+005    0.159808041738E-001
    0.122520000000E+005    0.160781772581E-001
    0.123020000000E+005    0.161756278234E-001
    0.123520000000E+005    0.162731543201E-001
    0.124020000000E+005    0.163707552060E-001
    0.124520000000E+005    0.164684289469E-001
    0.125020000000E+005    0.165661740161E-001
    0.125520000000E+005    0.166639888946E-001
    0.126020000000E+005    0.167618720710E-001
    0.126520000000E+005    0.168598220415E-001
    0.127020000000E+005    0.169578373096E-001
    0.127520000000E+005    0.170559163866E-001
    0.128020000000E+005    0.171540577911E-001
    0.128520000000E+005    0.172522600491E-001
    0.129020000000E+005    0.173505216941E-001
    0.129520000000E+005    0.174488412668E-001
    0.130020000000E+005    0.175472173155E-001
    0.130520000000E+005    0.176456483956E-001
    0.131020000000E+005    0.177441330697E-001
    0.131520000000E+005    0.178426699079E-001
    0.132020000000E+005    0.179412574873E-001
    0.132520000000E+005    0.180398943922E-001
    0.133020000000E+005    0.181385792142E-001
    0.133520000000E+005    0.182373105519E-001
    0.134020000000E+005    0.183360870109E-001
    0.134520000000E+005    0.184349072040E-001
    0.135020000000E+005    0.185337697510E-001
    0.135520000000E+005    0.186326732787E-001
    0.136020000000E+005    0.187316164208E-001
    0.136520000000E+005    0.188305978180E-001
    0.137020000000E+005    0.189296161180E-001
    0.137520000000E+005    0.190286699751E-001
    0.138020000000E+005    0.191277580508E-001
    0.138520000000E+005    0.192268790133E-001
    0.139020000000E+005    0.193260315375E-001
    0.139520000000E+005    0.194252143051E-001
    0.140020000000E+005    0.195244260047E-001
    0.140520000000E+005    0.196236653315E-001
    0.141020000000E+005    0.197229309873E-001
    0.141520000000E+005    0.198222216807E-001
    0.142020000000E+005    0.199215361270E-001
    0.142520000000E+005    0.200208730478E-001
    0.143020000000E+005    0.201202311717E-001
    0.143520000000E+005    0.202196092334E-001
    0.144020000000E+005    0.203190059747E-001
    0.144520000000E+005    0.204184201433E-001
    0.145020000000E+005    0.205178504937E-001
    0.145520000000E+005    0.206172957869E-001
    0.146020000000E+005    0.207167547902E-001
    0.146520000000E+005    0.208162262773E-001
    0.147020000000E+005    0.209157090283E-001
    0.147520000000E+005    0.210152018297E-001
    0.148020000000E+005    0.211147034743E-001
    0.148520000000E+005    0.212142127611E-001
    0.149020000000E+005    0.213137284955E-001
    0.149520000000E+005    0.214132494891E-001
    0.150020000000E+005    0.215127745597E-001
    0.150520000000E+005    0.216123025314E-001
    0.151020000000E+005    0.217118322343E-001
    0.151520000000E+005    0.218113625049E-001
    0.152020000000E+005    0.219108921856E-001
    0.152520000000E+005    0.220104201250E-001
    0.153020000000E+005    0.221099451779E-001
    0.153520000000E+005    0.222094662048E-001
    0.154020000000E+005    0.223089820727E-001
    0.154520000000E+005    0.224084916542E-001
    0.155020000000E+005    0.225079938282E-001
    0.155520000000E+005    0.226074874793E-001
    0.156020000000E+005    0.227069714982E-001
    0.156520000000E+005    0.228064447816E-001
    0.157020000000E+005    0.229059062318E-001
    0.157520000000E+005    0.230053547573E-001
    0.158020000000E+005    0.231047892723E-001
    0.158520000000E+005    0.232042086967E-001
    0.159020000000E+005    0.233036119564E-001
    0.159520000000E+005    0.234029979830E-001
    0.160020000000E+005    0.235023657139E-001
    0.160520000000E+005    0.236017140921E-001
    0.161020000000E+005    0.237010420666E-001
    0.161520000000E+005    0.238003485918E-001
    0.162020000000E+005    0.238996326279E-001
    0.162520000000E+005    0.239988931407E-001
    0.163020000000E+005    0.240981291018E-001
    0.163520000000E+005    0.241973394881E-001
    0.164020000000E+005    0.242965232823E-001
    0.164520000000E+005    0.243956794727E-001
    0.165020000000E+005    0.244948070529E-001
    0.165520000000E+005    0.245939050224E-001
    0.166020000000E+005    0.246929723858E-001
    0.166520000000E+005    0.247920081534E-001
    0.167020000000E+005    0.248910113409E-001
    0.167520000000E+005    0.249899809694E-001
    0.168020000000E+005    0.250889160656E-001
    0.168520000000E+005    0.251878156614E-001
    0.169020000000E+005    0.252866787941E-001
    0.169520000000E+005    0.253855045065E-001
    0.170020000000E+005    0.254842918464E-001
    0.170520000000E+005    0.255830398673E-001
    0.171020000000E+005    0.256817476278E-001
    0.171520000000E+005    0.257804141918E-001
    0.172020000000E+005    0.258790386283E-001
    0.172520000000E+005    0.259776200119E-001
    0.173020000000E+005    0.260761574221E-001
    0.173520000000E+005    0.261746499437E-001
    0.174020000000E+005    0.262730966666E-001
    0.174520000000E+005    0.263714966860E-001
    0.175020000000E+005    0.264698491021E-001
    0.175520000000E+005    0.265681530202E-001
    0.176020000000E+005    0.266664075508E-001
    0.176520000000E+005    0.267646118094E-001
    0.177020000000E+005    0.268627649167E-001
    0.177520000000E+005    0.269608659981E-001
    0.178020000000E+005    0.270589141843E-001
    0.178520000000E+005    0.271569086111E-001
    0.179020000000E+005    0.272548484188E-001
    0.179520000000E+005    0.273527327532E-001
    0.180020000000E+005    0.274505607647E-001
    0.180520000000E+005    0.275483316088E-001
    0.181020000000E+005    0.276460444457E-001
    0.181520000000E+005    0.277436984407E-001
    0.182020000000E+005    0.278412927638E-001
    0.182520000000E+005    0.279388265900E-001
    0.183020000000E+005    0.280362990989E-001
    0.183520000000E+005    0.281337094753E-001
    0.184020000000E+005    0.282310569083E-001
    0.184520000000E+005    0.283283405921E-001
    0.185020000000E+005    0.284255597255E-001
    0.185520000000E+005    0.285227135123E-001
    0.186020000000E+005    0.286198011606E-001
    0.186520000000E+005    0.287168218835E-001
    0.187020000000E+005    0.288137748987E-001
    0.187520000000E+005    0.289106594286E-001
    0.188020000000E+005    0.290074747001E-001
    0.188520000000E+005    0.291042199449E-001
    0.189020000000E+005    0.292008943993E-001
    0.189520000000E+005    0.292974973040E-001
    0.190020000000E+005    0.293940279044E-001
    0.190520000000E+005    0.294904854506E-001
    0.191020000000E+005    0.295868691970E-001
    0.191520000000E+005    0.296831784027E-001
    0.192020000000E+005    0.297794123311E-001
    0.192520000000E+005    0.298755702502E-001
    0.193020000000E+005    0.299716514326E-001
    0.193520000000E+005    0.300676551551E-001
    0.194020000000E+005    0.301635806992E-001
    0.194520000000E+005    0.302594273506E-001
    0.195020000000E+005    0.303551943994E-001
    0.195520000000E+005    0.304508811402E-001
    0.196020000000E+005    0.305464868720E-001
    0.196520000000E+005    0.306420108980E-001
    0.197020000000E+005    0.307374525258E-001
    0.197520000000E+005    0.308328110673E-001
    0.198020000000E+005    0.309280858388E-001
    0.198520000000E+005    0.310232761606E-001
    0.199020000000E+005    0.311183813577E-001
    0.199520000000E+005    0.312134007590E-001
    0.200020000000E+005    0.313083336976E-001
    0.200520000000E+005    0.314031795112E-001
    0.201020000000E+005    0.314979375412E-001
    0.201520000000E+005    0.315926071336E-001
    0.202020000000E+005    0.316871876383E-001
    0.202520000000E+005    0.317816784095E-001
    0.203020000000E+005    0.318760788055E-001
    0.203520000000E+005    0.319703881885E-001
    0.204020000000E+005    0.320646059252E-001
    0.204520000000E+005    0.321587313861E-001
    0.205020000000E+005    0.322527639458E-001
    0.205520000000E+005    0.323467029831E-001
    0.206020000000E+005    0.324405478805E-001
    0.206520000000E+005    0.325342980250E-001
    0.207020000000E+005    0.326279528072E-001
    0.207520000000E+005    0.327215116218E-001
    0.208020000000E+005    0.328149738676E-001
    0.208520000000E+005    0.329083389473E-001
    0.209020000000E+005    0.330016062674E-001
    0.209520000000E+005    0.330947752385E-001
    0.210020000000E+005    0.331878452751E-001
    0.210520000000E+005    0.332808157953E-001
    0.211020000000E+005    0.333736862215E-001
    0.211520000000E+005    0.334664559798E-001
    0.212020000000E+005    0.335591245000E-001
    0.212520000000E+005    0.336516912159E-001
    0.213020000000E+005    0.337441555651E-001
    0.213520000000E+005    0.338365169889E-001
    0.214020000000E+005    0.339287749325E-001
    0.214520000000E+005    0.340209288449E-001
    0.215020000000E+005    0.341129781787E-001
    0.215520000000E+005    0.342049223903E-001
    0.216020000000E+005    0.342967609399E-001
    0.216520000000E+005    0.343884932913E-001
    0.217020000000E+005    0.344801189122E-001
    0.217520000000E+005    0.345716372737E-001
    0.218020000000E+005    0.346630478508E-001
    0.218520000000E+005    0.347543501220E-001
    0.219020000000E+005    0.348455435695E-001
    0.219520000000E+005    0.349366276791E-001
    0.220020000000E+005    0.350276019402E-001
    0.220520000000E+005    0.351184658460E-001
    0.221020000000E+005    0.352092188928E-001
    0.221520000000E+005    0.352998605810E-001
    0.222020000000E+005    0.353903904143E-001
    0.222520000000E+005    0.354808078998E-001
    0.223020000000E+005    0.355711125483E-001
    0.223520000000E+005    0.356613038741E-001
    0.224020000000E+005    0.357513813950E-001
    0.224520000000E+005    0.358413446321E-001
    0.225020000000E+005    0.359311931103E-001
    0.225520000000E+005    0.360209263576E-001
    0.226020000000E+005    0.361105439057E-001
    0.226520000000E+005    0.362000452895E-001
    0.227020000000E+005    0.362894300474E-001
    0.227520000000E+005    0.363786977214E-001
    0.228020000000E+005    0.364678478564E-001
    0.228520000000E+005    0.365568800012E-001
    0.229020000000E+005    0.366457937076E-001
    0.229520000000E+005    0.367345885308E-001
    0.230020000000E+005    0.368232640295E-001
    0.230520000000E+005    0.369118197654E-001
    0.231020000000E+005    0.370002553038E-001
    0.231520000000E+005    0.370885702131E-001
    0.232020000000E+005    0.371767640651E-001
    0.232520000000E+005    0.372648364347E-001
    0.233020000000E+005    0.373527869001E-001
    0.233520000000E+005    0.374406150428E-001
    0.234020000000E+005    0.375283204474E-001
    0.234520000000E+005    0.376159027019E-001
    0.235020000000E+005    0.377033613972E-001
    0.235520000000E+005    0.377906961277E-001
    0.236020000000E+005    0.378779064906E-001
    0.236520000000E+005    0.379649920866E-001
    0.237020000000E+005    0.380519525194E-001
    0.237520000000E+005    0.381387873956E-001
    0.238020000000E+005    0.382254963253E-001
    0.238520000000E+005    0.383120789214E-001
    0.239020000000E+005    0.383985348000E-001
    0.239520000000E+005    0.384848635803E-001
    0.240020000000E+005    0.385710648845E-001
    0.240520000000E+005    0.386571383379E-001
    0.241020000000E+005    0.387430835687E-001
    0.241520000000E+005    0.388289002083E-001
    0.242020000000E+005    0.389145878909E-001
    0.242520000000E+005    0.390001462540E-001
    0.243020000000E+005    0.390855749378E-001
    0.243520000000E+005    0.391708735855E-001
    0.244020000000E+005    0.392560418434E-001
    0.244520000000E+005    0.393410793606E-001
    0.245020000000E+005    0.394259857892E-001
    0.245520000000E+005    0.395107607843E-001
    0.246020000000E+005    0.395954040037E-001
    0.246520000000E+005    0.396799151082E-001
    0.247020000000E+005    0.397642937616E-001
    0.247520000000E+005    0.398485396304E-001
    0.248020000000E+005    0.399326523840E-001
    0.248520000000E+005    0.400166316946E-001
    0.249020000000E+005    0.401004772374E-001
    0.249520000000E+005    0.401841886902E-001
    0.250020000000E+005    0.402677657338E-001
    0.250520000000E+005    0.403512080517E-001
    0.251020000000E+005    0.404345153302E-001
    0.251520000000E+005    0.405176872583E-001
    0.252020000000E+005    0.406007235279E-001
    0.252520000000E+005    0.406836238336E-001
    0.253020000000E+005    0.407663878725E-001
    0.253520000000E+005    0.408490153449E-001
    0.254020000000E+005    0.409315059534E-001
    0.254520000000E+005    0.410138594035E-001
    0.255020000000E+005    0.410960754032E-001
    0.255520000000E+005    0.411781536635E-001
    0.256020000000E+005    0.412600938978E-001
    0.256520000000E+005    0.413418958222E-001
    0.257020000000E+005    0.414235591554E-001
    0.257520000000E+005    0.415050836190E-001
    0.258020000000E+005    0.415864689369E-001
    0.258520000000E+005    0.416677148357E-001
    0.259020000000E+005    0.417488210446E-001
    0.259520000000E+005    0.418297872955E-001
    0.260020000000E+005    0.419106133228E-001
    0.260520000000E+005    0.419912988634E-001
    0.261020000000E+005    0.420718436567E-001
    0.261520000000E+005    0.421522474448E-001
    0.262020000000E+005    0.422325099724E-001
    0.262520000000E+005    0.423126309863E-001
    0.263020000000E+005    0.423926102363E-001
    0.263520000000E+005    0.424724474744E-001
    0.264020000000E+005    0.425521424552E-001
    0.264520000000E+005    0.426316949357E-001
    0.265020000000E+005    0.427111046754E-001
    0.265520000000E+005    0.427903714362E-001
    0.266020000000E+005    0.428694949826E-001
    0.266520000000E+005    0.429484750814E-001
    0.267020000000E+005    0.430273115017E-001
    0.267520000000E+005    0.431060040153E-001
    0.268020000000E+005    0.431845523961E-001
    0.268520000000E+005    0.432629564206E-001
    0.269020000000E+005    0.433412158676E-001
    0.269520000000E+005    0.434193305183E-001
    0.270020000000E+005    0.434973001561E-001
    0.270520000000E+005    0.435751245670E-001
    0.271020000000E+005    0.436528035391E-001
    0.271520000000E+005    0.437303368629E-001
    0.272020000000E+005    0.438077243313E-001
    0.272520000000E+005    0.438849657394E-001
    0.273020000000E+005    0.439620608846E-001
    0.273520000000E+005    0.440390095667E-001
    0.274020000000E+005    0.441158115875E-001
    0.274520000000E+005    0.441924667513E-001
    0.275020000000E+005    0.442689748646E-001
    0.275520000000E+005    0.443453357361E-001
    0.276020000000E+005    0.444215491768E-001
    0.276520000000E+005    0.444976149998E-001
    0.277020000000E+005    0.445735330205E-001
    0.277520000000E+005    0.446493030565E-001
    0.278020000000E+005    0.447249249275E-001
    0.278520000000E+005    0.448003984555E-001
    0.279020000000E+005    0.448757234645E-001
    0.279520000000E+005    0.449508997810E-001
    0.280020000000E+005    0.450259272332E-001
    0.280520000000E+005    0.451008056517E-001
    0.281020000000E+005    0.451755348692E-001
    0.281520000000E+005    0.452501147206E-001
    0.282020000000E+005    0.453245450427E-001
    0.282520000000E+005    0.453988256745E-001
    0.283020000000E+005    0.454729564572E-001
    0.283520000000E+005    0.455469372339E-001
    0.284020000000E+005    0.456207678499E-001
    0.284520000000E+005    0.456944481525E-001
    0.285020000000E+005    0.457679779910E-001
    0.285520000000E+005    0.458413572169E-001
    0.286020000000E+005    0.459145856837E-001
    0.286520000000E+005    0.459876632467E-001
    0.287020000000E+005    0.460605897634E-001
    0.287520000000E+005    0.461333650934E-001
    0.288020000000E+005    0.462059890981E-001
    0.288520000000E+005    0.462784616409E-001
    0.289020000000E+005    0.463507825874E-001
    0.289520000000E+005    0.464229518048E-001
    0.290020000000E+005    0.464949691626E-001
    0.290520000000E+005    0.465668345320E-001
    0.291020000000E+005    0.466385477864E-001
    0.291520000000E+005    0.467101088009E-001
    0.292020000000E+005    0.467815174525E-001
    0.292520000000E+005    0.468527736203E-001
    0.293020000000E+005    0.469238771852E-001
    0.293520000000E+005    0.469948280300E-001
    0.294020000000E+005    0.470656260394E-001
    0.294520000000E+005    0.471362710999E-001
    0.295020000000E+005    0.472067631000E-001
    0.295520000000E+005    0.472771019300E-001
    0.296020000000E+005    0.473472874820E-001
    0.296520000000E+005    0.474173196499E-001
    0.297020000000E+005    0.474871983296E-001
    0.297520000000E+005    0.475569234187E-001
    0.298020000000E+005    0.476264948166E-001
    0.298520000000E+005    0.476959124247E-001
    0.299020000000E+005    0.477651761458E-001
    0.299520000000E+005    0.478342858849E-001
    0.300020000000E+005    0.479032415486E-001
    0.300520000000E+005    0.479720430452E-001
    0.301020000000E+005    0.480406902849E-001
    0.301520000000E+005    0.481091831795E-001
    0.302020000000E+005    0.481775216428E-001
    0.302520000000E+005    0.482457055900E-001
    0.303020000000E+005    0.483137349383E-001
    0.303520000000E+005    0.483816096065E-001
    0.304020000000E+005    0.484493295152E-001
    0.304520000000E+005    0.485168945864E-001
    0.305020000000E+005    0.485843047443E-001
    0.305520000000E+005    0.486515599143E-001
    0.306020000000E+005    0.487186600238E-001
    0.306520000000E+005    0.487856050018E-001
    0.307020000000E+005    0.488523947788E-001
    0.307520000000E+005    0.489190292871E-001
    0.308020000000E+005    0.489855084607E-001
    0.308520000000E+005    0.490518322350E-001
    0.309020000000E+005    0.491180005474E-001
    0.309520000000E+005    0.491840133365E-001
    0.310020000000E+005    0.492498705428E-001
    0.310520000000E+005    0.493155721083E-001
    0.311020000000E+005    0.493811179766E-001
    0.311520000000E+005    0.494465080930E-001
    0.312020000000E+005    0.495117424041E-001
    0.312520000000E+005    0.495768208585E-001
    0.313020000000E+005    0.496417434059E-001
    0.313520000000E+005    0.497065099979E-001
    0.314020000000E+005    0.497711205874E-001
    0.314520000000E+005    0.498355751292E-001
    0.315020000000E+005    0.498998735792E-001
    0.315520000000E+005    0.499640158951E-001
    0.316020000000E+005    0.500280020360E-001
    0.316520000000E+005    0.500918319626E-001
    0.317020000000E+005    0.501555056371E-001
    0.317520000000E+005    0.502190230231E-001
    0.318020000000E+005    0.502823840857E-001
    0.318520000000E+005    0.503455887916E-001
    0.319020000000E+005    0.504086371089E-001
    0.319520000000E+005    0.504715290072E-001
    0.320020000000E+005    0.505342644573E-001
    0.320520000000E+005    0.505968434319E-001
    0.321020000000E+005    0.506592659049E-001
    0.321520000000E+005    0.507215318515E-001
    0.322020000000E+005    0.507836412486E-001
    0.322520000000E+005    0.508455940743E-001
    0.323020000000E+005    0.509073903083E-001
    0.323520000000E+005    0.509690299316E-001
    0.324020000000E+005    0.510305129266E-001
    0.324520000000E+005    0.510918392771E-001
    0.325020000000E+005    0.511530089683E-001
    0.325520000000E+005    0.512140219868E-001
    0.326020000000E+005    0.512748783205E-001
    0.326520000000E+005    0.513355779587E-001
    0.327020000000E+005    0.513961208921E-001
    0.327520000000E+005    0.514565071126E-001
    0.328020000000E+005    0.515167366137E-001
    0.328520000000E+005    0.515768093901E-001
    0.329020000000E+005    0.516367254376E-001
    0.329520000000E+005    0.516964847538E-001
    0.330020000000E+005    0.517560873371E-001
    0.330520000000E+005    0.518155331876E-001
    0.331020000000E+005    0.518748223066E-001
    0.331520000000E+005    0.519339546966E-001
    0.332020000000E+005    0.519929303613E-001
    0.332520000000E+005    0.520517493061E-001
    0.333020000000E+005    0.521104115371E-001
    0.333520000000E+005    0.521689170622E-001
    0.334020000000E+005    0.522272658901E-001
    0.334520000000E+005    0.522854580311E-001
    0.335020000000E+005    0.523434934967E-001
    0.335520000000E+005    0.524013722994E-001
    0.336020000000E+005    0.524590944531E-001
    0.336520000000E+005    0.525166599729E-001
    0.337020000000E+005    0.525740688753E-001
    0.337520000000E+005    0.526313211777E-001
    0.338020000000E+005    0.526884168990E-001
    0.338520000000E+005    0.527453560589E-001
    0.339020000000E+005    0.528021386788E-001
    0.339520000000E+005    0.528587647809E-001
    0.340020000000E+005    0.529152343888E-001
    0.340520000000E+005    0.529715475272E-001
    0.341020000000E+005    0.530277042219E-001
    0.341520000000E+005    0.530837044999E-001
    0.342020000000E+005    0.531395483895E-001
    0.342520000000E+005    0.531952359199E-001
    0.343020000000E+005    0.532507671216E-001
    0.343520000000E+005    0.533061420263E-001
    0.344020000000E+005    0.533613606667E-001
    0.344520000000E+005    0.534164230766E-001
    0.345020000000E+005    0.534713292910E-001
    0.345520000000E+005    0.535260793461E-001
    0.346020000000E+005    0.535806732790E-001
    0.346520000000E+005    0.536351111280E-001
    0.347020000000E+005    0.536893929326E-001
    0.347520000000E+005    0.537435187332E-001
    0.348020000000E+005    0.537974885713E-001
    0.348520000000E+005    0.538513024896E-001
    0.349020000000E+005    0.539049605319E-001
    0.349520000000E+005    0.539584627428E-001
    0.350020000000E+005    0.540118091683E-001
    0.350520000000E+005    0.540649998552E-001
    0.351020000000E+005    0.541180348514E-001
    0.351520000000E+005    0.541709142060E-001
    0.352020000000E+005    0.542236379688E-001
    0.352520000000E+005    0.542762061910E-001
    0.353020000000E+005    0.543286189247E-001
    0.353520000000E+005    0.543808762227E-001
    0.354020000000E+005    0.544329781394E-001
    0.354520000000E+005    0.544849247297E-001
    0.355020000000E+005    0.545367160497E-001
    0.355520000000E+005    0.545883521565E-001
    0.356020000000E+005    0.546398331082E-001
    0.356520000000E+005    0.546911589639E-001
    0.357020000000E+005    0.547423297836E-001
    0.357520000000E+005    0.547933456282E-001
    0.358020000000E+005    0.548442065597E-001
    0.358520000000E+005    0.548949126412E-001
    0.359020000000E+005    0.549454639364E-001
    0.359520000000E+005    0.549958605101E-001
    0.360020000000E+005    0.550461024283E-001
    0.360520000000E+005    0.550961897575E-001
    0.361020000000E+005    0.551461225655E-001
    0.361520000000E+005    0.551959009207E-001
    0.362020000000E+005    0.552455248928E-001
    0.362520000000E+005    0.552949945520E-001
    0.363020000000E+005    0.553443099698E-001
    0.363520000000E+005    0.553934712184E-001
    0.364020000000E+005    0.554424783709E-001
    0.364520000000E+005    0.554913315013E-001
    0.365020000000E+005    0.555400306846E-001
    0.365520000000E+005    0.555885759965E-001
    0.366020000000E+005    0.556369675138E-001
    0.366520000000E+005    0.556852053139E-001
    0.367020000000E+005    0.557332894754E-001
    0.367520000000E+005    0.557812200775E-001
    0.368020000000E+005    0.558289972003E-001
    0.368520000000E+005    0.558766209249E-001
    0.369020000000E+005    0.559240913331E-001
    0.369520000000E+005    0.559714085076E-001
    0.370020000000E+005    0.560185725320E-001
    0.370520000000E+005    0.560655834905E-001
    0.371020000000E+005    0.561124414685E-001
    0.371520000000E+005    0.561591465519E-001
    0.372020000000E+005    0.562056988275E-001
    0.372520000000E+005    0.562520983831E-001
    0.373020000000E+005    0.562983453070E-001
    0.373520000000E+005    0.563444396885E-001
    0.374020000000E+005    0.563903816178E-001
    0.374520000000E+005    0.564361711856E-001
    0.375020000000E+005    0.564818084836E-001
    0.375520000000E+005    0.565272936042E-001
    0.376020000000E+005    0.565726266407E-001
    0.376520000000E+005    0.566178076870E-001
    0.377020000000E+005    0.566628368378E-001
    0.377520000000E+005    0.567077141888E-001
    0.378020000000E+005    0.567524398361E-001
    0.378520000000E+005    0.567970138768E-001
    0.379020000000E+005    0.568414364087E-001
    0.379520000000E+005    0.568857075303E-001
    0.380020000000E+005    0.569298273408E-001
    0.380520000000E+005    0.569737959404E-001
    0.381020000000E+005    0.570176134297E-001
    0.381520000000E+005    0.570612799102E-001
    0.382020000000E+005    0.571047954841E-001
    0.382520000000E+005    0.571481602543E-001
    0.383020000000E+005    0.571913743245E-001
    0.383520000000E+005    0.572344377988E-001
    0.384020000000E+005    0.572773507825E-001
    0.384520000000E+005    0.573201133812E-001
    0.385020000000E+005    0.573627257014E-001
    0.385520000000E+005    0.574051878502E-001
    0.386020000000E+005    0.574474999353E-001
    0.386520000000E+005    0.574896620654E-001
    0.387020000000E+005    0.575316743495E-001
    0.387520000000E+005    0.575735368975E-001
    0.388020000000E+005    0.576152498200E-001
    0.388520000000E+005    0.576568132280E-001
    0.389020000000E+005    0.576982272336E-001
    0.389520000000E+005    0.577394919490E-001
    0.390020000000E+005    0.577806074875E-001
    0.390520000000E+005    0.578215739630E-001
    0.391020000000E+005    0.578623914897E-001
    0.391520000000E+005    0.579030601829E-001
    0.392020000000E+005    0.579435801581E-001
    0.392520000000E+005    0.579839515318E-001
    0.393020000000E+005    0.580241744210E-001
    0.393520000000E+005    0.580642489432E-001
    0.394020000000E+005    0.581041752166E-001
    0.394520000000E+005    0.581439533601E-001
    0.395020000000E+005    0.581835834931E-001
    0.395520000000E+005    0.582230657356E-001
    0.396020000000E+005    0.582624002083E-001
    0.396520000000E+005    0.583015870324E-001
    0.397020000000E+005    0.583406263298E-001
    0.397520000000E+005    0.583795182228E-001
    0.398020000000E+005    0.584182628346E-001
    0.398520000000E+005    0.584568602886E-001
    0.399020000000E+005    0.584953107090E-001
    0.399520000000E+005    0.585336142207E-001
    0.400020000000E+005    0.585717709488E-001
    0.400520000000E+005    0.586097810194E-001
    0.401020000000E+005    0.586476445587E-001
    0.401520000000E+005    0.586853616939E-001
    0.402020000000E+005    0.587229325524E-001
    0.402520000000E+005    0.587603572624E-001
    0.403020000000E+005    0.587976359526E-001
    0.403520000000E+005    0.588347687520E-001
    0.404020000000E+005    0.588717557905E-001
    0.404520000000E+005    0.589085971982E-001
    0.405020000000E+005    0.589452931061E-001
    0.405520000000E+005    0.589818436453E-001
    0.406020000000E+005    0.590182489479E-001
    0.406520000000E+005    0.590545091460E-001
    0.407020000000E+005    0.590906243727E-001
    0.407520000000E+005    0.591265947612E-001
    0.408020000000E+005    0.591624204456E-001
    0.408520000000E+005    0.591981015602E-001
    0.409020000000E+005    0.592336382399E-001
    0.409520000000E+005    0.592690306201E-001
    0.410020000000E+005    0.593042788367E-001
    0.410520000000E+005    0.593393830262E-001
    0.411020000000E+005    0.593743433254E-001
    0.411520000000E+005    0.594091598716E-001
    0.412020000000E+005    0.594438328027E-001
    0.412520000000E+005    0.594783622570E-001
    0.413020000000E+005    0.595127483733E-001
    0.413520000000E+005    0.595469912909E-001
    0.414020000000E+005    0.595810911495E-001
    0.414520000000E+005    0.596150480892E-001
    0.415020000000E+005    0.596488622508E-001
    0.415520000000E+005    0.596825337753E-001
    0.416020000000E+005    0.597160628042E-001
    0.416520000000E+005    0.597494494797E-001
    0.417020000000E+005    0.597826939440E-001
    0.417520000000E+005    0.598157963401E-001
    0.418020000000E+005    0.598487568114E-001
    0.418520000000E+005    0.598815755015E-001
    0.419020000000E+005    0.599142525548E-001
    0.419520000000E+005    0.599467881157E-001
    0.420020000000E+005    0.599791823294E-001
    0.420520000000E+005    0.600114353412E-001
    0.421020000000E+005    0.600435472972E-001
    0.421520000000E+005    0.600755183435E-001
    0.422020000000E+005    0.601073486270E-001
    0.422520000000E+005    0.601390382946E-001
    0.423020000000E+005    0.601705874940E-001
    0.423520000000E+005    0.602019963730E-001
    0.424020000000E+005    0.602332650801E-001
    0.424520000000E+005    0.602643937638E-001
    0.425020000000E+005    0.602953825734E-001
    0.425520000000E+005    0.603262316582E-001
    0.426020000000E+005    0.603569411683E-001
    0.426520000000E+005    0.603875112538E-001
    0.427020000000E+005    0.604179420655E-001
    0.427520000000E+005    0.604482337543E-001
    0.428020000000E+005    0.604783864716E-001
    0.428520000000E+005    0.605084003693E-001
    0.429020000000E+005    0.605382755994E-001
    0.429520000000E+005    0.605680123145E-001
    0.430020000000E+005    0.605976106673E-001
    0.430520000000E+005    0.606270708112E-001
    0.431020000000E+005    0.606563928998E-001
    0.431520000000E+005    0.606855770868E-001
    0.432020000000E+005    0.607146235267E-001
    0.432520000000E+005    0.607435323740E-001
    0.433020000000E+005    0.607723037837E-001
    0.433520000000E+005    0.608009379111E-001
    0.434020000000E+005    0.608294349118E-001
    0.434520000000E+005    0.608577949419E-001
    0.435020000000E+005    0.608860181576E-001
    0.435520000000E+005    0.609141047156E-001
    0.436020000000E+005    0.609420547729E-001
    0.436520000000E+005    0.609698684867E-001
    0.437020000000E+005    0.609975460146E-001
    0.437520000000E+005    0.610250875146E-001
    0.438020000000E+005    0.610524931448E-001
    0.438520000000E+005    0.610797630640E-001
    0.439020000000E+005    0.611068974308E-001
    0.439520000000E+005    0.611338964045E-001
    0.440020000000E+005    0.611607601445E-001
    0.440520000000E+005    0.611874888107E-001
    0.441020000000E+005    0.612140825630E-001
    0.441520000000E+005    0.612405415619E-001
    0.442020000000E+005    0.612668659679E-001
    0.442520000000E+005    0.612930559421E-001
    0.443020000000E+005    0.613191116457E-001
    0.443520000000E+005    0.613450332401E-001
    0.444020000000E+005    0.613708208871E-001
    0.444520000000E+005    0.613964747490E-001
    0.445020000000E+005    0.614219949879E-001
    0.445520000000E+005    0.614473817665E-001
    0.446020000000E+005    0.614726352477E-001
    0.446520000000E+005    0.614977555947E-001
    0.447020000000E+005    0.615227429709E-001
    0.447520000000E+005    0.615475975400E-001
    0.448020000000E+005    0.615723194659E-001
    0.448520000000E+005    0.615969089129E-001
    0.449020000000E+005    0.616213660453E-001
    0.449520000000E+005    0.616456910280E-001
    0.450020000000E+005    0.616698840258E-001
    0.450520000000E+005    0.616939452041E-001
    0.451020000000E+005    0.617178747282E-001
    0.451520000000E+005    0.617416727639E-001
    0.452020000000E+005    0.617653394771E-001
    0.452520000000E+005    0.617888750339E-001
    0.453020000000E+005    0.618122796009E-001
    0.453520000000E+005    0.618355533445E-001
    0.454020000000E+005    0.618586964319E-001
    0.454520000000E+005    0.618817090299E-001
    0.455020000000E+005    0.619045913060E-001
    0.455520000000E+005    0.619273434276E-001
    0.456020000000E+005    0.619499655627E-001
    0.456520000000E+005    0.619724578791E-001
    0.457020000000E+005    0.619948205451E-001
    0.457520000000E+005    0.620170537291E-001
    0.458020000000E+005    0.620391575998E-001
    0.458520000000E+005    0.620611323259E-001
    0.459020000000E+005    0.620829780765E-001
    0.459520000000E+005    0.621046950209E-001
    0.460020000000E+005    0.621262833285E-001
    0.460520000000E+005    0.621477431690E-001
    0.461020000000E+005    0.621690747123E-001
    0.461520000000E+005    0.621902781283E-001
    0.462020000000E+005    0.622113535873E-001
    0.462520000000E+005    0.622323012597E-001
    0.463020000000E+005    0.622531213162E-001
    0.463520000000E+005    0.622738139276E-001
    0.464020000000E+005    0.622943792648E-001
    0.464520000000E+005    0.623148174990E-001
    0.465020000000E+005    0.623351288016E-001
    0.465520000000E+005    0.623553133440E-001
    0.466020000000E+005    0.623753712980E-001
    0.466520000000E+005    0.623953028355E-001
    0.467020000000E+005    0.624151081284E-001
    0.467520000000E+005    0.624347873491E-001
    0.468020000000E+005    0.624543406698E-001
    0.468520000000E+005    0.624737682632E-001
    0.469020000000E+005    0.624930703019E-001
    0.469520000000E+005    0.625122469587E-001
    0.470020000000E+005    0.625312984068E-001
    0.470520000000E+005    0.625502248192E-001
    0.471020000000E+005    0.625690263694E-001
    0.471520000000E+005    0.625877032308E-001
    0.472020000000E+005    0.626062555769E-001
    0.472520000000E+005    0.626246835817E-001
    0.473020000000E+005    0.626429874190E-001
    0.473520000000E+005    0.626611672629E-001
    0.474020000000E+005    0.626792232876E-001
    0.474520000000E+005    0.626971556674E-001
    0.475020000000E+005    0.627149645769E-001
    0.475520000000E+005    0.627326501906E-001
    0.476020000000E+005    0.627502126834E-001
    0.476520000000E+005    0.627676522300E-001
    0.477020000000E+005    0.627849690055E-001
    0.477520000000E+005    0.628021631851E-001
    0.478020000000E+005    0.628192349441E-001
    0.478520000000E+005    0.628361844577E-001
    0.479020000000E+005    0.628530119016E-001
    0.479520000000E+005    0.628697174513E-001
    0.480020000000E+005    0.628863012826E-001
    0.480520000000E+005    0.629027635714E-001
    0.481020000000E+005    0.629191044937E-001
    0.481520000000E+005    0.629353242255E-001
    0.482020000000E+005    0.629514229431E-001
    0.482520000000E+005    0.629674008228E-001
    0.483020000000E+005    0.629832580409E-001
    0.483520000000E+005    0.629989947741E-001
    0.484020000000E+005    0.630146111989E-001
    0.484520000000E+005    0.630301074921E-001
    0.485020000000E+005    0.630454838305E-001
    0.485520000000E+005    0.630607403910E-001
    0.486020000000E+005    0.630758773506E-001
    0.486520000000E+005    0.630908948865E-001
    0.487020000000E+005    0.631057931759E-001
    0.487520000000E+005    0.631205723960E-001
    0.488020000000E+005    0.631352327243E-001
    0.488520000000E+005    0.631497743382E-001
    0.489020000000E+005    0.631641974153E-001
    0.489520000000E+005    0.631785021332E-001
    0.490020000000E+005    0.631926886696E-001
    0.490520000000E+005    0.632067572024E-001
    0.491020000000E+005    0.632207079095E-001
    0.491520000000E+005    0.632345409687E-001
    0.492020000000E+005    0.632482565582E-001
    0.492520000000E+005    0.632618548559E-001
    0.493020000000E+005    0.632753360402E-001
    0.493520000000E+005    0.632887002893E-001
    0.494020000000E+005    0.633019477814E-001
    0.494520000000E+005    0.633150786950E-001
    0.495020000000E+005    0.633280932084E-001
    0.495520000000E+005    0.633409915003E-001
    0.496020000000E+005    0.633537737492E-001
    0.496520000000E+005    0.633664401337E-001
    0.497020000000E+005    0.633789908325E-001
    0.497520000000E+005    0.633914260244E-001
    0.498020000000E+005    0.634037458881E-001
    0.498520000000E+005    0.634159506026E-001
    0.499020000000E+005    0.634280403466E-001
    0.499520000000E+005    0.634400152993E-001
    0.500020000000E+005    0.634518756396E-001
    0.500520000000E+005    0.634636215465E-001
    0.501020000000E+005    0.634752531992E-001
    0.501520000000E+005    0.634867707768E-001
    0.502020000000E+005    0.634981744585E-001
    0.502520000000E+005    0.635094644235E-001
    0.503020000000E+005    0.635206408511E-001
    0.503520000000E+005    0.635317039206E-001
    0.504020000000E+005    0.635426538114E-001
    0.504520000000E+005    0.635534907028E-001
    0.505020000000E+005    0.635642147742E-001
    0.505520000000E+005    0.635748262052E-001
    0.506020000000E+005    0.635853251751E-001
    0.506520000000E+005    0.635957118635E-001
    0.507020000000E+005    0.636059864499E-001
    0.507520000000E+005    0.636161491139E-001
    0.508020000000E+005    0.636262000350E-001
    0.508520000000E+005    0.636361393930E-001
    0.509020000000E+005    0.636459673673E-001
    0.509520000000E+005    0.636556841378E-001
    0.510020000000E+005    0.636652898839E-001
    0.510520000000E+005    0.636747847856E-001
    0.511020000000E+005    0.636841690223E-001
    0.511520000000E+005    0.636934427739E-001
    0.512020000000E+005    0.637026062202E-001
    0.512520000000E+005    0.637116595408E-001
    0.513020000000E+005    0.637206029155E-001
    0.513520000000E+005    0.637294365241E-001
    0.514020000000E+005    0.637381605464E-001
    0.514520000000E+005    0.637467751621E-001
    0.515020000000E+005    0.637552805511E-001
    0.515520000000E+005    0.637636768932E-001
    0.516020000000E+005    0.637719643681E-001
    0.516520000000E+005    0.637801431556E-001
    0.517020000000E+005    0.637882134357E-001
    0.517520000000E+005    0.637961753880E-001
    0.518020000000E+005    0.638040291924E-001
    0.518520000000E+005    0.638117750286E-001
    0.519020000000E+005    0.638194130765E-001
    0.519520000000E+005    0.638269435159E-001
    0.520020000000E+005    0.638343665265E-001
    0.520520000000E+005    0.638416822881E-001
    0.521020000000E+005    0.638488909804E-001
    0.521520000000E+005    0.638559927833E-001
    0.522020000000E+005    0.638629878764E-001
    0.522520000000E+005    0.638698764396E-001
    0.523020000000E+005    0.638766586524E-001
    0.523520000000E+005    0.638833346946E-001
    0.524020000000E+005    0.638899047459E-001
    0.524520000000E+005    0.638963689860E-001
    0.525020000000E+005    0.639027275944E-001
    0.525520000000E+005    0.639089807508E-001
    0.526020000000E+005    0.639151286349E-001
    0.526520000000E+005    0.639211714261E-001
    0.527020000000E+005    0.639271093041E-001
    0.527520000000E+005    0.639329424483E-001
    0.528020000000E+005    0.639386710383E-001
    0.528520000000E+005    0.639442952535E-001
    0.529020000000E+005    0.639498152735E-001
    0.529520000000E+005    0.639552312775E-001
    0.530020000000E+005    0.639605434451E-001
    0.530520000000E+005    0.639657519555E-001
    0.531020000000E+005    0.639708569880E-001
    0.531520000000E+005    0.639758587220E-001
    0.532020000000E+005    0.639807573367E-001
    0.532520000000E+005    0.639855530114E-001
    0.533020000000E+005    0.639902459251E-001
    0.533520000000E+005    0.639948362571E-001
    0.534020000000E+005    0.639993241864E-001
    0.534520000000E+005    0.640037098922E-001
    0.535020000000E+005    0.640079935533E-001
    0.535520000000E+005    0.640121753488E-001
    0.536020000000E+005    0.640162554576E-001
    0.536520000000E+005    0.640202340587E-001
    0.537020000000E+005    0.640241113308E-001
    0.537520000000E+005    0.640278874527E-001
    0.538020000000E+005    0.640315626032E-001
    0.538520000000E+005    0.640351369609E-001
    0.539020000000E+005    0.640386107046E-001
    0.539520000000E+005    0.640419840128E-001
    0.540020000000E+005    0.640452570641E-001
    0.540520000000E+005    0.640484300369E-001
    0.541020000000E+005    0.640515031096E-001
    0.541520000000E+005    0.640544764607E-001
    0.542020000000E+005    0.640573502685E-001
    0.542520000000E+005    0.640601247113E-001
    0.543020000000E+005    0.640627999672E-001
    0.543520000000E+005    0.640653762143E-001
    0.544020000000E+005    0.640678536309E-001
    0.544520000000E+005    0.640702323949E-001
    0.545020000000E+005    0.640725126843E-001
    0.545520000000E+005    0.640746946769E-001
    0.546020000000E+005    0.640767785507E-001
    0.546520000000E+005    0.640787644834E-001
    0.547020000000E+005    0.640806526527E-001
    0.547520000000E+005    0.640824432362E-001
    0.548020000000E+005    0.640841364116E-001
    0.548520000000E+005    0.640857323563E-001
    0.549020000000E+005    0.640872312477E-001
    0.549520000000E+005    0.640886332633E-001
    0.550020000000E+005    0.640899385804E-001
    0.550520000000E+005    0.640911473760E-001
    0.551020000000E+005    0.640922598275E-001
    0.551520000000E+005    0.640932761119E-001
    0.552020000000E+005    0.640941964061E-001
    0.552520000000E+005    0.640950208872E-001
    0.553020000000E+005    0.640957497319E-001
    0.553520000000E+005    0.640963831170E-001
    0.554020000000E+005    0.640969212193E-001
    0.554520000000E+005    0.640973642154E-001
    0.555020000000E+005    0.640977122817E-001
    0.555520000000E+005    0.640979655947E-001
    0.556020000000E+005    0.640981243309E-001
    0.556520000000E+005    0.640981886664E-001
    0.557020000000E+005    0.640981587776E-001
    0.557520000000E+005    0.640980348405E-001
    0.558020000000E+005    0.640978170312E-001
    0.558520000000E+005    0.640975055256E-001
    0.559020000000E+005    0.640971004997E-001
    0.559520000000E+005    0.640966021291E-001
    0.560020000000E+005    0.640960105895E-001
    0.560520000000E+005    0.640953260567E-001
    0.561020000000E+005    0.640945487060E-001
    0.561520000000E+005    0.640936787130E-001
    0.562020000000E+005    0.640927162529E-001
    0.562520000000E+005    0.640916615011E-001
    0.563020000000E+005    0.640905146325E-001
    0.563520000000E+005    0.640892758224E-001
    0.564020000000E+005    0.640879452456E-001
    0.564520000000E+005    0.640865230770E-001
    0.565020000000E+005    0.640850094914E-001
    0.565520000000E+005    0.640834046635E-001
    0.566020000000E+005    0.640817087679E-001
    0.566520000000E+005    0.640799219790E-001
    0.567020000000E+005    0.640780444712E-001
    0.567520000000E+005    0.640760764187E-001
    0.568020000000E+005    0.640740179959E-001
    0.568520000000E+005    0.640718693767E-001
    0.569020000000E+005    0.640696307351E-001
    0.569520000000E+005    0.640673022451E-001
    0.570020000000E+005    0.640648840803E-001
    0.570520000000E+005    0.640623764145E-001
    0.571020000000E+005    0.640597794212E-001
    0.571520000000E+005    0.640570932739E-001
    0.572020000000E+005    0.640543181459E-001
    0.572520000000E+005    0.640514542105E-001
    0.573020000000E+005    0.640485016408E-001
    0.573520000000E+005    0.640454606099E-001
    0.574020000000E+005    0.640423312907E-001
    0.574520000000E+005    0.640391138561E-001
    0.575020000000E+005    0.640358084786E-001
    0.575520000000E+005    0.640324153310E-001
    0.576020000000E+005    0.640289345856E-001
    0.576520000000E+005    0.640253664150E-001
    0.577020000000E+005    0.640217109912E-001
    0.577520000000E+005    0.640179684866E-001
    0.578020000000E+005    0.640141390731E-001
    0.578520000000E+005    0.640102229227E-001
    0.579020000000E+005    0.640062202072E-001
    0.579520000000E+005    0.640021310982E-001
    0.580020000000E+005    0.639979557673E-001
    0.580520000000E+005    0.639936943860E-001
    0.581020000000E+005    0.639893471257E-001
    0.581520000000E+005    0.639849141575E-001
    0.582020000000E+005    0.639803956526E-001
    0.582520000000E+005    0.639757917820E-001
    0.583020000000E+005    0.639711027165E-001
    0.583520000000E+005    0.639663286268E-001
    0.584020000000E+005    0.639614696837E-001
    0.584520000000E+005    0.639565260576E-001
    0.585020000000E+005    0.639514979189E-001
    0.585520000000E+005    0.639463854378E-001
    0.586020000000E+005    0.639411887846E-001
    0.586520000000E+005    0.639359081292E-001
    0.587020000000E+005    0.639305436414E-001
    0.587520000000E+005    0.639250954912E-001
    0.588020000000E+005    0.639195638481E-001
    0.588520000000E+005    0.639139488816E-001
    0.589020000000E+005    0.639082507611E-001
    0.589520000000E+005    0.639024696559E-001
    0.590020000000E+005    0.638966057351E-001
    0.590520000000E+005    0.638906591678E-001
    0.591020000000E+005    0.638846301228E-001
    0.591520000000E+005    0.638785187688E-001
    0.592020000000E+005    0.638723252746E-001
    0.592520000000E+005    0.638660498085E-001
    0.593020000000E+005    0.638596925389E-001
    0.593520000000E+005    0.638532536341E-001
    0.594020000000E+005    0.638467332621E-001
    0.594520000000E+005    0.638401315910E-001
    0.595020000000E+005    0.638334487886E-001
    0.595520000000E+005    0.638266850225E-001
    0.596020000000E+005    0.638198404603E-001
    0.596520000000E+005    0.638129152695E-001
    0.597020000000E+005    0.638059096173E-001
    0.597520000000E+005    0.637988236710E-001
    0.598020000000E+005    0.637916575975E-001
    0.598520000000E+005    0.637844115638E-001
    0.599020000000E+005    0.637770857365E-001
    0.599520000000E+005    0.637696802824E-001
    0.600020000000E+005    0.637621953679E-001
    0.600520000000E+005    0.637546311593E-001
    0.601020000000E+005    0.637469878229E-001
    0.601520000000E+005    0.637392655246E-001
    0.602020000000E+005    0.637314644305E-001
    0.602520000000E+005    0.637235847064E-001
    0.603020000000E+005    0.637156265178E-001
    0.603520000000E+005    0.637075900303E-001
    0.604020000000E+005    0.636994754093E-001
    0.604520000000E+005    0.636912828200E-001
    0.605020000000E+005    0.636830124274E-001
    0.605520000000E+005    0.636746643965E-001
    0.606020000000E+005    0.636662388921E-001
    0.606520000000E+005    0.636577360789E-001
    0.607020000000E+005    0.636491561213E-001
    0.607520000000E+005    0.636404991838E-001
    0.608020000000E+005    0.636317654306E-001
    0.608520000000E+005    0.636229550256E-001
    0.609020000000E+005    0.636140681330E-001
    0.609520000000E+005    0.636051049165E-001
    0.610020000000E+005    0.635960655396E-001
    0.610520000000E+005    0.635869501660E-001
    0.611020000000E+005    0.635777589589E-001
    0.611520000000E+005    0.635684920816E-001
    0.612020000000E+005    0.635591496971E-001
    0.612520000000E+005    0.635497319683E-001
    0.613020000000E+005    0.635402390580E-001
    0.613520000000E+005    0.635306711288E-001
    0.614020000000E+005    0.635210283432E-001
    0.614520000000E+005    0.635113108635E-001
    0.615020000000E+005    0.635015188518E-001
    0.615520000000E+005    0.634916524701E-001
    0.616020000000E+005    0.634817118803E-001
    0.616520000000E+005    0.634716972442E-001
    0.617020000000E+005    0.634616087233E-001
    0.617520000000E+005    0.634514464789E-001
    0.618020000000E+005    0.634412106725E-001
    0.618520000000E+005    0.634309014649E-001
    0.619020000000E+005    0.634205190173E-001
    0.619520000000E+005    0.634100634905E-001
    0.620020000000E+005    0.633995350449E-001
    0.620520000000E+005    0.633889338413E-001
    0.621020000000E+005    0.633782600398E-001
    0.621520000000E+005    0.633675138007E-001
    0.622020000000E+005    0.633566952840E-001
    0.622520000000E+005    0.633458046496E-001
    0.623020000000E+005    0.633348420573E-001
    0.623520000000E+005    0.633238076665E-001
    0.624020000000E+005    0.633127016367E-001
    0.624520000000E+005    0.633015241271E-001
    0.625020000000E+005    0.632902752969E-001
    0.625520000000E+005    0.632789553050E-001
    0.626020000000E+005    0.632675643101E-001
    0.626520000000E+005    0.632561024710E-001
    0.627020000000E+005    0.632445699460E-001
    0.627520000000E+005    0.632329668934E-001
    0.628020000000E+005    0.632212934715E-001
    0.628520000000E+005    0.632095498382E-001
    0.629020000000E+005    0.631977361514E-001
    0.629520000000E+005    0.631858525688E-001
    0.630020000000E+005    0.631738992477E-001
    0.630520000000E+005    0.631618763457E-001
    0.631020000000E+005    0.631497840199E-001
    0.631520000000E+005    0.631376224274E-001
    0.632020000000E+005    0.631253917249E-001
    0.632520000000E+005    0.631130920694E-001
    0.633020000000E+005    0.631007236172E-001
    0.633520000000E+005    0.630882865248E-001
    0.634020000000E+005    0.630757809485E-001
    0.634520000000E+005    0.630632070442E-001
    0.635020000000E+005    0.630505649680E-001
    0.635520000000E+005    0.630378548755E-001
    0.636020000000E+005    0.630250769223E-001
    0.636520000000E+005    0.630122312640E-001
    0.637020000000E+005    0.629993180556E-001
    0.637520000000E+005    0.629863374524E-001
    0.638020000000E+005    0.629732896092E-001
    0.638520000000E+005    0.629601746809E-001
    0.639020000000E+005    0.629469928219E-001
    0.639520000000E+005    0.629337441869E-001
    0.640020000000E+005    0.629204289300E-001
    0.640520000000E+005    0.629070472053E-001
    0.641020000000E+005    0.628935991669E-001
    0.641520000000E+005    0.628800849684E-001
    0.642020000000E+005    0.628665047636E-001
    0.642520000000E+005    0.628528587057E-001
    0.643020000000E+005    0.628391469483E-001
    0.643520000000E+005    0.628253696443E-001
    0.644020000000E+005    0.628115269466E-001
    0.644520000000E+005    0.627976190082E-001
    0.645020000000E+005    0.627836459816E-001
    0.645520000000E+005    0.627696080193E-001
    0.646020000000E+005    0.627555052735E-001
    0.646520000000E+005    0.627413378964E-001
    0.647020000000E+005    0.627271060400E-001
    0.647520000000E+005    0.627128098559E-001
    0.648020000000E+005    0.626984494959E-001
    0.648520000000E+005    0.626840251113E-001
    0.649020000000E+005    0.626695368535E-001
    0.649520000000E+005    0.626549848735E-001
    0.650020000000E+005    0.626403693224E-001
    0.650520000000E+005    0.626256903508E-001
    0.651020000000E+005    0.626109481094E-001
    0.651520000000E+005    0.625961427487E-001
    0.652020000000E+005    0.625812744188E-001
    0.652520000000E+005    0.625663432699E-001
    0.653020000000E+005    0.625513494520E-001
    0.653520000000E+005    0.625362931147E-001
    0.654020000000E+005    0.625211744077E-001
    0.654520000000E+005    0.625059934803E-001
    0.655020000000E+005    0.624907504819E-001
    0.655520000000E+005    0.624754455614E-001
    0.656020000000E+005    0.624600788679E-001
    0.656520000000E+005    0.624446505500E-001
    0.657020000000E+005    0.624291607563E-001
    0.657520000000E+005    0.624136096353E-001
    0.658020000000E+005    0.623979973350E-001
    0.658520000000E+005    0.623823240036E-001
    0.659020000000E+005    0.623665897890E-001
    0.659520000000E+005    0.623507948388E-001
    0.660020000000E+005    0.623349393006E-001
    0.660520000000E+005    0.623190233218E-001
    0.661020000000E+005    0.623030470496E-001
    0.661520000000E+005    0.622870106308E-001
    0.662020000000E+005    0.622709142126E-001
    0.662520000000E+005    0.622547579413E-001
    0.663020000000E+005    0.622385419637E-001
    0.663520000000E+005    0.622222664260E-001
    0.664020000000E+005    0.622059314744E-001
    0.664520000000E+005    0.621895372548E-001
    0.665020000000E+005    0.621730839131E-001
    0.665520000000E+005    0.621565715949E-001
    0.666020000000E+005    0.621400004457E-001
    0.666520000000E+005    0.621233706107E-001
    0.667020000000E+005    0.621066822350E-001
    0.667520000000E+005    0.620899354637E-001
    0.668020000000E+005    0.620731304414E-001
    0.668520000000E+005    0.620562673129E-001
    0.669020000000E+005    0.620393462224E-001
    0.669520000000E+005    0.620223673142E-001
    0.670020000000E+005    0.620053307324E-001
    0.670520000000E+005    0.619882366209E-001
    0.671020000000E+005    0.619710851235E-001
    0.671520000000E+005    0.619538763836E-001
    0.672020000000E+005    0.619366105446E-001
    0.672520000000E+005    0.619192877498E-001
    0.673020000000E+005    0.619019081421E-001
    0.673520000000E+005    0.618844718644E-001
    0.674020000000E+005    0.618669790594E-001
    0.674520000000E+005    0.618494298696E-001
    0.675020000000E+005    0.618318244372E-001
    0.675520000000E+005    0.618141629045E-001
    0.676020000000E+005    0.617964454134E-001
    0.676520000000E+005    0.617786721057E-001
    0.677020000000E+005    0.617608431230E-001
    0.677520000000E+005    0.617429586067E-001
    0.678020000000E+005    0.617250186982E-001
    0.678520000000E+005    0.617070235385E-001
    0.679020000000E+005    0.616889732685E-001
    0.679520000000E+005    0.616708680290E-001
    0.680020000000E+005    0.616527079605E-001
    0.680520000000E+005    0.616344932035E-001
    0.681020000000E+005    0.616162238980E-001
    0.681520000000E+005    0.615979001842E-001
    0.682020000000E+005    0.615795222020E-001
    0.682520000000E+005    0.615610900909E-001
    0.683020000000E+005    0.615426039906E-001
    0.683520000000E+005    0.615240640402E-001
    0.684020000000E+005    0.615054703791E-001
    0.684520000000E+005    0.614868231461E-001
    0.685020000000E+005    0.614681224800E-001
    0.685520000000E+005    0.614493685195E-001
    0.686020000000E+005    0.614305614030E-001
    0.686520000000E+005    0.614117012688E-001
    0.687020000000E+005    0.613927882549E-001
    0.687520000000E+005    0.613738224994E-001
    0.688020000000E+005    0.613548041398E-001
    0.688520000000E+005    0.613357333138E-001
    0.689020000000E+005    0.613166101587E-001
    0.689520000000E+005    0.612974348118E-001
    0.690020000000E+005    0.612782074101E-001
    0.690520000000E+005    0.612589280904E-001
    0.691020000000E+005    0.612395969893E-001
    0.691520000000E+005    0.612202142435E-001
    0.692020000000E+005    0.612007799891E-001
    0.692520000000E+005    0.611812943624E-001
    0.693020000000E+005    0.611617574992E-001
    0.693520000000E+005    0.611421695355E-001
    0.694020000000E+005    0.611225306067E-001
    0.694520000000E+005    0.611028408483E-001
    0.695020000000E+005    0.610831003956E-001
    0.695520000000E+005    0.610633093836E-001
    0.696020000000E+005    0.610434679473E-001
    0.696520000000E+005    0.610235762212E-001
    0.697020000000E+005    0.610036343401E-001
    0.697520000000E+005    0.609836424381E-001
    0.698020000000E+005    0.609636006496E-001
    0.698520000000E+005    0.609435091085E-001
    0.699020000000E+005    0.609233679486E-001
    0.699520000000E+005    0.609031773037E-001
    0.700020000000E+005    0.608829373071E-001
    0.700520000000E+005    0.608626480921E-001
    0.701020000000E+005    0.608423097919E-001
    0.701520000000E+005    0.608219225394E-001
    0.702020000000E+005    0.608014864674E-001
    0.702520000000E+005    0.607810017084E-001
    0.703020000000E+005    0.607604683949E-001
    0.703520000000E+005    0.607398866590E-001
    0.704020000000E+005    0.607192566328E-001
    0.704520000000E+005    0.606985784482E-001
    0.705020000000E+005    0.606778522369E-001
    0.705520000000E+005    0.606570781304E-001
    0.706020000000E+005    0.606362562599E-001
    0.706520000000E+005    0.606153867568E-001
    0.707020000000E+005    0.605944697518E-001
    0.707520000000E+005    0.605735053760E-001
    0.708020000000E+005    0.605524937598E-001
    0.708520000000E+005    0.605314350336E-001
    0.709020000000E+005    0.605103293279E-001
    0.709520000000E+005    0.604891767726E-001
    0.710020000000E+005    0.604679774977E-001
    0.710520000000E+005    0.604467316329E-001
    0.711020000000E+005    0.604254393077E-001
    0.711520000000E+005    0.604041006516E-001
    0.712020000000E+005    0.603827157936E-001
    0.712520000000E+005    0.603612848630E-001
    0.713020000000E+005    0.603398079883E-001
    0.713520000000E+005    0.603182852985E-001
    0.714020000000E+005    0.602967169218E-001
    0.714520000000E+005    0.602751029867E-001
    0.715020000000E+005    0.602534436212E-001
    0.715520000000E+005    0.602317389533E-001
    0.716020000000E+005    0.602099891108E-001
    0.716520000000E+005    0.601881942213E-001
    0.717020000000E+005    0.601663544122E-001
    0.717520000000E+005    0.601444698107E-001
    0.718020000000E+005    0.601225405439E-001
    0.718520000000E+005    0.601005667387E-001
    0.719020000000E+005    0.600785485217E-001
    0.719520000000E+005    0.600564860196E-001
    0.720020000000E+005    0.600343793586E-001
    0.720520000000E+005    0.600122286649E-001
    0.721020000000E+005    0.599900340646E-001
    0.721520000000E+005    0.599677956834E-001
    0.722020000000E+005    0.599455136470E-001
    0.722520000000E+005    0.599231880808E-001
    0.723020000000E+005    0.599008191101E-001
    0.723520000000E+005    0.598784068601E-001
    0.724020000000E+005    0.598559514556E-001
    0.724520000000E+005    0.598334530215E-001
    0.725020000000E+005    0.598109116822E-001
    0.725520000000E+005    0.597883275622E-001
    0.726020000000E+005    0.597657007857E-001
    0.726520000000E+005    0.597430314768E-001
    0.727020000000E+005    0.597203197593E-001
    0.727520000000E+005    0.596975657568E-001
    0.728020000000E+005    0.596747695930E-001
    0.728520000000E+005    0.596519313912E-001
    0.729020000000E+005    0.596290512744E-001
    0.729520000000E+005    0.596061293657E-001
    0.730020000000E+005    0.595831657879E-001
    0.730520000000E+005    0.595601606636E-001
    0.731020000000E+005    0.595371141153E-001
    0.731520000000E+005    0.595140262652E-001
    0.732020000000E+005    0.594908972354E-001
    0.732520000000E+005    0.594677271479E-001
    0.733020000000E+005    0.594445161243E-001
    0.733520000000E+005    0.594212642863E-001
    0.734020000000E+005    0.593979717553E-001
    0.734520000000E+005    0.593746386524E-001
    0.735020000000E+005    0.593512650987E-001
    0.735520000000E+005    0.593278512151E-001
    0.736020000000E+005    0.593043971222E-001
    0.736520000000E+005    0.592809029405E-001
    0.737020000000E+005    0.592573687905E-001
    0.737520000000E+005    0.592337947921E-001
    0.738020000000E+005    0.592101810655E-001
    0.738520000000E+005    0.591865277304E-001
    0.739020000000E+005    0.591628349064E-001
    0.739520000000E+005    0.591391027130E-001
    0.740020000000E+005    0.591153312695E-001
    0.740520000000E+005    0.590915206950E-001
    0.741020000000E+005    0.590676711083E-001
    0.741520000000E+005    0.590437826283E-001
    0.742020000000E+005    0.590198553735E-001
    0.742520000000E+005    0.589958894623E-001
    0.743020000000E+005    0.589718850129E-001
    0.743520000000E+005    0.589478421435E-001
    0.744020000000E+005    0.589237609717E-001
    0.744520000000E+005    0.588996416155E-001
    0.745020000000E+005    0.588754841922E-001
    0.745520000000E+005    0.588512888192E-001
    0.746020000000E+005    0.588270556137E-001
    0.746520000000E+005    0.588027846927E-001
    0.747020000000E+005    0.587784761730E-001
    0.747520000000E+005    0.587541301712E-001
    0.748020000000E+005    0.587297468039E-001
    0.748520000000E+005    0.587053261873E-001
    0.749020000000E+005    0.586808684375E-001
    0.749520000000E+005    0.586563736705E-001
    0.750020000000E+005    0.586318420021E-001
    0.750520000000E+005    0.586072735479E-001
    0.751020000000E+005    0.585826684233E-001
    0.751520000000E+005    0.585580267435E-001
    0.752020000000E+005    0.585333486236E-001
    0.752520000000E+005    0.585086341786E-001
    0.753020000000E+005    0.584838835231E-001
    0.753520000000E+005    0.584590967718E-001
    0.754020000000E+005    0.584342740389E-001
    0.754520000000E+005    0.584094154388E-001
    0.755020000000E+005    0.583845210854E-001
    0.755520000000E+005    0.583595910926E-001
    0.756020000000E+005    0.583346255741E-001
    0.756520000000E+005    0.583096246434E-001
    0.757020000000E+005    0.582845884138E-001
    0.757520000000E+005    0.582595169986E-001
    0.758020000000E+005    0.582344105107E-001
    0.758520000000E+005    0.582092690629E-001
    0.759020000000E+005    0.581840927680E-001
    0.759520000000E+005    0.581588817383E-001
    0.760020000000E+005    0.581336360861E-001
    0.760520000000E+005    0.581083559237E-001
    0.761020000000E+005    0.580830413630E-001
    0.761520000000E+005    0.580576925157E-001
    0.762020000000E+005    0.580323094935E-001
    0.762520000000E+005    0.580068924078E-001
    0.763020000000E+005    0.579814413700E-001
    0.763520000000E+005    0.579559564910E-001
    0.764020000000E+005    0.579304378818E-001
    0.764520000000E+005    0.579048856532E-001
    0.765020000000E+005    0.578792999157E-001
    0.765520000000E+005    0.578536807799E-001
    0.766020000000E+005    0.578280283558E-001
    0.766520000000E+005    0.578023427537E-001
    0.767020000000E+005    0.577766240833E-001
    0.767520000000E+005    0.577508724544E-001
    0.768020000000E+005    0.577250879767E-001
    0.768520000000E+005    0.576992707594E-001
    0.769020000000E+005    0.576734209117E-001
    0.769520000000E+005    0.576475385428E-001
    0.770020000000E+005    0.576216237615E-001
    0.770520000000E+005    0.575956766764E-001
    0.771020000000E+005    0.575696973963E-001
    0.771520000000E+005    0.575436860293E-001
    0.772020000000E+005    0.575176426837E-001
    0.772520000000E+005    0.574915674675E-001
    0.773020000000E+005    0.574654604885E-001
    0.773520000000E+005    0.574393218546E-001
    0.774020000000E+005    0.574131516731E-001
    0.774520000000E+005    0.573869500513E-001
    0.775020000000E+005    0.573607170966E-001
    0.775520000000E+005    0.573344529159E-001
    0.776020000000E+005    0.573081576160E-001
    0.776520000000E+005    0.572818313036E-001
    0.777020000000E+005    0.572554740851E-001
    0.777520000000E+005    0.572290860670E-001
    0.778020000000E+005    0.572026673553E-001
    0.778520000000E+005    0.571762180562E-001
    0.779020000000E+005    0.571497382753E-001
    0.779520000000E+005    0.571232281183E-001
    0.780020000000E+005    0.570966876908E-001
    0.780520000000E+005    0.570701170980E-001
    0.781020000000E+005    0.570435164452E-001
    0.781520000000E+005    0.570168858372E-001
    0.782020000000E+005    0.569902253789E-001
    0.782520000000E+005    0.569635351749E-001
    0.783020000000E+005    0.569368153297E-001
    0.783520000000E+005    0.569100659477E-001
    0.784020000000E+005    0.568832871329E-001
    0.784520000000E+005    0.568564789894E-001
    0.785020000000E+005    0.568296416209E-001
    0.785520000000E+005    0.568027751311E-001
    0.786020000000E+005    0.567758796235E-001
    0.786520000000E+005    0.567489552014E-001
    0.787020000000E+005    0.567220019678E-001
    0.787520000000E+005    0.566950200259E-001
    0.788020000000E+005    0.566680094783E-001
    0.788520000000E+005    0.566409704278E-001
    0.789020000000E+005    0.566139029768E-001
    0.789520000000E+005    0.565868072277E-001
    0.790020000000E+005    0.565596832825E-001
    0.790520000000E+005    0.565325312432E-001
    0.791020000000E+005    0.565053512117E-001
    0.791520000000E+005    0.564781432896E-001
    0.792020000000E+005    0.564509075784E-001
    0.792520000000E+005    0.564236441794E-001
    0.793020000000E+005    0.563963531937E-001
    0.793520000000E+005    0.563690347223E-001
    0.794020000000E+005    0.563416888661E-001
    0.794520000000E+005    0.563143157258E-001
    0.795020000000E+005    0.562869154017E-001
    0.795520000000E+005    0.562594879942E-001
    0.796020000000E+005    0.562320336035E-001
    0.796520000000E+005    0.562045523297E-001
    0.797020000000E+005    0.561770442724E-001
    0.797520000000E+005    0.561495095314E-001
    0.798020000000E+005    0.561219482062E-001
    0.798520000000E+005    0.560943603961E-001
    0.799020000000E+005    0.560667462004E-001
    0.799520000000E+005    0.560391057179E-001
    0.800020000000E+005    0.560114390477E-001
    0.800520000000E+005    0.559837462883E-001
    0.801020000000E+005    0.559560275383E-001
    0.801520000000E+005    0.559282828960E-001
    0.802020000000E+005    0.559005124597E-001
    0.802520000000E+005    0.558727163274E-001
    0.803020000000E+005    0.558448945969E-001
    0.803520000000E+005    0.558170473660E-001
    0.804020000000E+005    0.557891747322E-001
    0.804520000000E+005    0.557612767929E-001
    0.805020000000E+005    0.557333536453E-001
    0.805520000000E+005    0.557054053865E-001
    0.806020000000E+005    0.556774321134E-001
    0.806520000000E+005    0.556494339227E-001
    0.807020000000E+005    0.556214109111E-001
    0.807520000000E+005    0.555933631748E-001
    0.808020000000E+005    0.555652908102E-001
    0.808520000000E+005    0.555371939134E-001
    0.809020000000E+005    0.555090725803E-001
    0.809520000000E+005    0.554809269067E-001
    0.810020000000E+005    0.554527569882E-001
    0.810520000000E+005    0.554245629202E-001
    0.811020000000E+005    0.553963447980E-001
    0.811520000000E+005    0.553681027167E-001
    0.812020000000E+005    0.553398367714E-001
    0.812520000000E+005    0.553115470569E-001
    0.813020000000E+005    0.552832336677E-001
    0.813520000000E+005    0.552548966984E-001
    0.814020000000E+005    0.552265362433E-001
    0.814520000000E+005    0.551981523966E-001
    0.815020000000E+005    0.551697452522E-001
    0.815520000000E+005    0.551413149041E-001
    0.816020000000E+005    0.551128614460E-001
    0.816520000000E+005    0.550843849713E-001
    0.817020000000E+005    0.550558855735E-001
    0.817520000000E+005    0.550273633457E-001
    0.818020000000E+005    0.549988183811E-001
    0.818520000000E+005    0.549702507725E-001
    0.819020000000E+005    0.549416606126E-001
    0.819520000000E+005    0.549130479941E-001
    0.820020000000E+005    0.548844130094E-001
    0.820520000000E+005    0.548557557508E-001
    0.821020000000E+005    0.548270763103E-001
    0.821520000000E+005    0.547983747800E-001
    0.822020000000E+005    0.547696512515E-001
    0.822520000000E+005    0.547409058166E-001
    0.823020000000E+005    0.547121385668E-001
    0.823520000000E+005    0.546833495933E-001
    0.824020000000E+005    0.546545389873E-001
    0.824520000000E+005    0.546257068399E-001
    0.825020000000E+005    0.545968532420E-001
    0.825520000000E+005    0.545679782841E-001
    0.826020000000E+005    0.545390820568E-001
    0.826520000000E+005    0.545101646506E-001
    0.827020000000E+005    0.544812261557E-001
    0.827520000000E+005    0.544522666621E-001
    0.828020000000E+005    0.544232862598E-001
    0.828520000000E+005    0.543942850386E-001
    0.829020000000E+005    0.543652630879E-001
    0.829520000000E+005    0.543362204974E-001
    0.830020000000E+005    0.543071573563E-001
    0.830520000000E+005    0.542780737537E-001
    0.831020000000E+005    0.542489697787E-001
    0.831520000000E+005    0.542198455201E-001
    0.832020000000E+005    0.541907010665E-001
    0.832520000000E+005    0.541615365065E-001
    0.833020000000E+005    0.541323519285E-001
    0.833520000000E+005    0.541031474206E-001
    0.834020000000E+005    0.540739230710E-001
    0.834520000000E+005    0.540446789676E-001
    0.835020000000E+005    0.540154151981E-001
    0.835520000000E+005    0.539861318501E-001
    0.836020000000E+005    0.539568290112E-001
    0.836520000000E+005    0.539275067685E-001
    0.837020000000E+005    0.538981652092E-001
    0.837520000000E+005    0.538688044204E-001
    0.838020000000E+005    0.538394244888E-001
    0.838520000000E+005    0.538100255012E-001
    0.839020000000E+005    0.537806075441E-001
    0.839520000000E+005    0.537511707039E-001
    0.840020000000E+005    0.537217150668E-001
    0.840520000000E+005    0.536922407189E-001
    0.841020000000E+005    0.536627477462E-001
    0.841520000000E+005    0.536332362343E-001
    0.842020000000E+005    0.536037062690E-001
    0.842520000000E+005    0.535741579357E-001
    0.843020000000E+005    0.535445913198E-001
    0.843520000000E+005    0.535150065064E-001
    0.844020000000E+005    0.534854035805E-001
    0.844520000000E+005    0.534557826270E-001
    0.845020000000E+005    0.534261437307E-001
    0.845520000000E+005    0.533964869761E-001
    0.846020000000E+005    0.533668124476E-001
    0.846520000000E+005    0.533371202295E-001
    0.847020000000E+005    0.533074104060E-001
    0.847520000000E+005    0.532776830609E-001
    0.848020000000E+005    0.532479382782E-001
    0.848520000000E+005    0.532181761415E-001
    0.849020000000E+005    0.531883967344E-001
    0.849520000000E+005    0.531586001401E-001
    0.850020000000E+005    0.531287864420E-001
    0.850520000000E+005    0.530989557231E-001
    0.851020000000E+005    0.530691080663E-001
    0.851520000000E+005    0.530392435545E-001
    0.852020000000E+005    0.530093622702E-001
    0.852520000000E+005    0.529794642960E-001
    0.853020000000E+005    0.529495497142E-001
    0.853520000000E+005    0.529196186070E-001
    0.854020000000E+005    0.528896710563E-001
    0.854520000000E+005    0.528597071442E-001
    0.855020000000E+005    0.528297269524E-001
    0.855520000000E+005    0.527997305624E-001
    0.856020000000E+005    0.527697180557E-001
    0.856520000000E+005    0.527396895137E-001
    0.857020000000E+005    0.527096450175E-001
    0.857520000000E+005    0.526795846480E-001
    0.858020000000E+005    0.526495084863E-001
    0.858520000000E+005    0.526194166129E-001
    0.859020000000E+005    0.525893091085E-001
    0.859520000000E+005    0.525591860535E-001
    0.860020000000E+005    0.525290475282E-001
    0.860520000000E+005    0.524988936127E-001
    0.861020000000E+005    0.524687243870E-001
    0.861520000000E+005    0.524385399310E-001
    0.862020000000E+005    0.524083403243E-001
    0.862520000000E+005    0.523781256466E-001
    0.863020000000E+005    0.523478959772E-001
    0.863520000000E+005    0.523176513954E-001
    0.864020000000E+005    0.522873919804E-001
    0.864520000000E+005    0.522571178110E-001
    0.865020000000E+005    0.522268289662E-001
    0.865520000000E+005    0.521965255247E-001
    0.866020000000E+005    0.521662075649E-001
    0.866520000000E+005    0.521358751653E-001
    0.867020000000E+005    0.521055284042E-001
    0.867520000000E+005    0.520751673596E-001
    0.868020000000E+005    0.520447921096E-001
    0.868520000000E+005    0.520144027319E-001
    0.869020000000E+005    0.519839993044E-001
    0.869520000000E+005    0.519535819044E-001
    0.870020000000E+005    0.519231506094E-001
    0.870520000000E+005    0.518927054967E-001
    0.871020000000E+005    0.518622466434E-001
    0.871520000000E+005    0.518317741265E-001
    0.872020000000E+005    0.518012880227E-001
    0.872520000000E+005    0.517707884089E-001
    0.873020000000E+005    0.517402753615E-001
    0.873520000000E+005    0.517097489569E-001
    0.874020000000E+005    0.516792092715E-001
    0.874520000000E+005    0.516486563814E-001
    0.875020000000E+005    0.516180903624E-001
    0.875520000000E+005    0.515875112906E-001
    0.876020000000E+005    0.515569192415E-001
    0.876520000000E+005    0.515263142908E-001
    0.877020000000E+005    0.514956965139E-001
    0.877520000000E+005    0.514650659860E-001
    0.878020000000E+005    0.514344227824E-001
    0.878520000000E+005    0.514037669779E-001
    0.879020000000E+005    0.513730986475E-001
    0.879520000000E+005    0.513424178660E-001
    0.880020000000E+005    0.513117247078E-001
    0.880520000000E+005    0.512810192474E-001
    0.881020000000E+005    0.512503015592E-001
    0.881520000000E+005    0.512195717173E-001
    0.882020000000E+005    0.511888297957E-001
    0.882520000000E+005    0.511580758684E-001
    0.883020000000E+005    0.511273100090E-001
    0.883520000000E+005    0.510965322912E-001
    0.884020000000E+005    0.510657427885E-001
    0.884520000000E+005    0.510349415742E-001
    0.885020000000E+005    0.510041287216E-001
    0.885520000000E+005    0.509733043036E-001
    0.886020000000E+005    0.509424683932E-001
    0.886520000000E+005    0.509116210632E-001
    0.887020000000E+005    0.508807623862E-001
    0.887520000000E+005    0.508498924348E-001
    0.888020000000E+005    0.508190112813E-001
    0.888520000000E+005    0.507881189981E-001
    0.889020000000E+005    0.507572156570E-001
    0.889520000000E+005    0.507263013303E-001
    0.890020000000E+005    0.506953760896E-001
    0.890520000000E+005    0.506644400067E-001
    0.891020000000E+005    0.506334931531E-001
    0.891520000000E+005    0.506025356003E-001
    0.892020000000E+005    0.505715674195E-001
    0.892520000000E+005    0.505405886820E-001
    0.893020000000E+005    0.505095994586E-001
    0.893520000000E+005    0.504785998204E-001
    0.894020000000E+005    0.504475898381E-001
    0.894520000000E+005    0.504165695822E-001
    0.895020000000E+005    0.503855391232E-001
    0.895520000000E+005    0.503544985315E-001
    0.896020000000E+005    0.503234478774E-001
    0.896520000000E+005    0.502923872308E-001
    0.897020000000E+005    0.502613166618E-001
    0.897520000000E+005    0.502302362400E-001
    0.898020000000E+005    0.501991460353E-001
    0.898520000000E+005    0.501680461172E-001
    0.899020000000E+005    0.501369365550E-001
    0.899520000000E+005    0.501058174180E-001
    0.900020000000E+005    0.500746887754E-001
    0.900520000000E+005    0.500435506962E-001
    0.901020000000E+005    0.500124032493E-001
    0.901520000000E+005    0.499812465034E-001
    0.902020000000E+005    0.499500805271E-001
    0.902520000000E+005    0.499189053889E-001
    0.903020000000E+005    0.498877211571E-001
    0.903520000000E+005    0.498565279001E-001
    0.904020000000E+005    0.498253256857E-001
    0.904520000000E+005    0.497941145821E-001
    0.905020000000E+005    0.497628946570E-001
    0.905520000000E+005    0.497316659782E-001
    0.906020000000E+005    0.497004286131E-001
    0.906520000000E+005    0.496691826292E-001
    0.907020000000E+005    0.496379280938E-001
    0.907520000000E+005    0.496066650741E-001
    0.908020000000E+005    0.495753936371E-001
    0.908520000000E+005    0.495441138497E-001
    0.909020000000E+005    0.495128257788E-001
    0.909520000000E+005    0.494815294908E-001
    0.910020000000E+005    0.494502250524E-001
    0.910520000000E+005    0.494189125300E-001
    0.911020000000E+005    0.493875919898E-001
    0.911520000000E+005    0.493562634979E-001
    0.912020000000E+005    0.493249271204E-001
    0.912520000000E+005    0.492935829230E-001
    0.913020000000E+005    0.492622309716E-001
    0.913520000000E+005    0.492308713318E-001
    0.914020000000E+005    0.491995040690E-001
    0.914520000000E+005    0.491681292486E-001
    0.915020000000E+005    0.491367469359E-001
    0.915520000000E+005    0.491053571959E-001
    0.916020000000E+005    0.490739600936E-001
    0.916520000000E+005    0.490425556938E-001
    0.917020000000E+005    0.490111440614E-001
    0.917520000000E+005    0.489797252607E-001
    0.918020000000E+005    0.489482993565E-001
    0.918520000000E+005    0.489168664128E-001
    0.919020000000E+005    0.488854264941E-001
    0.919520000000E+005    0.488539796643E-001
    0.920020000000E+005    0.488225259874E-001
    0.920520000000E+005    0.487910655272E-001
    0.921020000000E+005    0.487595983475E-001
    0.921520000000E+005    0.487281245118E-001
    0.922020000000E+005    0.486966440836E-001
    0.922520000000E+005    0.486651571262E-001
    0.923020000000E+005    0.486336637028E-001
    0.923520000000E+005    0.486021638764E-001
    0.924020000000E+005    0.485706577101E-001
    0.924520000000E+005    0.485391452666E-001
    0.925020000000E+005    0.485076266087E-001
    0.925520000000E+005    0.484761017989E-001
    0.926020000000E+005    0.484445708996E-001
    0.926520000000E+005    0.484130339733E-001
    0.927020000000E+005    0.483814910820E-001
    0.927520000000E+005    0.483499422880E-001
    0.928020000000E+005    0.483183876530E-001
    0.928520000000E+005    0.482868272390E-001
    0.929020000000E+005    0.482552611077E-001
    0.929520000000E+005    0.482236893206E-001
    0.930020000000E+005    0.481921119392E-001
    0.930520000000E+005    0.481605290249E-001
    0.931020000000E+005    0.481289406388E-001
    0.931520000000E+005    0.480973468421E-001
    0.932020000000E+005    0.480657476956E-001
    0.932520000000E+005    0.480341432603E-001
    0.933020000000E+005    0.480025335969E-001
    0.933520000000E+005    0.479709187660E-001
    0.934020000000E+005    0.479392988280E-001
    0.934520000000E+005    0.479076738433E-001
    0.935020000000E+005    0.478760438722E-001
    0.935520000000E+005    0.478444089747E-001
    0.936020000000E+005    0.478127692108E-001
    0.936520000000E+005    0.477811246405E-001
    0.937020000000E+005    0.477494753234E-001
    0.937520000000E+005    0.477178213192E-001
    0.938020000000E+005    0.476861626874E-001
    0.938520000000E+005    0.476544994874E-001
    0.939020000000E+005    0.476228317784E-001
    0.939520000000E+005    0.475911596196E-001
    0.940020000000E+005    0.475594830700E-001
    0.940520000000E+005    0.475278021885E-001
    0.941020000000E+005    0.474961170340E-001
    0.941520000000E+005    0.474644276650E-001
    0.942020000000E+005    0.474327341401E-001
    0.942520000000E+005    0.474010365177E-001
    0.943020000000E+005    0.473693348562E-001
    0.943520000000E+005    0.473376292137E-001
    0.944020000000E+005    0.473059196484E-001
    0.944520000000E+005    0.472742062180E-001
    0.945020000000E+005    0.472424889806E-001
    0.945520000000E+005    0.472107679937E-001
    0.946020000000E+005    0.471790433150E-001
    0.946520000000E+005    0.471473150020E-001
    0.947020000000E+005    0.471155831120E-001
    0.947520000000E+005    0.470838477023E-001
    0.948020000000E+005    0.470521088299E-001
    0.948520000000E+005    0.470203665520E-001
    0.949020000000E+005    0.469886209253E-001
    0.949520000000E+005    0.469568720066E-001
    0.950020000000E+005    0.469251198527E-001
    0.950520000000E+005    0.468933645200E-001
    0.951020000000E+005    0.468616060649E-001
    0.951520000000E+005    0.468298445438E-001
    0.952020000000E+005    0.467980800128E-001
    0.952520000000E+005    0.467663125281E-001
    0.953020000000E+005    0.467345421455E-001
    0.953520000000E+005    0.467027689209E-001
    0.954020000000E+005    0.466709929100E-001
    0.954520000000E+005    0.466392141685E-001
    0.955020000000E+005    0.466074327518E-001
    0.955520000000E+005    0.465756487153E-001
    0.956020000000E+005    0.465438621142E-001
    0.956520000000E+005    0.465120730038E-001
    0.957020000000E+005    0.464802814390E-001
    0.957520000000E+005    0.464484874747E-001
    0.958020000000E+005    0.464166911658E-001
    0.958520000000E+005    0.463848925669E-001
    0.959020000000E+005    0.463530917327E-001
    0.959520000000E+005    0.463212887174E-001
    0.960020000000E+005    0.462894835756E-001
    0.960520000000E+005    0.462576763615E-001
    0.961020000000E+005    0.462258671291E-001
    0.961520000000E+005    0.461940559324E-001
    0.962020000000E+005    0.461622428255E-001
    0.962520000000E+005    0.461304278619E-001
    0.963020000000E+005    0.460986110954E-001
    0.963520000000E+005    0.460667925796E-001
    0.964020000000E+005    0.460349723678E-001
    0.964520000000E+005    0.460031505134E-001
    0.965020000000E+005    0.459713270697E-001
    0.965520000000E+005    0.459395020896E-001
    0.966020000000E+005    0.459076756263E-001
    0.966520000000E+005    0.458758477325E-001
    0.967020000000E+005    0.458440184611E-001
    0.967520000000E+005    0.458121878647E-001
    0.968020000000E+005    0.457803559958E-001
    0.968520000000E+005    0.457485229068E-001
    0.969020000000E+005    0.457166886502E-001
    0.969520000000E+005    0.456848532780E-001
    0.970020000000E+005    0.456530168425E-001
    0.970520000000E+005    0.456211793955E-001
    0.971020000000E+005    0.455893409889E-001
    0.971520000000E+005    0.455575016746E-001
    0.972020000000E+005    0.455256615041E-001
    0.972520000000E+005    0.454938205290E-001
    0.973020000000E+005    0.454619788008E-001
    0.973520000000E+005    0.454301363707E-001
    0.974020000000E+005    0.453982932901E-001
    0.974520000000E+005    0.453664496099E-001
    0.975020000000E+005    0.453346053811E-001
    0.975520000000E+005    0.453027606548E-001
    0.976020000000E+005    0.452709154816E-001
    0.976520000000E+005    0.452390699122E-001
    0.977020000000E+005    0.452072239972E-001
    0.977520000000E+005    0.451753777870E-001
    0.978020000000E+005    0.451435313320E-001
    0.978520000000E+005    0.451116846823E-001
    0.979020000000E+005    0.450798378882E-001
    0.979520000000E+005    0.450479909996E-001
    0.980020000000E+005    0.450161440665E-001
    0.980520000000E+005    0.449842971386E-001
    0.981020000000E+005    0.449524502657E-001
    0.981520000000E+005    0.449206034973E-001
    0.982020000000E+005    0.448887568829E-001
    0.982520000000E+005    0.448569104719E-001
    0.983020000000E+005    0.448250643135E-001
    0.983520000000E+005    0.447932184570E-001
    0.984020000000E+005    0.447613729513E-001
    0.984520000000E+005    0.447295278454E-001
    0.985020000000E+005    0.446976831882E-001
    0.985520000000E+005    0.446658390283E-001
    0.986020000000E+005    0.446339954144E-001
    0.986520000000E+005    0.446021523951E-001
    0.987020000000E+005    0.445703100186E-001
    0.987520000000E+005    0.445384683335E-001
    0.988020000000E+005    0.445066273877E-001
    0.988520000000E+005    0.444747872296E-001
    0.989020000000E+005    0.444429479069E-001
    0.989520000000E+005    0.444111094677E-001
    0.990020000000E+005    0.443792719597E-001
    0.990520000000E+005    0.443474354305E-001
    0.991020000000E+005    0.443155999278E-001
    0.991520000000E+005    0.442837654991E-001
    0.992020000000E+005    0.442519321916E-001
    0.992520000000E+005    0.442201000527E-001
    0.993020000000E+005    0.441882691295E-001
    0.993520000000E+005    0.441564394691E-001
    0.994020000000E+005    0.441246111183E-001
    0.994520000000E+005    0.440927841242E-001
    0.995020000000E+005    0.440609585333E-001
    0.995520000000E+005    0.440291343923E-001
    0.996020000000E+005    0.439973117478E-001
    0.996520000000E+005    0.439654906462E-001
    0.997020000000E+005    0.439336711338E-001
    0.997520000000E+005    0.439018532569E-001
    0.998020000000E+005    0.438700370616E-001
    0.998520000000E+005    0.438382225938E-001
    0.999020000000E+005    0.438064098996E-001
    0.999520000000E+005    0.437745990247E-001
