TITLE = "0D Field KB"
VARIABLES = N ,"KB_Ha100Rem1Re100"
ZONE DATAPACKING = POINT
    0.200000000000E+001    0.799992000074E-009
    0.520000000000E+002    0.540520783883E-006
    0.102000000000E+003    0.207820623232E-005
    0.152000000000E+003    0.460899651492E-005
    0.202000000000E+003    0.812434480915E-005
    0.252000000000E+003    0.126135350150E-004
    0.302000000000E+003    0.180648674989E-004
    0.352000000000E+003    0.244662743798E-004
    0.402000000000E+003    0.318056232981E-004
    0.452000000000E+003    0.400708664893E-004
    0.502000000000E+003    0.492501122180E-004
    0.552000000000E+003    0.593316562885E-004
    0.602000000000E+003    0.703039926516E-004
    0.652000000000E+003    0.821558130566E-004
    0.702000000000E+003    0.948760012567E-004
    0.752000000000E+003    0.108453624542E-003
    0.802000000000E+003    0.122877924203E-003
    0.852000000000E+003    0.138138305845E-003
    0.902000000000E+003    0.154224330017E-003
    0.952000000000E+003    0.171125703408E-003
    0.100200000000E+004    0.188832270658E-003
    0.105200000000E+004    0.207334006721E-003
    0.110200000000E+004    0.226621009998E-003
    0.115200000000E+004    0.246683496236E-003
    0.120200000000E+004    0.267511792945E-003
    0.125200000000E+004    0.289096334346E-003
    0.130200000000E+004    0.311427656810E-003
    0.135200000000E+004    0.334496394766E-003
    0.140200000000E+004    0.358293276997E-003
    0.145200000000E+004    0.382809123163E-003
    0.150200000000E+004    0.408034840582E-003
    0.155200000000E+004    0.433961421489E-003
    0.160200000000E+004    0.460579940631E-003
    0.165200000000E+004    0.487881552983E-003
    0.170200000000E+004    0.515857491665E-003
    0.175200000000E+004    0.544499066060E-003
    0.180200000000E+004    0.573797660112E-003
    0.185200000000E+004    0.603744730693E-003
    0.190200000000E+004    0.634331805959E-003
    0.195200000000E+004    0.665550483877E-003
    0.200200000000E+004    0.697392431088E-003
    0.205200000000E+004    0.729849381864E-003
    0.210200000000E+004    0.762913137045E-003
    0.215200000000E+004    0.796575563058E-003
    0.220200000000E+004    0.830828591039E-003
    0.225200000000E+004    0.865664215991E-003
    0.230200000000E+004    0.901074495869E-003
    0.235200000000E+004    0.937051550625E-003
    0.240200000000E+004    0.973587561467E-003
    0.245200000000E+004    0.101067477035E-002
    0.250200000000E+004    0.104830547944E-002
    0.255200000000E+004    0.108647205053E-002
    0.260200000000E+004    0.112516690449E-002
    0.265200000000E+004    0.116438252077E-002
    0.270200000000E+004    0.120411143690E-002
    0.275200000000E+004    0.124434624777E-002
    0.280200000000E+004    0.128507960501E-002
    0.285200000000E+004    0.132630421664E-002
    0.290200000000E+004    0.136801284676E-002
    0.295200000000E+004    0.141019831528E-002
    0.300200000000E+004    0.145285349745E-002
    0.305200000000E+004    0.149597132358E-002
    0.310200000000E+004    0.153954477865E-002
    0.315200000000E+004    0.158356690187E-002
    0.320200000000E+004    0.162803078612E-002
    0.325200000000E+004    0.167292957748E-002
    0.330200000000E+004    0.171825647510E-002
    0.335200000000E+004    0.176400473101E-002
    0.340200000000E+004    0.181016764982E-002
    0.345200000000E+004    0.185673858852E-002
    0.350200000000E+004    0.190371095612E-002
    0.355200000000E+004    0.195107821340E-002
    0.360200000000E+004    0.199883387240E-002
    0.365200000000E+004    0.204697149600E-002
    0.370200000000E+004    0.209548469761E-002
    0.375200000000E+004    0.214436714107E-002
    0.380200000000E+004    0.219361254058E-002
    0.385200000000E+004    0.224321466038E-002
    0.390200000000E+004    0.229316731463E-002
    0.395200000000E+004    0.234346436706E-002
    0.400200000000E+004    0.239409973071E-002
    0.405200000000E+004    0.244506736747E-002
    0.410200000000E+004    0.249636128767E-002
    0.415200000000E+004    0.254797554997E-002
    0.420200000000E+004    0.259990426133E-002
    0.425200000000E+004    0.265214157684E-002
    0.430200000000E+004    0.270468169959E-002
    0.435200000000E+004    0.275751888041E-002
    0.440200000000E+004    0.281064741769E-002
    0.445200000000E+004    0.286406165697E-002
    0.450200000000E+004    0.291775599060E-002
    0.455200000000E+004    0.297172485744E-002
    0.460200000000E+004    0.302596274281E-002
    0.465200000000E+004    0.308046417853E-002
    0.470200000000E+004    0.313522374280E-002
    0.475200000000E+004    0.319023606000E-002
    0.480200000000E+004    0.324549580058E-002
    0.485200000000E+004    0.330099768076E-002
    0.490200000000E+004    0.335673646225E-002
    0.495200000000E+004    0.341270695189E-002
    0.500200000000E+004    0.346890400153E-002
    0.505200000000E+004    0.352532250809E-002
    0.510200000000E+004    0.358195741357E-002
    0.515200000000E+004    0.363880370499E-002
    0.520200000000E+004    0.369585641424E-002
    0.525200000000E+004    0.375311061795E-002
    0.530200000000E+004    0.381056143726E-002
    0.535200000000E+004    0.386820403752E-002
    0.540200000000E+004    0.392603362809E-002
    0.545200000000E+004    0.398404546233E-002
    0.550200000000E+004    0.404223483775E-002
    0.555200000000E+004    0.410059709599E-002
    0.560200000000E+004    0.415912762284E-002
    0.565200000000E+004    0.421782184810E-002
    0.570200000000E+004    0.427667524550E-002
    0.575200000000E+004    0.433568333244E-002
    0.580200000000E+004    0.439484166978E-002
    0.585200000000E+004    0.445414586177E-002
    0.590200000000E+004    0.451359155616E-002
    0.595200000000E+004    0.457317444431E-002
    0.600200000000E+004    0.463289026130E-002
    0.605200000000E+004    0.469273478584E-002
    0.610200000000E+004    0.475270384025E-002
    0.615200000000E+004    0.481279329029E-002
    0.620200000000E+004    0.487299904501E-002
    0.625200000000E+004    0.493331705653E-002
    0.630200000000E+004    0.499374332012E-002
    0.635200000000E+004    0.505427387434E-002
    0.640200000000E+004    0.511490480118E-002
    0.645200000000E+004    0.517563222608E-002
    0.650200000000E+004    0.523645231791E-002
    0.655200000000E+004    0.529736128887E-002
    0.660200000000E+004    0.535835539432E-002
    0.665200000000E+004    0.541943093262E-002
    0.670200000000E+004    0.548058424497E-002
    0.675200000000E+004    0.554181171558E-002
    0.680200000000E+004    0.560310977172E-002
    0.685200000000E+004    0.566447488386E-002
    0.690200000000E+004    0.572590356565E-002
    0.695200000000E+004    0.578739237378E-002
    0.700200000000E+004    0.584893790789E-002
    0.705200000000E+004    0.591053681030E-002
    0.710200000000E+004    0.597218576584E-002
    0.715200000000E+004    0.603388150173E-002
    0.720200000000E+004    0.609562078770E-002
    0.725200000000E+004    0.615740043604E-002
    0.730200000000E+004    0.621921730158E-002
    0.735200000000E+004    0.628106828157E-002
    0.740200000000E+004    0.634295031553E-002
    0.745200000000E+004    0.640486038495E-002
    0.750200000000E+004    0.646679551305E-002
    0.755200000000E+004    0.652875276451E-002
    0.760200000000E+004    0.659072924536E-002
    0.765200000000E+004    0.665272210304E-002
    0.770200000000E+004    0.671472852631E-002
    0.775200000000E+004    0.677674574515E-002
    0.780200000000E+004    0.683877103050E-002
    0.785200000000E+004    0.690080169397E-002
    0.790200000000E+004    0.696283508751E-002
    0.795200000000E+004    0.702486860297E-002
    0.800200000000E+004    0.708689967191E-002
    0.805200000000E+004    0.714892576542E-002
    0.810200000000E+004    0.721094439404E-002
    0.815200000000E+004    0.727295310758E-002
    0.820200000000E+004    0.733494949489E-002
    0.825200000000E+004    0.739693118346E-002
    0.830200000000E+004    0.745889583906E-002
    0.835200000000E+004    0.752084116526E-002
    0.840200000000E+004    0.758276490300E-002
    0.845200000000E+004    0.764466483033E-002
    0.850200000000E+004    0.770653876219E-002
    0.855200000000E+004    0.776838455021E-002
    0.860200000000E+004    0.783020008247E-002
    0.865200000000E+004    0.789198328310E-002
    0.870200000000E+004    0.795373211182E-002
    0.875200000000E+004    0.801544456350E-002
    0.880200000000E+004    0.807711866759E-002
    0.885200000000E+004    0.813875248771E-002
    0.890200000000E+004    0.820034412136E-002
    0.895200000000E+004    0.826189169966E-002
    0.900200000000E+004    0.832339338710E-002
    0.905200000000E+004    0.838484738117E-002
    0.910200000000E+004    0.844625191189E-002
    0.915200000000E+004    0.850760524138E-002
    0.920200000000E+004    0.856890566322E-002
    0.925200000000E+004    0.863015150203E-002
    0.930200000000E+004    0.869134111301E-002
    0.935200000000E+004    0.875247288167E-002
    0.940200000000E+004    0.881354522355E-002
    0.945200000000E+004    0.887455658392E-002
    0.950200000000E+004    0.893550543739E-002
    0.955200000000E+004    0.899639028741E-002
    0.960200000000E+004    0.905720966575E-002
    0.965200000000E+004    0.911796213198E-002
    0.970200000000E+004    0.917864627302E-002
    0.975200000000E+004    0.923926070277E-002
    0.980200000000E+004    0.929980406186E-002
    0.985200000000E+004    0.936027501739E-002
    0.990200000000E+004    0.942067226258E-002
    0.995200000000E+004    0.948099451641E-002
    0.100020000000E+005    0.954124052311E-002
    0.100520000000E+005    0.960140905166E-002
    0.101020000000E+005    0.966149889537E-002
    0.101520000000E+005    0.972150887144E-002
    0.102020000000E+005    0.978143782072E-002
    0.102520000000E+005    0.984128460747E-002
    0.103020000000E+005    0.990104811914E-002
    0.103520000000E+005    0.996072726605E-002
    0.104020000000E+005    0.100203209810E-001
    0.104520000000E+005    0.100798282189E-001
    0.105020000000E+005    0.101392479561E-001
    0.105520000000E+005    0.101985791904E-001
    0.106020000000E+005    0.102578209403E-001
    0.106520000000E+005    0.103169722453E-001
    0.107020000000E+005    0.103760321652E-001
    0.107520000000E+005    0.104349997804E-001
    0.108020000000E+005    0.104938741913E-001
    0.108520000000E+005    0.105526545178E-001
    0.109020000000E+005    0.106113398996E-001
    0.109520000000E+005    0.106699294949E-001
    0.110020000000E+005    0.107284224810E-001
    0.110520000000E+005    0.107868180533E-001
    0.111020000000E+005    0.108451154259E-001
    0.111520000000E+005    0.109033138309E-001
    0.112020000000E+005    0.109614125187E-001
    0.112520000000E+005    0.110194107573E-001
    0.113020000000E+005    0.110773078322E-001
    0.113520000000E+005    0.111351030463E-001
    0.114020000000E+005    0.111927957190E-001
    0.114520000000E+005    0.112503851866E-001
    0.115020000000E+005    0.113078708020E-001
    0.115520000000E+005    0.113652519345E-001
    0.116020000000E+005    0.114225279699E-001
    0.116520000000E+005    0.114796983101E-001
    0.117020000000E+005    0.115367623730E-001
    0.117520000000E+005    0.115937195923E-001
    0.118020000000E+005    0.116505694171E-001
    0.118520000000E+005    0.117073113117E-001
    0.119020000000E+005    0.117639447556E-001
    0.119520000000E+005    0.118204692433E-001
    0.120020000000E+005    0.118768842842E-001
    0.120520000000E+005    0.119331894029E-001
    0.121020000000E+005    0.119893841385E-001
    0.121520000000E+005    0.120454680448E-001
    0.122020000000E+005    0.121014406897E-001
    0.122520000000E+005    0.121573016554E-001
    0.123020000000E+005    0.122130505378E-001
    0.123520000000E+005    0.122686869468E-001
    0.124020000000E+005    0.123242105061E-001
    0.124520000000E+005    0.123796208533E-001
    0.125020000000E+005    0.124349176394E-001
    0.125520000000E+005    0.124901005292E-001
    0.126020000000E+005    0.125451692006E-001
    0.126520000000E+005    0.126001233448E-001
    0.127020000000E+005    0.126549626657E-001
    0.127520000000E+005    0.127096868802E-001
    0.128020000000E+005    0.127642957177E-001
    0.128520000000E+005    0.128187889206E-001
    0.129020000000E+005    0.128731662440E-001
    0.129520000000E+005    0.129274274552E-001
    0.130020000000E+005    0.129815723345E-001
    0.130520000000E+005    0.130356006737E-001
    0.131020000000E+005    0.130895122771E-001
    0.131520000000E+005    0.131433069607E-001
    0.132020000000E+005    0.131969845520E-001
    0.132520000000E+005    0.132505448906E-001
    0.133020000000E+005    0.133039878274E-001
    0.133520000000E+005    0.133573132253E-001
    0.134020000000E+005    0.134105209585E-001
    0.134520000000E+005    0.134636109122E-001
    0.135020000000E+005    0.135165829831E-001
    0.135520000000E+005    0.135694370785E-001
    0.136020000000E+005    0.136221731164E-001
    0.136520000000E+005    0.136747910257E-001
    0.137020000000E+005    0.137272907457E-001
    0.137520000000E+005    0.137796722263E-001
    0.138020000000E+005    0.138319354281E-001
    0.138520000000E+005    0.138840803217E-001
    0.139020000000E+005    0.139361068879E-001
    0.139520000000E+005    0.139880151174E-001
    0.140020000000E+005    0.140398050104E-001
    0.140520000000E+005    0.140914765769E-001
    0.141020000000E+005    0.141430298363E-001
    0.141520000000E+005    0.141944648173E-001
    0.142020000000E+005    0.142457815583E-001
    0.142520000000E+005    0.142969801065E-001
    0.143020000000E+005    0.143480605186E-001
    0.143520000000E+005    0.143990228595E-001
    0.144020000000E+005    0.144498672031E-001
    0.144520000000E+005    0.145005936316E-001
    0.145020000000E+005    0.145512022354E-001
    0.145520000000E+005    0.146016931131E-001
    0.146020000000E+005    0.146520663717E-001
    0.146520000000E+005    0.147023221259E-001
    0.147020000000E+005    0.147524604986E-001
    0.147520000000E+005    0.148024816199E-001
    0.148020000000E+005    0.148523856277E-001
    0.148520000000E+005    0.149021726668E-001
    0.149020000000E+005    0.149518428890E-001
    0.149520000000E+005    0.150013964532E-001
    0.150020000000E+005    0.150508335252E-001
    0.150520000000E+005    0.151001542773E-001
    0.151020000000E+005    0.151493588886E-001
    0.151520000000E+005    0.151984475445E-001
    0.152020000000E+005    0.152474204365E-001
    0.152520000000E+005    0.152962777620E-001
    0.153020000000E+005    0.153450197243E-001
    0.153520000000E+005    0.153936465321E-001
    0.154020000000E+005    0.154421583997E-001
    0.154520000000E+005    0.154905555466E-001
    0.155020000000E+005    0.155388381980E-001
    0.155520000000E+005    0.155870065838E-001
    0.156020000000E+005    0.156350609388E-001
    0.156520000000E+005    0.156830015026E-001
    0.157020000000E+005    0.157308285191E-001
    0.157520000000E+005    0.157785422365E-001
    0.158020000000E+005    0.158261429071E-001
    0.158520000000E+005    0.158736307871E-001
    0.159020000000E+005    0.159210061369E-001
    0.159520000000E+005    0.159682692205E-001
    0.160020000000E+005    0.160154203055E-001
    0.160520000000E+005    0.160624596628E-001
    0.161020000000E+005    0.161093875665E-001
    0.161520000000E+005    0.161562042936E-001
    0.162020000000E+005    0.162029101241E-001
    0.162520000000E+005    0.162495053402E-001
    0.163020000000E+005    0.162959902272E-001
    0.163520000000E+005    0.163423650727E-001
    0.164020000000E+005    0.163886301665E-001
    0.164520000000E+005    0.164347858006E-001
    0.165020000000E+005    0.164808322691E-001
    0.165520000000E+005    0.165267698674E-001
    0.166020000000E+005    0.165725988928E-001
    0.166520000000E+005    0.166183196439E-001
    0.167020000000E+005    0.166639324205E-001
    0.167520000000E+005    0.167094375238E-001
    0.168020000000E+005    0.167548352561E-001
    0.168520000000E+005    0.168001259207E-001
    0.169020000000E+005    0.168453098215E-001
    0.169520000000E+005    0.168903872632E-001
    0.170020000000E+005    0.169353585507E-001
    0.170520000000E+005    0.169802239893E-001
    0.171020000000E+005    0.170249838844E-001
    0.171520000000E+005    0.170696385416E-001
    0.172020000000E+005    0.171141882664E-001
    0.172520000000E+005    0.171586333643E-001
    0.173020000000E+005    0.172029741405E-001
    0.173520000000E+005    0.172472108999E-001
    0.174020000000E+005    0.172913439467E-001
    0.174520000000E+005    0.173353735842E-001
    0.175020000000E+005    0.173793001152E-001
    0.175520000000E+005    0.174231238414E-001
    0.176020000000E+005    0.174668450636E-001
    0.176520000000E+005    0.175104640816E-001
    0.177020000000E+005    0.175539811942E-001
    0.177520000000E+005    0.175973966986E-001
    0.178020000000E+005    0.176407108910E-001
    0.178520000000E+005    0.176839240655E-001
    0.179020000000E+005    0.177270365151E-001
    0.179520000000E+005    0.177700485307E-001
    0.180020000000E+005    0.178129604015E-001
    0.180520000000E+005    0.178557724151E-001
    0.181020000000E+005    0.178984848571E-001
    0.181520000000E+005    0.179410980111E-001
    0.182020000000E+005    0.179836121587E-001
    0.182520000000E+005    0.180260275793E-001
    0.183020000000E+005    0.180683445498E-001
    0.183520000000E+005    0.181105633449E-001
    0.184020000000E+005    0.181526842369E-001
    0.184520000000E+005    0.181947074957E-001
    0.185020000000E+005    0.182366333886E-001
    0.185520000000E+005    0.182784621807E-001
    0.186020000000E+005    0.183201941344E-001
    0.186520000000E+005    0.183618295092E-001
    0.187020000000E+005    0.184033685621E-001
    0.187520000000E+005    0.184448115472E-001
    0.188020000000E+005    0.184861587156E-001
    0.188520000000E+005    0.185274103158E-001
    0.189020000000E+005    0.185685665933E-001
    0.189520000000E+005    0.186096277907E-001
    0.190020000000E+005    0.186505941478E-001
    0.190520000000E+005    0.186914659014E-001
    0.191020000000E+005    0.187322432852E-001
    0.191520000000E+005    0.187729265298E-001
    0.192020000000E+005    0.188135158626E-001
    0.192520000000E+005    0.188540115079E-001
    0.193020000000E+005    0.188944136871E-001
    0.193520000000E+005    0.189347226182E-001
    0.194020000000E+005    0.189749385164E-001
    0.194520000000E+005    0.190150615935E-001
    0.195020000000E+005    0.190550920583E-001
    0.195520000000E+005    0.190950301164E-001
    0.196020000000E+005    0.191348759699E-001
    0.196520000000E+005    0.191746298179E-001
    0.197020000000E+005    0.192142918562E-001
    0.197520000000E+005    0.192538622774E-001
    0.198020000000E+005    0.192933412710E-001
    0.198520000000E+005    0.193327290234E-001
    0.199020000000E+005    0.193720257178E-001
    0.199520000000E+005    0.194112315340E-001
    0.200020000000E+005    0.194503466489E-001
    0.200520000000E+005    0.194893712360E-001
    0.201020000000E+005    0.195283054655E-001
    0.201520000000E+005    0.195671495047E-001
    0.202020000000E+005    0.196059035176E-001
    0.202520000000E+005    0.196445676654E-001
    0.203020000000E+005    0.196831421059E-001
    0.203520000000E+005    0.197216269943E-001
    0.204020000000E+005    0.197600224823E-001
    0.204520000000E+005    0.197983287186E-001
    0.205020000000E+005    0.198365458489E-001
    0.205520000000E+005    0.198746740161E-001
    0.206020000000E+005    0.199127133598E-001
    0.206520000000E+005    0.199506640169E-001
    0.207020000000E+005    0.199885261216E-001
    0.207520000000E+005    0.200262998050E-001
    0.208020000000E+005    0.200639851955E-001
    0.208520000000E+005    0.201015824186E-001
    0.209020000000E+005    0.201390915970E-001
    0.209520000000E+005    0.201765128506E-001
    0.210020000000E+005    0.202138462965E-001
    0.210520000000E+005    0.202510920493E-001
    0.211020000000E+005    0.202882502211E-001
    0.211520000000E+005    0.203253209212E-001
    0.212020000000E+005    0.203623042564E-001
    0.212520000000E+005    0.203992003312E-001
    0.213020000000E+005    0.204360092473E-001
    0.213520000000E+005    0.204727311039E-001
    0.214020000000E+005    0.205093659979E-001
    0.214520000000E+005    0.205459140238E-001
    0.215020000000E+005    0.205823752737E-001
    0.215520000000E+005    0.206187498378E-001
    0.216020000000E+005    0.206550378037E-001
    0.216520000000E+005    0.206912392570E-001
    0.217020000000E+005    0.207273542810E-001
    0.217520000000E+005    0.207633829569E-001
    0.218020000000E+005    0.207993253638E-001
    0.218520000000E+005    0.208351815786E-001
    0.219020000000E+005    0.208709516763E-001
    0.219520000000E+005    0.209066357303E-001
    0.220020000000E+005    0.209422338116E-001
    0.220520000000E+005    0.209777459898E-001
    0.221020000000E+005    0.210131723323E-001
    0.221520000000E+005    0.210485129050E-001
    0.222020000000E+005    0.210837677719E-001
    0.222520000000E+005    0.211189369951E-001
    0.223020000000E+005    0.211540206352E-001
    0.223520000000E+005    0.211890187514E-001
    0.224020000000E+005    0.212239314010E-001
    0.224520000000E+005    0.212587586402E-001
    0.225020000000E+005    0.212935005234E-001
    0.225520000000E+005    0.213281571037E-001
    0.226020000000E+005    0.213627284327E-001
    0.226520000000E+005    0.213972145605E-001
    0.227020000000E+005    0.214316155362E-001
    0.227520000000E+005    0.214659314073E-001
    0.228020000000E+005    0.215001622202E-001
    0.228520000000E+005    0.215343080203E-001
    0.229020000000E+005    0.215683688516E-001
    0.229520000000E+005    0.216023447571E-001
    0.230020000000E+005    0.216362357788E-001
    0.230520000000E+005    0.216700419574E-001
    0.231020000000E+005    0.217037633328E-001
    0.231520000000E+005    0.217373999438E-001
    0.232020000000E+005    0.217709518282E-001
    0.232520000000E+005    0.218044190233E-001
    0.233020000000E+005    0.218378015651E-001
    0.233520000000E+005    0.218710994892E-001
    0.234020000000E+005    0.219043128303E-001
    0.234520000000E+005    0.219374416221E-001
    0.235020000000E+005    0.219704858979E-001
    0.235520000000E+005    0.220034456900E-001
    0.236020000000E+005    0.220363210302E-001
    0.236520000000E+005    0.220691119499E-001
    0.237020000000E+005    0.221018184796E-001
    0.237520000000E+005    0.221344406496E-001
    0.238020000000E+005    0.221669784895E-001
    0.238520000000E+005    0.221994320284E-001
    0.239020000000E+005    0.222318012951E-001
    0.239520000000E+005    0.222640863178E-001
    0.240020000000E+005    0.222962871242E-001
    0.240520000000E+005    0.223284037419E-001
    0.241020000000E+005    0.223604361980E-001
    0.241520000000E+005    0.223923845196E-001
    0.242020000000E+005    0.224242487332E-001
    0.242520000000E+005    0.224560288653E-001
    0.243020000000E+005    0.224877249420E-001
    0.243520000000E+005    0.225193369893E-001
    0.244020000000E+005    0.225508650328E-001
    0.244520000000E+005    0.225823090982E-001
    0.245020000000E+005    0.226136692110E-001
    0.245520000000E+005    0.226449453967E-001
    0.246020000000E+005    0.226761376805E-001
    0.246520000000E+005    0.227072460879E-001
    0.247020000000E+005    0.227382706442E-001
    0.247520000000E+005    0.227692113746E-001
    0.248020000000E+005    0.228000683044E-001
    0.248520000000E+005    0.228308414589E-001
    0.249020000000E+005    0.228615308634E-001
    0.249520000000E+005    0.228921365434E-001
    0.250020000000E+005    0.229226585244E-001
    0.250520000000E+005    0.229530968322E-001
    0.251020000000E+005    0.229834514926E-001
    0.251520000000E+005    0.230137225316E-001
    0.252020000000E+005    0.230439099752E-001
    0.252520000000E+005    0.230740138498E-001
    0.253020000000E+005    0.231040341819E-001
    0.253520000000E+005    0.231339709980E-001
    0.254020000000E+005    0.231638243252E-001
    0.254520000000E+005    0.231935941907E-001
    0.255020000000E+005    0.232232806221E-001
    0.255520000000E+005    0.232528836471E-001
    0.256020000000E+005    0.232824032937E-001
    0.256520000000E+005    0.233118395902E-001
    0.257020000000E+005    0.233411925653E-001
    0.257520000000E+005    0.233704622479E-001
    0.258020000000E+005    0.233996486672E-001
    0.258520000000E+005    0.234287518531E-001
    0.259020000000E+005    0.234577718355E-001
    0.259520000000E+005    0.234867086448E-001
    0.260020000000E+005    0.235155623120E-001
    0.260520000000E+005    0.235443328681E-001
    0.261020000000E+005    0.235730203447E-001
    0.261520000000E+005    0.236016247738E-001
    0.262020000000E+005    0.236301461876E-001
    0.262520000000E+005    0.236585846192E-001
    0.263020000000E+005    0.236869401017E-001
    0.263520000000E+005    0.237152126689E-001
    0.264020000000E+005    0.237434023550E-001
    0.264520000000E+005    0.237715091947E-001
    0.265020000000E+005    0.237995332229E-001
    0.265520000000E+005    0.238274744753E-001
    0.266020000000E+005    0.238553329879E-001
    0.266520000000E+005    0.238831087970E-001
    0.267020000000E+005    0.239108019398E-001
    0.267520000000E+005    0.239384124538E-001
    0.268020000000E+005    0.239659403771E-001
    0.268520000000E+005    0.239933857481E-001
    0.269020000000E+005    0.240207486058E-001
    0.269520000000E+005    0.240480289897E-001
    0.270020000000E+005    0.240752269399E-001
    0.270520000000E+005    0.241023424969E-001
    0.271020000000E+005    0.241293757016E-001
    0.271520000000E+005    0.241563265958E-001
    0.272020000000E+005    0.241831952216E-001
    0.272520000000E+005    0.242099816217E-001
    0.273020000000E+005    0.242366858392E-001
    0.273520000000E+005    0.242633079179E-001
    0.274020000000E+005    0.242898479020E-001
    0.274520000000E+005    0.243163058362E-001
    0.275020000000E+005    0.243426817658E-001
    0.275520000000E+005    0.243689757368E-001
    0.276020000000E+005    0.243951877955E-001
    0.276520000000E+005    0.244213179890E-001
    0.277020000000E+005    0.244473663647E-001
    0.277520000000E+005    0.244733329707E-001
    0.278020000000E+005    0.244992178554E-001
    0.278520000000E+005    0.245250210681E-001
    0.279020000000E+005    0.245507426584E-001
    0.279520000000E+005    0.245763826763E-001
    0.280020000000E+005    0.246019411728E-001
    0.280520000000E+005    0.246274181990E-001
    0.281020000000E+005    0.246528138069E-001
    0.281520000000E+005    0.246781280488E-001
    0.282020000000E+005    0.247033609777E-001
    0.282520000000E+005    0.247285126469E-001
    0.283020000000E+005    0.247535831103E-001
    0.283520000000E+005    0.247785724226E-001
    0.284020000000E+005    0.248034806386E-001
    0.284520000000E+005    0.248283078141E-001
    0.285020000000E+005    0.248530540052E-001
    0.285520000000E+005    0.248777192684E-001
    0.286020000000E+005    0.249023036611E-001
    0.286520000000E+005    0.249268072408E-001
    0.287020000000E+005    0.249512300657E-001
    0.287520000000E+005    0.249755721946E-001
    0.288020000000E+005    0.249998336867E-001
    0.288520000000E+005    0.250240146017E-001
    0.289020000000E+005    0.250481150000E-001
    0.289520000000E+005    0.250721349424E-001
    0.290020000000E+005    0.250960744901E-001
    0.290520000000E+005    0.251199337050E-001
    0.291020000000E+005    0.251437126494E-001
    0.291520000000E+005    0.251674113860E-001
    0.292020000000E+005    0.251910299782E-001
    0.292520000000E+005    0.252145684896E-001
    0.293020000000E+005    0.252380269847E-001
    0.293520000000E+005    0.252614055281E-001
    0.294020000000E+005    0.252847041853E-001
    0.294520000000E+005    0.253079230219E-001
    0.295020000000E+005    0.253310621041E-001
    0.295520000000E+005    0.253541214986E-001
    0.296020000000E+005    0.253771012725E-001
    0.296520000000E+005    0.254000014935E-001
    0.297020000000E+005    0.254228222297E-001
    0.297520000000E+005    0.254455635496E-001
    0.298020000000E+005    0.254682255222E-001
    0.298520000000E+005    0.254908082171E-001
    0.299020000000E+005    0.255133117042E-001
    0.299520000000E+005    0.255357360538E-001
    0.300020000000E+005    0.255580813368E-001
    0.300520000000E+005    0.255803476242E-001
    0.301020000000E+005    0.256025349879E-001
    0.301520000000E+005    0.256246434999E-001
    0.302020000000E+005    0.256466732328E-001
    0.302520000000E+005    0.256686242597E-001
    0.303020000000E+005    0.256904966538E-001
    0.303520000000E+005    0.257122904891E-001
    0.304020000000E+005    0.257340058397E-001
    0.304520000000E+005    0.257556427803E-001
    0.305020000000E+005    0.257772013858E-001
    0.305520000000E+005    0.257986817317E-001
    0.306020000000E+005    0.258200838940E-001
    0.306520000000E+005    0.258414079487E-001
    0.307020000000E+005    0.258626539727E-001
    0.307520000000E+005    0.258838220428E-001
    0.308020000000E+005    0.259049122366E-001
    0.308520000000E+005    0.259259246318E-001
    0.309020000000E+005    0.259468593064E-001
    0.309520000000E+005    0.259677163391E-001
    0.310020000000E+005    0.259884958087E-001
    0.310520000000E+005    0.260091977945E-001
    0.311020000000E+005    0.260298223763E-001
    0.311520000000E+005    0.260503696338E-001
    0.312020000000E+005    0.260708396476E-001
    0.312520000000E+005    0.260912324983E-001
    0.313020000000E+005    0.261115482669E-001
    0.313520000000E+005    0.261317870347E-001
    0.314020000000E+005    0.261519488834E-001
    0.314520000000E+005    0.261720338952E-001
    0.315020000000E+005    0.261920421525E-001
    0.315520000000E+005    0.262119737379E-001
    0.316020000000E+005    0.262318287344E-001
    0.316520000000E+005    0.262516072256E-001
    0.317020000000E+005    0.262713092949E-001
    0.317520000000E+005    0.262909350263E-001
    0.318020000000E+005    0.263104845042E-001
    0.318520000000E+005    0.263299578132E-001
    0.319020000000E+005    0.263493550381E-001
    0.319520000000E+005    0.263686762641E-001
    0.320020000000E+005    0.263879215769E-001
    0.320520000000E+005    0.264070910620E-001
    0.321020000000E+005    0.264261848058E-001
    0.321520000000E+005    0.264452028943E-001
    0.322020000000E+005    0.264641454144E-001
    0.322520000000E+005    0.264830124528E-001
    0.323020000000E+005    0.265018040968E-001
    0.323520000000E+005    0.265205204339E-001
    0.324020000000E+005    0.265391615518E-001
    0.324520000000E+005    0.265577275385E-001
    0.325020000000E+005    0.265762184823E-001
    0.325520000000E+005    0.265946344715E-001
    0.326020000000E+005    0.266129755951E-001
    0.326520000000E+005    0.266312419420E-001
    0.327020000000E+005    0.266494336014E-001
    0.327520000000E+005    0.266675506629E-001
    0.328020000000E+005    0.266855932162E-001
    0.328520000000E+005    0.267035613513E-001
    0.329020000000E+005    0.267214551585E-001
    0.329520000000E+005    0.267392747281E-001
    0.330020000000E+005    0.267570201509E-001
    0.330520000000E+005    0.267746915177E-001
    0.331020000000E+005    0.267922889196E-001
    0.331520000000E+005    0.268098124480E-001
    0.332020000000E+005    0.268272621945E-001
    0.332520000000E+005    0.268446382508E-001
    0.333020000000E+005    0.268619407090E-001
    0.333520000000E+005    0.268791696611E-001
    0.334020000000E+005    0.268963251997E-001
    0.334520000000E+005    0.269134074172E-001
    0.335020000000E+005    0.269304164064E-001
    0.335520000000E+005    0.269473522604E-001
    0.336020000000E+005    0.269642150723E-001
    0.336520000000E+005    0.269810049355E-001
    0.337020000000E+005    0.269977219435E-001
    0.337520000000E+005    0.270143661902E-001
    0.338020000000E+005    0.270309377694E-001
    0.338520000000E+005    0.270474367751E-001
    0.339020000000E+005    0.270638633018E-001
    0.339520000000E+005    0.270802174437E-001
    0.340020000000E+005    0.270964992956E-001
    0.340520000000E+005    0.271127089522E-001
    0.341020000000E+005    0.271288465084E-001
    0.341520000000E+005    0.271449120595E-001
    0.342020000000E+005    0.271609057007E-001
    0.342520000000E+005    0.271768275274E-001
    0.343020000000E+005    0.271926776351E-001
    0.343520000000E+005    0.272084561197E-001
    0.344020000000E+005    0.272241630769E-001
    0.344520000000E+005    0.272397986030E-001
    0.345020000000E+005    0.272553627939E-001
    0.345520000000E+005    0.272708557461E-001
    0.346020000000E+005    0.272862775561E-001
    0.346520000000E+005    0.273016283205E-001
    0.347020000000E+005    0.273169081359E-001
    0.347520000000E+005    0.273321170994E-001
    0.348020000000E+005    0.273472553077E-001
    0.348520000000E+005    0.273623228582E-001
    0.349020000000E+005    0.273773198481E-001
    0.349520000000E+005    0.273922463747E-001
    0.350020000000E+005    0.274071025357E-001
    0.350520000000E+005    0.274218884286E-001
    0.351020000000E+005    0.274366041512E-001
    0.351520000000E+005    0.274512498014E-001
    0.352020000000E+005    0.274658254771E-001
    0.352520000000E+005    0.274803312765E-001
    0.353020000000E+005    0.274947672976E-001
    0.353520000000E+005    0.275091336390E-001
    0.354020000000E+005    0.275234303989E-001
    0.354520000000E+005    0.275376576761E-001
    0.355020000000E+005    0.275518155689E-001
    0.355520000000E+005    0.275659041763E-001
    0.356020000000E+005    0.275799235970E-001
    0.356520000000E+005    0.275938739300E-001
    0.357020000000E+005    0.276077552742E-001
    0.357520000000E+005    0.276215677288E-001
    0.358020000000E+005    0.276353113930E-001
    0.358520000000E+005    0.276489863661E-001
    0.359020000000E+005    0.276625927475E-001
    0.359520000000E+005    0.276761306367E-001
    0.360020000000E+005    0.276896001332E-001
    0.360520000000E+005    0.277030013367E-001
    0.361020000000E+005    0.277163343468E-001
    0.361520000000E+005    0.277295992634E-001
    0.362020000000E+005    0.277427961864E-001
    0.362520000000E+005    0.277559252157E-001
    0.363020000000E+005    0.277689864513E-001
    0.363520000000E+005    0.277819799934E-001
    0.364020000000E+005    0.277949059421E-001
    0.364520000000E+005    0.278077643977E-001
    0.365020000000E+005    0.278205554604E-001
    0.365520000000E+005    0.278332792306E-001
    0.366020000000E+005    0.278459358088E-001
    0.366520000000E+005    0.278585252955E-001
    0.367020000000E+005    0.278710477913E-001
    0.367520000000E+005    0.278835033967E-001
    0.368020000000E+005    0.278958922125E-001
    0.368520000000E+005    0.279082143395E-001
    0.369020000000E+005    0.279204698783E-001
    0.369520000000E+005    0.279326589299E-001
    0.370020000000E+005    0.279447815951E-001
    0.370520000000E+005    0.279568379750E-001
    0.371020000000E+005    0.279688281705E-001
    0.371520000000E+005    0.279807522827E-001
    0.372020000000E+005    0.279926104127E-001
    0.372520000000E+005    0.280044026617E-001
    0.373020000000E+005    0.280161291309E-001
    0.373520000000E+005    0.280277899214E-001
    0.374020000000E+005    0.280393851346E-001
    0.374520000000E+005    0.280509148719E-001
    0.375020000000E+005    0.280623792344E-001
    0.375520000000E+005    0.280737783238E-001
    0.376020000000E+005    0.280851122414E-001
    0.376520000000E+005    0.280963810888E-001
    0.377020000000E+005    0.281075849673E-001
    0.377520000000E+005    0.281187239786E-001
    0.378020000000E+005    0.281297982243E-001
    0.378520000000E+005    0.281408078059E-001
    0.379020000000E+005    0.281517528251E-001
    0.379520000000E+005    0.281626333836E-001
    0.380020000000E+005    0.281734495831E-001
    0.380520000000E+005    0.281842015252E-001
    0.381020000000E+005    0.281948893119E-001
    0.381520000000E+005    0.282055130448E-001
    0.382020000000E+005    0.282160728257E-001
    0.382520000000E+005    0.282265687565E-001
    0.383020000000E+005    0.282370009390E-001
    0.383520000000E+005    0.282473694750E-001
    0.384020000000E+005    0.282576744665E-001
    0.384520000000E+005    0.282679160154E-001
    0.385020000000E+005    0.282780942236E-001
    0.385520000000E+005    0.282882091930E-001
    0.386020000000E+005    0.282982610256E-001
    0.386520000000E+005    0.283082498233E-001
    0.387020000000E+005    0.283181756881E-001
    0.387520000000E+005    0.283280387221E-001
    0.388020000000E+005    0.283378390271E-001
    0.388520000000E+005    0.283475767053E-001
    0.389020000000E+005    0.283572518587E-001
    0.389520000000E+005    0.283668645892E-001
    0.390020000000E+005    0.283764149989E-001
    0.390520000000E+005    0.283859031900E-001
    0.391020000000E+005    0.283953292643E-001
    0.391520000000E+005    0.284046933240E-001
    0.392020000000E+005    0.284139954711E-001
    0.392520000000E+005    0.284232358076E-001
    0.393020000000E+005    0.284324144358E-001
    0.393520000000E+005    0.284415314575E-001
    0.394020000000E+005    0.284505869750E-001
    0.394520000000E+005    0.284595810901E-001
    0.395020000000E+005    0.284685139051E-001
    0.395520000000E+005    0.284773855219E-001
    0.396020000000E+005    0.284861960426E-001
    0.396520000000E+005    0.284949455692E-001
    0.397020000000E+005    0.285036342038E-001
    0.397520000000E+005    0.285122620485E-001
    0.398020000000E+005    0.285208292052E-001
    0.398520000000E+005    0.285293357761E-001
    0.399020000000E+005    0.285377818630E-001
    0.399520000000E+005    0.285461675679E-001
    0.400020000000E+005    0.285544929930E-001
    0.400520000000E+005    0.285627582402E-001
    0.401020000000E+005    0.285709634113E-001
    0.401520000000E+005    0.285791086085E-001
    0.402020000000E+005    0.285871939336E-001
    0.402520000000E+005    0.285952194886E-001
    0.403020000000E+005    0.286031853753E-001
    0.403520000000E+005    0.286110916958E-001
    0.404020000000E+005    0.286189385517E-001
    0.404520000000E+005    0.286267260451E-001
    0.405020000000E+005    0.286344542777E-001
    0.405520000000E+005    0.286421233514E-001
    0.406020000000E+005    0.286497333680E-001
    0.406520000000E+005    0.286572844292E-001
    0.407020000000E+005    0.286647766369E-001
    0.407520000000E+005    0.286722100927E-001
    0.408020000000E+005    0.286795848984E-001
    0.408520000000E+005    0.286869011557E-001
    0.409020000000E+005    0.286941589661E-001
    0.409520000000E+005    0.287013584315E-001
    0.410020000000E+005    0.287084996533E-001
    0.410520000000E+005    0.287155827333E-001
    0.411020000000E+005    0.287226077728E-001
    0.411520000000E+005    0.287295748736E-001
    0.412020000000E+005    0.287364841370E-001
    0.412520000000E+005    0.287433356645E-001
    0.413020000000E+005    0.287501295577E-001
    0.413520000000E+005    0.287568659178E-001
    0.414020000000E+005    0.287635448463E-001
    0.414520000000E+005    0.287701664445E-001
    0.415020000000E+005    0.287767308137E-001
    0.415520000000E+005    0.287832380553E-001
    0.416020000000E+005    0.287896882704E-001
    0.416520000000E+005    0.287960815603E-001
    0.417020000000E+005    0.288024180261E-001
    0.417520000000E+005    0.288086977690E-001
    0.418020000000E+005    0.288149208901E-001
    0.418520000000E+005    0.288210874904E-001
    0.419020000000E+005    0.288271976709E-001
    0.419520000000E+005    0.288332515327E-001
    0.420020000000E+005    0.288392491767E-001
    0.420520000000E+005    0.288451907037E-001
    0.421020000000E+005    0.288510762146E-001
    0.421520000000E+005    0.288569058103E-001
    0.422020000000E+005    0.288626795915E-001
    0.422520000000E+005    0.288683976590E-001
    0.423020000000E+005    0.288740601133E-001
    0.423520000000E+005    0.288796670553E-001
    0.424020000000E+005    0.288852185854E-001
    0.424520000000E+005    0.288907148043E-001
    0.425020000000E+005    0.288961558123E-001
    0.425520000000E+005    0.289015417100E-001
    0.426020000000E+005    0.289068725978E-001
    0.426520000000E+005    0.289121485760E-001
    0.427020000000E+005    0.289173697449E-001
    0.427520000000E+005    0.289225362049E-001
    0.428020000000E+005    0.289276480560E-001
    0.428520000000E+005    0.289327053985E-001
    0.429020000000E+005    0.289377083324E-001
    0.429520000000E+005    0.289426569578E-001
    0.430020000000E+005    0.289475513748E-001
    0.430520000000E+005    0.289523916831E-001
    0.431020000000E+005    0.289571779828E-001
    0.431520000000E+005    0.289619103737E-001
    0.432020000000E+005    0.289665889555E-001
    0.432520000000E+005    0.289712138280E-001
    0.433020000000E+005    0.289757850908E-001
    0.433520000000E+005    0.289803028436E-001
    0.434020000000E+005    0.289847671858E-001
    0.434520000000E+005    0.289891782170E-001
    0.435020000000E+005    0.289935360366E-001
    0.435520000000E+005    0.289978407439E-001
    0.436020000000E+005    0.290020924384E-001
    0.436520000000E+005    0.290062912192E-001
    0.437020000000E+005    0.290104371855E-001
    0.437520000000E+005    0.290145304365E-001
    0.438020000000E+005    0.290185710712E-001
    0.438520000000E+005    0.290225591886E-001
    0.439020000000E+005    0.290264948876E-001
    0.439520000000E+005    0.290303782672E-001
    0.440020000000E+005    0.290342094261E-001
    0.440520000000E+005    0.290379884630E-001
    0.441020000000E+005    0.290417154767E-001
    0.441520000000E+005    0.290453905658E-001
    0.442020000000E+005    0.290490138287E-001
    0.442520000000E+005    0.290525853640E-001
    0.443020000000E+005    0.290561052701E-001
    0.443520000000E+005    0.290595736453E-001
    0.444020000000E+005    0.290629905878E-001
    0.444520000000E+005    0.290663561960E-001
    0.445020000000E+005    0.290696705678E-001
    0.445520000000E+005    0.290729338014E-001
    0.446020000000E+005    0.290761459947E-001
    0.446520000000E+005    0.290793072456E-001
    0.447020000000E+005    0.290824176520E-001
    0.447520000000E+005    0.290854773117E-001
    0.448020000000E+005    0.290884863223E-001
    0.448520000000E+005    0.290914447815E-001
    0.449020000000E+005    0.290943527868E-001
    0.449520000000E+005    0.290972104357E-001
    0.450020000000E+005    0.291000178255E-001
    0.450520000000E+005    0.291027750536E-001
    0.451020000000E+005    0.291054822173E-001
    0.451520000000E+005    0.291081394136E-001
    0.452020000000E+005    0.291107467397E-001
    0.452520000000E+005    0.291133042926E-001
    0.453020000000E+005    0.291158121692E-001
    0.453520000000E+005    0.291182704663E-001
    0.454020000000E+005    0.291206792808E-001
    0.454520000000E+005    0.291230387093E-001
    0.455020000000E+005    0.291253488485E-001
    0.455520000000E+005    0.291276097948E-001
    0.456020000000E+005    0.291298216447E-001
    0.456520000000E+005    0.291319844945E-001
    0.457020000000E+005    0.291340984407E-001
    0.457520000000E+005    0.291361635793E-001
    0.458020000000E+005    0.291381800065E-001
    0.458520000000E+005    0.291401478183E-001
    0.459020000000E+005    0.291420671106E-001
    0.459520000000E+005    0.291439379794E-001
    0.460020000000E+005    0.291457605204E-001
    0.460520000000E+005    0.291475348294E-001
    0.461020000000E+005    0.291492610018E-001
    0.461520000000E+005    0.291509391332E-001
    0.462020000000E+005    0.291525693192E-001
    0.462520000000E+005    0.291541516550E-001
    0.463020000000E+005    0.291556862358E-001
    0.463520000000E+005    0.291571731570E-001
    0.464020000000E+005    0.291586125134E-001
    0.464520000000E+005    0.291600044003E-001
    0.465020000000E+005    0.291613489123E-001
    0.465520000000E+005    0.291626461445E-001
    0.466020000000E+005    0.291638961915E-001
    0.466520000000E+005    0.291650991479E-001
    0.467020000000E+005    0.291662551083E-001
    0.467520000000E+005    0.291673641671E-001
    0.468020000000E+005    0.291684264188E-001
    0.468520000000E+005    0.291694419575E-001
    0.469020000000E+005    0.291704108776E-001
    0.469520000000E+005    0.291713332729E-001
    0.470020000000E+005    0.291722092377E-001
    0.470520000000E+005    0.291730388657E-001
    0.471020000000E+005    0.291738222508E-001
    0.471520000000E+005    0.291745594866E-001
    0.472020000000E+005    0.291752506669E-001
    0.472520000000E+005    0.291758958851E-001
    0.473020000000E+005    0.291764952346E-001
    0.473520000000E+005    0.291770488089E-001
    0.474020000000E+005    0.291775567011E-001
    0.474520000000E+005    0.291780190044E-001
    0.475020000000E+005    0.291784358118E-001
    0.475520000000E+005    0.291788072163E-001
    0.476020000000E+005    0.291791333107E-001
    0.476520000000E+005    0.291794141878E-001
    0.477020000000E+005    0.291796499403E-001
    0.477520000000E+005    0.291798406607E-001
    0.478020000000E+005    0.291799864414E-001
    0.478520000000E+005    0.291800873749E-001
    0.479020000000E+005    0.291801435535E-001
    0.479520000000E+005    0.291801550691E-001
    0.480020000000E+005    0.291801220141E-001
    0.480520000000E+005    0.291800444802E-001
    0.481020000000E+005    0.291799225594E-001
    0.481520000000E+005    0.291797563434E-001
    0.482020000000E+005    0.291795459239E-001
    0.482520000000E+005    0.291792913925E-001
    0.483020000000E+005    0.291789928407E-001
    0.483520000000E+005    0.291786503597E-001
    0.484020000000E+005    0.291782640408E-001
    0.484520000000E+005    0.291778339753E-001
    0.485020000000E+005    0.291773602542E-001
    0.485520000000E+005    0.291768429683E-001
    0.486020000000E+005    0.291762822087E-001
    0.486520000000E+005    0.291756780659E-001
    0.487020000000E+005    0.291750306307E-001
    0.487520000000E+005    0.291743399936E-001
    0.488020000000E+005    0.291736062450E-001
    0.488520000000E+005    0.291728294753E-001
    0.489020000000E+005    0.291720097747E-001
    0.489520000000E+005    0.291711472333E-001
    0.490020000000E+005    0.291702419411E-001
    0.490520000000E+005    0.291692939881E-001
    0.491020000000E+005    0.291683034641E-001
    0.491520000000E+005    0.291672704587E-001
    0.492020000000E+005    0.291661950615E-001
    0.492520000000E+005    0.291650773621E-001
    0.493020000000E+005    0.291639174499E-001
    0.493520000000E+005    0.291627154141E-001
    0.494020000000E+005    0.291614713438E-001
    0.494520000000E+005    0.291601853282E-001
    0.495020000000E+005    0.291588574562E-001
    0.495520000000E+005    0.291574878167E-001
    0.496020000000E+005    0.291560764983E-001
    0.496520000000E+005    0.291546235898E-001
    0.497020000000E+005    0.291531291797E-001
    0.497520000000E+005    0.291515933564E-001
    0.498020000000E+005    0.291500162082E-001
    0.498520000000E+005    0.291483978233E-001
    0.499020000000E+005    0.291467382898E-001
    0.499520000000E+005    0.291450376957E-001
    0.500020000000E+005    0.291432961288E-001
    0.500520000000E+005    0.291415136771E-001
    0.501020000000E+005    0.291396904280E-001
    0.501520000000E+005    0.291378264692E-001
    0.502020000000E+005    0.291359218881E-001
    0.502520000000E+005    0.291339767720E-001
    0.503020000000E+005    0.291319912081E-001
    0.503520000000E+005    0.291299652837E-001
    0.504020000000E+005    0.291278990856E-001
    0.504520000000E+005    0.291257927008E-001
    0.505020000000E+005    0.291236462161E-001
    0.505520000000E+005    0.291214597180E-001
    0.506020000000E+005    0.291192332933E-001
    0.506520000000E+005    0.291169670283E-001
    0.507020000000E+005    0.291146610094E-001
    0.507520000000E+005    0.291123153228E-001
    0.508020000000E+005    0.291099300546E-001
    0.508520000000E+005    0.291075052909E-001
    0.509020000000E+005    0.291050411175E-001
    0.509520000000E+005    0.291025376202E-001
    0.510020000000E+005    0.290999948847E-001
    0.510520000000E+005    0.290974129966E-001
    0.511020000000E+005    0.290947920413E-001
    0.511520000000E+005    0.290921321041E-001
    0.512020000000E+005    0.290894332703E-001
    0.512520000000E+005    0.290866956250E-001
    0.513020000000E+005    0.290839192532E-001
    0.513520000000E+005    0.290811042397E-001
    0.514020000000E+005    0.290782506694E-001
    0.514520000000E+005    0.290753586270E-001
    0.515020000000E+005    0.290724281969E-001
    0.515520000000E+005    0.290694594636E-001
    0.516020000000E+005    0.290664525115E-001
    0.516520000000E+005    0.290634074248E-001
    0.517020000000E+005    0.290603242875E-001
    0.517520000000E+005    0.290572031836E-001
    0.518020000000E+005    0.290540441971E-001
    0.518520000000E+005    0.290508474117E-001
    0.519020000000E+005    0.290476129110E-001
    0.519520000000E+005    0.290443407787E-001
    0.520020000000E+005    0.290410310980E-001
    0.520520000000E+005    0.290376839523E-001
    0.521020000000E+005    0.290342994249E-001
    0.521520000000E+005    0.290308775987E-001
    0.522020000000E+005    0.290274185569E-001
    0.522520000000E+005    0.290239223821E-001
    0.523020000000E+005    0.290203891573E-001
    0.523520000000E+005    0.290168189649E-001
    0.524020000000E+005    0.290132118876E-001
    0.524520000000E+005    0.290095680077E-001
    0.525020000000E+005    0.290058874075E-001
    0.525520000000E+005    0.290021701692E-001
    0.526020000000E+005    0.289984163748E-001
    0.526520000000E+005    0.289946261063E-001
    0.527020000000E+005    0.289907994456E-001
    0.527520000000E+005    0.289869364744E-001
    0.528020000000E+005    0.289830372742E-001
    0.528520000000E+005    0.289791019265E-001
    0.529020000000E+005    0.289751305128E-001
    0.529520000000E+005    0.289711231143E-001
    0.530020000000E+005    0.289670798121E-001
    0.530520000000E+005    0.289630006874E-001
    0.531020000000E+005    0.289588858209E-001
    0.531520000000E+005    0.289547352936E-001
    0.532020000000E+005    0.289505491861E-001
    0.532520000000E+005    0.289463275789E-001
    0.533020000000E+005    0.289420705527E-001
    0.533520000000E+005    0.289377781877E-001
    0.534020000000E+005    0.289334505641E-001
    0.534520000000E+005    0.289290877621E-001
    0.535020000000E+005    0.289246898617E-001
    0.535520000000E+005    0.289202569427E-001
    0.536020000000E+005    0.289157890851E-001
    0.536520000000E+005    0.289112863684E-001
    0.537020000000E+005    0.289067488722E-001
    0.537520000000E+005    0.289021766759E-001
    0.538020000000E+005    0.288975698589E-001
    0.538520000000E+005    0.288929285004E-001
    0.539020000000E+005    0.288882526795E-001
    0.539520000000E+005    0.288835424751E-001
    0.540020000000E+005    0.288787979661E-001
    0.540520000000E+005    0.288740192314E-001
    0.541020000000E+005    0.288692063495E-001
    0.541520000000E+005    0.288643593989E-001
    0.542020000000E+005    0.288594784581E-001
    0.542520000000E+005    0.288545636054E-001
    0.543020000000E+005    0.288496149190E-001
    0.543520000000E+005    0.288446324769E-001
    0.544020000000E+005    0.288396163571E-001
    0.544520000000E+005    0.288345666375E-001
    0.545020000000E+005    0.288294833957E-001
    0.545520000000E+005    0.288243667095E-001
    0.546020000000E+005    0.288192166563E-001
    0.546520000000E+005    0.288140333135E-001
    0.547020000000E+005    0.288088167583E-001
    0.547520000000E+005    0.288035670680E-001
    0.548020000000E+005    0.287982843196E-001
    0.548520000000E+005    0.287929685901E-001
    0.549020000000E+005    0.287876199562E-001
    0.549520000000E+005    0.287822384946E-001
    0.550020000000E+005    0.287768242821E-001
    0.550520000000E+005    0.287713773950E-001
    0.551020000000E+005    0.287658979098E-001
    0.551520000000E+005    0.287603859026E-001
    0.552020000000E+005    0.287548414497E-001
    0.552520000000E+005    0.287492646271E-001
    0.553020000000E+005    0.287436555106E-001
    0.553520000000E+005    0.287380141762E-001
    0.554020000000E+005    0.287323406994E-001
    0.554520000000E+005    0.287266351560E-001
    0.555020000000E+005    0.287208976212E-001
    0.555520000000E+005    0.287151281706E-001
    0.556020000000E+005    0.287093268794E-001
    0.556520000000E+005    0.287034938226E-001
    0.557020000000E+005    0.286976290753E-001
    0.557520000000E+005    0.286917327124E-001
    0.558020000000E+005    0.286858048087E-001
    0.558520000000E+005    0.286798454390E-001
    0.559020000000E+005    0.286738546776E-001
    0.559520000000E+005    0.286678325992E-001
    0.560020000000E+005    0.286617792781E-001
    0.560520000000E+005    0.286556947884E-001
    0.561020000000E+005    0.286495792044E-001
    0.561520000000E+005    0.286434326000E-001
    0.562020000000E+005    0.286372550491E-001
    0.562520000000E+005    0.286310466255E-001
    0.563020000000E+005    0.286248074029E-001
    0.563520000000E+005    0.286185374549E-001
    0.564020000000E+005    0.286122368549E-001
    0.564520000000E+005    0.286059056763E-001
    0.565020000000E+005    0.285995439922E-001
    0.565520000000E+005    0.285931518758E-001
    0.566020000000E+005    0.285867294002E-001
    0.566520000000E+005    0.285802766381E-001
    0.567020000000E+005    0.285737936624E-001
    0.567520000000E+005    0.285672805458E-001
    0.568020000000E+005    0.285607373609E-001
    0.568520000000E+005    0.285541641800E-001
    0.569020000000E+005    0.285475610756E-001
    0.569520000000E+005    0.285409281198E-001
    0.570020000000E+005    0.285342653849E-001
    0.570520000000E+005    0.285275729427E-001
    0.571020000000E+005    0.285208508652E-001
    0.571520000000E+005    0.285140992243E-001
    0.572020000000E+005    0.285073180915E-001
    0.572520000000E+005    0.285005075384E-001
    0.573020000000E+005    0.284936676366E-001
    0.573520000000E+005    0.284867984574E-001
    0.574020000000E+005    0.284799000720E-001
    0.574520000000E+005    0.284729725515E-001
    0.575020000000E+005    0.284660159670E-001
    0.575520000000E+005    0.284590303894E-001
    0.576020000000E+005    0.284520158895E-001
    0.576520000000E+005    0.284449725380E-001
    0.577020000000E+005    0.284379004055E-001
    0.577520000000E+005    0.284307995624E-001
    0.578020000000E+005    0.284236700792E-001
    0.578520000000E+005    0.284165120261E-001
    0.579020000000E+005    0.284093254732E-001
    0.579520000000E+005    0.284021104907E-001
    0.580020000000E+005    0.283948671483E-001
    0.580520000000E+005    0.283875955161E-001
    0.581020000000E+005    0.283802956636E-001
    0.581520000000E+005    0.283729676605E-001
    0.582020000000E+005    0.283656115763E-001
    0.582520000000E+005    0.283582274805E-001
    0.583020000000E+005    0.283508154422E-001
    0.583520000000E+005    0.283433755307E-001
    0.584020000000E+005    0.283359078150E-001
    0.584520000000E+005    0.283284123642E-001
    0.585020000000E+005    0.283208892470E-001
    0.585520000000E+005    0.283133385323E-001
    0.586020000000E+005    0.283057602886E-001
    0.586520000000E+005    0.282981545846E-001
    0.587020000000E+005    0.282905214886E-001
    0.587520000000E+005    0.282828610690E-001
    0.588020000000E+005    0.282751733940E-001
    0.588520000000E+005    0.282674585316E-001
    0.589020000000E+005    0.282597165500E-001
    0.589520000000E+005    0.282519475170E-001
    0.590020000000E+005    0.282441515005E-001
    0.590520000000E+005    0.282363285680E-001
    0.591020000000E+005    0.282284787872E-001
    0.591520000000E+005    0.282206022255E-001
    0.592020000000E+005    0.282126989504E-001
    0.592520000000E+005    0.282047690291E-001
    0.593020000000E+005    0.281968125287E-001
    0.593520000000E+005    0.281888295164E-001
    0.594020000000E+005    0.281808200590E-001
    0.594520000000E+005    0.281727842234E-001
    0.595020000000E+005    0.281647220764E-001
    0.595520000000E+005    0.281566336845E-001
    0.596020000000E+005    0.281485191144E-001
    0.596520000000E+005    0.281403784324E-001
    0.597020000000E+005    0.281322117049E-001
    0.597520000000E+005    0.281240189981E-001
    0.598020000000E+005    0.281158003781E-001
    0.598520000000E+005    0.281075559109E-001
    0.599020000000E+005    0.280992856624E-001
    0.599520000000E+005    0.280909896984E-001
    0.600020000000E+005    0.280826680847E-001
    0.600520000000E+005    0.280743208868E-001
    0.601020000000E+005    0.280659481702E-001
    0.601520000000E+005    0.280575500003E-001
    0.602020000000E+005    0.280491264424E-001
    0.602520000000E+005    0.280406775617E-001
    0.603020000000E+005    0.280322034232E-001
    0.603520000000E+005    0.280237040920E-001
    0.604020000000E+005    0.280151796328E-001
    0.604520000000E+005    0.280066301106E-001
    0.605020000000E+005    0.279980555899E-001
    0.605520000000E+005    0.279894561354E-001
    0.606020000000E+005    0.279808318115E-001
    0.606520000000E+005    0.279721826825E-001
    0.607020000000E+005    0.279635088127E-001
    0.607520000000E+005    0.279548102663E-001
    0.608020000000E+005    0.279460871074E-001
    0.608520000000E+005    0.279373393999E-001
    0.609020000000E+005    0.279285672077E-001
    0.609520000000E+005    0.279197705944E-001
    0.610020000000E+005    0.279109496239E-001
    0.610520000000E+005    0.279021043596E-001
    0.611020000000E+005    0.278932348650E-001
    0.611520000000E+005    0.278843412034E-001
    0.612020000000E+005    0.278754234382E-001
    0.612520000000E+005    0.278664816324E-001
    0.613020000000E+005    0.278575158491E-001
    0.613520000000E+005    0.278485261513E-001
    0.614020000000E+005    0.278395126018E-001
    0.614520000000E+005    0.278304752634E-001
    0.615020000000E+005    0.278214141987E-001
    0.615520000000E+005    0.278123294703E-001
    0.616020000000E+005    0.278032211406E-001
    0.616520000000E+005    0.277940892721E-001
    0.617020000000E+005    0.277849339269E-001
    0.617520000000E+005    0.277757551672E-001
    0.618020000000E+005    0.277665530551E-001
    0.618520000000E+005    0.277573276526E-001
    0.619020000000E+005    0.277480790214E-001
    0.619520000000E+005    0.277388072235E-001
    0.620020000000E+005    0.277295123204E-001
    0.620520000000E+005    0.277201943736E-001
    0.621020000000E+005    0.277108534448E-001
    0.621520000000E+005    0.277014895952E-001
    0.622020000000E+005    0.276921028862E-001
    0.622520000000E+005    0.276826933789E-001
    0.623020000000E+005    0.276732611343E-001
    0.623520000000E+005    0.276638062136E-001
    0.624020000000E+005    0.276543286775E-001
    0.624520000000E+005    0.276448285868E-001
    0.625020000000E+005    0.276353060024E-001
    0.625520000000E+005    0.276257609846E-001
    0.626020000000E+005    0.276161935941E-001
    0.626520000000E+005    0.276066038913E-001
    0.627020000000E+005    0.275969919364E-001
    0.627520000000E+005    0.275873577897E-001
    0.628020000000E+005    0.275777015113E-001
    0.628520000000E+005    0.275680231612E-001
    0.629020000000E+005    0.275583227994E-001
    0.629520000000E+005    0.275486004856E-001
    0.630020000000E+005    0.275388562796E-001
    0.630520000000E+005    0.275290902411E-001
    0.631020000000E+005    0.275193024295E-001
    0.631520000000E+005    0.275094929044E-001
    0.632020000000E+005    0.274996617251E-001
    0.632520000000E+005    0.274898089508E-001
    0.633020000000E+005    0.274799346407E-001
    0.633520000000E+005    0.274700388539E-001
    0.634020000000E+005    0.274601216494E-001
    0.634520000000E+005    0.274501830860E-001
    0.635020000000E+005    0.274402232226E-001
    0.635520000000E+005    0.274302421177E-001
    0.636020000000E+005    0.274202398302E-001
    0.636520000000E+005    0.274102164183E-001
    0.637020000000E+005    0.274001719406E-001
    0.637520000000E+005    0.273901064554E-001
    0.638020000000E+005    0.273800200209E-001
    0.638520000000E+005    0.273699126952E-001
    0.639020000000E+005    0.273597845365E-001
    0.639520000000E+005    0.273496356025E-001
    0.640020000000E+005    0.273394659512E-001
    0.640520000000E+005    0.273292756404E-001
    0.641020000000E+005    0.273190647278E-001
    0.641520000000E+005    0.273088332708E-001
    0.642020000000E+005    0.272985813271E-001
    0.642520000000E+005    0.272883089539E-001
    0.643020000000E+005    0.272780162087E-001
    0.643520000000E+005    0.272677031486E-001
    0.644020000000E+005    0.272573698307E-001
    0.644520000000E+005    0.272470163121E-001
    0.645020000000E+005    0.272366426497E-001
    0.645520000000E+005    0.272262489004E-001
    0.646020000000E+005    0.272158351210E-001
    0.646520000000E+005    0.272054013680E-001
    0.647020000000E+005    0.271949476981E-001
    0.647520000000E+005    0.271844741677E-001
    0.648020000000E+005    0.271739808334E-001
    0.648520000000E+005    0.271634677513E-001
    0.649020000000E+005    0.271529349777E-001
    0.649520000000E+005    0.271423825687E-001
    0.650020000000E+005    0.271318105804E-001
    0.650520000000E+005    0.271212190687E-001
    0.651020000000E+005    0.271106080894E-001
    0.651520000000E+005    0.270999776984E-001
    0.652020000000E+005    0.270893279513E-001
    0.652520000000E+005    0.270786589038E-001
    0.653020000000E+005    0.270679706112E-001
    0.653520000000E+005    0.270572631291E-001
    0.654020000000E+005    0.270465365128E-001
    0.654520000000E+005    0.270357908174E-001
    0.655020000000E+005    0.270250260982E-001
    0.655520000000E+005    0.270142424103E-001
    0.656020000000E+005    0.270034398085E-001
    0.656520000000E+005    0.269926183478E-001
    0.657020000000E+005    0.269817780830E-001
    0.657520000000E+005    0.269709190688E-001
    0.658020000000E+005    0.269600413598E-001
    0.658520000000E+005    0.269491450105E-001
    0.659020000000E+005    0.269382300755E-001
    0.659520000000E+005    0.269272966091E-001
    0.660020000000E+005    0.269163446654E-001
    0.660520000000E+005    0.269053742989E-001
    0.661020000000E+005    0.268943855635E-001
    0.661520000000E+005    0.268833785132E-001
    0.662020000000E+005    0.268723532020E-001
    0.662520000000E+005    0.268613096838E-001
    0.663020000000E+005    0.268502480123E-001
    0.663520000000E+005    0.268391682412E-001
    0.664020000000E+005    0.268280704240E-001
    0.664520000000E+005    0.268169546143E-001
    0.665020000000E+005    0.268058208655E-001
    0.665520000000E+005    0.267946692309E-001
    0.666020000000E+005    0.267834997638E-001
    0.666520000000E+005    0.267723125173E-001
    0.667020000000E+005    0.267611075445E-001
    0.667520000000E+005    0.267498848985E-001
    0.668020000000E+005    0.267386446320E-001
    0.668520000000E+005    0.267273867980E-001
    0.669020000000E+005    0.267161114492E-001
    0.669520000000E+005    0.267048186382E-001
    0.670020000000E+005    0.266935084176E-001
    0.670520000000E+005    0.266821808400E-001
    0.671020000000E+005    0.266708359576E-001
    0.671520000000E+005    0.266594738228E-001
    0.672020000000E+005    0.266480944880E-001
    0.672520000000E+005    0.266366980051E-001
    0.673020000000E+005    0.266252844264E-001
    0.673520000000E+005    0.266138538037E-001
    0.674020000000E+005    0.266024061891E-001
    0.674520000000E+005    0.265909416342E-001
    0.675020000000E+005    0.265794601909E-001
    0.675520000000E+005    0.265679619109E-001
    0.676020000000E+005    0.265564468456E-001
    0.676520000000E+005    0.265449150466E-001
    0.677020000000E+005    0.265333665654E-001
    0.677520000000E+005    0.265218014532E-001
    0.678020000000E+005    0.265102197612E-001
    0.678520000000E+005    0.264986215408E-001
    0.679020000000E+005    0.264870068428E-001
    0.679520000000E+005    0.264753757185E-001
    0.680020000000E+005    0.264637282186E-001
    0.680520000000E+005    0.264520643940E-001
    0.681020000000E+005    0.264403842955E-001
    0.681520000000E+005    0.264286879738E-001
    0.682020000000E+005    0.264169754794E-001
    0.682520000000E+005    0.264052468629E-001
    0.683020000000E+005    0.263935021748E-001
    0.683520000000E+005    0.263817414654E-001
    0.684020000000E+005    0.263699647849E-001
    0.684520000000E+005    0.263581721836E-001
    0.685020000000E+005    0.263463637116E-001
    0.685520000000E+005    0.263345394189E-001
    0.686020000000E+005    0.263226993556E-001
    0.686520000000E+005    0.263108435714E-001
    0.687020000000E+005    0.262989721162E-001
    0.687520000000E+005    0.262870850398E-001
    0.688020000000E+005    0.262751823917E-001
    0.688520000000E+005    0.262632642215E-001
    0.689020000000E+005    0.262513305787E-001
    0.689520000000E+005    0.262393815128E-001
    0.690020000000E+005    0.262274170731E-001
    0.690520000000E+005    0.262154373087E-001
    0.691020000000E+005    0.262034422689E-001
    0.691520000000E+005    0.261914320028E-001
    0.692020000000E+005    0.261794065595E-001
    0.692520000000E+005    0.261673659878E-001
    0.693020000000E+005    0.261553103365E-001
    0.693520000000E+005    0.261432396546E-001
    0.694020000000E+005    0.261311539907E-001
    0.694520000000E+005    0.261190533935E-001
    0.695020000000E+005    0.261069379114E-001
    0.695520000000E+005    0.260948075930E-001
    0.696020000000E+005    0.260826624867E-001
    0.696520000000E+005    0.260705026409E-001
    0.697020000000E+005    0.260583281036E-001
    0.697520000000E+005    0.260461389232E-001
    0.698020000000E+005    0.260339351477E-001
    0.698520000000E+005    0.260217168252E-001
    0.699020000000E+005    0.260094840035E-001
    0.699520000000E+005    0.259972367306E-001
    0.700020000000E+005    0.259849750543E-001
    0.700520000000E+005    0.259726990222E-001
    0.701020000000E+005    0.259604086820E-001
    0.701520000000E+005    0.259481040813E-001
    0.702020000000E+005    0.259357852676E-001
    0.702520000000E+005    0.259234522883E-001
    0.703020000000E+005    0.259111051906E-001
    0.703520000000E+005    0.258987440220E-001
    0.704020000000E+005    0.258863688295E-001
    0.704520000000E+005    0.258739796604E-001
    0.705020000000E+005    0.258615765616E-001
    0.705520000000E+005    0.258491595801E-001
    0.706020000000E+005    0.258367287628E-001
    0.706520000000E+005    0.258242841565E-001
    0.707020000000E+005    0.258118258080E-001
    0.707520000000E+005    0.257993537640E-001
    0.708020000000E+005    0.257868680710E-001
    0.708520000000E+005    0.257743687755E-001
    0.709020000000E+005    0.257618559241E-001
    0.709520000000E+005    0.257493295631E-001
    0.710020000000E+005    0.257367897388E-001
    0.710520000000E+005    0.257242364974E-001
    0.711020000000E+005    0.257116698852E-001
    0.711520000000E+005    0.256990899481E-001
    0.712020000000E+005    0.256864967322E-001
    0.712520000000E+005    0.256738902835E-001
    0.713020000000E+005    0.256612706477E-001
    0.713520000000E+005    0.256486378708E-001
    0.714020000000E+005    0.256359919984E-001
    0.714520000000E+005    0.256233330762E-001
    0.715020000000E+005    0.256106611498E-001
    0.715520000000E+005    0.255979762647E-001
    0.716020000000E+005    0.255852784662E-001
    0.716520000000E+005    0.255725677999E-001
    0.717020000000E+005    0.255598443109E-001
    0.717520000000E+005    0.255471080446E-001
    0.718020000000E+005    0.255343590459E-001
    0.718520000000E+005    0.255215973602E-001
    0.719020000000E+005    0.255088230322E-001
    0.719520000000E+005    0.254960361071E-001
    0.720020000000E+005    0.254832366296E-001
    0.720520000000E+005    0.254704246446E-001
    0.721020000000E+005    0.254576001967E-001
    0.721520000000E+005    0.254447633307E-001
    0.722020000000E+005    0.254319140911E-001
    0.722520000000E+005    0.254190525225E-001
    0.723020000000E+005    0.254061786692E-001
    0.723520000000E+005    0.253932925757E-001
    0.724020000000E+005    0.253803942863E-001
    0.724520000000E+005    0.253674838452E-001
    0.725020000000E+005    0.253545612966E-001
    0.725520000000E+005    0.253416266846E-001
    0.726020000000E+005    0.253286800532E-001
    0.726520000000E+005    0.253157214464E-001
    0.727020000000E+005    0.253027509081E-001
    0.727520000000E+005    0.252897684820E-001
    0.728020000000E+005    0.252767742120E-001
    0.728520000000E+005    0.252637681418E-001
    0.729020000000E+005    0.252507503148E-001
    0.729520000000E+005    0.252377207748E-001
    0.730020000000E+005    0.252246795652E-001
    0.730520000000E+005    0.252116267294E-001
    0.731020000000E+005    0.251985623107E-001
    0.731520000000E+005    0.251854863524E-001
    0.732020000000E+005    0.251723988977E-001
    0.732520000000E+005    0.251592999898E-001
    0.733020000000E+005    0.251461896718E-001
    0.733520000000E+005    0.251330679866E-001
    0.734020000000E+005    0.251199349772E-001
    0.734520000000E+005    0.251067906864E-001
    0.735020000000E+005    0.250936351571E-001
    0.735520000000E+005    0.250804684320E-001
    0.736020000000E+005    0.250672905538E-001
    0.736520000000E+005    0.250541015650E-001
    0.737020000000E+005    0.250409015083E-001
    0.737520000000E+005    0.250276904260E-001
    0.738020000000E+005    0.250144683606E-001
    0.738520000000E+005    0.250012353544E-001
    0.739020000000E+005    0.249879914497E-001
    0.739520000000E+005    0.249747366888E-001
    0.740020000000E+005    0.249614711136E-001
    0.740520000000E+005    0.249481947664E-001
    0.741020000000E+005    0.249349076890E-001
    0.741520000000E+005    0.249216099235E-001
    0.742020000000E+005    0.249083015118E-001
    0.742520000000E+005    0.248949824956E-001
    0.743020000000E+005    0.248816529167E-001
    0.743520000000E+005    0.248683128167E-001
    0.744020000000E+005    0.248549622374E-001
    0.744520000000E+005    0.248416012201E-001
    0.745020000000E+005    0.248282298065E-001
    0.745520000000E+005    0.248148480379E-001
    0.746020000000E+005    0.248014559557E-001
    0.746520000000E+005    0.247880536012E-001
    0.747020000000E+005    0.247746410156E-001
    0.747520000000E+005    0.247612182400E-001
    0.748020000000E+005    0.247477853157E-001
    0.748520000000E+005    0.247343422835E-001
    0.749020000000E+005    0.247208891845E-001
    0.749520000000E+005    0.247074260595E-001
    0.750020000000E+005    0.246939529495E-001
    0.750520000000E+005    0.246804698952E-001
    0.751020000000E+005    0.246669769372E-001
    0.751520000000E+005    0.246534741163E-001
    0.752020000000E+005    0.246399614731E-001
    0.752520000000E+005    0.246264390480E-001
    0.753020000000E+005    0.246129068816E-001
    0.753520000000E+005    0.245993650141E-001
    0.754020000000E+005    0.245858134860E-001
    0.754520000000E+005    0.245722523375E-001
    0.755020000000E+005    0.245586816089E-001
    0.755520000000E+005    0.245451013402E-001
    0.756020000000E+005    0.245315115716E-001
    0.756520000000E+005    0.245179123431E-001
    0.757020000000E+005    0.245043036946E-001
    0.757520000000E+005    0.244906856661E-001
    0.758020000000E+005    0.244770582973E-001
    0.758520000000E+005    0.244634216280E-001
    0.759020000000E+005    0.244497756980E-001
    0.759520000000E+005    0.244361205468E-001
    0.760020000000E+005    0.244224562142E-001
    0.760520000000E+005    0.244087827395E-001
    0.761020000000E+005    0.243951001623E-001
    0.761520000000E+005    0.243814085219E-001
    0.762020000000E+005    0.243677078578E-001
    0.762520000000E+005    0.243539982091E-001
    0.763020000000E+005    0.243402796151E-001
    0.763520000000E+005    0.243265521149E-001
    0.764020000000E+005    0.243128157477E-001
    0.764520000000E+005    0.242990705524E-001
    0.765020000000E+005    0.242853165681E-001
    0.765520000000E+005    0.242715538336E-001
    0.766020000000E+005    0.242577823879E-001
    0.766520000000E+005    0.242440022696E-001
    0.767020000000E+005    0.242302135175E-001
    0.767520000000E+005    0.242164161703E-001
    0.768020000000E+005    0.242026102666E-001
    0.768520000000E+005    0.241887958450E-001
    0.769020000000E+005    0.241749729439E-001
    0.769520000000E+005    0.241611416017E-001
    0.770020000000E+005    0.241473018569E-001
    0.770520000000E+005    0.241334537477E-001
    0.771020000000E+005    0.241195973124E-001
    0.771520000000E+005    0.241057325891E-001
    0.772020000000E+005    0.240918596161E-001
    0.772520000000E+005    0.240779784313E-001
    0.773020000000E+005    0.240640890728E-001
    0.773520000000E+005    0.240501915785E-001
    0.774020000000E+005    0.240362859864E-001
    0.774520000000E+005    0.240223723342E-001
    0.775020000000E+005    0.240084506597E-001
    0.775520000000E+005    0.239945210006E-001
    0.776020000000E+005    0.239805833947E-001
    0.776520000000E+005    0.239666378795E-001
    0.777020000000E+005    0.239526844924E-001
    0.777520000000E+005    0.239387232711E-001
    0.778020000000E+005    0.239247542530E-001
    0.778520000000E+005    0.239107774753E-001
    0.779020000000E+005    0.238967929754E-001
    0.779520000000E+005    0.238828007905E-001
    0.780020000000E+005    0.238688009579E-001
    0.780520000000E+005    0.238547935147E-001
    0.781020000000E+005    0.238407784979E-001
    0.781520000000E+005    0.238267559445E-001
    0.782020000000E+005    0.238127258915E-001
    0.782520000000E+005    0.237986883758E-001
    0.783020000000E+005    0.237846434343E-001
    0.783520000000E+005    0.237705911037E-001
    0.784020000000E+005    0.237565314208E-001
    0.784520000000E+005    0.237424644221E-001
    0.785020000000E+005    0.237283901444E-001
    0.785520000000E+005    0.237143086242E-001
    0.786020000000E+005    0.237002198980E-001
    0.786520000000E+005    0.236861240022E-001
    0.787020000000E+005    0.236720209731E-001
    0.787520000000E+005    0.236579108473E-001
    0.788020000000E+005    0.236437936608E-001
    0.788520000000E+005    0.236296694499E-001
    0.789020000000E+005    0.236155382508E-001
    0.789520000000E+005    0.236014000995E-001
    0.790020000000E+005    0.235872550322E-001
    0.790520000000E+005    0.235731030847E-001
    0.791020000000E+005    0.235589442931E-001
    0.791520000000E+005    0.235447786931E-001
    0.792020000000E+005    0.235306063207E-001
    0.792520000000E+005    0.235164272115E-001
    0.793020000000E+005    0.235022414013E-001
    0.793520000000E+005    0.234880489258E-001
    0.794020000000E+005    0.234738498205E-001
    0.794520000000E+005    0.234596441209E-001
    0.795020000000E+005    0.234454318626E-001
    0.795520000000E+005    0.234312130809E-001
    0.796020000000E+005    0.234169878113E-001
    0.796520000000E+005    0.234027560890E-001
    0.797020000000E+005    0.233885179493E-001
    0.797520000000E+005    0.233742734275E-001
    0.798020000000E+005    0.233600225586E-001
    0.798520000000E+005    0.233457653778E-001
    0.799020000000E+005    0.233315019201E-001
    0.799520000000E+005    0.233172322205E-001
    0.800020000000E+005    0.233029563139E-001
    0.800520000000E+005    0.232886742351E-001
    0.801020000000E+005    0.232743860191E-001
    0.801520000000E+005    0.232600917006E-001
    0.802020000000E+005    0.232457913142E-001
    0.802520000000E+005    0.232314848947E-001
    0.803020000000E+005    0.232171724766E-001
    0.803520000000E+005    0.232028540945E-001
    0.804020000000E+005    0.231885297829E-001
    0.804520000000E+005    0.231741995762E-001
    0.805020000000E+005    0.231598635088E-001
    0.805520000000E+005    0.231455216151E-001
    0.806020000000E+005    0.231311739292E-001
    0.806520000000E+005    0.231168204855E-001
    0.807020000000E+005    0.231024613181E-001
    0.807520000000E+005    0.230880964611E-001
    0.808020000000E+005    0.230737259485E-001
    0.808520000000E+005    0.230593498145E-001
    0.809020000000E+005    0.230449680928E-001
    0.809520000000E+005    0.230305808175E-001
    0.810020000000E+005    0.230161880224E-001
    0.810520000000E+005    0.230017897413E-001
    0.811020000000E+005    0.229873860078E-001
    0.811520000000E+005    0.229729768558E-001
    0.812020000000E+005    0.229585623188E-001
    0.812520000000E+005    0.229441424304E-001
    0.813020000000E+005    0.229297172241E-001
    0.813520000000E+005    0.229152867334E-001
    0.814020000000E+005    0.229008509918E-001
    0.814520000000E+005    0.228864100325E-001
    0.815020000000E+005    0.228719638890E-001
    0.815520000000E+005    0.228575125944E-001
    0.816020000000E+005    0.228430561820E-001
    0.816520000000E+005    0.228285946850E-001
    0.817020000000E+005    0.228141281364E-001
    0.817520000000E+005    0.227996565693E-001
    0.818020000000E+005    0.227851800167E-001
    0.818520000000E+005    0.227706985115E-001
    0.819020000000E+005    0.227562120867E-001
    0.819520000000E+005    0.227417207751E-001
    0.820020000000E+005    0.227272246094E-001
    0.820520000000E+005    0.227127236224E-001
    0.821020000000E+005    0.226982178468E-001
    0.821520000000E+005    0.226837073153E-001
    0.822020000000E+005    0.226691920603E-001
    0.822520000000E+005    0.226546721145E-001
    0.823020000000E+005    0.226401475103E-001
    0.823520000000E+005    0.226256182802E-001
    0.824020000000E+005    0.226110844565E-001
    0.824520000000E+005    0.225965460715E-001
    0.825020000000E+005    0.225820031576E-001
    0.825520000000E+005    0.225674557469E-001
    0.826020000000E+005    0.225529038716E-001
    0.826520000000E+005    0.225383475638E-001
    0.827020000000E+005    0.225237868556E-001
    0.827520000000E+005    0.225092217791E-001
    0.828020000000E+005    0.224946523661E-001
    0.828520000000E+005    0.224800786486E-001
    0.829020000000E+005    0.224655006584E-001
    0.829520000000E+005    0.224509184274E-001
    0.830020000000E+005    0.224363319873E-001
    0.830520000000E+005    0.224217413699E-001
    0.831020000000E+005    0.224071466067E-001
    0.831520000000E+005    0.223925477294E-001
    0.832020000000E+005    0.223779447696E-001
    0.832520000000E+005    0.223633377588E-001
    0.833020000000E+005    0.223487267283E-001
    0.833520000000E+005    0.223341117097E-001
    0.834020000000E+005    0.223194927343E-001
    0.834520000000E+005    0.223048698333E-001
    0.835020000000E+005    0.222902430381E-001
    0.835520000000E+005    0.222756123798E-001
    0.836020000000E+005    0.222609778896E-001
    0.836520000000E+005    0.222463395986E-001
    0.837020000000E+005    0.222316975379E-001
    0.837520000000E+005    0.222170517384E-001
    0.838020000000E+005    0.222024022311E-001
    0.838520000000E+005    0.221877490469E-001
    0.839020000000E+005    0.221730922167E-001
    0.839520000000E+005    0.221584317713E-001
    0.840020000000E+005    0.221437677413E-001
    0.840520000000E+005    0.221291001576E-001
    0.841020000000E+005    0.221144290508E-001
    0.841520000000E+005    0.220997544514E-001
    0.842020000000E+005    0.220850763901E-001
    0.842520000000E+005    0.220703948973E-001
    0.843020000000E+005    0.220557100036E-001
    0.843520000000E+005    0.220410217392E-001
    0.844020000000E+005    0.220263301346E-001
    0.844520000000E+005    0.220116352201E-001
    0.845020000000E+005    0.219969370258E-001
    0.845520000000E+005    0.219822355822E-001
    0.846020000000E+005    0.219675309192E-001
    0.846520000000E+005    0.219528230670E-001
    0.847020000000E+005    0.219381120557E-001
    0.847520000000E+005    0.219233979153E-001
    0.848020000000E+005    0.219086806758E-001
    0.848520000000E+005    0.218939603670E-001
    0.849020000000E+005    0.218792370188E-001
    0.849520000000E+005    0.218645106611E-001
    0.850020000000E+005    0.218497813236E-001
    0.850520000000E+005    0.218350490360E-001
    0.851020000000E+005    0.218203138280E-001
    0.851520000000E+005    0.218055757293E-001
    0.852020000000E+005    0.217908347693E-001
    0.852520000000E+005    0.217760909777E-001
    0.853020000000E+005    0.217613443839E-001
    0.853520000000E+005    0.217465950173E-001
    0.854020000000E+005    0.217318429074E-001
    0.854520000000E+005    0.217170880833E-001
    0.855020000000E+005    0.217023305746E-001
    0.855520000000E+005    0.216875704102E-001
    0.856020000000E+005    0.216728076196E-001
    0.856520000000E+005    0.216580422317E-001
    0.857020000000E+005    0.216432742757E-001
    0.857520000000E+005    0.216285037806E-001
    0.858020000000E+005    0.216137307754E-001
    0.858520000000E+005    0.215989552891E-001
    0.859020000000E+005    0.215841773506E-001
    0.859520000000E+005    0.215693969887E-001
    0.860020000000E+005    0.215546142322E-001
    0.860520000000E+005    0.215398291099E-001
    0.861020000000E+005    0.215250416504E-001
    0.861520000000E+005    0.215102518825E-001
    0.862020000000E+005    0.214954598348E-001
    0.862520000000E+005    0.214806655357E-001
    0.863020000000E+005    0.214658690140E-001
    0.863520000000E+005    0.214510702979E-001
    0.864020000000E+005    0.214362694159E-001
    0.864520000000E+005    0.214214663965E-001
    0.865020000000E+005    0.214066612678E-001
    0.865520000000E+005    0.213918540583E-001
    0.866020000000E+005    0.213770447962E-001
    0.866520000000E+005    0.213622335095E-001
    0.867020000000E+005    0.213474202265E-001
    0.867520000000E+005    0.213326049753E-001
    0.868020000000E+005    0.213177877839E-001
    0.868520000000E+005    0.213029686803E-001
    0.869020000000E+005    0.212881476924E-001
    0.869520000000E+005    0.212733248482E-001
    0.870020000000E+005    0.212585001755E-001
    0.870520000000E+005    0.212436737021E-001
    0.871020000000E+005    0.212288454558E-001
    0.871520000000E+005    0.212140154643E-001
    0.872020000000E+005    0.211991837553E-001
    0.872520000000E+005    0.211843503563E-001
    0.873020000000E+005    0.211695152950E-001
    0.873520000000E+005    0.211546785989E-001
    0.874020000000E+005    0.211398402955E-001
    0.874520000000E+005    0.211250004122E-001
    0.875020000000E+005    0.211101589763E-001
    0.875520000000E+005    0.210953160153E-001
    0.876020000000E+005    0.210804715565E-001
    0.876520000000E+005    0.210656256270E-001
    0.877020000000E+005    0.210507782541E-001
    0.877520000000E+005    0.210359294650E-001
    0.878020000000E+005    0.210210792867E-001
    0.878520000000E+005    0.210062277463E-001
    0.879020000000E+005    0.209913748708E-001
    0.879520000000E+005    0.209765206873E-001
    0.880020000000E+005    0.209616652226E-001
    0.880520000000E+005    0.209468085036E-001
    0.881020000000E+005    0.209319505571E-001
    0.881520000000E+005    0.209170914100E-001
    0.882020000000E+005    0.209022310889E-001
    0.882520000000E+005    0.208873696207E-001
    0.883020000000E+005    0.208725070318E-001
    0.883520000000E+005    0.208576433489E-001
    0.884020000000E+005    0.208427785987E-001
    0.884520000000E+005    0.208279128075E-001
    0.885020000000E+005    0.208130460019E-001
    0.885520000000E+005    0.207981782082E-001
    0.886020000000E+005    0.207833094529E-001
    0.886520000000E+005    0.207684397623E-001
    0.887020000000E+005    0.207535691627E-001
    0.887520000000E+005    0.207386976802E-001
    0.888020000000E+005    0.207238253411E-001
    0.888520000000E+005    0.207089521716E-001
    0.889020000000E+005    0.206940781977E-001
    0.889520000000E+005    0.206792034456E-001
    0.890020000000E+005    0.206643279411E-001
    0.890520000000E+005    0.206494517103E-001
    0.891020000000E+005    0.206345747790E-001
    0.891520000000E+005    0.206196971733E-001
    0.892020000000E+005    0.206048189188E-001
    0.892520000000E+005    0.205899400414E-001
    0.893020000000E+005    0.205750605669E-001
    0.893520000000E+005    0.205601805208E-001
    0.894020000000E+005    0.205452999289E-001
    0.894520000000E+005    0.205304188167E-001
    0.895020000000E+005    0.205155372099E-001
    0.895520000000E+005    0.205006551339E-001
    0.896020000000E+005    0.204857726142E-001
    0.896520000000E+005    0.204708896762E-001
    0.897020000000E+005    0.204560063453E-001
    0.897520000000E+005    0.204411226469E-001
    0.898020000000E+005    0.204262386061E-001
    0.898520000000E+005    0.204113542484E-001
    0.899020000000E+005    0.203964695988E-001
    0.899520000000E+005    0.203815846825E-001
    0.900020000000E+005    0.203666995246E-001
    0.900520000000E+005    0.203518141502E-001
    0.901020000000E+005    0.203369285844E-001
    0.901520000000E+005    0.203220428520E-001
    0.902020000000E+005    0.203071569780E-001
    0.902520000000E+005    0.202922709873E-001
    0.903020000000E+005    0.202773849048E-001
    0.903520000000E+005    0.202624987552E-001
    0.904020000000E+005    0.202476125633E-001
    0.904520000000E+005    0.202327263538E-001
    0.905020000000E+005    0.202178401514E-001
    0.905520000000E+005    0.202029539806E-001
    0.906020000000E+005    0.201880678661E-001
    0.906520000000E+005    0.201731818324E-001
    0.907020000000E+005    0.201582959040E-001
    0.907520000000E+005    0.201434101053E-001
    0.908020000000E+005    0.201285244606E-001
    0.908520000000E+005    0.201136389945E-001
    0.909020000000E+005    0.200987537311E-001
    0.909520000000E+005    0.200838686948E-001
    0.910020000000E+005    0.200689839097E-001
    0.910520000000E+005    0.200540994001E-001
    0.911020000000E+005    0.200392151900E-001
    0.911520000000E+005    0.200243313036E-001
    0.912020000000E+005    0.200094477649E-001
    0.912520000000E+005    0.199945645980E-001
    0.913020000000E+005    0.199796818266E-001
    0.913520000000E+005    0.199647994749E-001
    0.914020000000E+005    0.199499175666E-001
    0.914520000000E+005    0.199350361256E-001
    0.915020000000E+005    0.199201551756E-001
    0.915520000000E+005    0.199052747404E-001
    0.916020000000E+005    0.198903948437E-001
    0.916520000000E+005    0.198755155092E-001
    0.917020000000E+005    0.198606367603E-001
    0.917520000000E+005    0.198457586208E-001
    0.918020000000E+005    0.198308811142E-001
    0.918520000000E+005    0.198160042638E-001
    0.919020000000E+005    0.198011280931E-001
    0.919520000000E+005    0.197862526256E-001
    0.920020000000E+005    0.197713778846E-001
    0.920520000000E+005    0.197565038933E-001
    0.921020000000E+005    0.197416306751E-001
    0.921520000000E+005    0.197267582531E-001
    0.922020000000E+005    0.197118866505E-001
    0.922520000000E+005    0.196970158905E-001
    0.923020000000E+005    0.196821459961E-001
    0.923520000000E+005    0.196672769903E-001
    0.924020000000E+005    0.196524088963E-001
    0.924520000000E+005    0.196375417368E-001
    0.925020000000E+005    0.196226755350E-001
    0.925520000000E+005    0.196078103135E-001
    0.926020000000E+005    0.195929460952E-001
    0.926520000000E+005    0.195780829030E-001
    0.927020000000E+005    0.195632207595E-001
    0.927520000000E+005    0.195483596875E-001
    0.928020000000E+005    0.195334997096E-001
    0.928520000000E+005    0.195186408484E-001
    0.929020000000E+005    0.195037831264E-001
    0.929520000000E+005    0.194889265663E-001
    0.930020000000E+005    0.194740711905E-001
    0.930520000000E+005    0.194592170214E-001
    0.931020000000E+005    0.194443640814E-001
    0.931520000000E+005    0.194295123929E-001
    0.932020000000E+005    0.194146619782E-001
    0.932520000000E+005    0.193998128596E-001
    0.933020000000E+005    0.193849650592E-001
    0.933520000000E+005    0.193701185993E-001
    0.934020000000E+005    0.193552735020E-001
    0.934520000000E+005    0.193404297893E-001
    0.935020000000E+005    0.193255874835E-001
    0.935520000000E+005    0.193107466064E-001
    0.936020000000E+005    0.192959071800E-001
    0.936520000000E+005    0.192810692263E-001
    0.937020000000E+005    0.192662327671E-001
    0.937520000000E+005    0.192513978243E-001
    0.938020000000E+005    0.192365644196E-001
    0.938520000000E+005    0.192217325750E-001
    0.939020000000E+005    0.192069023119E-001
    0.939520000000E+005    0.191920736522E-001
    0.940020000000E+005    0.191772466174E-001
    0.940520000000E+005    0.191624212292E-001
    0.941020000000E+005    0.191475975090E-001
    0.941520000000E+005    0.191327754784E-001
    0.942020000000E+005    0.191179551589E-001
    0.942520000000E+005    0.191031365718E-001
    0.943020000000E+005    0.190883197385E-001
    0.943520000000E+005    0.190735046804E-001
    0.944020000000E+005    0.190586914188E-001
    0.944520000000E+005    0.190438799748E-001
    0.945020000000E+005    0.190290703698E-001
    0.945520000000E+005    0.190142626248E-001
    0.946020000000E+005    0.189994567611E-001
    0.946520000000E+005    0.189846527996E-001
    0.947020000000E+005    0.189698507614E-001
    0.947520000000E+005    0.189550506675E-001
    0.948020000000E+005    0.189402525390E-001
    0.948520000000E+005    0.189254563965E-001
    0.949020000000E+005    0.189106622612E-001
    0.949520000000E+005    0.188958701537E-001
    0.950020000000E+005    0.188810800948E-001
    0.950520000000E+005    0.188662921054E-001
    0.951020000000E+005    0.188515062061E-001
    0.951520000000E+005    0.188367224175E-001
    0.952020000000E+005    0.188219407604E-001
    0.952520000000E+005    0.188071612552E-001
    0.953020000000E+005    0.187923839225E-001
    0.953520000000E+005    0.187776087829E-001
    0.954020000000E+005    0.187628358566E-001
    0.954520000000E+005    0.187480651643E-001
    0.955020000000E+005    0.187332967261E-001
    0.955520000000E+005    0.187185305626E-001
    0.956020000000E+005    0.187037666938E-001
    0.956520000000E+005    0.186890051402E-001
    0.957020000000E+005    0.186742459219E-001
    0.957520000000E+005    0.186594890590E-001
    0.958020000000E+005    0.186447345717E-001
    0.958520000000E+005    0.186299824801E-001
    0.959020000000E+005    0.186152328042E-001
    0.959520000000E+005    0.186004855639E-001
    0.960020000000E+005    0.185857407793E-001
    0.960520000000E+005    0.185709984703E-001
    0.961020000000E+005    0.185562586567E-001
    0.961520000000E+005    0.185415213583E-001
    0.962020000000E+005    0.185267865950E-001
    0.962520000000E+005    0.185120543866E-001
    0.963020000000E+005    0.184973247526E-001
    0.963520000000E+005    0.184825977128E-001
    0.964020000000E+005    0.184678732868E-001
    0.964520000000E+005    0.184531514942E-001
    0.965020000000E+005    0.184384323546E-001
    0.965520000000E+005    0.184237158874E-001
    0.966020000000E+005    0.184090021120E-001
    0.966520000000E+005    0.183942910480E-001
    0.967020000000E+005    0.183795827147E-001
    0.967520000000E+005    0.183648771314E-001
    0.968020000000E+005    0.183501743175E-001
    0.968520000000E+005    0.183354742921E-001
    0.969020000000E+005    0.183207770745E-001
    0.969520000000E+005    0.183060826839E-001
    0.970020000000E+005    0.182913911395E-001
    0.970520000000E+005    0.182767024602E-001
    0.971020000000E+005    0.182620166652E-001
    0.971520000000E+005    0.182473337734E-001
    0.972020000000E+005    0.182326538039E-001
    0.972520000000E+005    0.182179767756E-001
    0.973020000000E+005    0.182033027074E-001
    0.973520000000E+005    0.181886316180E-001
    0.974020000000E+005    0.181739635264E-001
    0.974520000000E+005    0.181592984512E-001
    0.975020000000E+005    0.181446364113E-001
    0.975520000000E+005    0.181299774252E-001
    0.976020000000E+005    0.181153215118E-001
    0.976520000000E+005    0.181006686894E-001
    0.977020000000E+005    0.180860189768E-001
    0.977520000000E+005    0.180713723924E-001
    0.978020000000E+005    0.180567289548E-001
    0.978520000000E+005    0.180420886823E-001
    0.979020000000E+005    0.180274515935E-001
    0.979520000000E+005    0.180128177065E-001
    0.980020000000E+005    0.179981870398E-001
    0.980520000000E+005    0.179835596117E-001
    0.981020000000E+005    0.179689354404E-001
    0.981520000000E+005    0.179543145440E-001
    0.982020000000E+005    0.179396969408E-001
    0.982520000000E+005    0.179250826489E-001
    0.983020000000E+005    0.179104716863E-001
    0.983520000000E+005    0.178958640712E-001
    0.984020000000E+005    0.178812598214E-001
    0.984520000000E+005    0.178666589551E-001
    0.985020000000E+005    0.178520614900E-001
    0.985520000000E+005    0.178374674441E-001
    0.986020000000E+005    0.178228768352E-001
    0.986520000000E+005    0.178082896811E-001
    0.987020000000E+005    0.177937059996E-001
    0.987520000000E+005    0.177791258084E-001
    0.988020000000E+005    0.177645491251E-001
    0.988520000000E+005    0.177499759675E-001
    0.989020000000E+005    0.177354063532E-001
    0.989520000000E+005    0.177208402996E-001
    0.990020000000E+005    0.177062778243E-001
    0.990520000000E+005    0.176917189448E-001
    0.991020000000E+005    0.176771636786E-001
    0.991520000000E+005    0.176626120430E-001
    0.992020000000E+005    0.176480640555E-001
    0.992520000000E+005    0.176335197332E-001
    0.993020000000E+005    0.176189790936E-001
    0.993520000000E+005    0.176044421539E-001
    0.994020000000E+005    0.175899089312E-001
    0.994520000000E+005    0.175753794428E-001
    0.995020000000E+005    0.175608537057E-001
    0.995520000000E+005    0.175463317371E-001
    0.996020000000E+005    0.175318135540E-001
    0.996520000000E+005    0.175172991734E-001
    0.997020000000E+005    0.175027886123E-001
    0.997520000000E+005    0.174882818876E-001
    0.998020000000E+005    0.174737790162E-001
    0.998520000000E+005    0.174592800150E-001
    0.999020000000E+005    0.174447849007E-001
    0.999520000000E+005    0.174302936902E-001
