TITLE = "0D Field KB"
VARIABLES = N ,"KB_Ha10Rem10Re10000"
ZONE DATAPACKING = POINT
    0.200000000000E+001    0.799992000074E-009
    0.520000000000E+002    0.540524274496E-006
    0.102000000000E+003    0.207869963314E-005
    0.152000000000E+003    0.461382874298E-005
    0.202000000000E+003    0.814441596974E-005
    0.252000000000E+003    0.126689669845E-004
    0.302000000000E+003    0.181859873879E-004
    0.352000000000E+003    0.246939796507E-004
    0.402000000000E+003    0.321914381980E-004
    0.452000000000E+003    0.406768431185E-004
    0.502000000000E+003    0.501486533287E-004
    0.552000000000E+003    0.606053000106E-004
    0.602000000000E+003    0.720451809114E-004
    0.652000000000E+003    0.844666558273E-004
    0.702000000000E+003    0.978680433597E-004
    0.752000000000E+003    0.112247618889E-003
    0.802000000000E+003    0.127603613618E-003
    0.852000000000E+003    0.143934214511E-003
    0.902000000000E+003    0.161237564946E-003
    0.952000000000E+003    0.179511765911E-003
    0.100200000000E+004    0.198754877601E-003
    0.105200000000E+004    0.218964921300E-003
    0.110200000000E+004    0.240139881438E-003
    0.115200000000E+004    0.262277707759E-003
    0.120200000000E+004    0.285376317527E-003
    0.125200000000E+004    0.309433597735E-003
    0.130200000000E+004    0.334447407285E-003
    0.135200000000E+004    0.360415579097E-003
    0.140200000000E+004    0.387335922154E-003
    0.145200000000E+004    0.415206223453E-003
    0.150200000000E+004    0.444024249870E-003
    0.155200000000E+004    0.473787749916E-003
    0.160200000000E+004    0.504494455411E-003
    0.165200000000E+004    0.536142083046E-003
    0.170200000000E+004    0.568728335857E-003
    0.175200000000E+004    0.602250904608E-003
    0.180200000000E+004    0.636707469083E-003
    0.185200000000E+004    0.672095699292E-003
    0.190200000000E+004    0.708413256601E-003
    0.195200000000E+004    0.745657794785E-003
    0.200200000000E+004    0.783826961008E-003
    0.205200000000E+004    0.822918396736E-003
    0.210200000000E+004    0.862929738590E-003
    0.215200000000E+004    0.903858619140E-003
    0.220200000000E+004    0.945702667636E-003
    0.225200000000E+004    0.988459510700E-003
    0.230200000000E+004    0.103212677296E-002
    0.235200000000E+004    0.107670207766E-002
    0.240200000000E+004    0.112218304716E-002
    0.245200000000E+004    0.116856730352E-002
    0.250200000000E+004    0.121585246893E-002
    0.255200000000E+004    0.126403616616E-002
    0.260200000000E+004    0.131311601898E-002
    0.265200000000E+004    0.136308965254E-002
    0.270200000000E+004    0.141395469372E-002
    0.275200000000E+004    0.146570877145E-002
    0.280200000000E+004    0.151834951705E-002
    0.285200000000E+004    0.157187456449E-002
    0.290200000000E+004    0.162628155064E-002
    0.295200000000E+004    0.168156811554E-002
    0.300200000000E+004    0.173773190262E-002
    0.305200000000E+004    0.179477055892E-002
    0.310200000000E+004    0.185268173526E-002
    0.315200000000E+004    0.191146308642E-002
    0.320200000000E+004    0.197111227137E-002
    0.325200000000E+004    0.203162695331E-002
    0.330200000000E+004    0.209300479995E-002
    0.335200000000E+004    0.215524348351E-002
    0.340200000000E+004    0.221834068094E-002
    0.345200000000E+004    0.228229407399E-002
    0.350200000000E+004    0.234710134932E-002
    0.355200000000E+004    0.241276019858E-002
    0.360200000000E+004    0.247926831854E-002
    0.365200000000E+004    0.254662341112E-002
    0.370200000000E+004    0.261482318350E-002
    0.375200000000E+004    0.268386534817E-002
    0.380200000000E+004    0.275374762299E-002
    0.385200000000E+004    0.282446773127E-002
    0.390200000000E+004    0.289602340178E-002
    0.395200000000E+004    0.296841236884E-002
    0.400200000000E+004    0.304163237231E-002
    0.405200000000E+004    0.311568115769E-002
    0.410200000000E+004    0.319055647611E-002
    0.415200000000E+004    0.326625608435E-002
    0.420200000000E+004    0.334277774491E-002
    0.425200000000E+004    0.342011922600E-002
    0.430200000000E+004    0.349827830156E-002
    0.435200000000E+004    0.357725275129E-002
    0.440200000000E+004    0.365704036066E-002
    0.445200000000E+004    0.373763892093E-002
    0.450200000000E+004    0.381904622913E-002
    0.455200000000E+004    0.390126008810E-002
    0.460200000000E+004    0.398427830648E-002
    0.465200000000E+004    0.406809869871E-002
    0.470200000000E+004    0.415271908505E-002
    0.475200000000E+004    0.423813729155E-002
    0.480200000000E+004    0.432435115007E-002
    0.485200000000E+004    0.441135849828E-002
    0.490200000000E+004    0.449915717963E-002
    0.495200000000E+004    0.458774504339E-002
    0.500200000000E+004    0.467711994457E-002
    0.505200000000E+004    0.476727974399E-002
    0.510200000000E+004    0.485822230822E-002
    0.515200000000E+004    0.494994550959E-002
    0.520200000000E+004    0.504244722618E-002
    0.525200000000E+004    0.513572534179E-002
    0.530200000000E+004    0.522977774595E-002
    0.535200000000E+004    0.532460233388E-002
    0.540200000000E+004    0.542019700652E-002
    0.545200000000E+004    0.551655967045E-002
    0.550200000000E+004    0.561368823794E-002
    0.555200000000E+004    0.571158062690E-002
    0.560200000000E+004    0.581023476086E-002
    0.565200000000E+004    0.590964856896E-002
    0.570200000000E+004    0.600981998594E-002
    0.575200000000E+004    0.611074695212E-002
    0.580200000000E+004    0.621242741338E-002
    0.585200000000E+004    0.631485932112E-002
    0.590200000000E+004    0.641804063228E-002
    0.595200000000E+004    0.652196930930E-002
    0.600200000000E+004    0.662664332009E-002
    0.605200000000E+004    0.673206063803E-002
    0.610200000000E+004    0.683821924195E-002
    0.615200000000E+004    0.694511711609E-002
    0.620200000000E+004    0.705275225010E-002
    0.625200000000E+004    0.716112263901E-002
    0.630200000000E+004    0.727022628321E-002
    0.635200000000E+004    0.738006118845E-002
    0.640200000000E+004    0.749062536576E-002
    0.645200000000E+004    0.760191683151E-002
    0.650200000000E+004    0.771393360732E-002
    0.655200000000E+004    0.782667372009E-002
    0.660200000000E+004    0.794013520194E-002
    0.665200000000E+004    0.805431609021E-002
    0.670200000000E+004    0.816921442745E-002
    0.675200000000E+004    0.828482826137E-002
    0.680200000000E+004    0.840115564482E-002
    0.685200000000E+004    0.851819463580E-002
    0.690200000000E+004    0.863594329742E-002
    0.695200000000E+004    0.875439969787E-002
    0.700200000000E+004    0.887356191042E-002
    0.705200000000E+004    0.899342801338E-002
    0.710200000000E+004    0.911399609008E-002
    0.715200000000E+004    0.923526422886E-002
    0.720200000000E+004    0.935723052306E-002
    0.725200000000E+004    0.947989307095E-002
    0.730200000000E+004    0.960324997578E-002
    0.735200000000E+004    0.972729934570E-002
    0.740200000000E+004    0.985203929376E-002
    0.745200000000E+004    0.997746793791E-002
    0.750200000000E+004    0.101035834009E-001
    0.755200000000E+004    0.102303838105E-001
    0.760200000000E+004    0.103578672990E-001
    0.765200000000E+004    0.104860320037E-001
    0.770200000000E+004    0.106148760668E-001
    0.775200000000E+004    0.107443976348E-001
    0.780200000000E+004    0.108745948595E-001
    0.785200000000E+004    0.110054658970E-001
    0.790200000000E+004    0.111370089083E-001
    0.795200000000E+004    0.112692220590E-001
    0.800200000000E+004    0.114021035195E-001
    0.805200000000E+004    0.115356514645E-001
    0.810200000000E+004    0.116698640738E-001
    0.815200000000E+004    0.118047395314E-001
    0.820200000000E+004    0.119402760262E-001
    0.825200000000E+004    0.120764717512E-001
    0.830200000000E+004    0.122133249046E-001
    0.835200000000E+004    0.123508336885E-001
    0.840200000000E+004    0.124889963098E-001
    0.845200000000E+004    0.126278109800E-001
    0.850200000000E+004    0.127672759149E-001
    0.855200000000E+004    0.129073893347E-001
    0.860200000000E+004    0.130481494641E-001
    0.865200000000E+004    0.131895545323E-001
    0.870200000000E+004    0.133316027728E-001
    0.875200000000E+004    0.134742924235E-001
    0.880200000000E+004    0.136176217267E-001
    0.885200000000E+004    0.137615889289E-001
    0.890200000000E+004    0.139061922811E-001
    0.895200000000E+004    0.140514300385E-001
    0.900200000000E+004    0.141973004607E-001
    0.905200000000E+004    0.143438018114E-001
    0.910200000000E+004    0.144909323587E-001
    0.915200000000E+004    0.146386903749E-001
    0.920200000000E+004    0.147870741365E-001
    0.925200000000E+004    0.149360819242E-001
    0.930200000000E+004    0.150857120228E-001
    0.935200000000E+004    0.152359627215E-001
    0.940200000000E+004    0.153868323135E-001
    0.945200000000E+004    0.155383190962E-001
    0.950200000000E+004    0.156904213709E-001
    0.955200000000E+004    0.158431374433E-001
    0.960200000000E+004    0.159964656231E-001
    0.965200000000E+004    0.161504042241E-001
    0.970200000000E+004    0.163049515639E-001
    0.975200000000E+004    0.164601059644E-001
    0.980200000000E+004    0.166158657516E-001
    0.985200000000E+004    0.167722292552E-001
    0.990200000000E+004    0.169291948092E-001
    0.995200000000E+004    0.170867607513E-001
    0.100020000000E+005    0.172449254234E-001
    0.100520000000E+005    0.174036871712E-001
    0.101020000000E+005    0.175630443445E-001
    0.101520000000E+005    0.177229952967E-001
    0.102020000000E+005    0.178835383855E-001
    0.102520000000E+005    0.180446719721E-001
    0.103020000000E+005    0.182063944219E-001
    0.103520000000E+005    0.183687041040E-001
    0.104020000000E+005    0.185315993912E-001
    0.104520000000E+005    0.186950786605E-001
    0.105020000000E+005    0.188591402924E-001
    0.105520000000E+005    0.190237826713E-001
    0.106020000000E+005    0.191890041854E-001
    0.106520000000E+005    0.193548032267E-001
    0.107020000000E+005    0.195211781908E-001
    0.107520000000E+005    0.196881274772E-001
    0.108020000000E+005    0.198556494892E-001
    0.108520000000E+005    0.200237426336E-001
    0.109020000000E+005    0.201924053210E-001
    0.109520000000E+005    0.203616359658E-001
    0.110020000000E+005    0.205314329858E-001
    0.110520000000E+005    0.207017948028E-001
    0.111020000000E+005    0.208727198420E-001
    0.111520000000E+005    0.210442065323E-001
    0.112020000000E+005    0.212162533062E-001
    0.112520000000E+005    0.213888586000E-001
    0.113020000000E+005    0.215620208534E-001
    0.113520000000E+005    0.217357385096E-001
    0.114020000000E+005    0.219100100156E-001
    0.114520000000E+005    0.220848338219E-001
    0.115020000000E+005    0.222602083824E-001
    0.115520000000E+005    0.224361321547E-001
    0.116020000000E+005    0.226126035998E-001
    0.116520000000E+005    0.227896211823E-001
    0.117020000000E+005    0.229671833703E-001
    0.117520000000E+005    0.231452886353E-001
    0.118020000000E+005    0.233239354524E-001
    0.118520000000E+005    0.235031222999E-001
    0.119020000000E+005    0.236828476598E-001
    0.119520000000E+005    0.238631100175E-001
    0.120020000000E+005    0.240439078618E-001
    0.120520000000E+005    0.242252396848E-001
    0.121020000000E+005    0.244071039821E-001
    0.121520000000E+005    0.245894992527E-001
    0.122020000000E+005    0.247724239991E-001
    0.122520000000E+005    0.249558767268E-001
    0.123020000000E+005    0.251398559450E-001
    0.123520000000E+005    0.253243601661E-001
    0.124020000000E+005    0.255093879058E-001
    0.124520000000E+005    0.256949376833E-001
    0.125020000000E+005    0.258810080208E-001
    0.125520000000E+005    0.260675974442E-001
    0.126020000000E+005    0.262547044823E-001
    0.126520000000E+005    0.264423276673E-001
    0.127020000000E+005    0.266304655349E-001
    0.127520000000E+005    0.268191166237E-001
    0.128020000000E+005    0.270082794757E-001
    0.128520000000E+005    0.271979526363E-001
    0.129020000000E+005    0.273881346538E-001
    0.129520000000E+005    0.275788240799E-001
    0.130020000000E+005    0.277700194695E-001
    0.130520000000E+005    0.279617193807E-001
    0.131020000000E+005    0.281539223748E-001
    0.131520000000E+005    0.283466270160E-001
    0.132020000000E+005    0.285398318721E-001
    0.132520000000E+005    0.287335355137E-001
    0.133020000000E+005    0.289277365147E-001
    0.133520000000E+005    0.291224334521E-001
    0.134020000000E+005    0.293176249060E-001
    0.134520000000E+005    0.295133094596E-001
    0.135020000000E+005    0.297094856994E-001
    0.135520000000E+005    0.299061522146E-001
    0.136020000000E+005    0.301033075977E-001
    0.136520000000E+005    0.303009504445E-001
    0.137020000000E+005    0.304990793534E-001
    0.137520000000E+005    0.306976929262E-001
    0.138020000000E+005    0.308967897675E-001
    0.138520000000E+005    0.310963684852E-001
    0.139020000000E+005    0.312964276900E-001
    0.139520000000E+005    0.314969659957E-001
    0.140020000000E+005    0.316979820192E-001
    0.140520000000E+005    0.318994743801E-001
    0.141020000000E+005    0.321014417013E-001
    0.141520000000E+005    0.323038826085E-001
    0.142020000000E+005    0.325067957305E-001
    0.142520000000E+005    0.327101796989E-001
    0.143020000000E+005    0.329140331483E-001
    0.143520000000E+005    0.331183547165E-001
    0.144020000000E+005    0.333231430437E-001
    0.144520000000E+005    0.335283967735E-001
    0.145020000000E+005    0.337341145522E-001
    0.145520000000E+005    0.339402950290E-001
    0.146020000000E+005    0.341469368562E-001
    0.146520000000E+005    0.343540386886E-001
    0.147020000000E+005    0.345615991843E-001
    0.147520000000E+005    0.347696170040E-001
    0.148020000000E+005    0.349780908113E-001
    0.148520000000E+005    0.351870192728E-001
    0.149020000000E+005    0.353964010577E-001
    0.149520000000E+005    0.356062348383E-001
    0.150020000000E+005    0.358165192896E-001
    0.150520000000E+005    0.360272530893E-001
    0.151020000000E+005    0.362384349182E-001
    0.151520000000E+005    0.364500634596E-001
    0.152020000000E+005    0.366621373999E-001
    0.152520000000E+005    0.368746554279E-001
    0.153020000000E+005    0.370876162356E-001
    0.153520000000E+005    0.373010185175E-001
    0.154020000000E+005    0.375148609709E-001
    0.154520000000E+005    0.377291422960E-001
    0.155020000000E+005    0.379438611955E-001
    0.155520000000E+005    0.381590163751E-001
    0.156020000000E+005    0.383746065430E-001
    0.156520000000E+005    0.385906304103E-001
    0.157020000000E+005    0.388070866907E-001
    0.157520000000E+005    0.390239741008E-001
    0.158020000000E+005    0.392412913596E-001
    0.158520000000E+005    0.394590371891E-001
    0.159020000000E+005    0.396772103136E-001
    0.159520000000E+005    0.398958094606E-001
    0.160020000000E+005    0.401148333598E-001
    0.160520000000E+005    0.403342807438E-001
    0.161020000000E+005    0.405541503478E-001
    0.161520000000E+005    0.407744409097E-001
    0.162020000000E+005    0.409951511699E-001
    0.162520000000E+005    0.412162798715E-001
    0.163020000000E+005    0.414378257604E-001
    0.163520000000E+005    0.416597875849E-001
    0.164020000000E+005    0.418821640960E-001
    0.164520000000E+005    0.421049540472E-001
    0.165020000000E+005    0.423281561948E-001
    0.165520000000E+005    0.425517692974E-001
    0.166020000000E+005    0.427757921166E-001
    0.166520000000E+005    0.430002234161E-001
    0.167020000000E+005    0.432250619625E-001
    0.167520000000E+005    0.434503065249E-001
    0.168020000000E+005    0.436759558749E-001
    0.168520000000E+005    0.439020087865E-001
    0.169020000000E+005    0.441284640367E-001
    0.169520000000E+005    0.443553204045E-001
    0.170020000000E+005    0.445825766717E-001
    0.170520000000E+005    0.448102316227E-001
    0.171020000000E+005    0.450382840442E-001
    0.171520000000E+005    0.452667327255E-001
    0.172020000000E+005    0.454955764585E-001
    0.172520000000E+005    0.457248140374E-001
    0.173020000000E+005    0.459544442591E-001
    0.173520000000E+005    0.461844659227E-001
    0.174020000000E+005    0.464148778301E-001
    0.174520000000E+005    0.466456787854E-001
    0.175020000000E+005    0.468768675954E-001
    0.175520000000E+005    0.471084430691E-001
    0.176020000000E+005    0.473404040180E-001
    0.176520000000E+005    0.475727492563E-001
    0.177020000000E+005    0.478054776004E-001
    0.177520000000E+005    0.480385878691E-001
    0.178020000000E+005    0.482720788838E-001
    0.178520000000E+005    0.485059494681E-001
    0.179020000000E+005    0.487401984482E-001
    0.179520000000E+005    0.489748246525E-001
    0.180020000000E+005    0.492098269122E-001
    0.180520000000E+005    0.494452040603E-001
    0.181020000000E+005    0.496809549327E-001
    0.181520000000E+005    0.499170783675E-001
    0.182020000000E+005    0.501535732050E-001
    0.182520000000E+005    0.503904382880E-001
    0.183020000000E+005    0.506276724619E-001
    0.183520000000E+005    0.508652745741E-001
    0.184020000000E+005    0.511032434744E-001
    0.184520000000E+005    0.513415780151E-001
    0.185020000000E+005    0.515802770508E-001
    0.185520000000E+005    0.518193394384E-001
    0.186020000000E+005    0.520587640370E-001
    0.186520000000E+005    0.522985497082E-001
    0.187020000000E+005    0.525386953158E-001
    0.187520000000E+005    0.527791997261E-001
    0.188020000000E+005    0.530200618074E-001
    0.188520000000E+005    0.532612804305E-001
    0.189020000000E+005    0.535028544684E-001
    0.189520000000E+005    0.537447827965E-001
    0.190020000000E+005    0.539870642924E-001
    0.190520000000E+005    0.542296978359E-001
    0.191020000000E+005    0.544726823091E-001
    0.191520000000E+005    0.547160165966E-001
    0.192020000000E+005    0.549596995849E-001
    0.192520000000E+005    0.552037301629E-001
    0.193020000000E+005    0.554481072218E-001
    0.193520000000E+005    0.556928296550E-001
    0.194020000000E+005    0.559378963581E-001
    0.194520000000E+005    0.561833062290E-001
    0.195020000000E+005    0.564290581677E-001
    0.195520000000E+005    0.566751510765E-001
    0.196020000000E+005    0.569215838600E-001
    0.196520000000E+005    0.571683554248E-001
    0.197020000000E+005    0.574154646799E-001
    0.197520000000E+005    0.576629105363E-001
    0.198020000000E+005    0.579106919074E-001
    0.198520000000E+005    0.581588077087E-001
    0.199020000000E+005    0.584072568577E-001
    0.199520000000E+005    0.586560382744E-001
    0.200020000000E+005    0.589051508807E-001
    0.200520000000E+005    0.591545936008E-001
    0.201020000000E+005    0.594043653610E-001
    0.201520000000E+005    0.596544650899E-001
    0.202020000000E+005    0.599048917180E-001
    0.202520000000E+005    0.601556441781E-001
    0.203020000000E+005    0.604067214051E-001
    0.203520000000E+005    0.606581223361E-001
    0.204020000000E+005    0.609098459102E-001
    0.204520000000E+005    0.611618910688E-001
    0.205020000000E+005    0.614142567552E-001
    0.205520000000E+005    0.616669419149E-001
    0.206020000000E+005    0.619199454957E-001
    0.206520000000E+005    0.621732664471E-001
    0.207020000000E+005    0.624269037211E-001
    0.207520000000E+005    0.626808562716E-001
    0.208020000000E+005    0.629351230546E-001
    0.208520000000E+005    0.631897030282E-001
    0.209020000000E+005    0.634445951525E-001
    0.209520000000E+005    0.636997983898E-001
    0.210020000000E+005    0.639553117045E-001
    0.210520000000E+005    0.642111340628E-001
    0.211020000000E+005    0.644672644333E-001
    0.211520000000E+005    0.647237017863E-001
    0.212020000000E+005    0.649804450946E-001
    0.212520000000E+005    0.652374933325E-001
    0.213020000000E+005    0.654948454769E-001
    0.213520000000E+005    0.657525005062E-001
    0.214020000000E+005    0.660104574013E-001
    0.214520000000E+005    0.662687151447E-001
    0.215020000000E+005    0.665272727214E-001
    0.215520000000E+005    0.667861291179E-001
    0.216020000000E+005    0.670452833231E-001
    0.216520000000E+005    0.673047343277E-001
    0.217020000000E+005    0.675644811245E-001
    0.217520000000E+005    0.678245227083E-001
    0.218020000000E+005    0.680848580758E-001
    0.218520000000E+005    0.683454862258E-001
    0.219020000000E+005    0.686064061590E-001
    0.219520000000E+005    0.688676168781E-001
    0.220020000000E+005    0.691291173879E-001
    0.220520000000E+005    0.693909066949E-001
    0.221020000000E+005    0.696529838078E-001
    0.221520000000E+005    0.699153477372E-001
    0.222020000000E+005    0.701779974956E-001
    0.222520000000E+005    0.704409320975E-001
    0.223020000000E+005    0.707041505594E-001
    0.223520000000E+005    0.709676518996E-001
    0.224020000000E+005    0.712314351386E-001
    0.224520000000E+005    0.714954992984E-001
    0.225020000000E+005    0.717598434034E-001
    0.225520000000E+005    0.720244664797E-001
    0.226020000000E+005    0.722893675552E-001
    0.226520000000E+005    0.725545456600E-001
    0.227020000000E+005    0.728199998259E-001
    0.227520000000E+005    0.730857290867E-001
    0.228020000000E+005    0.733517324782E-001
    0.228520000000E+005    0.736180090378E-001
    0.229020000000E+005    0.738845578050E-001
    0.229520000000E+005    0.741513778214E-001
    0.230020000000E+005    0.744184681300E-001
    0.230520000000E+005    0.746858277761E-001
    0.231020000000E+005    0.749534558067E-001
    0.231520000000E+005    0.752213512707E-001
    0.232020000000E+005    0.754895132189E-001
    0.232520000000E+005    0.757579407039E-001
    0.233020000000E+005    0.760266327802E-001
    0.233520000000E+005    0.762955885042E-001
    0.234020000000E+005    0.765648069341E-001
    0.234520000000E+005    0.768342871301E-001
    0.235020000000E+005    0.771040281539E-001
    0.235520000000E+005    0.773740290694E-001
    0.236020000000E+005    0.776442889422E-001
    0.236520000000E+005    0.779148068397E-001
    0.237020000000E+005    0.781855818311E-001
    0.237520000000E+005    0.784566129877E-001
    0.238020000000E+005    0.787278993822E-001
    0.238520000000E+005    0.789994400895E-001
    0.239020000000E+005    0.792712341860E-001
    0.239520000000E+005    0.795432807502E-001
    0.240020000000E+005    0.798155788623E-001
    0.240520000000E+005    0.800881276041E-001
    0.241020000000E+005    0.803609260595E-001
    0.241520000000E+005    0.806339733140E-001
    0.242020000000E+005    0.809072684550E-001
    0.242520000000E+005    0.811808105716E-001
    0.243020000000E+005    0.814545987549E-001
    0.243520000000E+005    0.817286320974E-001
    0.244020000000E+005    0.820029096937E-001
    0.244520000000E+005    0.822774306401E-001
    0.245020000000E+005    0.825521940345E-001
    0.245520000000E+005    0.828271989769E-001
    0.246020000000E+005    0.831024445686E-001
    0.246520000000E+005    0.833779299131E-001
    0.247020000000E+005    0.836536541154E-001
    0.247520000000E+005    0.839296162824E-001
    0.248020000000E+005    0.842058155225E-001
    0.248520000000E+005    0.844822509462E-001
    0.249020000000E+005    0.847589216654E-001
    0.249520000000E+005    0.850358267939E-001
    0.250020000000E+005    0.853129654473E-001
    0.250520000000E+005    0.855903367428E-001
    0.251020000000E+005    0.858679397993E-001
    0.251520000000E+005    0.861457737376E-001
    0.252020000000E+005    0.864238376801E-001
    0.252520000000E+005    0.867021307508E-001
    0.253020000000E+005    0.869806520756E-001
    0.253520000000E+005    0.872594007820E-001
    0.254020000000E+005    0.875383759993E-001
    0.254520000000E+005    0.878175768584E-001
    0.255020000000E+005    0.880970024920E-001
    0.255520000000E+005    0.883766520342E-001
    0.256020000000E+005    0.886565246213E-001
    0.256520000000E+005    0.889366193908E-001
    0.257020000000E+005    0.892169354821E-001
    0.257520000000E+005    0.894974720363E-001
    0.258020000000E+005    0.897782281962E-001
    0.258520000000E+005    0.900592031061E-001
    0.259020000000E+005    0.903403959120E-001
    0.259520000000E+005    0.906218057618E-001
    0.260020000000E+005    0.909034318048E-001
    0.260520000000E+005    0.911852731921E-001
    0.261020000000E+005    0.914673290763E-001
    0.261520000000E+005    0.917495986119E-001
    0.262020000000E+005    0.920320809548E-001
    0.262520000000E+005    0.923147752626E-001
    0.263020000000E+005    0.925976806947E-001
    0.263520000000E+005    0.928807964120E-001
    0.264020000000E+005    0.931641215770E-001
    0.264520000000E+005    0.934476553540E-001
    0.265020000000E+005    0.937313969086E-001
    0.265520000000E+005    0.940153454084E-001
    0.266020000000E+005    0.942995000225E-001
    0.266520000000E+005    0.945838599214E-001
    0.267020000000E+005    0.948684242775E-001
    0.267520000000E+005    0.951531922647E-001
    0.268020000000E+005    0.954381630584E-001
    0.268520000000E+005    0.957233358358E-001
    0.269020000000E+005    0.960087097756E-001
    0.269520000000E+005    0.962942840581E-001
    0.270020000000E+005    0.965800578652E-001
    0.270520000000E+005    0.968660303803E-001
    0.271020000000E+005    0.971522007886E-001
    0.271520000000E+005    0.974385682767E-001
    0.272020000000E+005    0.977251320328E-001
    0.272520000000E+005    0.980118912468E-001
    0.273020000000E+005    0.982988451100E-001
    0.273520000000E+005    0.985859928155E-001
    0.274020000000E+005    0.988733335577E-001
    0.274520000000E+005    0.991608665328E-001
    0.275020000000E+005    0.994485909383E-001
    0.275520000000E+005    0.997365059736E-001
    0.276020000000E+005    0.100024610839E+000
    0.276520000000E+005    0.100312904738E+000
    0.277020000000E+005    0.100601386873E+000
    0.277520000000E+005    0.100890056451E+000
    0.278020000000E+005    0.101178912677E+000
    0.278520000000E+005    0.101467954761E+000
    0.279020000000E+005    0.101757181913E+000
    0.279520000000E+005    0.102046593344E+000
    0.280020000000E+005    0.102336188267E+000
    0.280520000000E+005    0.102625965897E+000
    0.281020000000E+005    0.102915925450E+000
    0.281520000000E+005    0.103206066145E+000
    0.282020000000E+005    0.103496387199E+000
    0.282520000000E+005    0.103786887833E+000
    0.283020000000E+005    0.104077567271E+000
    0.283520000000E+005    0.104368424735E+000
    0.284020000000E+005    0.104659459451E+000
    0.284520000000E+005    0.104950670646E+000
    0.285020000000E+005    0.105242057548E+000
    0.285520000000E+005    0.105533619386E+000
    0.286020000000E+005    0.105825355393E+000
    0.286520000000E+005    0.106117264800E+000
    0.287020000000E+005    0.106409346841E+000
    0.287520000000E+005    0.106701600754E+000
    0.288020000000E+005    0.106994025774E+000
    0.288520000000E+005    0.107286621140E+000
    0.289020000000E+005    0.107579386093E+000
    0.289520000000E+005    0.107872319874E+000
    0.290020000000E+005    0.108165421727E+000
    0.290520000000E+005    0.108458690895E+000
    0.291020000000E+005    0.108752126625E+000
    0.291520000000E+005    0.109045728165E+000
    0.292020000000E+005    0.109339494762E+000
    0.292520000000E+005    0.109633425669E+000
    0.293020000000E+005    0.109927520136E+000
    0.293520000000E+005    0.110221777417E+000
    0.294020000000E+005    0.110516196767E+000
    0.294520000000E+005    0.110810777441E+000
    0.295020000000E+005    0.111105518698E+000
    0.295520000000E+005    0.111400419797E+000
    0.296020000000E+005    0.111695479998E+000
    0.296520000000E+005    0.111990698562E+000
    0.297020000000E+005    0.112286074755E+000
    0.297520000000E+005    0.112581607839E+000
    0.298020000000E+005    0.112877297082E+000
    0.298520000000E+005    0.113173141752E+000
    0.299020000000E+005    0.113469141116E+000
    0.299520000000E+005    0.113765294447E+000
    0.300020000000E+005    0.114061601015E+000
    0.300520000000E+005    0.114358060095E+000
    0.301020000000E+005    0.114654670960E+000
    0.301520000000E+005    0.114951432887E+000
    0.302020000000E+005    0.115248345154E+000
    0.302520000000E+005    0.115545407039E+000
    0.303020000000E+005    0.115842617823E+000
    0.303520000000E+005    0.116139976788E+000
    0.304020000000E+005    0.116437483216E+000
    0.304520000000E+005    0.116735136393E+000
    0.305020000000E+005    0.117032935604E+000
    0.305520000000E+005    0.117330880137E+000
    0.306020000000E+005    0.117628969280E+000
    0.306520000000E+005    0.117927202323E+000
    0.307020000000E+005    0.118225578558E+000
    0.307520000000E+005    0.118524097278E+000
    0.308020000000E+005    0.118822757776E+000
    0.308520000000E+005    0.119121559349E+000
    0.309020000000E+005    0.119420501293E+000
    0.309520000000E+005    0.119719582907E+000
    0.310020000000E+005    0.120018803490E+000
    0.310520000000E+005    0.120318162344E+000
    0.311020000000E+005    0.120617658770E+000
    0.311520000000E+005    0.120917292072E+000
    0.312020000000E+005    0.121217061556E+000
    0.312520000000E+005    0.121516966528E+000
    0.313020000000E+005    0.121817006296E+000
    0.313520000000E+005    0.122117180168E+000
    0.314020000000E+005    0.122417487456E+000
    0.314520000000E+005    0.122717927471E+000
    0.315020000000E+005    0.123018499526E+000
    0.315520000000E+005    0.123319202936E+000
    0.316020000000E+005    0.123620037017E+000
    0.316520000000E+005    0.123921001085E+000
    0.317020000000E+005    0.124222094459E+000
    0.317520000000E+005    0.124523316459E+000
    0.318020000000E+005    0.124824666407E+000
    0.318520000000E+005    0.125126143623E+000
    0.319020000000E+005    0.125427747433E+000
    0.319520000000E+005    0.125729477161E+000
    0.320020000000E+005    0.126031332134E+000
    0.320520000000E+005    0.126333311679E+000
    0.321020000000E+005    0.126635415125E+000
    0.321520000000E+005    0.126937641802E+000
    0.322020000000E+005    0.127239991043E+000
    0.322520000000E+005    0.127542462180E+000
    0.323020000000E+005    0.127845054546E+000
    0.323520000000E+005    0.128147767479E+000
    0.324020000000E+005    0.128450600314E+000
    0.324520000000E+005    0.128753552389E+000
    0.325020000000E+005    0.129056623044E+000
    0.325520000000E+005    0.129359811620E+000
    0.326020000000E+005    0.129663117458E+000
    0.326520000000E+005    0.129966539901E+000
    0.327020000000E+005    0.130270078294E+000
    0.327520000000E+005    0.130573731983E+000
    0.328020000000E+005    0.130877500315E+000
    0.328520000000E+005    0.131181382638E+000
    0.329020000000E+005    0.131485378301E+000
    0.329520000000E+005    0.131789486655E+000
    0.330020000000E+005    0.132093707053E+000
    0.330520000000E+005    0.132398038848E+000
    0.331020000000E+005    0.132702481394E+000
    0.331520000000E+005    0.133007034048E+000
    0.332020000000E+005    0.133311696165E+000
    0.332520000000E+005    0.133616467105E+000
    0.333020000000E+005    0.133921346228E+000
    0.333520000000E+005    0.134226332894E+000
    0.334020000000E+005    0.134531426465E+000
    0.334520000000E+005    0.134836626304E+000
    0.335020000000E+005    0.135141931776E+000
    0.335520000000E+005    0.135447342248E+000
    0.336020000000E+005    0.135752857085E+000
    0.336520000000E+005    0.136058475657E+000
    0.337020000000E+005    0.136364197333E+000
    0.337520000000E+005    0.136670021483E+000
    0.338020000000E+005    0.136975947479E+000
    0.338520000000E+005    0.137281974695E+000
    0.339020000000E+005    0.137588102505E+000
    0.339520000000E+005    0.137894330285E+000
    0.340020000000E+005    0.138200657412E+000
    0.340520000000E+005    0.138507083263E+000
    0.341020000000E+005    0.138813607218E+000
    0.341520000000E+005    0.139120228657E+000
    0.342020000000E+005    0.139426946963E+000
    0.342520000000E+005    0.139733761518E+000
    0.343020000000E+005    0.140040671705E+000
    0.343520000000E+005    0.140347676911E+000
    0.344020000000E+005    0.140654776522E+000
    0.344520000000E+005    0.140961969925E+000
    0.345020000000E+005    0.141269256510E+000
    0.345520000000E+005    0.141576635667E+000
    0.346020000000E+005    0.141884106786E+000
    0.346520000000E+005    0.142191669261E+000
    0.347020000000E+005    0.142499322485E+000
    0.347520000000E+005    0.142807065852E+000
    0.348020000000E+005    0.143114898759E+000
    0.348520000000E+005    0.143422820604E+000
    0.349020000000E+005    0.143730830784E+000
    0.349520000000E+005    0.144038928698E+000
    0.350020000000E+005    0.144347113749E+000
    0.350520000000E+005    0.144655385337E+000
    0.351020000000E+005    0.144963742866E+000
    0.351520000000E+005    0.145272185739E+000
    0.352020000000E+005    0.145580713363E+000
    0.352520000000E+005    0.145889325144E+000
    0.353020000000E+005    0.146198020489E+000
    0.353520000000E+005    0.146506798808E+000
    0.354020000000E+005    0.146815659510E+000
    0.354520000000E+005    0.147124602007E+000
    0.355020000000E+005    0.147433625711E+000
    0.355520000000E+005    0.147742730035E+000
    0.356020000000E+005    0.148051914394E+000
    0.356520000000E+005    0.148361178205E+000
    0.357020000000E+005    0.148670520883E+000
    0.357520000000E+005    0.148979941847E+000
    0.358020000000E+005    0.149289440517E+000
    0.358520000000E+005    0.149599016311E+000
    0.359020000000E+005    0.149908668653E+000
    0.359520000000E+005    0.150218396965E+000
    0.360020000000E+005    0.150528200669E+000
    0.360520000000E+005    0.150838079192E+000
    0.361020000000E+005    0.151148031959E+000
    0.361520000000E+005    0.151458058398E+000
    0.362020000000E+005    0.151768157936E+000
    0.362520000000E+005    0.152078330003E+000
    0.363020000000E+005    0.152388574029E+000
    0.363520000000E+005    0.152698889447E+000
    0.364020000000E+005    0.153009275688E+000
    0.364520000000E+005    0.153319732187E+000
    0.365020000000E+005    0.153630258379E+000
    0.365520000000E+005    0.153940853700E+000
    0.366020000000E+005    0.154251517586E+000
    0.366520000000E+005    0.154562249476E+000
    0.367020000000E+005    0.154873048810E+000
    0.367520000000E+005    0.155183915027E+000
    0.368020000000E+005    0.155494847571E+000
    0.368520000000E+005    0.155805845882E+000
    0.369020000000E+005    0.156116909406E+000
    0.369520000000E+005    0.156428037586E+000
    0.370020000000E+005    0.156739229869E+000
    0.370520000000E+005    0.157050485702E+000
    0.371020000000E+005    0.157361804533E+000
    0.371520000000E+005    0.157673185811E+000
    0.372020000000E+005    0.157984628987E+000
    0.372520000000E+005    0.158296133512E+000
    0.373020000000E+005    0.158607698838E+000
    0.373520000000E+005    0.158919324419E+000
    0.374020000000E+005    0.159231009709E+000
    0.374520000000E+005    0.159542754165E+000
    0.375020000000E+005    0.159854557242E+000
    0.375520000000E+005    0.160166418400E+000
    0.376020000000E+005    0.160478337096E+000
    0.376520000000E+005    0.160790312790E+000
    0.377020000000E+005    0.161102344945E+000
    0.377520000000E+005    0.161414433021E+000
    0.378020000000E+005    0.161726576483E+000
    0.378520000000E+005    0.162038774793E+000
    0.379020000000E+005    0.162351027418E+000
    0.379520000000E+005    0.162663333824E+000
    0.380020000000E+005    0.162975693478E+000
    0.380520000000E+005    0.163288105848E+000
    0.381020000000E+005    0.163600570405E+000
    0.381520000000E+005    0.163913086618E+000
    0.382020000000E+005    0.164225653960E+000
    0.382520000000E+005    0.164538271902E+000
    0.383020000000E+005    0.164850939919E+000
    0.383520000000E+005    0.165163657485E+000
    0.384020000000E+005    0.165476424076E+000
    0.384520000000E+005    0.165789239168E+000
    0.385020000000E+005    0.166102102241E+000
    0.385520000000E+005    0.166415012771E+000
    0.386020000000E+005    0.166727970240E+000
    0.386520000000E+005    0.167040974128E+000
    0.387020000000E+005    0.167354023917E+000
    0.387520000000E+005    0.167667119090E+000
    0.388020000000E+005    0.167980259131E+000
    0.388520000000E+005    0.168293443525E+000
    0.389020000000E+005    0.168606671759E+000
    0.389520000000E+005    0.168919943318E+000
    0.390020000000E+005    0.169233257692E+000
    0.390520000000E+005    0.169546614369E+000
    0.391020000000E+005    0.169860012839E+000
    0.391520000000E+005    0.170173452593E+000
    0.392020000000E+005    0.170486933125E+000
    0.392520000000E+005    0.170800453926E+000
    0.393020000000E+005    0.171114014490E+000
    0.393520000000E+005    0.171427614314E+000
    0.394020000000E+005    0.171741252893E+000
    0.394520000000E+005    0.172054929724E+000
    0.395020000000E+005    0.172368644305E+000
    0.395520000000E+005    0.172682396136E+000
    0.396020000000E+005    0.172996184716E+000
    0.396520000000E+005    0.173310009547E+000
    0.397020000000E+005    0.173623870131E+000
    0.397520000000E+005    0.173937765971E+000
    0.398020000000E+005    0.174251696571E+000
    0.398520000000E+005    0.174565661436E+000
    0.399020000000E+005    0.174879660072E+000
    0.399520000000E+005    0.175193691986E+000
    0.400020000000E+005    0.175507756687E+000
    0.400520000000E+005    0.175821853682E+000
    0.401020000000E+005    0.176135982483E+000
    0.401520000000E+005    0.176450142601E+000
    0.402020000000E+005    0.176764333546E+000
    0.402520000000E+005    0.177078554832E+000
    0.403020000000E+005    0.177392805973E+000
    0.403520000000E+005    0.177707086484E+000
    0.404020000000E+005    0.178021395881E+000
    0.404520000000E+005    0.178335733679E+000
    0.405020000000E+005    0.178650099398E+000
    0.405520000000E+005    0.178964492556E+000
    0.406020000000E+005    0.179278912672E+000
    0.406520000000E+005    0.179593359268E+000
    0.407020000000E+005    0.179907831864E+000
    0.407520000000E+005    0.180222329983E+000
    0.408020000000E+005    0.180536853149E+000
    0.408520000000E+005    0.180851400887E+000
    0.409020000000E+005    0.181165972721E+000
    0.409520000000E+005    0.181480568178E+000
    0.410020000000E+005    0.181795186785E+000
    0.410520000000E+005    0.182109828071E+000
    0.411020000000E+005    0.182424491564E+000
    0.411520000000E+005    0.182739176795E+000
    0.412020000000E+005    0.183053883296E+000
    0.412520000000E+005    0.183368610597E+000
    0.413020000000E+005    0.183683358232E+000
    0.413520000000E+005    0.183998125735E+000
    0.414020000000E+005    0.184312912641E+000
    0.414520000000E+005    0.184627718485E+000
    0.415020000000E+005    0.184942542805E+000
    0.415520000000E+005    0.185257385137E+000
    0.416020000000E+005    0.185572245020E+000
    0.416520000000E+005    0.185887121994E+000
    0.417020000000E+005    0.186202015599E+000
    0.417520000000E+005    0.186516925377E+000
    0.418020000000E+005    0.186831850869E+000
    0.418520000000E+005    0.187146791620E+000
    0.419020000000E+005    0.187461747172E+000
    0.419520000000E+005    0.187776717072E+000
    0.420020000000E+005    0.188091700864E+000
    0.420520000000E+005    0.188406698097E+000
    0.421020000000E+005    0.188721708316E+000
    0.421520000000E+005    0.189036731072E+000
    0.422020000000E+005    0.189351765914E+000
    0.422520000000E+005    0.189666812392E+000
    0.423020000000E+005    0.189981870058E+000
    0.423520000000E+005    0.190296938463E+000
    0.424020000000E+005    0.190612017162E+000
    0.424520000000E+005    0.190927105708E+000
    0.425020000000E+005    0.191242203656E+000
    0.425520000000E+005    0.191557310562E+000
    0.426020000000E+005    0.191872425983E+000
    0.426520000000E+005    0.192187549477E+000
    0.427020000000E+005    0.192502680602E+000
    0.427520000000E+005    0.192817818917E+000
    0.428020000000E+005    0.193132963984E+000
    0.428520000000E+005    0.193448115362E+000
    0.429020000000E+005    0.193763272615E+000
    0.429520000000E+005    0.194078435306E+000
    0.430020000000E+005    0.194393602998E+000
    0.430520000000E+005    0.194708775256E+000
    0.431020000000E+005    0.195023951645E+000
    0.431520000000E+005    0.195339131733E+000
    0.432020000000E+005    0.195654315087E+000
    0.432520000000E+005    0.195969501275E+000
    0.433020000000E+005    0.196284689866E+000
    0.433520000000E+005    0.196599880431E+000
    0.434020000000E+005    0.196915072540E+000
    0.434520000000E+005    0.197230265765E+000
    0.435020000000E+005    0.197545459678E+000
    0.435520000000E+005    0.197860653854E+000
    0.436020000000E+005    0.198175847867E+000
    0.436520000000E+005    0.198491041291E+000
    0.437020000000E+005    0.198806233704E+000
    0.437520000000E+005    0.199121424682E+000
    0.438020000000E+005    0.199436613803E+000
    0.438520000000E+005    0.199751800645E+000
    0.439020000000E+005    0.200066984789E+000
    0.439520000000E+005    0.200382165815E+000
    0.440020000000E+005    0.200697343303E+000
    0.440520000000E+005    0.201012516837E+000
    0.441020000000E+005    0.201327685999E+000
    0.441520000000E+005    0.201642850372E+000
    0.442020000000E+005    0.201958009543E+000
    0.442520000000E+005    0.202273163096E+000
    0.443020000000E+005    0.202588310617E+000
    0.443520000000E+005    0.202903451694E+000
    0.444020000000E+005    0.203218585915E+000
    0.444520000000E+005    0.203533712869E+000
    0.445020000000E+005    0.203848832146E+000
    0.445520000000E+005    0.204163943335E+000
    0.446020000000E+005    0.204479046030E+000
    0.446520000000E+005    0.204794139821E+000
    0.447020000000E+005    0.205109224302E+000
    0.447520000000E+005    0.205424299067E+000
    0.448020000000E+005    0.205739363711E+000
    0.448520000000E+005    0.206054417830E+000
    0.449020000000E+005    0.206369461019E+000
    0.449520000000E+005    0.206684492876E+000
    0.450020000000E+005    0.206999512999E+000
    0.450520000000E+005    0.207314520987E+000
    0.451020000000E+005    0.207629516440E+000
    0.451520000000E+005    0.207944498958E+000
    0.452020000000E+005    0.208259468143E+000
    0.452520000000E+005    0.208574423597E+000
    0.453020000000E+005    0.208889364922E+000
    0.453520000000E+005    0.209204291724E+000
    0.454020000000E+005    0.209519203605E+000
    0.454520000000E+005    0.209834100173E+000
    0.455020000000E+005    0.210148981032E+000
    0.455520000000E+005    0.210463845791E+000
    0.456020000000E+005    0.210778694057E+000
    0.456520000000E+005    0.211093525438E+000
    0.457020000000E+005    0.211408339545E+000
    0.457520000000E+005    0.211723135987E+000
    0.458020000000E+005    0.212037914376E+000
    0.458520000000E+005    0.212352674324E+000
    0.459020000000E+005    0.212667415443E+000
    0.459520000000E+005    0.212982137347E+000
    0.460020000000E+005    0.213296839650E+000
    0.460520000000E+005    0.213611521967E+000
    0.461020000000E+005    0.213926183914E+000
    0.461520000000E+005    0.214240825108E+000
    0.462020000000E+005    0.214555445167E+000
    0.462520000000E+005    0.214870043708E+000
    0.463020000000E+005    0.215184620351E+000
    0.463520000000E+005    0.215499174716E+000
    0.464020000000E+005    0.215813706423E+000
    0.464520000000E+005    0.216128215094E+000
    0.465020000000E+005    0.216442700350E+000
    0.465520000000E+005    0.216757161816E+000
    0.466020000000E+005    0.217071599114E+000
    0.466520000000E+005    0.217386011870E+000
    0.467020000000E+005    0.217700399708E+000
    0.467520000000E+005    0.218014762256E+000
    0.468020000000E+005    0.218329099138E+000
    0.468520000000E+005    0.218643409985E+000
    0.469020000000E+005    0.218957694423E+000
    0.469520000000E+005    0.219271952083E+000
    0.470020000000E+005    0.219586182593E+000
    0.470520000000E+005    0.219900385586E+000
    0.471020000000E+005    0.220214560692E+000
    0.471520000000E+005    0.220528707543E+000
    0.472020000000E+005    0.220842825774E+000
    0.472520000000E+005    0.221156915017E+000
    0.473020000000E+005    0.221470974908E+000
    0.473520000000E+005    0.221785005081E+000
    0.474020000000E+005    0.222099005173E+000
    0.474520000000E+005    0.222412974821E+000
    0.475020000000E+005    0.222726913663E+000
    0.475520000000E+005    0.223040821336E+000
    0.476020000000E+005    0.223354697480E+000
    0.476520000000E+005    0.223668541735E+000
    0.477020000000E+005    0.223982353742E+000
    0.477520000000E+005    0.224296133142E+000
    0.478020000000E+005    0.224609879577E+000
    0.478520000000E+005    0.224923592690E+000
    0.479020000000E+005    0.225237272125E+000
    0.479520000000E+005    0.225550917526E+000
    0.480020000000E+005    0.225864528539E+000
    0.480520000000E+005    0.226178104809E+000
    0.481020000000E+005    0.226491645983E+000
    0.481520000000E+005    0.226805151709E+000
    0.482020000000E+005    0.227118621634E+000
    0.482520000000E+005    0.227432055408E+000
    0.483020000000E+005    0.227745452680E+000
    0.483520000000E+005    0.228058813100E+000
    0.484020000000E+005    0.228372136320E+000
    0.484520000000E+005    0.228685421991E+000
    0.485020000000E+005    0.228998669767E+000
    0.485520000000E+005    0.229311879299E+000
    0.486020000000E+005    0.229625050244E+000
    0.486520000000E+005    0.229938182254E+000
    0.487020000000E+005    0.230251274986E+000
    0.487520000000E+005    0.230564328095E+000
    0.488020000000E+005    0.230877341240E+000
    0.488520000000E+005    0.231190314077E+000
    0.489020000000E+005    0.231503246265E+000
    0.489520000000E+005    0.231816137463E+000
    0.490020000000E+005    0.232128987331E+000
    0.490520000000E+005    0.232441795529E+000
    0.491020000000E+005    0.232754561719E+000
    0.491520000000E+005    0.233067285563E+000
    0.492020000000E+005    0.233379966723E+000
    0.492520000000E+005    0.233692604863E+000
    0.493020000000E+005    0.234005199647E+000
    0.493520000000E+005    0.234317750741E+000
    0.494020000000E+005    0.234630257808E+000
    0.494520000000E+005    0.234942720516E+000
    0.495020000000E+005    0.235255138532E+000
    0.495520000000E+005    0.235567511524E+000
    0.496020000000E+005    0.235879839159E+000
    0.496520000000E+005    0.236192121108E+000
    0.497020000000E+005    0.236504357039E+000
    0.497520000000E+005    0.236816546624E+000
    0.498020000000E+005    0.237128689533E+000
    0.498520000000E+005    0.237440785439E+000
    0.499020000000E+005    0.237752834013E+000
    0.499520000000E+005    0.238064834931E+000
    0.500020000000E+005    0.238376787865E+000
    0.500520000000E+005    0.238688692490E+000
    0.501020000000E+005    0.239000548482E+000
    0.501520000000E+005    0.239312355516E+000
    0.502020000000E+005    0.239624113271E+000
    0.502520000000E+005    0.239935821422E+000
    0.503020000000E+005    0.240247479649E+000
    0.503520000000E+005    0.240559087630E+000
    0.504020000000E+005    0.240870645044E+000
    0.504520000000E+005    0.241182151573E+000
    0.505020000000E+005    0.241493606896E+000
    0.505520000000E+005    0.241805010697E+000
    0.506020000000E+005    0.242116362656E+000
    0.506520000000E+005    0.242427662457E+000
    0.507020000000E+005    0.242738909783E+000
    0.507520000000E+005    0.243050104320E+000
    0.508020000000E+005    0.243361245751E+000
    0.508520000000E+005    0.243672333764E+000
    0.509020000000E+005    0.243983368043E+000
    0.509520000000E+005    0.244294348277E+000
    0.510020000000E+005    0.244605274152E+000
    0.510520000000E+005    0.244916145358E+000
    0.511020000000E+005    0.245226961583E+000
    0.511520000000E+005    0.245537722518E+000
    0.512020000000E+005    0.245848427852E+000
    0.512520000000E+005    0.246159077276E+000
    0.513020000000E+005    0.246469670484E+000
    0.513520000000E+005    0.246780207166E+000
    0.514020000000E+005    0.247090687017E+000
    0.514520000000E+005    0.247401109729E+000
    0.515020000000E+005    0.247711474997E+000
    0.515520000000E+005    0.248021782517E+000
    0.516020000000E+005    0.248332031984E+000
    0.516520000000E+005    0.248642223095E+000
    0.517020000000E+005    0.248952355546E+000
    0.517520000000E+005    0.249262429036E+000
    0.518020000000E+005    0.249572443262E+000
    0.518520000000E+005    0.249882397924E+000
    0.519020000000E+005    0.250192292722E+000
    0.519520000000E+005    0.250502127356E+000
    0.520020000000E+005    0.250811901526E+000
    0.520520000000E+005    0.251121614935E+000
    0.521020000000E+005    0.251431267285E+000
    0.521520000000E+005    0.251740858279E+000
    0.522020000000E+005    0.252050387620E+000
    0.522520000000E+005    0.252359855013E+000
    0.523020000000E+005    0.252669260163E+000
    0.523520000000E+005    0.252978602775E+000
    0.524020000000E+005    0.253287882555E+000
    0.524520000000E+005    0.253597099211E+000
    0.525020000000E+005    0.253906252449E+000
    0.525520000000E+005    0.254215341978E+000
    0.526020000000E+005    0.254524367506E+000
    0.526520000000E+005    0.254833328744E+000
    0.527020000000E+005    0.255142225401E+000
    0.527520000000E+005    0.255451057187E+000
    0.528020000000E+005    0.255759823814E+000
    0.528520000000E+005    0.256068524995E+000
    0.529020000000E+005    0.256377160441E+000
    0.529520000000E+005    0.256685729865E+000
    0.530020000000E+005    0.256994232983E+000
    0.530520000000E+005    0.257302669507E+000
    0.531020000000E+005    0.257611039153E+000
    0.531520000000E+005    0.257919341638E+000
    0.532020000000E+005    0.258227576677E+000
    0.532520000000E+005    0.258535743987E+000
    0.533020000000E+005    0.258843843286E+000
    0.533520000000E+005    0.259151874292E+000
    0.534020000000E+005    0.259459836724E+000
    0.534520000000E+005    0.259767730301E+000
    0.535020000000E+005    0.260075554744E+000
    0.535520000000E+005    0.260383309774E+000
    0.536020000000E+005    0.260690995111E+000
    0.536520000000E+005    0.260998610477E+000
    0.537020000000E+005    0.261306155596E+000
    0.537520000000E+005    0.261613630190E+000
    0.538020000000E+005    0.261921033983E+000
    0.538520000000E+005    0.262228366700E+000
    0.539020000000E+005    0.262535628066E+000
    0.539520000000E+005    0.262842817805E+000
    0.540020000000E+005    0.263149935645E+000
    0.540520000000E+005    0.263456981313E+000
    0.541020000000E+005    0.263763954536E+000
    0.541520000000E+005    0.264070855041E+000
    0.542020000000E+005    0.264377682558E+000
    0.542520000000E+005    0.264684436816E+000
    0.543020000000E+005    0.264991117545E+000
    0.543520000000E+005    0.265297724475E+000
    0.544020000000E+005    0.265604257337E+000
    0.544520000000E+005    0.265910715864E+000
    0.545020000000E+005    0.266217099787E+000
    0.545520000000E+005    0.266523408840E+000
    0.546020000000E+005    0.266829642755E+000
    0.546520000000E+005    0.267135801267E+000
    0.547020000000E+005    0.267441884111E+000
    0.547520000000E+005    0.267747891022E+000
    0.548020000000E+005    0.268053821736E+000
    0.548520000000E+005    0.268359675990E+000
    0.549020000000E+005    0.268665453519E+000
    0.549520000000E+005    0.268971154063E+000
    0.550020000000E+005    0.269276777359E+000
    0.550520000000E+005    0.269582323146E+000
    0.551020000000E+005    0.269887791165E+000
    0.551520000000E+005    0.270193181153E+000
    0.552020000000E+005    0.270498492853E+000
    0.552520000000E+005    0.270803726006E+000
    0.553020000000E+005    0.271108880353E+000
    0.553520000000E+005    0.271413955636E+000
    0.554020000000E+005    0.271718951599E+000
    0.554520000000E+005    0.272023867986E+000
    0.555020000000E+005    0.272328704539E+000
    0.555520000000E+005    0.272633461005E+000
    0.556020000000E+005    0.272938137127E+000
    0.556520000000E+005    0.273242732653E+000
    0.557020000000E+005    0.273547247329E+000
    0.557520000000E+005    0.273851680901E+000
    0.558020000000E+005    0.274156033117E+000
    0.558520000000E+005    0.274460303725E+000
    0.559020000000E+005    0.274764492475E+000
    0.559520000000E+005    0.275068599114E+000
    0.560020000000E+005    0.275372623394E+000
    0.560520000000E+005    0.275676565065E+000
    0.561020000000E+005    0.275980423877E+000
    0.561520000000E+005    0.276284199583E+000
    0.562020000000E+005    0.276587891934E+000
    0.562520000000E+005    0.276891500683E+000
    0.563020000000E+005    0.277195025583E+000
    0.563520000000E+005    0.277498466389E+000
    0.564020000000E+005    0.277801822855E+000
    0.564520000000E+005    0.278105094735E+000
    0.565020000000E+005    0.278408281785E+000
    0.565520000000E+005    0.278711383762E+000
    0.566020000000E+005    0.279014400421E+000
    0.566520000000E+005    0.279317331521E+000
    0.567020000000E+005    0.279620176819E+000
    0.567520000000E+005    0.279922936073E+000
    0.568020000000E+005    0.280225609042E+000
    0.568520000000E+005    0.280528195486E+000
    0.569020000000E+005    0.280830695165E+000
    0.569520000000E+005    0.281133107838E+000
    0.570020000000E+005    0.281435433268E+000
    0.570520000000E+005    0.281737671217E+000
    0.571020000000E+005    0.282039821445E+000
    0.571520000000E+005    0.282341883716E+000
    0.572020000000E+005    0.282643857794E+000
    0.572520000000E+005    0.282945743442E+000
    0.573020000000E+005    0.283247540424E+000
    0.573520000000E+005    0.283549248506E+000
    0.574020000000E+005    0.283850867453E+000
    0.574520000000E+005    0.284152397030E+000
    0.575020000000E+005    0.284453837006E+000
    0.575520000000E+005    0.284755187146E+000
    0.576020000000E+005    0.285056447219E+000
    0.576520000000E+005    0.285357616993E+000
    0.577020000000E+005    0.285658696236E+000
    0.577520000000E+005    0.285959684718E+000
    0.578020000000E+005    0.286260582208E+000
    0.578520000000E+005    0.286561388478E+000
    0.579020000000E+005    0.286862103297E+000
    0.579520000000E+005    0.287162726437E+000
    0.580020000000E+005    0.287463257671E+000
    0.580520000000E+005    0.287763696771E+000
    0.581020000000E+005    0.288064043510E+000
    0.581520000000E+005    0.288364297661E+000
    0.582020000000E+005    0.288664458998E+000
    0.582520000000E+005    0.288964527297E+000
    0.583020000000E+005    0.289264502332E+000
    0.583520000000E+005    0.289564383879E+000
    0.584020000000E+005    0.289864171715E+000
    0.584520000000E+005    0.290163865616E+000
    0.585020000000E+005    0.290463465359E+000
    0.585520000000E+005    0.290762970722E+000
    0.586020000000E+005    0.291062381484E+000
    0.586520000000E+005    0.291361697423E+000
    0.587020000000E+005    0.291660918318E+000
    0.587520000000E+005    0.291960043951E+000
    0.588020000000E+005    0.292259074100E+000
    0.588520000000E+005    0.292558008548E+000
    0.589020000000E+005    0.292856847075E+000
    0.589520000000E+005    0.293155589463E+000
    0.590020000000E+005    0.293454235495E+000
    0.590520000000E+005    0.293752784955E+000
    0.591020000000E+005    0.294051237624E+000
    0.591520000000E+005    0.294349593289E+000
    0.592020000000E+005    0.294647851732E+000
    0.592520000000E+005    0.294946012740E+000
    0.593020000000E+005    0.295244076097E+000
    0.593520000000E+005    0.295542041590E+000
    0.594020000000E+005    0.295839909006E+000
    0.594520000000E+005    0.296137678131E+000
    0.595020000000E+005    0.296435348754E+000
    0.595520000000E+005    0.296732920661E+000
    0.596020000000E+005    0.297030393643E+000
    0.596520000000E+005    0.297327767488E+000
    0.597020000000E+005    0.297625041986E+000
    0.597520000000E+005    0.297922216926E+000
    0.598020000000E+005    0.298219292101E+000
    0.598520000000E+005    0.298516267299E+000
    0.599020000000E+005    0.298813142315E+000
    0.599520000000E+005    0.299109916939E+000
    0.600020000000E+005    0.299406590964E+000
    0.600520000000E+005    0.299703164184E+000
    0.601020000000E+005    0.299999636392E+000
    0.601520000000E+005    0.300296007382E+000
    0.602020000000E+005    0.300592276950E+000
    0.602520000000E+005    0.300888444889E+000
    0.603020000000E+005    0.301184510996E+000
    0.603520000000E+005    0.301480475067E+000
    0.604020000000E+005    0.301776336899E+000
    0.604520000000E+005    0.302072096288E+000
    0.605020000000E+005    0.302367753033E+000
    0.605520000000E+005    0.302663306931E+000
    0.606020000000E+005    0.302958757781E+000
    0.606520000000E+005    0.303254105383E+000
    0.607020000000E+005    0.303549349535E+000
    0.607520000000E+005    0.303844490039E+000
    0.608020000000E+005    0.304139526693E+000
    0.608520000000E+005    0.304434459301E+000
    0.609020000000E+005    0.304729287662E+000
    0.609520000000E+005    0.305024011579E+000
    0.610020000000E+005    0.305318630855E+000
    0.610520000000E+005    0.305613145293E+000
    0.611020000000E+005    0.305907554696E+000
    0.611520000000E+005    0.306201858868E+000
    0.612020000000E+005    0.306496057613E+000
    0.612520000000E+005    0.306790150737E+000
    0.613020000000E+005    0.307084138044E+000
    0.613520000000E+005    0.307378019342E+000
    0.614020000000E+005    0.307671794435E+000
    0.614520000000E+005    0.307965463131E+000
    0.615020000000E+005    0.308259025238E+000
    0.615520000000E+005    0.308552480562E+000
    0.616020000000E+005    0.308845828913E+000
    0.616520000000E+005    0.309139070099E+000
    0.617020000000E+005    0.309432203929E+000
    0.617520000000E+005    0.309725230213E+000
    0.618020000000E+005    0.310018148761E+000
    0.618520000000E+005    0.310310959384E+000
    0.619020000000E+005    0.310603661893E+000
    0.619520000000E+005    0.310896256099E+000
    0.620020000000E+005    0.311188741814E+000
    0.620520000000E+005    0.311481118852E+000
    0.621020000000E+005    0.311773387024E+000
    0.621520000000E+005    0.312065546145E+000
    0.622020000000E+005    0.312357596027E+000
    0.622520000000E+005    0.312649536487E+000
    0.623020000000E+005    0.312941367338E+000
    0.623520000000E+005    0.313233088395E+000
    0.624020000000E+005    0.313524699476E+000
    0.624520000000E+005    0.313816200394E+000
    0.625020000000E+005    0.314107590969E+000
    0.625520000000E+005    0.314398871016E+000
    0.626020000000E+005    0.314690040353E+000
    0.626520000000E+005    0.314981098798E+000
    0.627020000000E+005    0.315272046170E+000
    0.627520000000E+005    0.315562882287E+000
    0.628020000000E+005    0.315853606970E+000
    0.628520000000E+005    0.316144220038E+000
    0.629020000000E+005    0.316434721311E+000
    0.629520000000E+005    0.316725110610E+000
    0.630020000000E+005    0.317015387757E+000
    0.630520000000E+005    0.317305552572E+000
    0.631020000000E+005    0.317595604879E+000
    0.631520000000E+005    0.317885544500E+000
    0.632020000000E+005    0.318175371258E+000
    0.632520000000E+005    0.318465084976E+000
    0.633020000000E+005    0.318754685479E+000
    0.633520000000E+005    0.319044172590E+000
    0.634020000000E+005    0.319333546135E+000
    0.634520000000E+005    0.319622805939E+000
    0.635020000000E+005    0.319911951828E+000
    0.635520000000E+005    0.320200983628E+000
    0.636020000000E+005    0.320489901165E+000
    0.636520000000E+005    0.320778704266E+000
    0.637020000000E+005    0.321067392760E+000
    0.637520000000E+005    0.321355966474E+000
    0.638020000000E+005    0.321644425236E+000
    0.638520000000E+005    0.321932768876E+000
    0.639020000000E+005    0.322220997222E+000
    0.639520000000E+005    0.322509110104E+000
    0.640020000000E+005    0.322797107353E+000
    0.640520000000E+005    0.323084988799E+000
    0.641020000000E+005    0.323372754273E+000
    0.641520000000E+005    0.323660403607E+000
    0.642020000000E+005    0.323947936632E+000
    0.642520000000E+005    0.324235353182E+000
    0.643020000000E+005    0.324522653087E+000
    0.643520000000E+005    0.324809836183E+000
    0.644020000000E+005    0.325096902302E+000
    0.644520000000E+005    0.325383851279E+000
    0.645020000000E+005    0.325670682947E+000
    0.645520000000E+005    0.325957397143E+000
    0.646020000000E+005    0.326243993701E+000
    0.646520000000E+005    0.326530472458E+000
    0.647020000000E+005    0.326816833248E+000
    0.647520000000E+005    0.327103075910E+000
    0.648020000000E+005    0.327389200280E+000
    0.648520000000E+005    0.327675206196E+000
    0.649020000000E+005    0.327961093495E+000
    0.649520000000E+005    0.328246862016E+000
    0.650020000000E+005    0.328532511598E+000
    0.650520000000E+005    0.328818042080E+000
    0.651020000000E+005    0.329103453301E+000
    0.651520000000E+005    0.329388745103E+000
    0.652020000000E+005    0.329673917324E+000
    0.652520000000E+005    0.329958969806E+000
    0.653020000000E+005    0.330243902391E+000
    0.653520000000E+005    0.330528714920E+000
    0.654020000000E+005    0.330813407234E+000
    0.654520000000E+005    0.331097979178E+000
    0.655020000000E+005    0.331382430594E+000
    0.655520000000E+005    0.331666761324E+000
    0.656020000000E+005    0.331950971214E+000
    0.656520000000E+005    0.332235060107E+000
    0.657020000000E+005    0.332519027848E+000
    0.657520000000E+005    0.332802874282E+000
    0.658020000000E+005    0.333086599254E+000
    0.658520000000E+005    0.333370202611E+000
    0.659020000000E+005    0.333653684198E+000
    0.659520000000E+005    0.333937043863E+000
    0.660020000000E+005    0.334220281452E+000
    0.660520000000E+005    0.334503396813E+000
    0.661020000000E+005    0.334786389795E+000
    0.661520000000E+005    0.335069260244E+000
    0.662020000000E+005    0.335352008011E+000
    0.662520000000E+005    0.335634632944E+000
    0.663020000000E+005    0.335917134893E+000
    0.663520000000E+005    0.336199513707E+000
    0.664020000000E+005    0.336481769238E+000
    0.664520000000E+005    0.336763901336E+000
    0.665020000000E+005    0.337045909852E+000
    0.665520000000E+005    0.337327794638E+000
    0.666020000000E+005    0.337609555545E+000
    0.666520000000E+005    0.337891192427E+000
    0.667020000000E+005    0.338172705136E+000
    0.667520000000E+005    0.338454093525E+000
    0.668020000000E+005    0.338735357448E+000
    0.668520000000E+005    0.339016496758E+000
    0.669020000000E+005    0.339297511311E+000
    0.669520000000E+005    0.339578400961E+000
    0.670020000000E+005    0.339859165563E+000
    0.670520000000E+005    0.340139804973E+000
    0.671020000000E+005    0.340420319047E+000
    0.671520000000E+005    0.340700707641E+000
    0.672020000000E+005    0.340980970611E+000
    0.672520000000E+005    0.341261107816E+000
    0.673020000000E+005    0.341541119113E+000
    0.673520000000E+005    0.341821004359E+000
    0.674020000000E+005    0.342100763413E+000
    0.674520000000E+005    0.342380396134E+000
    0.675020000000E+005    0.342659902381E+000
    0.675520000000E+005    0.342939282013E+000
    0.676020000000E+005    0.343218534891E+000
    0.676520000000E+005    0.343497660874E+000
    0.677020000000E+005    0.343776659823E+000
    0.677520000000E+005    0.344055531600E+000
    0.678020000000E+005    0.344334276066E+000
    0.678520000000E+005    0.344612893082E+000
    0.679020000000E+005    0.344891382511E+000
    0.679520000000E+005    0.345169744216E+000
    0.680020000000E+005    0.345447978059E+000
    0.680520000000E+005    0.345726083904E+000
    0.681020000000E+005    0.346004061614E+000
    0.681520000000E+005    0.346281911055E+000
    0.682020000000E+005    0.346559632090E+000
    0.682520000000E+005    0.346837224584E+000
    0.683020000000E+005    0.347114688403E+000
    0.683520000000E+005    0.347392023412E+000
    0.684020000000E+005    0.347669229477E+000
    0.684520000000E+005    0.347946306465E+000
    0.685020000000E+005    0.348223254242E+000
    0.685520000000E+005    0.348500072676E+000
    0.686020000000E+005    0.348776761635E+000
    0.686520000000E+005    0.349053320985E+000
    0.687020000000E+005    0.349329750596E+000
    0.687520000000E+005    0.349606050337E+000
    0.688020000000E+005    0.349882220075E+000
    0.688520000000E+005    0.350158259682E+000
    0.689020000000E+005    0.350434169025E+000
    0.689520000000E+005    0.350709947977E+000
    0.690020000000E+005    0.350985596407E+000
    0.690520000000E+005    0.351261114185E+000
    0.691020000000E+005    0.351536501185E+000
    0.691520000000E+005    0.351811757276E+000
    0.692020000000E+005    0.352086882332E+000
    0.692520000000E+005    0.352361876224E+000
    0.693020000000E+005    0.352636738825E+000
    0.693520000000E+005    0.352911470009E+000
    0.694020000000E+005    0.353186069649E+000
    0.694520000000E+005    0.353460537619E+000
    0.695020000000E+005    0.353734873793E+000
    0.695520000000E+005    0.354009078045E+000
    0.696020000000E+005    0.354283150251E+000
    0.696520000000E+005    0.354557090286E+000
    0.697020000000E+005    0.354830898026E+000
    0.697520000000E+005    0.355104573346E+000
    0.698020000000E+005    0.355378116123E+000
    0.698520000000E+005    0.355651526235E+000
    0.699020000000E+005    0.355924803557E+000
    0.699520000000E+005    0.356197947968E+000
    0.700020000000E+005    0.356470959345E+000
    0.700520000000E+005    0.356743837567E+000
    0.701020000000E+005    0.357016582511E+000
    0.701520000000E+005    0.357289194058E+000
    0.702020000000E+005    0.357561672087E+000
    0.702520000000E+005    0.357834016476E+000
    0.703020000000E+005    0.358106227106E+000
    0.703520000000E+005    0.358378303858E+000
    0.704020000000E+005    0.358650246612E+000
    0.704520000000E+005    0.358922055248E+000
    0.705020000000E+005    0.359193729650E+000
    0.705520000000E+005    0.359465269697E+000
    0.706020000000E+005    0.359736675273E+000
    0.706520000000E+005    0.360007946260E+000
    0.707020000000E+005    0.360279082541E+000
    0.707520000000E+005    0.360550083999E+000
    0.708020000000E+005    0.360820950517E+000
    0.708520000000E+005    0.361091681979E+000
    0.709020000000E+005    0.361362278270E+000
    0.709520000000E+005    0.361632739274E+000
    0.710020000000E+005    0.361903064876E+000
    0.710520000000E+005    0.362173254961E+000
    0.711020000000E+005    0.362443309415E+000
    0.711520000000E+005    0.362713228124E+000
    0.712020000000E+005    0.362983010974E+000
    0.712520000000E+005    0.363252657852E+000
    0.713020000000E+005    0.363522168644E+000
    0.713520000000E+005    0.363791543239E+000
    0.714020000000E+005    0.364060781524E+000
    0.714520000000E+005    0.364329883386E+000
    0.715020000000E+005    0.364598848714E+000
    0.715520000000E+005    0.364867677398E+000
    0.716020000000E+005    0.365136369325E+000
    0.716520000000E+005    0.365404924386E+000
    0.717020000000E+005    0.365673342469E+000
    0.717520000000E+005    0.365941623466E+000
    0.718020000000E+005    0.366209767266E+000
    0.718520000000E+005    0.366477773761E+000
    0.719020000000E+005    0.366745642840E+000
    0.719520000000E+005    0.367013374397E+000
    0.720020000000E+005    0.367280968322E+000
    0.720520000000E+005    0.367548424507E+000
    0.721020000000E+005    0.367815742845E+000
    0.721520000000E+005    0.368082923229E+000
    0.722020000000E+005    0.368349965552E+000
    0.722520000000E+005    0.368616869707E+000
    0.723020000000E+005    0.368883635589E+000
    0.723520000000E+005    0.369150263090E+000
    0.724020000000E+005    0.369416752105E+000
    0.724520000000E+005    0.369683102530E+000
    0.725020000000E+005    0.369949314260E+000
    0.725520000000E+005    0.370215387189E+000
    0.726020000000E+005    0.370481321213E+000
    0.726520000000E+005    0.370747116229E+000
    0.727020000000E+005    0.371012772133E+000
    0.727520000000E+005    0.371278288821E+000
    0.728020000000E+005    0.371543666191E+000
    0.728520000000E+005    0.371808904141E+000
    0.729020000000E+005    0.372074002567E+000
    0.729520000000E+005    0.372338961368E+000
    0.730020000000E+005    0.372603780442E+000
    0.730520000000E+005    0.372868459687E+000
    0.731020000000E+005    0.373132999004E+000
    0.731520000000E+005    0.373397398291E+000
    0.732020000000E+005    0.373661657448E+000
    0.732520000000E+005    0.373925776374E+000
    0.733020000000E+005    0.374189754971E+000
    0.733520000000E+005    0.374453593138E+000
    0.734020000000E+005    0.374717290777E+000
    0.734520000000E+005    0.374980847789E+000
    0.735020000000E+005    0.375244264075E+000
    0.735520000000E+005    0.375507539538E+000
    0.736020000000E+005    0.375770674079E+000
    0.736520000000E+005    0.376033667601E+000
    0.737020000000E+005    0.376296520008E+000
    0.737520000000E+005    0.376559231201E+000
    0.738020000000E+005    0.376821801085E+000
    0.738520000000E+005    0.377084229564E+000
    0.739020000000E+005    0.377346516540E+000
    0.739520000000E+005    0.377608661920E+000
    0.740020000000E+005    0.377870665608E+000
    0.740520000000E+005    0.378132527508E+000
    0.741020000000E+005    0.378394247526E+000
    0.741520000000E+005    0.378655825569E+000
    0.742020000000E+005    0.378917261541E+000
    0.742520000000E+005    0.379178555349E+000
    0.743020000000E+005    0.379439706899E+000
    0.743520000000E+005    0.379700716100E+000
    0.744020000000E+005    0.379961582857E+000
    0.744520000000E+005    0.380222307079E+000
    0.745020000000E+005    0.380482888673E+000
    0.745520000000E+005    0.380743327547E+000
    0.746020000000E+005    0.381003623610E+000
    0.746520000000E+005    0.381263776771E+000
    0.747020000000E+005    0.381523786939E+000
    0.747520000000E+005    0.381783654023E+000
    0.748020000000E+005    0.382043377933E+000
    0.748520000000E+005    0.382302958579E+000
    0.749020000000E+005    0.382562395871E+000
    0.749520000000E+005    0.382821689719E+000
    0.750020000000E+005    0.383080840036E+000
    0.750520000000E+005    0.383339846731E+000
    0.751020000000E+005    0.383598709717E+000
    0.751520000000E+005    0.383857428905E+000
    0.752020000000E+005    0.384116004208E+000
    0.752520000000E+005    0.384374435537E+000
    0.753020000000E+005    0.384632722806E+000
    0.753520000000E+005    0.384890865928E+000
    0.754020000000E+005    0.385148864816E+000
    0.754520000000E+005    0.385406719383E+000
    0.755020000000E+005    0.385664429543E+000
    0.755520000000E+005    0.385921995212E+000
    0.756020000000E+005    0.386179416303E+000
    0.756520000000E+005    0.386436692730E+000
    0.757020000000E+005    0.386693824410E+000
    0.757520000000E+005    0.386950811258E+000
    0.758020000000E+005    0.387207653189E+000
    0.758520000000E+005    0.387464350119E+000
    0.759020000000E+005    0.387720901965E+000
    0.759520000000E+005    0.387977308644E+000
    0.760020000000E+005    0.388233570071E+000
    0.760520000000E+005    0.388489686165E+000
    0.761020000000E+005    0.388745656842E+000
    0.761520000000E+005    0.389001482021E+000
    0.762020000000E+005    0.389257161620E+000
    0.762520000000E+005    0.389512695556E+000
    0.763020000000E+005    0.389768083749E+000
    0.763520000000E+005    0.390023326118E+000
    0.764020000000E+005    0.390278422582E+000
    0.764520000000E+005    0.390533373060E+000
    0.765020000000E+005    0.390788177471E+000
    0.765520000000E+005    0.391042835737E+000
    0.766020000000E+005    0.391297347778E+000
    0.766520000000E+005    0.391551713514E+000
    0.767020000000E+005    0.391805932866E+000
    0.767520000000E+005    0.392060005755E+000
    0.768020000000E+005    0.392313932104E+000
    0.768520000000E+005    0.392567711833E+000
    0.769020000000E+005    0.392821344865E+000
    0.769520000000E+005    0.393074831122E+000
    0.770020000000E+005    0.393328170527E+000
    0.770520000000E+005    0.393581363002E+000
    0.771020000000E+005    0.393834408472E+000
    0.771520000000E+005    0.394087306860E+000
    0.772020000000E+005    0.394340058088E+000
    0.772520000000E+005    0.394592662082E+000
    0.773020000000E+005    0.394845118766E+000
    0.773520000000E+005    0.395097428065E+000
    0.774020000000E+005    0.395349589903E+000
    0.774520000000E+005    0.395601604205E+000
    0.775020000000E+005    0.395853470897E+000
    0.775520000000E+005    0.396105189905E+000
    0.776020000000E+005    0.396356761155E+000
    0.776520000000E+005    0.396608184573E+000
    0.777020000000E+005    0.396859460085E+000
    0.777520000000E+005    0.397110587620E+000
    0.778020000000E+005    0.397361567103E+000
    0.778520000000E+005    0.397612398462E+000
    0.779020000000E+005    0.397863081625E+000
    0.779520000000E+005    0.398113616519E+000
    0.780020000000E+005    0.398364003074E+000
    0.780520000000E+005    0.398614241217E+000
    0.781020000000E+005    0.398864330878E+000
    0.781520000000E+005    0.399114271985E+000
    0.782020000000E+005    0.399364064467E+000
    0.782520000000E+005    0.399613708256E+000
    0.783020000000E+005    0.399863203279E+000
    0.783520000000E+005    0.400112549468E+000
    0.784020000000E+005    0.400361746752E+000
    0.784520000000E+005    0.400610795063E+000
    0.785020000000E+005    0.400859694331E+000
    0.785520000000E+005    0.401108444489E+000
    0.786020000000E+005    0.401357045466E+000
    0.786520000000E+005    0.401605497195E+000
    0.787020000000E+005    0.401853799608E+000
    0.787520000000E+005    0.402101952638E+000
    0.788020000000E+005    0.402349956217E+000
    0.788520000000E+005    0.402597810277E+000
    0.789020000000E+005    0.402845514752E+000
    0.789520000000E+005    0.403093069575E+000
    0.790020000000E+005    0.403340474680E+000
    0.790520000000E+005    0.403587730001E+000
    0.791020000000E+005    0.403834835471E+000
    0.791520000000E+005    0.404081791026E+000
    0.792020000000E+005    0.404328596600E+000
    0.792520000000E+005    0.404575252128E+000
    0.793020000000E+005    0.404821757545E+000
    0.793520000000E+005    0.405068112787E+000
    0.794020000000E+005    0.405314317789E+000
    0.794520000000E+005    0.405560372488E+000
    0.795020000000E+005    0.405806276819E+000
    0.795520000000E+005    0.406052030720E+000
    0.796020000000E+005    0.406297634126E+000
    0.796520000000E+005    0.406543086976E+000
    0.797020000000E+005    0.406788389205E+000
    0.797520000000E+005    0.407033540753E+000
    0.798020000000E+005    0.407278541557E+000
    0.798520000000E+005    0.407523391554E+000
    0.799020000000E+005    0.407768090684E+000
    0.799520000000E+005    0.408012638884E+000
    0.800020000000E+005    0.408257036093E+000
    0.800520000000E+005    0.408501282252E+000
    0.801020000000E+005    0.408745377298E+000
    0.801520000000E+005    0.408989321172E+000
    0.802020000000E+005    0.409233113814E+000
    0.802520000000E+005    0.409476755163E+000
    0.803020000000E+005    0.409720245161E+000
    0.803520000000E+005    0.409963583747E+000
    0.804020000000E+005    0.410206770862E+000
    0.804520000000E+005    0.410449806448E+000
    0.805020000000E+005    0.410692690447E+000
    0.805520000000E+005    0.410935422799E+000
    0.806020000000E+005    0.411178003446E+000
    0.806520000000E+005    0.411420432331E+000
    0.807020000000E+005    0.411662709397E+000
    0.807520000000E+005    0.411904834585E+000
    0.808020000000E+005    0.412146807839E+000
    0.808520000000E+005    0.412388629102E+000
    0.809020000000E+005    0.412630298316E+000
    0.809520000000E+005    0.412871815427E+000
    0.810020000000E+005    0.413113180378E+000
    0.810520000000E+005    0.413354393112E+000
    0.811020000000E+005    0.413595453574E+000
    0.811520000000E+005    0.413836361710E+000
    0.812020000000E+005    0.414077117463E+000
    0.812520000000E+005    0.414317720779E+000
    0.813020000000E+005    0.414558171603E+000
    0.813520000000E+005    0.414798469881E+000
    0.814020000000E+005    0.415038615558E+000
    0.814520000000E+005    0.415278608582E+000
    0.815020000000E+005    0.415518448897E+000
    0.815520000000E+005    0.415758136451E+000
    0.816020000000E+005    0.415997671191E+000
    0.816520000000E+005    0.416237053063E+000
    0.817020000000E+005    0.416476282016E+000
    0.817520000000E+005    0.416715357995E+000
    0.818020000000E+005    0.416954280950E+000
    0.818520000000E+005    0.417193050828E+000
    0.819020000000E+005    0.417431667578E+000
    0.819520000000E+005    0.417670131147E+000
    0.820020000000E+005    0.417908441486E+000
    0.820520000000E+005    0.418146598542E+000
    0.821020000000E+005    0.418384602265E+000
    0.821520000000E+005    0.418622452605E+000
    0.822020000000E+005    0.418860149511E+000
    0.822520000000E+005    0.419097692933E+000
    0.823020000000E+005    0.419335082821E+000
    0.823520000000E+005    0.419572319126E+000
    0.824020000000E+005    0.419809401799E+000
    0.824520000000E+005    0.420046330790E+000
    0.825020000000E+005    0.420283106050E+000
    0.825520000000E+005    0.420519727531E+000
    0.826020000000E+005    0.420756195184E+000
    0.826520000000E+005    0.420992508961E+000
    0.827020000000E+005    0.421228668815E+000
    0.827520000000E+005    0.421464674697E+000
    0.828020000000E+005    0.421700526560E+000
    0.828520000000E+005    0.421936224357E+000
    0.829020000000E+005    0.422171768041E+000
    0.829520000000E+005    0.422407157564E+000
    0.830020000000E+005    0.422642392881E+000
    0.830520000000E+005    0.422877473946E+000
    0.831020000000E+005    0.423112400711E+000
    0.831520000000E+005    0.423347173132E+000
    0.832020000000E+005    0.423581791162E+000
    0.832520000000E+005    0.423816254756E+000
    0.833020000000E+005    0.424050563870E+000
    0.833520000000E+005    0.424284718457E+000
    0.834020000000E+005    0.424518718474E+000
    0.834520000000E+005    0.424752563875E+000
    0.835020000000E+005    0.424986254618E+000
    0.835520000000E+005    0.425219790657E+000
    0.836020000000E+005    0.425453171948E+000
    0.836520000000E+005    0.425686398449E+000
    0.837020000000E+005    0.425919470116E+000
    0.837520000000E+005    0.426152386905E+000
    0.838020000000E+005    0.426385148774E+000
    0.838520000000E+005    0.426617755681E+000
    0.839020000000E+005    0.426850207582E+000
    0.839520000000E+005    0.427082504435E+000
    0.840020000000E+005    0.427314646199E+000
    0.840520000000E+005    0.427546632832E+000
    0.841020000000E+005    0.427778464292E+000
    0.841520000000E+005    0.428010140537E+000
    0.842020000000E+005    0.428241661528E+000
    0.842520000000E+005    0.428473027222E+000
    0.843020000000E+005    0.428704237579E+000
    0.843520000000E+005    0.428935292558E+000
    0.844020000000E+005    0.429166192120E+000
    0.844520000000E+005    0.429396936225E+000
    0.845020000000E+005    0.429627524832E+000
    0.845520000000E+005    0.429857957902E+000
    0.846020000000E+005    0.430088235396E+000
    0.846520000000E+005    0.430318357274E+000
    0.847020000000E+005    0.430548323498E+000
    0.847520000000E+005    0.430778134029E+000
    0.848020000000E+005    0.431007788828E+000
    0.848520000000E+005    0.431237287857E+000
    0.849020000000E+005    0.431466631079E+000
    0.849520000000E+005    0.431695818454E+000
    0.850020000000E+005    0.431924849947E+000
    0.850520000000E+005    0.432153725518E+000
    0.851020000000E+005    0.432382445132E+000
    0.851520000000E+005    0.432611008750E+000
    0.852020000000E+005    0.432839416337E+000
    0.852520000000E+005    0.433067667856E+000
    0.853020000000E+005    0.433295763270E+000
    0.853520000000E+005    0.433523702544E+000
    0.854020000000E+005    0.433751485640E+000
    0.854520000000E+005    0.433979112525E+000
    0.855020000000E+005    0.434206583162E+000
    0.855520000000E+005    0.434433897515E+000
    0.856020000000E+005    0.434661055551E+000
    0.856520000000E+005    0.434888057233E+000
    0.857020000000E+005    0.435114902528E+000
    0.857520000000E+005    0.435341591401E+000
    0.858020000000E+005    0.435568123818E+000
    0.858520000000E+005    0.435794499744E+000
    0.859020000000E+005    0.436020719146E+000
    0.859520000000E+005    0.436246781991E+000
    0.860020000000E+005    0.436472688244E+000
    0.860520000000E+005    0.436698437873E+000
    0.861020000000E+005    0.436924030845E+000
    0.861520000000E+005    0.437149467127E+000
    0.862020000000E+005    0.437374746687E+000
    0.862520000000E+005    0.437599869491E+000
    0.863020000000E+005    0.437824835509E+000
    0.863520000000E+005    0.438049644708E+000
    0.864020000000E+005    0.438274297056E+000
    0.864520000000E+005    0.438498792521E+000
    0.865020000000E+005    0.438723131073E+000
    0.865520000000E+005    0.438947312681E+000
    0.866020000000E+005    0.439171337313E+000
    0.866520000000E+005    0.439395204938E+000
    0.867020000000E+005    0.439618915527E+000
    0.867520000000E+005    0.439842469049E+000
    0.868020000000E+005    0.440065865473E+000
    0.868520000000E+005    0.440289104770E+000
    0.869020000000E+005    0.440512186911E+000
    0.869520000000E+005    0.440735111865E+000
    0.870020000000E+005    0.440957879604E+000
    0.870520000000E+005    0.441180490098E+000
    0.871020000000E+005    0.441402943318E+000
    0.871520000000E+005    0.441625239236E+000
    0.872020000000E+005    0.441847377823E+000
    0.872520000000E+005    0.442069359051E+000
    0.873020000000E+005    0.442291182892E+000
    0.873520000000E+005    0.442512849318E+000
    0.874020000000E+005    0.442734358301E+000
    0.874520000000E+005    0.442955709814E+000
    0.875020000000E+005    0.443176903829E+000
    0.875520000000E+005    0.443397940319E+000
    0.876020000000E+005    0.443618819258E+000
    0.876520000000E+005    0.443839540618E+000
    0.877020000000E+005    0.444060104374E+000
    0.877520000000E+005    0.444280510498E+000
    0.878020000000E+005    0.444500758965E+000
    0.878520000000E+005    0.444720849749E+000
    0.879020000000E+005    0.444940782824E+000
    0.879520000000E+005    0.445160558164E+000
    0.880020000000E+005    0.445380175745E+000
    0.880520000000E+005    0.445599635540E+000
    0.881020000000E+005    0.445818937526E+000
    0.881520000000E+005    0.446038081676E+000
    0.882020000000E+005    0.446257067968E+000
    0.882520000000E+005    0.446475896375E+000
    0.883020000000E+005    0.446694566875E+000
    0.883520000000E+005    0.446913079443E+000
    0.884020000000E+005    0.447131434054E+000
    0.884520000000E+005    0.447349630687E+000
    0.885020000000E+005    0.447567669317E+000
    0.885520000000E+005    0.447785549921E+000
    0.886020000000E+005    0.448003272475E+000
    0.886520000000E+005    0.448220836958E+000
    0.887020000000E+005    0.448438243346E+000
    0.887520000000E+005    0.448655491618E+000
    0.888020000000E+005    0.448872581749E+000
    0.888520000000E+005    0.449089513720E+000
    0.889020000000E+005    0.449306287507E+000
    0.889520000000E+005    0.449522903088E+000
    0.890020000000E+005    0.449739360443E+000
    0.890520000000E+005    0.449955659551E+000
    0.891020000000E+005    0.450171800388E+000
    0.891520000000E+005    0.450387782936E+000
    0.892020000000E+005    0.450603607173E+000
    0.892520000000E+005    0.450819273078E+000
    0.893020000000E+005    0.451034780631E+000
    0.893520000000E+005    0.451250129812E+000
    0.894020000000E+005    0.451465320601E+000
    0.894520000000E+005    0.451680352978E+000
    0.895020000000E+005    0.451895226922E+000
    0.895520000000E+005    0.452109942416E+000
    0.896020000000E+005    0.452324499438E+000
    0.896520000000E+005    0.452538897971E+000
    0.897020000000E+005    0.452753137995E+000
    0.897520000000E+005    0.452967219492E+000
    0.898020000000E+005    0.453181142442E+000
    0.898520000000E+005    0.453394906828E+000
    0.899020000000E+005    0.453608512632E+000
    0.899520000000E+005    0.453821959834E+000
    0.900020000000E+005    0.454035248418E+000
    0.900520000000E+005    0.454248378365E+000
    0.901020000000E+005    0.454461349659E+000
    0.901520000000E+005    0.454674162281E+000
    0.902020000000E+005    0.454886816215E+000
    0.902520000000E+005    0.455099311444E+000
    0.903020000000E+005    0.455311647950E+000
    0.903520000000E+005    0.455523825718E+000
    0.904020000000E+005    0.455735844731E+000
    0.904520000000E+005    0.455947704973E+000
    0.905020000000E+005    0.456159406427E+000
    0.905520000000E+005    0.456370949077E+000
    0.906020000000E+005    0.456582332909E+000
    0.906520000000E+005    0.456793557906E+000
    0.907020000000E+005    0.457004624053E+000
    0.907520000000E+005    0.457215531334E+000
    0.908020000000E+005    0.457426279736E+000
    0.908520000000E+005    0.457636869243E+000
    0.909020000000E+005    0.457847299839E+000
    0.909520000000E+005    0.458057571512E+000
    0.910020000000E+005    0.458267684246E+000
    0.910520000000E+005    0.458477638028E+000
    0.911020000000E+005    0.458687432842E+000
    0.911520000000E+005    0.458897068677E+000
    0.912020000000E+005    0.459106545517E+000
    0.912520000000E+005    0.459315863350E+000
    0.913020000000E+005    0.459525022162E+000
    0.913520000000E+005    0.459734021940E+000
    0.914020000000E+005    0.459942862671E+000
    0.914520000000E+005    0.460151544343E+000
    0.915020000000E+005    0.460360066942E+000
    0.915520000000E+005    0.460568430457E+000
    0.916020000000E+005    0.460776634875E+000
    0.916520000000E+005    0.460984680184E+000
    0.917020000000E+005    0.461192566373E+000
    0.917520000000E+005    0.461400293428E+000
    0.918020000000E+005    0.461607861340E+000
    0.918520000000E+005    0.461815270095E+000
    0.919020000000E+005    0.462022519684E+000
    0.919520000000E+005    0.462229610095E+000
    0.920020000000E+005    0.462436541318E+000
    0.920520000000E+005    0.462643313341E+000
    0.921020000000E+005    0.462849926154E+000
    0.921520000000E+005    0.463056379746E+000
    0.922020000000E+005    0.463262674107E+000
    0.922520000000E+005    0.463468809228E+000
    0.923020000000E+005    0.463674785099E+000
    0.923520000000E+005    0.463880601708E+000
    0.924020000000E+005    0.464086259048E+000
    0.924520000000E+005    0.464291757109E+000
    0.925020000000E+005    0.464497095881E+000
    0.925520000000E+005    0.464702275355E+000
    0.926020000000E+005    0.464907295523E+000
    0.926520000000E+005    0.465112156375E+000
    0.927020000000E+005    0.465316857904E+000
    0.927520000000E+005    0.465521400100E+000
    0.928020000000E+005    0.465725782956E+000
    0.928520000000E+005    0.465930006463E+000
    0.929020000000E+005    0.466134070614E+000
    0.929520000000E+005    0.466337975400E+000
    0.930020000000E+005    0.466541720814E+000
    0.930520000000E+005    0.466745306849E+000
    0.931020000000E+005    0.466948733498E+000
    0.931520000000E+005    0.467152000752E+000
    0.932020000000E+005    0.467355108606E+000
    0.932520000000E+005    0.467558057053E+000
    0.933020000000E+005    0.467760846085E+000
    0.933520000000E+005    0.467963475697E+000
    0.934020000000E+005    0.468165945882E+000
    0.934520000000E+005    0.468368256634E+000
    0.935020000000E+005    0.468570407947E+000
    0.935520000000E+005    0.468772399815E+000
    0.936020000000E+005    0.468974232232E+000
    0.936520000000E+005    0.469175905193E+000
    0.937020000000E+005    0.469377418693E+000
    0.937520000000E+005    0.469578772726E+000
    0.938020000000E+005    0.469779967288E+000
    0.938520000000E+005    0.469981002373E+000
    0.939020000000E+005    0.470181877976E+000
    0.939520000000E+005    0.470382594094E+000
    0.940020000000E+005    0.470583150721E+000
    0.940520000000E+005    0.470783547854E+000
    0.941020000000E+005    0.470983785488E+000
    0.941520000000E+005    0.471183863620E+000
    0.942020000000E+005    0.471383782245E+000
    0.942520000000E+005    0.471583541360E+000
    0.943020000000E+005    0.471783140962E+000
    0.943520000000E+005    0.471982581046E+000
    0.944020000000E+005    0.472181861611E+000
    0.944520000000E+005    0.472380982652E+000
    0.945020000000E+005    0.472579944167E+000
    0.945520000000E+005    0.472778746154E+000
    0.946020000000E+005    0.472977388610E+000
    0.946520000000E+005    0.473175871532E+000
    0.947020000000E+005    0.473374194917E+000
    0.947520000000E+005    0.473572358765E+000
    0.948020000000E+005    0.473770363073E+000
    0.948520000000E+005    0.473968207839E+000
    0.949020000000E+005    0.474165893062E+000
    0.949520000000E+005    0.474363418740E+000
    0.950020000000E+005    0.474560784871E+000
    0.950520000000E+005    0.474757991455E+000
    0.951020000000E+005    0.474955038490E+000
    0.951520000000E+005    0.475151925976E+000
    0.952020000000E+005    0.475348653911E+000
    0.952520000000E+005    0.475545222296E+000
    0.953020000000E+005    0.475741631130E+000
    0.953520000000E+005    0.475937880412E+000
    0.954020000000E+005    0.476133970142E+000
    0.954520000000E+005    0.476329900320E+000
    0.955020000000E+005    0.476525670947E+000
    0.955520000000E+005    0.476721282022E+000
    0.956020000000E+005    0.476916733547E+000
    0.956520000000E+005    0.477112025521E+000
    0.957020000000E+005    0.477307157945E+000
    0.957520000000E+005    0.477502130821E+000
    0.958020000000E+005    0.477696944149E+000
    0.958520000000E+005    0.477891597931E+000
    0.959020000000E+005    0.478086092167E+000
    0.959520000000E+005    0.478280426860E+000
    0.960020000000E+005    0.478474602010E+000
    0.960520000000E+005    0.478668617620E+000
    0.961020000000E+005    0.478862473692E+000
    0.961520000000E+005    0.479056170227E+000
    0.962020000000E+005    0.479249707227E+000
    0.962520000000E+005    0.479443084696E+000
    0.963020000000E+005    0.479636302635E+000
    0.963520000000E+005    0.479829361047E+000
    0.964020000000E+005    0.480022259935E+000
    0.964520000000E+005    0.480214999302E+000
    0.965020000000E+005    0.480407579150E+000
    0.965520000000E+005    0.480599999484E+000
    0.966020000000E+005    0.480792260305E+000
    0.966520000000E+005    0.480984361619E+000
    0.967020000000E+005    0.481176303427E+000
    0.967520000000E+005    0.481368085735E+000
    0.968020000000E+005    0.481559708546E+000
    0.968520000000E+005    0.481751171863E+000
    0.969020000000E+005    0.481942475692E+000
    0.969520000000E+005    0.482133620036E+000
    0.970020000000E+005    0.482324604901E+000
    0.970520000000E+005    0.482515430289E+000
    0.971020000000E+005    0.482706096207E+000
    0.971520000000E+005    0.482896602659E+000
    0.972020000000E+005    0.483086949650E+000
    0.972520000000E+005    0.483277137186E+000
    0.973020000000E+005    0.483467165270E+000
    0.973520000000E+005    0.483657033910E+000
    0.974020000000E+005    0.483846743110E+000
    0.974520000000E+005    0.484036292877E+000
    0.975020000000E+005    0.484225683215E+000
    0.975520000000E+005    0.484414914132E+000
    0.976020000000E+005    0.484603985632E+000
    0.976520000000E+005    0.484792897723E+000
    0.977020000000E+005    0.484981650410E+000
    0.977520000000E+005    0.485170243701E+000
    0.978020000000E+005    0.485358677602E+000
    0.978520000000E+005    0.485546952119E+000
    0.979020000000E+005    0.485735067260E+000
    0.979520000000E+005    0.485923023031E+000
    0.980020000000E+005    0.486110819440E+000
    0.980520000000E+005    0.486298456494E+000
    0.981020000000E+005    0.486485934201E+000
    0.981520000000E+005    0.486673252568E+000
    0.982020000000E+005    0.486860411603E+000
    0.982520000000E+005    0.487047411314E+000
    0.983020000000E+005    0.487234251709E+000
    0.983520000000E+005    0.487420932795E+000
    0.984020000000E+005    0.487607454582E+000
    0.984520000000E+005    0.487793817077E+000
    0.985020000000E+005    0.487980020289E+000
    0.985520000000E+005    0.488166064226E+000
    0.986020000000E+005    0.488351948899E+000
    0.986520000000E+005    0.488537674314E+000
    0.987020000000E+005    0.488723240482E+000
    0.987520000000E+005    0.488908647412E+000
    0.988020000000E+005    0.489093895113E+000
    0.988520000000E+005    0.489278983594E+000
    0.989020000000E+005    0.489463912865E+000
    0.989520000000E+005    0.489648682935E+000
    0.990020000000E+005    0.489833293815E+000
    0.990520000000E+005    0.490017745515E+000
    0.991020000000E+005    0.490202038044E+000
    0.991520000000E+005    0.490386171412E+000
    0.992020000000E+005    0.490570145631E+000
    0.992520000000E+005    0.490753960710E+000
    0.993020000000E+005    0.490937616661E+000
    0.993520000000E+005    0.491121113493E+000
    0.994020000000E+005    0.491304451218E+000
    0.994520000000E+005    0.491487629847E+000
    0.995020000000E+005    0.491670649391E+000
    0.995520000000E+005    0.491853509860E+000
    0.996020000000E+005    0.492036211267E+000
    0.996520000000E+005    0.492218753623E+000
    0.997020000000E+005    0.492401136940E+000
    0.997520000000E+005    0.492583361228E+000
    0.998020000000E+005    0.492765426501E+000
    0.998520000000E+005    0.492947332770E+000
    0.999020000000E+005    0.493129080048E+000
    0.999520000000E+005    0.493310668345E+000
