TITLE = "0D Field KB"
VARIABLES = N ,"KB_Ha10Rem1Re1000"
ZONE DATAPACKING = POINT
    0.200000000000E+001    0.799992000074E-009
    0.520000000000E+002    0.540520789828E-006
    0.102000000000E+003    0.207820821809E-005
    0.152000000000E+003    0.460902846394E-005
    0.202000000000E+003    0.812453218658E-005
    0.252000000000E+003    0.126142077829E-004
    0.302000000000E+003    0.180666820387E-004
    0.352000000000E+003    0.244703387965E-004
    0.402000000000E+003    0.318136207983E-004
    0.452000000000E+003    0.400851745430E-004
    0.502000000000E+003    0.492739166013E-004
    0.552000000000E+003    0.593690597637E-004
    0.602000000000E+003    0.703601183598E-004
    0.652000000000E+003    0.822369028079E-004
    0.702000000000E+003    0.949895087741E-004
    0.752000000000E+003    0.108608303863E-003
    0.802000000000E+003    0.123083913448E-003
    0.852000000000E+003    0.138407206521E-003
    0.902000000000E+003    0.154569282019E-003
    0.952000000000E+003    0.171561455872E-003
    0.100200000000E+004    0.189375248869E-003
    0.105200000000E+004    0.208002375357E-003
    0.110200000000E+004    0.227434732772E-003
    0.115200000000E+004    0.247664391945E-003
    0.120200000000E+004    0.268683588150E-003
    0.125200000000E+004    0.290484712818E-003
    0.130200000000E+004    0.313060305877E-003
    0.135200000000E+004    0.336403048668E-003
    0.140200000000E+004    0.360505757367E-003
    0.145200000000E+004    0.385361376894E-003
    0.150200000000E+004    0.410962975244E-003
    0.155200000000E+004    0.437303738220E-003
    0.160200000000E+004    0.464376964516E-003
    0.165200000000E+004    0.492176061134E-003
    0.170200000000E+004    0.520694539104E-003
    0.175200000000E+004    0.549926009467E-003
    0.180200000000E+004    0.579864179519E-003
    0.185200000000E+004    0.610502849284E-003
    0.190200000000E+004    0.641835908196E-003
    0.195200000000E+004    0.673857331979E-003
    0.200200000000E+004    0.706561179702E-003
    0.205200000000E+004    0.739941591011E-003
    0.210200000000E+004    0.773992783500E-003
    0.215200000000E+004    0.808709050236E-003
    0.220200000000E+004    0.844084757412E-003
    0.225200000000E+004    0.880114342116E-003
    0.230200000000E+004    0.916792310226E-003
    0.235200000000E+004    0.954113234398E-003
    0.240200000000E+004    0.992071752162E-003
    0.245200000000E+004    0.103066256411E-002
    0.250200000000E+004    0.106988043215E-002
    0.255200000000E+004    0.110972017788E-002
    0.260200000000E+004    0.115017668100E-002
    0.265200000000E+004    0.119124487782E-002
    0.270200000000E+004    0.123291975981E-002
    0.275200000000E+004    0.127519637223E-002
    0.280200000000E+004    0.131806981282E-002
    0.285200000000E+004    0.136153523051E-002
    0.290200000000E+004    0.140558782428E-002
    0.295200000000E+004    0.145022284192E-002
    0.300200000000E+004    0.149543557896E-002
    0.305200000000E+004    0.154122137760E-002
    0.310200000000E+004    0.158757562566E-002
    0.315200000000E+004    0.163449375560E-002
    0.320200000000E+004    0.168197124359E-002
    0.325200000000E+004    0.173000360856E-002
    0.330200000000E+004    0.177858641131E-002
    0.335200000000E+004    0.182771525371E-002
    0.340200000000E+004    0.187738577782E-002
    0.345200000000E+004    0.192759366513E-002
    0.350200000000E+004    0.197833463576E-002
    0.355200000000E+004    0.202960444778E-002
    0.360200000000E+004    0.208139889642E-002
    0.365200000000E+004    0.213371381342E-002
    0.370200000000E+004    0.218654506638E-002
    0.375200000000E+004    0.223988855804E-002
    0.380200000000E+004    0.229374022573E-002
    0.385200000000E+004    0.234809604070E-002
    0.390200000000E+004    0.240295200758E-002
    0.395200000000E+004    0.245830416378E-002
    0.400200000000E+004    0.251414857892E-002
    0.405200000000E+004    0.257048135434E-002
    0.410200000000E+004    0.262729862252E-002
    0.415200000000E+004    0.268459654662E-002
    0.420200000000E+004    0.274237131997E-002
    0.425200000000E+004    0.280061916556E-002
    0.430200000000E+004    0.285933633564E-002
    0.435200000000E+004    0.291851911121E-002
    0.440200000000E+004    0.297816380159E-002
    0.445200000000E+004    0.303826674401E-002
    0.450200000000E+004    0.309882430320E-002
    0.455200000000E+004    0.315983287093E-002
    0.460200000000E+004    0.322128886568E-002
    0.465200000000E+004    0.328318873220E-002
    0.470200000000E+004    0.334552894117E-002
    0.475200000000E+004    0.340830598883E-002
    0.480200000000E+004    0.347151639661E-002
    0.485200000000E+004    0.353515671077E-002
    0.490200000000E+004    0.359922350211E-002
    0.495200000000E+004    0.366371336556E-002
    0.500200000000E+004    0.372862291994E-002
    0.505200000000E+004    0.379394880759E-002
    0.510200000000E+004    0.385968769407E-002
    0.515200000000E+004    0.392583626787E-002
    0.520200000000E+004    0.399239124012E-002
    0.525200000000E+004    0.405934934428E-002
    0.530200000000E+004    0.412670733587E-002
    0.535200000000E+004    0.419446199222E-002
    0.540200000000E+004    0.426261011214E-002
    0.545200000000E+004    0.433114851572E-002
    0.550200000000E+004    0.440007404404E-002
    0.555200000000E+004    0.446938355892E-002
    0.560200000000E+004    0.453907394271E-002
    0.565200000000E+004    0.460914209797E-002
    0.570200000000E+004    0.467958494731E-002
    0.575200000000E+004    0.475039943314E-002
    0.580200000000E+004    0.482158251741E-002
    0.585200000000E+004    0.489313118144E-002
    0.590200000000E+004    0.496504242565E-002
    0.595200000000E+004    0.503731326939E-002
    0.600200000000E+004    0.510994075072E-002
    0.605200000000E+004    0.518292192618E-002
    0.610200000000E+004    0.525625387064E-002
    0.615200000000E+004    0.532993367706E-002
    0.620200000000E+004    0.540395845629E-002
    0.625200000000E+004    0.547832533695E-002
    0.630200000000E+004    0.555303146516E-002
    0.635200000000E+004    0.562807400442E-002
    0.640200000000E+004    0.570345013538E-002
    0.645200000000E+004    0.577915705573E-002
    0.650200000000E+004    0.585519197997E-002
    0.655200000000E+004    0.593155213926E-002
    0.660200000000E+004    0.600823478128E-002
    0.665200000000E+004    0.608523717003E-002
    0.670200000000E+004    0.616255658569E-002
    0.675200000000E+004    0.624019032445E-002
    0.680200000000E+004    0.631813569839E-002
    0.685200000000E+004    0.639639003529E-002
    0.690200000000E+004    0.647495067850E-002
    0.695200000000E+004    0.655381498679E-002
    0.700200000000E+004    0.663298033421E-002
    0.705200000000E+004    0.671244410996E-002
    0.710200000000E+004    0.679220371821E-002
    0.715200000000E+004    0.687225657803E-002
    0.720200000000E+004    0.695260012320E-002
    0.725200000000E+004    0.703323180210E-002
    0.730200000000E+004    0.711414907758E-002
    0.735200000000E+004    0.719534942683E-002
    0.740200000000E+004    0.727683034127E-002
    0.745200000000E+004    0.735858932641E-002
    0.750200000000E+004    0.744062390173E-002
    0.755200000000E+004    0.752293160057E-002
    0.760200000000E+004    0.760550997001E-002
    0.765200000000E+004    0.768835657074E-002
    0.770200000000E+004    0.777146897698E-002
    0.775200000000E+004    0.785484477633E-002
    0.780200000000E+004    0.793848156970E-002
    0.785200000000E+004    0.802237697117E-002
    0.790200000000E+004    0.810652860789E-002
    0.795200000000E+004    0.819093411999E-002
    0.800200000000E+004    0.827559116047E-002
    0.805200000000E+004    0.836049739508E-002
    0.810200000000E+004    0.844565050226E-002
    0.815200000000E+004    0.853104817299E-002
    0.820200000000E+004    0.861668811075E-002
    0.825200000000E+004    0.870256803137E-002
    0.830200000000E+004    0.878868566298E-002
    0.835200000000E+004    0.887503874590E-002
    0.840200000000E+004    0.896162503254E-002
    0.845200000000E+004    0.904844228730E-002
    0.850200000000E+004    0.913548828654E-002
    0.855200000000E+004    0.922276081842E-002
    0.860200000000E+004    0.931025768285E-002
    0.865200000000E+004    0.939797669142E-002
    0.870200000000E+004    0.948591566728E-002
    0.875200000000E+004    0.957407244508E-002
    0.880200000000E+004    0.966244487088E-002
    0.885200000000E+004    0.975103080209E-002
    0.890200000000E+004    0.983982810734E-002
    0.895200000000E+004    0.992883466647E-002
    0.900200000000E+004    0.100180483704E-001
    0.905200000000E+004    0.101074671211E-001
    0.910200000000E+004    0.101970888314E-001
    0.915200000000E+004    0.102869114252E-001
    0.920200000000E+004    0.103769328370E-001
    0.925200000000E+004    0.104671510121E-001
    0.930200000000E+004    0.105575639064E-001
    0.935200000000E+004    0.106481694866E-001
    0.940200000000E+004    0.107389657298E-001
    0.945200000000E+004    0.108299506233E-001
    0.950200000000E+004    0.109211221652E-001
    0.955200000000E+004    0.110124783637E-001
    0.960200000000E+004    0.111040172372E-001
    0.965200000000E+004    0.111957368145E-001
    0.970200000000E+004    0.112876351343E-001
    0.975200000000E+004    0.113797102454E-001
    0.980200000000E+004    0.114719602068E-001
    0.985200000000E+004    0.115643830872E-001
    0.990200000000E+004    0.116569769653E-001
    0.995200000000E+004    0.117497399296E-001
    0.100020000000E+005    0.118426700783E-001
    0.100520000000E+005    0.119357655193E-001
    0.101020000000E+005    0.120290243702E-001
    0.101520000000E+005    0.121224447581E-001
    0.102020000000E+005    0.122160248198E-001
    0.102520000000E+005    0.123097627014E-001
    0.103020000000E+005    0.124036565585E-001
    0.103520000000E+005    0.124977045559E-001
    0.104020000000E+005    0.125919048679E-001
    0.104520000000E+005    0.126862556780E-001
    0.105020000000E+005    0.127807551788E-001
    0.105520000000E+005    0.128754015723E-001
    0.106020000000E+005    0.129701930692E-001
    0.106520000000E+005    0.130651278896E-001
    0.107020000000E+005    0.131602042624E-001
    0.107520000000E+005    0.132554204256E-001
    0.108020000000E+005    0.133507746258E-001
    0.108520000000E+005    0.134462651188E-001
    0.109020000000E+005    0.135418901690E-001
    0.109520000000E+005    0.136376480495E-001
    0.110020000000E+005    0.137335370422E-001
    0.110520000000E+005    0.138295554378E-001
    0.111020000000E+005    0.139257015352E-001
    0.111520000000E+005    0.140219736423E-001
    0.112020000000E+005    0.141183700752E-001
    0.112520000000E+005    0.142148891587E-001
    0.113020000000E+005    0.143115292258E-001
    0.113520000000E+005    0.144082886180E-001
    0.114020000000E+005    0.145051656853E-001
    0.114520000000E+005    0.146021587857E-001
    0.115020000000E+005    0.146992662856E-001
    0.115520000000E+005    0.147964865595E-001
    0.116020000000E+005    0.148938179904E-001
    0.116520000000E+005    0.149912589690E-001
    0.117020000000E+005    0.150888078943E-001
    0.117520000000E+005    0.151864631734E-001
    0.118020000000E+005    0.152842232213E-001
    0.118520000000E+005    0.153820864609E-001
    0.119020000000E+005    0.154800513232E-001
    0.119520000000E+005    0.155781162469E-001
    0.120020000000E+005    0.156762796787E-001
    0.120520000000E+005    0.157745400731E-001
    0.121020000000E+005    0.158728958922E-001
    0.121520000000E+005    0.159713456060E-001
    0.122020000000E+005    0.160698876922E-001
    0.122520000000E+005    0.161685206360E-001
    0.123020000000E+005    0.162672429303E-001
    0.123520000000E+005    0.163660530756E-001
    0.124020000000E+005    0.164649495800E-001
    0.124520000000E+005    0.165639309590E-001
    0.125020000000E+005    0.166629957356E-001
    0.125520000000E+005    0.167621424403E-001
    0.126020000000E+005    0.168613696110E-001
    0.126520000000E+005    0.169606757928E-001
    0.127020000000E+005    0.170600595383E-001
    0.127520000000E+005    0.171595194074E-001
    0.128020000000E+005    0.172590539673E-001
    0.128520000000E+005    0.173586617921E-001
    0.129020000000E+005    0.174583414636E-001
    0.129520000000E+005    0.175580915704E-001
    0.130020000000E+005    0.176579107083E-001
    0.130520000000E+005    0.177577974804E-001
    0.131020000000E+005    0.178577504966E-001
    0.131520000000E+005    0.179577683739E-001
    0.132020000000E+005    0.180578497364E-001
    0.132520000000E+005    0.181579932151E-001
    0.133020000000E+005    0.182581974480E-001
    0.133520000000E+005    0.183584610798E-001
    0.134020000000E+005    0.184587827624E-001
    0.134520000000E+005    0.185591611544E-001
    0.135020000000E+005    0.186595949210E-001
    0.135520000000E+005    0.187600827344E-001
    0.136020000000E+005    0.188606232737E-001
    0.136520000000E+005    0.189612152244E-001
    0.137020000000E+005    0.190618572789E-001
    0.137520000000E+005    0.191625481361E-001
    0.138020000000E+005    0.192632865018E-001
    0.138520000000E+005    0.193640710881E-001
    0.139020000000E+005    0.194649006139E-001
    0.139520000000E+005    0.195657738044E-001
    0.140020000000E+005    0.196666893917E-001
    0.140520000000E+005    0.197676461141E-001
    0.141020000000E+005    0.198686427164E-001
    0.141520000000E+005    0.199696779498E-001
    0.142020000000E+005    0.200707505721E-001
    0.142520000000E+005    0.201718593473E-001
    0.143020000000E+005    0.202730030457E-001
    0.143520000000E+005    0.203741804441E-001
    0.144020000000E+005    0.204753903255E-001
    0.144520000000E+005    0.205766314792E-001
    0.145020000000E+005    0.206779027007E-001
    0.145520000000E+005    0.207792027917E-001
    0.146020000000E+005    0.208805305602E-001
    0.146520000000E+005    0.209818848203E-001
    0.147020000000E+005    0.210832643921E-001
    0.147520000000E+005    0.211846681019E-001
    0.148020000000E+005    0.212860947823E-001
    0.148520000000E+005    0.213875432716E-001
    0.149020000000E+005    0.214890124144E-001
    0.149520000000E+005    0.215905010612E-001
    0.150020000000E+005    0.216920080684E-001
    0.150520000000E+005    0.217935322985E-001
    0.151020000000E+005    0.218950726198E-001
    0.151520000000E+005    0.219966279067E-001
    0.152020000000E+005    0.220981970392E-001
    0.152520000000E+005    0.221997789035E-001
    0.153020000000E+005    0.223013723912E-001
    0.153520000000E+005    0.224029764001E-001
    0.154020000000E+005    0.225045898336E-001
    0.154520000000E+005    0.226062116010E-001
    0.155020000000E+005    0.227078406170E-001
    0.155520000000E+005    0.228094758023E-001
    0.156020000000E+005    0.229111160833E-001
    0.156520000000E+005    0.230127603919E-001
    0.157020000000E+005    0.231144076658E-001
    0.157520000000E+005    0.232160568481E-001
    0.158020000000E+005    0.233177068877E-001
    0.158520000000E+005    0.234193567390E-001
    0.159020000000E+005    0.235210053620E-001
    0.159520000000E+005    0.236226517220E-001
    0.160020000000E+005    0.237242947901E-001
    0.160520000000E+005    0.238259335427E-001
    0.161020000000E+005    0.239275669617E-001
    0.161520000000E+005    0.240291940344E-001
    0.162020000000E+005    0.241308137535E-001
    0.162520000000E+005    0.242324251172E-001
    0.163020000000E+005    0.243340271290E-001
    0.163520000000E+005    0.244356187977E-001
    0.164020000000E+005    0.245371991374E-001
    0.164520000000E+005    0.246387671676E-001
    0.165020000000E+005    0.247403219131E-001
    0.165520000000E+005    0.248418624037E-001
    0.166020000000E+005    0.249433876748E-001
    0.166520000000E+005    0.250448967668E-001
    0.167020000000E+005    0.251463887252E-001
    0.167520000000E+005    0.252478626009E-001
    0.168020000000E+005    0.253493174499E-001
    0.168520000000E+005    0.254507523332E-001
    0.169020000000E+005    0.255521663169E-001
    0.169520000000E+005    0.256535584724E-001
    0.170020000000E+005    0.257549278759E-001
    0.170520000000E+005    0.258562736089E-001
    0.171020000000E+005    0.259575947578E-001
    0.171520000000E+005    0.260588904139E-001
    0.172020000000E+005    0.261601596736E-001
    0.172520000000E+005    0.262614016383E-001
    0.173020000000E+005    0.263626154142E-001
    0.173520000000E+005    0.264638001127E-001
    0.174020000000E+005    0.265649548497E-001
    0.174520000000E+005    0.266660787463E-001
    0.175020000000E+005    0.267671709283E-001
    0.175520000000E+005    0.268682305265E-001
    0.176020000000E+005    0.269692566764E-001
    0.176520000000E+005    0.270702485182E-001
    0.177020000000E+005    0.271712051971E-001
    0.177520000000E+005    0.272721258630E-001
    0.178020000000E+005    0.273730096705E-001
    0.178520000000E+005    0.274738557789E-001
    0.179020000000E+005    0.275746633523E-001
    0.179520000000E+005    0.276754315594E-001
    0.180020000000E+005    0.277761595735E-001
    0.180520000000E+005    0.278768465729E-001
    0.181020000000E+005    0.279774917401E-001
    0.181520000000E+005    0.280780942624E-001
    0.182020000000E+005    0.281786533317E-001
    0.182520000000E+005    0.282791681444E-001
    0.183020000000E+005    0.283796379017E-001
    0.183520000000E+005    0.284800618089E-001
    0.184020000000E+005    0.285804390763E-001
    0.184520000000E+005    0.286807689182E-001
    0.185020000000E+005    0.287810505539E-001
    0.185520000000E+005    0.288812832067E-001
    0.186020000000E+005    0.289814661047E-001
    0.186520000000E+005    0.290815984801E-001
    0.187020000000E+005    0.291816795699E-001
    0.187520000000E+005    0.292817086152E-001
    0.188020000000E+005    0.293816848614E-001
    0.188520000000E+005    0.294816075586E-001
    0.189020000000E+005    0.295814759609E-001
    0.189520000000E+005    0.296812893269E-001
    0.190020000000E+005    0.297810469194E-001
    0.190520000000E+005    0.298807480057E-001
    0.191020000000E+005    0.299803918570E-001
    0.191520000000E+005    0.300799777491E-001
    0.192020000000E+005    0.301795049619E-001
    0.192520000000E+005    0.302789727794E-001
    0.193020000000E+005    0.303783804899E-001
    0.193520000000E+005    0.304777273859E-001
    0.194020000000E+005    0.305770127641E-001
    0.194520000000E+005    0.306762359252E-001
    0.195020000000E+005    0.307753961742E-001
    0.195520000000E+005    0.308744928200E-001
    0.196020000000E+005    0.309735251758E-001
    0.196520000000E+005    0.310724925588E-001
    0.197020000000E+005    0.311713942903E-001
    0.197520000000E+005    0.312702296954E-001
    0.198020000000E+005    0.313689981037E-001
    0.198520000000E+005    0.314676988483E-001
    0.199020000000E+005    0.315663312667E-001
    0.199520000000E+005    0.316648947002E-001
    0.200020000000E+005    0.317633884940E-001
    0.200520000000E+005    0.318618119974E-001
    0.201020000000E+005    0.319601645635E-001
    0.201520000000E+005    0.320584455494E-001
    0.202020000000E+005    0.321566543160E-001
    0.202520000000E+005    0.322547902282E-001
    0.203020000000E+005    0.323528526547E-001
    0.203520000000E+005    0.324508409681E-001
    0.204020000000E+005    0.325487545447E-001
    0.204520000000E+005    0.326465927647E-001
    0.205020000000E+005    0.327443550123E-001
    0.205520000000E+005    0.328420406751E-001
    0.206020000000E+005    0.329396491448E-001
    0.206520000000E+005    0.330371798166E-001
    0.207020000000E+005    0.331346320897E-001
    0.207520000000E+005    0.332320053668E-001
    0.208020000000E+005    0.333292990544E-001
    0.208520000000E+005    0.334265125628E-001
    0.209020000000E+005    0.335236453057E-001
    0.209520000000E+005    0.336206967007E-001
    0.210020000000E+005    0.337176661690E-001
    0.210520000000E+005    0.338145531355E-001
    0.211020000000E+005    0.339113570284E-001
    0.211520000000E+005    0.340080772799E-001
    0.212020000000E+005    0.341047133256E-001
    0.212520000000E+005    0.342012646047E-001
    0.213020000000E+005    0.342977305599E-001
    0.213520000000E+005    0.343941106376E-001
    0.214020000000E+005    0.344904042874E-001
    0.214520000000E+005    0.345866109629E-001
    0.215020000000E+005    0.346827301207E-001
    0.215520000000E+005    0.347787612213E-001
    0.216020000000E+005    0.348747037283E-001
    0.216520000000E+005    0.349705571092E-001
    0.217020000000E+005    0.350663208344E-001
    0.217520000000E+005    0.351619943783E-001
    0.218020000000E+005    0.352575772181E-001
    0.218520000000E+005    0.353530688350E-001
    0.219020000000E+005    0.354484687131E-001
    0.219520000000E+005    0.355437763403E-001
    0.220020000000E+005    0.356389912074E-001
    0.220520000000E+005    0.357341128088E-001
    0.221020000000E+005    0.358291406423E-001
    0.221520000000E+005    0.359240742089E-001
    0.222020000000E+005    0.360189130128E-001
    0.222520000000E+005    0.361136565618E-001
    0.223020000000E+005    0.362083043665E-001
    0.223520000000E+005    0.363028559412E-001
    0.224020000000E+005    0.363973108032E-001
    0.224520000000E+005    0.364916684732E-001
    0.225020000000E+005    0.365859284749E-001
    0.225520000000E+005    0.366800903353E-001
    0.226020000000E+005    0.367741535847E-001
    0.226520000000E+005    0.368681177565E-001
    0.227020000000E+005    0.369619823871E-001
    0.227520000000E+005    0.370557470164E-001
    0.228020000000E+005    0.371494111871E-001
    0.228520000000E+005    0.372429744452E-001
    0.229020000000E+005    0.373364363397E-001
    0.229520000000E+005    0.374297964229E-001
    0.230020000000E+005    0.375230542499E-001
    0.230520000000E+005    0.376162093791E-001
    0.231020000000E+005    0.377092613718E-001
    0.231520000000E+005    0.378022097925E-001
    0.232020000000E+005    0.378950542087E-001
    0.232520000000E+005    0.379877941907E-001
    0.233020000000E+005    0.380804293122E-001
    0.233520000000E+005    0.381729591494E-001
    0.234020000000E+005    0.382653832819E-001
    0.234520000000E+005    0.383577012921E-001
    0.235020000000E+005    0.384499127654E-001
    0.235520000000E+005    0.385420172901E-001
    0.236020000000E+005    0.386340144574E-001
    0.236520000000E+005    0.387259038614E-001
    0.237020000000E+005    0.388176850993E-001
    0.237520000000E+005    0.389093577710E-001
    0.238020000000E+005    0.390009214793E-001
    0.238520000000E+005    0.390923758299E-001
    0.239020000000E+005    0.391837204314E-001
    0.239520000000E+005    0.392749548952E-001
    0.240020000000E+005    0.393660788355E-001
    0.240520000000E+005    0.394570918694E-001
    0.241020000000E+005    0.395479936166E-001
    0.241520000000E+005    0.396387836999E-001
    0.242020000000E+005    0.397294617448E-001
    0.242520000000E+005    0.398200273793E-001
    0.243020000000E+005    0.399104802344E-001
    0.243520000000E+005    0.400008199439E-001
    0.244020000000E+005    0.400910461442E-001
    0.244520000000E+005    0.401811584744E-001
    0.245020000000E+005    0.402711565765E-001
    0.245520000000E+005    0.403610400950E-001
    0.246020000000E+005    0.404508086771E-001
    0.246520000000E+005    0.405404619728E-001
    0.247020000000E+005    0.406299996347E-001
    0.247520000000E+005    0.407194213181E-001
    0.248020000000E+005    0.408087266808E-001
    0.248520000000E+005    0.408979153833E-001
    0.249020000000E+005    0.409869870889E-001
    0.249520000000E+005    0.410759414631E-001
    0.250020000000E+005    0.411647781745E-001
    0.250520000000E+005    0.412534968939E-001
    0.251020000000E+005    0.413420972947E-001
    0.251520000000E+005    0.414305790532E-001
    0.252020000000E+005    0.415189418478E-001
    0.252520000000E+005    0.416071853598E-001
    0.253020000000E+005    0.416953092727E-001
    0.253520000000E+005    0.417833132729E-001
    0.254020000000E+005    0.418711970490E-001
    0.254520000000E+005    0.419589602922E-001
    0.255020000000E+005    0.420466026961E-001
    0.255520000000E+005    0.421341239570E-001
    0.256020000000E+005    0.422215237734E-001
    0.256520000000E+005    0.423088018465E-001
    0.257020000000E+005    0.423959578797E-001
    0.257520000000E+005    0.424829915789E-001
    0.258020000000E+005    0.425699026526E-001
    0.258520000000E+005    0.426566908114E-001
    0.259020000000E+005    0.427433557686E-001
    0.259520000000E+005    0.428298972396E-001
    0.260020000000E+005    0.429163149425E-001
    0.260520000000E+005    0.430026085975E-001
    0.261020000000E+005    0.430887779273E-001
    0.261520000000E+005    0.431748226569E-001
    0.262020000000E+005    0.432607425135E-001
    0.262520000000E+005    0.433465372268E-001
    0.263020000000E+005    0.434322065289E-001
    0.263520000000E+005    0.435177501540E-001
    0.264020000000E+005    0.436031678386E-001
    0.264520000000E+005    0.436884593216E-001
    0.265020000000E+005    0.437736243441E-001
    0.265520000000E+005    0.438586626495E-001
    0.266020000000E+005    0.439435739835E-001
    0.266520000000E+005    0.440283580939E-001
    0.267020000000E+005    0.441130147309E-001
    0.267520000000E+005    0.441975436467E-001
    0.268020000000E+005    0.442819445960E-001
    0.268520000000E+005    0.443662173354E-001
    0.269020000000E+005    0.444503616240E-001
    0.269520000000E+005    0.445343772229E-001
    0.270020000000E+005    0.446182638953E-001
    0.270520000000E+005    0.447020214068E-001
    0.271020000000E+005    0.447856495250E-001
    0.271520000000E+005    0.448691480196E-001
    0.272020000000E+005    0.449525166625E-001
    0.272520000000E+005    0.450357552278E-001
    0.273020000000E+005    0.451188634916E-001
    0.273520000000E+005    0.452018412322E-001
    0.274020000000E+005    0.452846882299E-001
    0.274520000000E+005    0.453674042671E-001
    0.275020000000E+005    0.454499891284E-001
    0.275520000000E+005    0.455324426003E-001
    0.276020000000E+005    0.456147644715E-001
    0.276520000000E+005    0.456969545326E-001
    0.277020000000E+005    0.457790125765E-001
    0.277520000000E+005    0.458609383978E-001
    0.278020000000E+005    0.459427317933E-001
    0.278520000000E+005    0.460243925619E-001
    0.279020000000E+005    0.461059205043E-001
    0.279520000000E+005    0.461873154233E-001
    0.280020000000E+005    0.462685771237E-001
    0.280520000000E+005    0.463497054123E-001
    0.281020000000E+005    0.464307000977E-001
    0.281520000000E+005    0.465115609907E-001
    0.282020000000E+005    0.465922879039E-001
    0.282520000000E+005    0.466728806519E-001
    0.283020000000E+005    0.467533390511E-001
    0.283520000000E+005    0.468336629200E-001
    0.284020000000E+005    0.469138520789E-001
    0.284520000000E+005    0.469939063501E-001
    0.285020000000E+005    0.470738255576E-001
    0.285520000000E+005    0.471536095276E-001
    0.286020000000E+005    0.472332580880E-001
    0.286520000000E+005    0.473127710684E-001
    0.287020000000E+005    0.473921483006E-001
    0.287520000000E+005    0.474713896180E-001
    0.288020000000E+005    0.475504948560E-001
    0.288520000000E+005    0.476294638517E-001
    0.289020000000E+005    0.477082964442E-001
    0.289520000000E+005    0.477869924742E-001
    0.290020000000E+005    0.478655517844E-001
    0.290520000000E+005    0.479439742192E-001
    0.291020000000E+005    0.480222596248E-001
    0.291520000000E+005    0.481004078493E-001
    0.292020000000E+005    0.481784187424E-001
    0.292520000000E+005    0.482562921558E-001
    0.293020000000E+005    0.483340279426E-001
    0.293520000000E+005    0.484116259580E-001
    0.294020000000E+005    0.484890860587E-001
    0.294520000000E+005    0.485664081034E-001
    0.295020000000E+005    0.486435919523E-001
    0.295520000000E+005    0.487206374674E-001
    0.296020000000E+005    0.487975445125E-001
    0.296520000000E+005    0.488743129528E-001
    0.297020000000E+005    0.489509426556E-001
    0.297520000000E+005    0.490274334897E-001
    0.298020000000E+005    0.491037853254E-001
    0.298520000000E+005    0.491799980350E-001
    0.299020000000E+005    0.492560714923E-001
    0.299520000000E+005    0.493320055727E-001
    0.300020000000E+005    0.494078001534E-001
    0.300520000000E+005    0.494834551131E-001
    0.301020000000E+005    0.495589703322E-001
    0.301520000000E+005    0.496343456927E-001
    0.302020000000E+005    0.497095810783E-001
    0.302520000000E+005    0.497846763742E-001
    0.303020000000E+005    0.498596314673E-001
    0.303520000000E+005    0.499344462460E-001
    0.304020000000E+005    0.500091206003E-001
    0.304520000000E+005    0.500836544218E-001
    0.305020000000E+005    0.501580476038E-001
    0.305520000000E+005    0.502323000410E-001
    0.306020000000E+005    0.503064116296E-001
    0.306520000000E+005    0.503803822675E-001
    0.307020000000E+005    0.504542118542E-001
    0.307520000000E+005    0.505279002905E-001
    0.308020000000E+005    0.506014474790E-001
    0.308520000000E+005    0.506748533236E-001
    0.309020000000E+005    0.507481177297E-001
    0.309520000000E+005    0.508212406044E-001
    0.310020000000E+005    0.508942218563E-001
    0.310520000000E+005    0.509670613952E-001
    0.311020000000E+005    0.510397591327E-001
    0.311520000000E+005    0.511123149816E-001
    0.312020000000E+005    0.511847288565E-001
    0.312520000000E+005    0.512570006732E-001
    0.313020000000E+005    0.513291303491E-001
    0.313520000000E+005    0.514011178029E-001
    0.314020000000E+005    0.514729629549E-001
    0.314520000000E+005    0.515446657267E-001
    0.315020000000E+005    0.516162260414E-001
    0.315520000000E+005    0.516876438236E-001
    0.316020000000E+005    0.517589189992E-001
    0.316520000000E+005    0.518300514955E-001
    0.317020000000E+005    0.519010412412E-001
    0.317520000000E+005    0.519718881666E-001
    0.318020000000E+005    0.520425922030E-001
    0.318520000000E+005    0.521131532835E-001
    0.319020000000E+005    0.521835713422E-001
    0.319520000000E+005    0.522538463148E-001
    0.320020000000E+005    0.523239781384E-001
    0.320520000000E+005    0.523939667512E-001
    0.321020000000E+005    0.524638120929E-001
    0.321520000000E+005    0.525335141047E-001
    0.322020000000E+005    0.526030727289E-001
    0.322520000000E+005    0.526724879091E-001
    0.323020000000E+005    0.527417595905E-001
    0.323520000000E+005    0.528108877192E-001
    0.324020000000E+005    0.528798722431E-001
    0.324520000000E+005    0.529487131109E-001
    0.325020000000E+005    0.530174102731E-001
    0.325520000000E+005    0.530859636810E-001
    0.326020000000E+005    0.531543732875E-001
    0.326520000000E+005    0.532226390466E-001
    0.327020000000E+005    0.532907609138E-001
    0.327520000000E+005    0.533587388457E-001
    0.328020000000E+005    0.534265728000E-001
    0.328520000000E+005    0.534942627360E-001
    0.329020000000E+005    0.535618086140E-001
    0.329520000000E+005    0.536292103956E-001
    0.330020000000E+005    0.536964680437E-001
    0.330520000000E+005    0.537635815223E-001
    0.331020000000E+005    0.538305507967E-001
    0.331520000000E+005    0.538973758333E-001
    0.332020000000E+005    0.539640566000E-001
    0.332520000000E+005    0.540305930656E-001
    0.333020000000E+005    0.540969852001E-001
    0.333520000000E+005    0.541632329750E-001
    0.334020000000E+005    0.542293363626E-001
    0.334520000000E+005    0.542952953366E-001
    0.335020000000E+005    0.543611098719E-001
    0.335520000000E+005    0.544267799444E-001
    0.336020000000E+005    0.544923055313E-001
    0.336520000000E+005    0.545576866108E-001
    0.337020000000E+005    0.546229231624E-001
    0.337520000000E+005    0.546880151668E-001
    0.338020000000E+005    0.547529626056E-001
    0.338520000000E+005    0.548177654617E-001
    0.339020000000E+005    0.548824237191E-001
    0.339520000000E+005    0.549469373629E-001
    0.340020000000E+005    0.550113063792E-001
    0.340520000000E+005    0.550755307555E-001
    0.341020000000E+005    0.551396104801E-001
    0.341520000000E+005    0.552035455426E-001
    0.342020000000E+005    0.552673359336E-001
    0.342520000000E+005    0.553309816448E-001
    0.343020000000E+005    0.553944826689E-001
    0.343520000000E+005    0.554578389998E-001
    0.344020000000E+005    0.555210506324E-001
    0.344520000000E+005    0.555841175628E-001
    0.345020000000E+005    0.556470397879E-001
    0.345520000000E+005    0.557098173059E-001
    0.346020000000E+005    0.557724501159E-001
    0.346520000000E+005    0.558349382180E-001
    0.347020000000E+005    0.558972816135E-001
    0.347520000000E+005    0.559594803047E-001
    0.348020000000E+005    0.560215342947E-001
    0.348520000000E+005    0.560834435880E-001
    0.349020000000E+005    0.561452081898E-001
    0.349520000000E+005    0.562068281064E-001
    0.350020000000E+005    0.562683033452E-001
    0.350520000000E+005    0.563296339144E-001
    0.351020000000E+005    0.563908198234E-001
    0.351520000000E+005    0.564518610826E-001
    0.352020000000E+005    0.565127577031E-001
    0.352520000000E+005    0.565735096972E-001
    0.353020000000E+005    0.566341170782E-001
    0.353520000000E+005    0.566945798603E-001
    0.354020000000E+005    0.567548980587E-001
    0.354520000000E+005    0.568150716895E-001
    0.355020000000E+005    0.568751007697E-001
    0.355520000000E+005    0.569349853174E-001
    0.356020000000E+005    0.569947253515E-001
    0.356520000000E+005    0.570543208920E-001
    0.357020000000E+005    0.571137719597E-001
    0.357520000000E+005    0.571730785764E-001
    0.358020000000E+005    0.572322407648E-001
    0.358520000000E+005    0.572912585484E-001
    0.359020000000E+005    0.573501319518E-001
    0.359520000000E+005    0.574088610004E-001
    0.360020000000E+005    0.574674457205E-001
    0.360520000000E+005    0.575258861395E-001
    0.361020000000E+005    0.575841822853E-001
    0.361520000000E+005    0.576423341871E-001
    0.362020000000E+005    0.577003418747E-001
    0.362520000000E+005    0.577582053789E-001
    0.363020000000E+005    0.578159247313E-001
    0.363520000000E+005    0.578734999645E-001
    0.364020000000E+005    0.579309311118E-001
    0.364520000000E+005    0.579882182075E-001
    0.365020000000E+005    0.580453612868E-001
    0.365520000000E+005    0.581023603855E-001
    0.366020000000E+005    0.581592155404E-001
    0.366520000000E+005    0.582159267893E-001
    0.367020000000E+005    0.582724941705E-001
    0.367520000000E+005    0.583289177235E-001
    0.368020000000E+005    0.583851974883E-001
    0.368520000000E+005    0.584413335058E-001
    0.369020000000E+005    0.584973258180E-001
    0.369520000000E+005    0.585531744674E-001
    0.370020000000E+005    0.586088794973E-001
    0.370520000000E+005    0.586644409521E-001
    0.371020000000E+005    0.587198588767E-001
    0.371520000000E+005    0.587751333170E-001
    0.372020000000E+005    0.588302643195E-001
    0.372520000000E+005    0.588852519316E-001
    0.373020000000E+005    0.589400962016E-001
    0.373520000000E+005    0.589947971784E-001
    0.374020000000E+005    0.590493549117E-001
    0.374520000000E+005    0.591037694520E-001
    0.375020000000E+005    0.591580408507E-001
    0.375520000000E+005    0.592121691596E-001
    0.376020000000E+005    0.592661544317E-001
    0.376520000000E+005    0.593199967205E-001
    0.377020000000E+005    0.593736960803E-001
    0.377520000000E+005    0.594272525660E-001
    0.378020000000E+005    0.594806662336E-001
    0.378520000000E+005    0.595339371395E-001
    0.379020000000E+005    0.595870653409E-001
    0.379520000000E+005    0.596400508959E-001
    0.380020000000E+005    0.596928938632E-001
    0.380520000000E+005    0.597455943022E-001
    0.381020000000E+005    0.597981522730E-001
    0.381520000000E+005    0.598505678365E-001
    0.382020000000E+005    0.599028410542E-001
    0.382520000000E+005    0.599549719885E-001
    0.383020000000E+005    0.600069607022E-001
    0.383520000000E+005    0.600588072592E-001
    0.384020000000E+005    0.601105117236E-001
    0.384520000000E+005    0.601620741607E-001
    0.385020000000E+005    0.602134946360E-001
    0.385520000000E+005    0.602647732161E-001
    0.386020000000E+005    0.603159099679E-001
    0.386520000000E+005    0.603669049594E-001
    0.387020000000E+005    0.604177582588E-001
    0.387520000000E+005    0.604684699353E-001
    0.388020000000E+005    0.605190400587E-001
    0.388520000000E+005    0.605694686994E-001
    0.389020000000E+005    0.606197559283E-001
    0.389520000000E+005    0.606699018174E-001
    0.390020000000E+005    0.607199064389E-001
    0.390520000000E+005    0.607697698658E-001
    0.391020000000E+005    0.608194921718E-001
    0.391520000000E+005    0.608690734311E-001
    0.392020000000E+005    0.609185137187E-001
    0.392520000000E+005    0.609678131101E-001
    0.393020000000E+005    0.610169716815E-001
    0.393520000000E+005    0.610659895096E-001
    0.394020000000E+005    0.611148666719E-001
    0.394520000000E+005    0.611636032464E-001
    0.395020000000E+005    0.612121993116E-001
    0.395520000000E+005    0.612606549468E-001
    0.396020000000E+005    0.613089702318E-001
    0.396520000000E+005    0.613571452471E-001
    0.397020000000E+005    0.614051800737E-001
    0.397520000000E+005    0.614530747931E-001
    0.398020000000E+005    0.615008294877E-001
    0.398520000000E+005    0.615484442401E-001
    0.399020000000E+005    0.615959191337E-001
    0.399520000000E+005    0.616432542525E-001
    0.400020000000E+005    0.616904496810E-001
    0.400520000000E+005    0.617375055042E-001
    0.401020000000E+005    0.617844218079E-001
    0.401520000000E+005    0.618311986782E-001
    0.402020000000E+005    0.618778362019E-001
    0.402520000000E+005    0.619243344663E-001
    0.403020000000E+005    0.619706935594E-001
    0.403520000000E+005    0.620169135694E-001
    0.404020000000E+005    0.620629945855E-001
    0.404520000000E+005    0.621089366972E-001
    0.405020000000E+005    0.621547399944E-001
    0.405520000000E+005    0.622004045679E-001
    0.406020000000E+005    0.622459305087E-001
    0.406520000000E+005    0.622913179084E-001
    0.407020000000E+005    0.623365668594E-001
    0.407520000000E+005    0.623816774542E-001
    0.408020000000E+005    0.624266497861E-001
    0.408520000000E+005    0.624714839489E-001
    0.409020000000E+005    0.625161800368E-001
    0.409520000000E+005    0.625607381446E-001
    0.410020000000E+005    0.626051583676E-001
    0.410520000000E+005    0.626494408014E-001
    0.411020000000E+005    0.626935855425E-001
    0.411520000000E+005    0.627375926876E-001
    0.412020000000E+005    0.627814623340E-001
    0.412520000000E+005    0.628251945793E-001
    0.413020000000E+005    0.628687895220E-001
    0.413520000000E+005    0.629122472606E-001
    0.414020000000E+005    0.629555678945E-001
    0.414520000000E+005    0.629987515233E-001
    0.415020000000E+005    0.630417982472E-001
    0.415520000000E+005    0.630847081668E-001
    0.416020000000E+005    0.631274813833E-001
    0.416520000000E+005    0.631701179982E-001
    0.417020000000E+005    0.632126181135E-001
    0.417520000000E+005    0.632549818319E-001
    0.418020000000E+005    0.632972092562E-001
    0.418520000000E+005    0.633393004898E-001
    0.419020000000E+005    0.633812556367E-001
    0.419520000000E+005    0.634230748011E-001
    0.420020000000E+005    0.634647580878E-001
    0.420520000000E+005    0.635063056020E-001
    0.421020000000E+005    0.635477174494E-001
    0.421520000000E+005    0.635889937360E-001
    0.422020000000E+005    0.636301345684E-001
    0.422520000000E+005    0.636711400534E-001
    0.423020000000E+005    0.637120102985E-001
    0.423520000000E+005    0.637527454115E-001
    0.424020000000E+005    0.637933455006E-001
    0.424520000000E+005    0.638338106745E-001
    0.425020000000E+005    0.638741410421E-001
    0.425520000000E+005    0.639143367130E-001
    0.426020000000E+005    0.639543977971E-001
    0.426520000000E+005    0.639943244046E-001
    0.427020000000E+005    0.640341166463E-001
    0.427520000000E+005    0.640737746333E-001
    0.428020000000E+005    0.641132984770E-001
    0.428520000000E+005    0.641526882894E-001
    0.429020000000E+005    0.641919441828E-001
    0.429520000000E+005    0.642310662698E-001
    0.430020000000E+005    0.642700546636E-001
    0.430520000000E+005    0.643089094775E-001
    0.431020000000E+005    0.643476308256E-001
    0.431520000000E+005    0.643862188219E-001
    0.432020000000E+005    0.644246735811E-001
    0.432520000000E+005    0.644629952182E-001
    0.433020000000E+005    0.645011838486E-001
    0.433520000000E+005    0.645392395879E-001
    0.434020000000E+005    0.645771625523E-001
    0.434520000000E+005    0.646149528583E-001
    0.435020000000E+005    0.646526106226E-001
    0.435520000000E+005    0.646901359625E-001
    0.436020000000E+005    0.647275289955E-001
    0.436520000000E+005    0.647647898395E-001
    0.437020000000E+005    0.648019186128E-001
    0.437520000000E+005    0.648389154340E-001
    0.438020000000E+005    0.648757804221E-001
    0.438520000000E+005    0.649125136962E-001
    0.439020000000E+005    0.649491153762E-001
    0.439520000000E+005    0.649855855819E-001
    0.440020000000E+005    0.650219244337E-001
    0.440520000000E+005    0.650581320523E-001
    0.441020000000E+005    0.650942085586E-001
    0.441520000000E+005    0.651301540740E-001
    0.442020000000E+005    0.651659687202E-001
    0.442520000000E+005    0.652016526190E-001
    0.443020000000E+005    0.652372058928E-001
    0.443520000000E+005    0.652726286642E-001
    0.444020000000E+005    0.653079210562E-001
    0.444520000000E+005    0.653430831920E-001
    0.445020000000E+005    0.653781151952E-001
    0.445520000000E+005    0.654130171896E-001
    0.446020000000E+005    0.654477892995E-001
    0.446520000000E+005    0.654824316494E-001
    0.447020000000E+005    0.655169443640E-001
    0.447520000000E+005    0.655513275686E-001
    0.448020000000E+005    0.655855813883E-001
    0.448520000000E+005    0.656197059491E-001
    0.449020000000E+005    0.656537013768E-001
    0.449520000000E+005    0.656875677979E-001
    0.450020000000E+005    0.657213053387E-001
    0.450520000000E+005    0.657549141263E-001
    0.451020000000E+005    0.657883942878E-001
    0.451520000000E+005    0.658217459506E-001
    0.452020000000E+005    0.658549692424E-001
    0.452520000000E+005    0.658880642913E-001
    0.453020000000E+005    0.659210312255E-001
    0.453520000000E+005    0.659538701737E-001
    0.454020000000E+005    0.659865812645E-001
    0.454520000000E+005    0.660191646272E-001
    0.455020000000E+005    0.660516203911E-001
    0.455520000000E+005    0.660839486858E-001
    0.456020000000E+005    0.661161496412E-001
    0.456520000000E+005    0.661482233875E-001
    0.457020000000E+005    0.661801700552E-001
    0.457520000000E+005    0.662119897749E-001
    0.458020000000E+005    0.662436826775E-001
    0.458520000000E+005    0.662752488942E-001
    0.459020000000E+005    0.663066885565E-001
    0.459520000000E+005    0.663380017961E-001
    0.460020000000E+005    0.663691887449E-001
    0.460520000000E+005    0.664002495351E-001
    0.461020000000E+005    0.664311842992E-001
    0.461520000000E+005    0.664619931697E-001
    0.462020000000E+005    0.664926762797E-001
    0.462520000000E+005    0.665232337623E-001
    0.463020000000E+005    0.665536657508E-001
    0.463520000000E+005    0.665839723788E-001
    0.464020000000E+005    0.666141537803E-001
    0.464520000000E+005    0.666442100894E-001
    0.465020000000E+005    0.666741414402E-001
    0.465520000000E+005    0.667039479674E-001
    0.466020000000E+005    0.667336298056E-001
    0.466520000000E+005    0.667631870900E-001
    0.467020000000E+005    0.667926199556E-001
    0.467520000000E+005    0.668219285380E-001
    0.468020000000E+005    0.668511129726E-001
    0.468520000000E+005    0.668801733955E-001
    0.469020000000E+005    0.669091099425E-001
    0.469520000000E+005    0.669379227501E-001
    0.470020000000E+005    0.669666119546E-001
    0.470520000000E+005    0.669951776929E-001
    0.471020000000E+005    0.670236201016E-001
    0.471520000000E+005    0.670519393180E-001
    0.472020000000E+005    0.670801354793E-001
    0.472520000000E+005    0.671082087231E-001
    0.473020000000E+005    0.671361591869E-001
    0.473520000000E+005    0.671639870087E-001
    0.474020000000E+005    0.671916923266E-001
    0.474520000000E+005    0.672192752788E-001
    0.475020000000E+005    0.672467360038E-001
    0.475520000000E+005    0.672740746403E-001
    0.476020000000E+005    0.673012913269E-001
    0.476520000000E+005    0.673283862029E-001
    0.477020000000E+005    0.673553594073E-001
    0.477520000000E+005    0.673822110796E-001
    0.478020000000E+005    0.674089413593E-001
    0.478520000000E+005    0.674355503862E-001
    0.479020000000E+005    0.674620383001E-001
    0.479520000000E+005    0.674884052411E-001
    0.480020000000E+005    0.675146513496E-001
    0.480520000000E+005    0.675407767658E-001
    0.481020000000E+005    0.675667816305E-001
    0.481520000000E+005    0.675926660844E-001
    0.482020000000E+005    0.676184302684E-001
    0.482520000000E+005    0.676440743236E-001
    0.483020000000E+005    0.676695983912E-001
    0.483520000000E+005    0.676950026128E-001
    0.484020000000E+005    0.677202871298E-001
    0.484520000000E+005    0.677454520839E-001
    0.485020000000E+005    0.677704976171E-001
    0.485520000000E+005    0.677954238715E-001
    0.486020000000E+005    0.678202309891E-001
    0.486520000000E+005    0.678449191123E-001
    0.487020000000E+005    0.678694883837E-001
    0.487520000000E+005    0.678939389459E-001
    0.488020000000E+005    0.679182709415E-001
    0.488520000000E+005    0.679424845137E-001
    0.489020000000E+005    0.679665798054E-001
    0.489520000000E+005    0.679905569599E-001
    0.490020000000E+005    0.680144161204E-001
    0.490520000000E+005    0.680381574306E-001
    0.491020000000E+005    0.680617810339E-001
    0.491520000000E+005    0.680852870743E-001
    0.492020000000E+005    0.681086756954E-001
    0.492520000000E+005    0.681319470415E-001
    0.493020000000E+005    0.681551012566E-001
    0.493520000000E+005    0.681781384850E-001
    0.494020000000E+005    0.682010588712E-001
    0.494520000000E+005    0.682238625596E-001
    0.495020000000E+005    0.682465496949E-001
    0.495520000000E+005    0.682691204219E-001
    0.496020000000E+005    0.682915748855E-001
    0.496520000000E+005    0.683139132307E-001
    0.497020000000E+005    0.683361356027E-001
    0.497520000000E+005    0.683582421466E-001
    0.498020000000E+005    0.683802330079E-001
    0.498520000000E+005    0.684021083321E-001
    0.499020000000E+005    0.684238682647E-001
    0.499520000000E+005    0.684455129515E-001
    0.500020000000E+005    0.684670425382E-001
    0.500520000000E+005    0.684884571709E-001
    0.501020000000E+005    0.685097569954E-001
    0.501520000000E+005    0.685309421580E-001
    0.502020000000E+005    0.685520128049E-001
    0.502520000000E+005    0.685729690824E-001
    0.503020000000E+005    0.685938111369E-001
    0.503520000000E+005    0.686145391151E-001
    0.504020000000E+005    0.686351531635E-001
    0.504520000000E+005    0.686556534288E-001
    0.505020000000E+005    0.686760400580E-001
    0.505520000000E+005    0.686963131979E-001
    0.506020000000E+005    0.687164729955E-001
    0.506520000000E+005    0.687365195980E-001
    0.507020000000E+005    0.687564531525E-001
    0.507520000000E+005    0.687762738063E-001
    0.508020000000E+005    0.687959817068E-001
    0.508520000000E+005    0.688155770015E-001
    0.509020000000E+005    0.688350598378E-001
    0.509520000000E+005    0.688544303635E-001
    0.510020000000E+005    0.688736887262E-001
    0.510520000000E+005    0.688928350737E-001
    0.511020000000E+005    0.689118695539E-001
    0.511520000000E+005    0.689307923148E-001
    0.512020000000E+005    0.689496035042E-001
    0.512520000000E+005    0.689683032704E-001
    0.513020000000E+005    0.689868917615E-001
    0.513520000000E+005    0.690053691258E-001
    0.514020000000E+005    0.690237355115E-001
    0.514520000000E+005    0.690419910671E-001
    0.515020000000E+005    0.690601359410E-001
    0.515520000000E+005    0.690781702817E-001
    0.516020000000E+005    0.690960942378E-001
    0.516520000000E+005    0.691139079580E-001
    0.517020000000E+005    0.691316115911E-001
    0.517520000000E+005    0.691492052856E-001
    0.518020000000E+005    0.691666891906E-001
    0.518520000000E+005    0.691840634550E-001
    0.519020000000E+005    0.692013282276E-001
    0.519520000000E+005    0.692184836575E-001
    0.520020000000E+005    0.692355298938E-001
    0.520520000000E+005    0.692524670856E-001
    0.521020000000E+005    0.692692953822E-001
    0.521520000000E+005    0.692860149327E-001
    0.522020000000E+005    0.693026258864E-001
    0.522520000000E+005    0.693191283927E-001
    0.523020000000E+005    0.693355226011E-001
    0.523520000000E+005    0.693518086608E-001
    0.524020000000E+005    0.693679867215E-001
    0.524520000000E+005    0.693840569327E-001
    0.525020000000E+005    0.694000194439E-001
    0.525520000000E+005    0.694158744048E-001
    0.526020000000E+005    0.694316219650E-001
    0.526520000000E+005    0.694472622743E-001
    0.527020000000E+005    0.694627954824E-001
    0.527520000000E+005    0.694782217392E-001
    0.528020000000E+005    0.694935411944E-001
    0.528520000000E+005    0.695087539979E-001
    0.529020000000E+005    0.695238602996E-001
    0.529520000000E+005    0.695388602495E-001
    0.530020000000E+005    0.695537539976E-001
    0.530520000000E+005    0.695685416938E-001
    0.531020000000E+005    0.695832234883E-001
    0.531520000000E+005    0.695977995310E-001
    0.532020000000E+005    0.696122699721E-001
    0.532520000000E+005    0.696266349617E-001
    0.533020000000E+005    0.696408946500E-001
    0.533520000000E+005    0.696550491871E-001
    0.534020000000E+005    0.696690987234E-001
    0.534520000000E+005    0.696830434090E-001
    0.535020000000E+005    0.696968833941E-001
    0.535520000000E+005    0.697106188292E-001
    0.536020000000E+005    0.697242498644E-001
    0.536520000000E+005    0.697377766502E-001
    0.537020000000E+005    0.697511993368E-001
    0.537520000000E+005    0.697645180746E-001
    0.538020000000E+005    0.697777330141E-001
    0.538520000000E+005    0.697908443056E-001
    0.539020000000E+005    0.698038520995E-001
    0.539520000000E+005    0.698167565463E-001
    0.540020000000E+005    0.698295577964E-001
    0.540520000000E+005    0.698422560003E-001
    0.541020000000E+005    0.698548513085E-001
    0.541520000000E+005    0.698673438714E-001
    0.542020000000E+005    0.698797338395E-001
    0.542520000000E+005    0.698920213634E-001
    0.543020000000E+005    0.699042065935E-001
    0.543520000000E+005    0.699162896804E-001
    0.544020000000E+005    0.699282707746E-001
    0.544520000000E+005    0.699401500267E-001
    0.545020000000E+005    0.699519275870E-001
    0.545520000000E+005    0.699636036063E-001
    0.546020000000E+005    0.699751782351E-001
    0.546520000000E+005    0.699866516238E-001
    0.547020000000E+005    0.699980239230E-001
    0.547520000000E+005    0.700092952833E-001
    0.548020000000E+005    0.700204658552E-001
    0.548520000000E+005    0.700315357893E-001
    0.549020000000E+005    0.700425052360E-001
    0.549520000000E+005    0.700533743460E-001
    0.550020000000E+005    0.700641432698E-001
    0.550520000000E+005    0.700748121578E-001
    0.551020000000E+005    0.700853811606E-001
    0.551520000000E+005    0.700958504287E-001
    0.552020000000E+005    0.701062201127E-001
    0.552520000000E+005    0.701164903629E-001
    0.553020000000E+005    0.701266613300E-001
    0.553520000000E+005    0.701367331643E-001
    0.554020000000E+005    0.701467060163E-001
    0.554520000000E+005    0.701565800365E-001
    0.555020000000E+005    0.701663553753E-001
    0.555520000000E+005    0.701760321831E-001
    0.556020000000E+005    0.701856106104E-001
    0.556520000000E+005    0.701950908075E-001
    0.557020000000E+005    0.702044729248E-001
    0.557520000000E+005    0.702137571127E-001
    0.558020000000E+005    0.702229435215E-001
    0.558520000000E+005    0.702320323015E-001
    0.559020000000E+005    0.702410236031E-001
    0.559520000000E+005    0.702499175764E-001
    0.560020000000E+005    0.702587143719E-001
    0.560520000000E+005    0.702674141396E-001
    0.561020000000E+005    0.702760170299E-001
    0.561520000000E+005    0.702845231929E-001
    0.562020000000E+005    0.702929327787E-001
    0.562520000000E+005    0.703012459376E-001
    0.563020000000E+005    0.703094628197E-001
    0.563520000000E+005    0.703175835749E-001
    0.564020000000E+005    0.703256083535E-001
    0.564520000000E+005    0.703335373054E-001
    0.565020000000E+005    0.703413705806E-001
    0.565520000000E+005    0.703491083291E-001
    0.566020000000E+005    0.703567507009E-001
    0.566520000000E+005    0.703642978458E-001
    0.567020000000E+005    0.703717499138E-001
    0.567520000000E+005    0.703791070546E-001
    0.568020000000E+005    0.703863694182E-001
    0.568520000000E+005    0.703935371542E-001
    0.569020000000E+005    0.704006104125E-001
    0.569520000000E+005    0.704075893427E-001
    0.570020000000E+005    0.704144740946E-001
    0.570520000000E+005    0.704212648176E-001
    0.571020000000E+005    0.704279616616E-001
    0.571520000000E+005    0.704345647759E-001
    0.572020000000E+005    0.704410743102E-001
    0.572520000000E+005    0.704474904139E-001
    0.573020000000E+005    0.704538132364E-001
    0.573520000000E+005    0.704600429272E-001
    0.574020000000E+005    0.704661796356E-001
    0.574520000000E+005    0.704722235109E-001
    0.575020000000E+005    0.704781747024E-001
    0.575520000000E+005    0.704840333593E-001
    0.576020000000E+005    0.704897996309E-001
    0.576520000000E+005    0.704954736662E-001
    0.577020000000E+005    0.705010556143E-001
    0.577520000000E+005    0.705065456243E-001
    0.578020000000E+005    0.705119438451E-001
    0.578520000000E+005    0.705172504258E-001
    0.579020000000E+005    0.705224655153E-001
    0.579520000000E+005    0.705275892623E-001
    0.580020000000E+005    0.705326218157E-001
    0.580520000000E+005    0.705375633242E-001
    0.581020000000E+005    0.705424139365E-001
    0.581520000000E+005    0.705471738014E-001
    0.582020000000E+005    0.705518430673E-001
    0.582520000000E+005    0.705564218828E-001
    0.583020000000E+005    0.705609103964E-001
    0.583520000000E+005    0.705653087566E-001
    0.584020000000E+005    0.705696171117E-001
    0.584520000000E+005    0.705738356101E-001
    0.585020000000E+005    0.705779644000E-001
    0.585520000000E+005    0.705820036295E-001
    0.586020000000E+005    0.705859534470E-001
    0.586520000000E+005    0.705898140005E-001
    0.587020000000E+005    0.705935854380E-001
    0.587520000000E+005    0.705972679074E-001
    0.588020000000E+005    0.706008615568E-001
    0.588520000000E+005    0.706043665340E-001
    0.589020000000E+005    0.706077829867E-001
    0.589520000000E+005    0.706111110627E-001
    0.590020000000E+005    0.706143509097E-001
    0.590520000000E+005    0.706175026753E-001
    0.591020000000E+005    0.706205665071E-001
    0.591520000000E+005    0.706235425524E-001
    0.592020000000E+005    0.706264309588E-001
    0.592520000000E+005    0.706292318737E-001
    0.593020000000E+005    0.706319454442E-001
    0.593520000000E+005    0.706345718176E-001
    0.594020000000E+005    0.706371111411E-001
    0.594520000000E+005    0.706395635617E-001
    0.595020000000E+005    0.706419292266E-001
    0.595520000000E+005    0.706442082825E-001
    0.596020000000E+005    0.706464008765E-001
    0.596520000000E+005    0.706485071554E-001
    0.597020000000E+005    0.706505272658E-001
    0.597520000000E+005    0.706524613545E-001
    0.598020000000E+005    0.706543095681E-001
    0.598520000000E+005    0.706560720531E-001
    0.599020000000E+005    0.706577489559E-001
    0.599520000000E+005    0.706593404231E-001
    0.600020000000E+005    0.706608466007E-001
    0.600520000000E+005    0.706622676353E-001
    0.601020000000E+005    0.706636036728E-001
    0.601520000000E+005    0.706648548593E-001
    0.602020000000E+005    0.706660213410E-001
    0.602520000000E+005    0.706671032638E-001
    0.603020000000E+005    0.706681007735E-001
    0.603520000000E+005    0.706690140158E-001
    0.604020000000E+005    0.706698431367E-001
    0.604520000000E+005    0.706705882816E-001
    0.605020000000E+005    0.706712495961E-001
    0.605520000000E+005    0.706718272257E-001
    0.606020000000E+005    0.706723213159E-001
    0.606520000000E+005    0.706727320118E-001
    0.607020000000E+005    0.706730594589E-001
    0.607520000000E+005    0.706733038022E-001
    0.608020000000E+005    0.706734651869E-001
    0.608520000000E+005    0.706735437579E-001
    0.609020000000E+005    0.706735396602E-001
    0.609520000000E+005    0.706734530385E-001
    0.610020000000E+005    0.706732840377E-001
    0.610520000000E+005    0.706730328024E-001
    0.611020000000E+005    0.706726994773E-001
    0.611520000000E+005    0.706722842067E-001
    0.612020000000E+005    0.706717871352E-001
    0.612520000000E+005    0.706712084071E-001
    0.613020000000E+005    0.706705481666E-001
    0.613520000000E+005    0.706698065579E-001
    0.614020000000E+005    0.706689837251E-001
    0.614520000000E+005    0.706680798122E-001
    0.615020000000E+005    0.706670949630E-001
    0.615520000000E+005    0.706660293214E-001
    0.616020000000E+005    0.706648830312E-001
    0.616520000000E+005    0.706636562359E-001
    0.617020000000E+005    0.706623490791E-001
    0.617520000000E+005    0.706609617043E-001
    0.618020000000E+005    0.706594942549E-001
    0.618520000000E+005    0.706579468741E-001
    0.619020000000E+005    0.706563197051E-001
    0.619520000000E+005    0.706546128911E-001
    0.620020000000E+005    0.706528265751E-001
    0.620520000000E+005    0.706509608999E-001
    0.621020000000E+005    0.706490160085E-001
    0.621520000000E+005    0.706469920434E-001
    0.622020000000E+005    0.706448891475E-001
    0.622520000000E+005    0.706427074632E-001
    0.623020000000E+005    0.706404471331E-001
    0.623520000000E+005    0.706381082994E-001
    0.624020000000E+005    0.706356911044E-001
    0.624520000000E+005    0.706331956903E-001
    0.625020000000E+005    0.706306221992E-001
    0.625520000000E+005    0.706279707731E-001
    0.626020000000E+005    0.706252415539E-001
    0.626520000000E+005    0.706224346833E-001
    0.627020000000E+005    0.706195503031E-001
    0.627520000000E+005    0.706165885548E-001
    0.628020000000E+005    0.706135495800E-001
    0.628520000000E+005    0.706104335200E-001
    0.629020000000E+005    0.706072405162E-001
    0.629520000000E+005    0.706039707098E-001
    0.630020000000E+005    0.706006242419E-001
    0.630520000000E+005    0.705972012534E-001
    0.631020000000E+005    0.705937018854E-001
    0.631520000000E+005    0.705901262785E-001
    0.632020000000E+005    0.705864745736E-001
    0.632520000000E+005    0.705827469112E-001
    0.633020000000E+005    0.705789434319E-001
    0.633520000000E+005    0.705750642761E-001
    0.634020000000E+005    0.705711095840E-001
    0.634520000000E+005    0.705670794958E-001
    0.635020000000E+005    0.705629741518E-001
    0.635520000000E+005    0.705587936918E-001
    0.636020000000E+005    0.705545382557E-001
    0.636520000000E+005    0.705502079835E-001
    0.637020000000E+005    0.705458030147E-001
    0.637520000000E+005    0.705413234889E-001
    0.638020000000E+005    0.705367695457E-001
    0.638520000000E+005    0.705321413244E-001
    0.639020000000E+005    0.705274389643E-001
    0.639520000000E+005    0.705226626045E-001
    0.640020000000E+005    0.705178123841E-001
    0.640520000000E+005    0.705128884421E-001
    0.641020000000E+005    0.705078909173E-001
    0.641520000000E+005    0.705028199486E-001
    0.642020000000E+005    0.704976756744E-001
    0.642520000000E+005    0.704924582333E-001
    0.643020000000E+005    0.704871677639E-001
    0.643520000000E+005    0.704818044043E-001
    0.644020000000E+005    0.704763682928E-001
    0.644520000000E+005    0.704708595675E-001
    0.645020000000E+005    0.704652783664E-001
    0.645520000000E+005    0.704596248274E-001
    0.646020000000E+005    0.704538990883E-001
    0.646520000000E+005    0.704481012866E-001
    0.647020000000E+005    0.704422315601E-001
    0.647520000000E+005    0.704362900461E-001
    0.648020000000E+005    0.704302768819E-001
    0.648520000000E+005    0.704241922049E-001
    0.649020000000E+005    0.704180361520E-001
    0.649520000000E+005    0.704118088604E-001
    0.650020000000E+005    0.704055104669E-001
    0.650520000000E+005    0.703991411083E-001
    0.651020000000E+005    0.703927009212E-001
    0.651520000000E+005    0.703861900423E-001
    0.652020000000E+005    0.703796086079E-001
    0.652520000000E+005    0.703729567545E-001
    0.653020000000E+005    0.703662346181E-001
    0.653520000000E+005    0.703594423351E-001
    0.654020000000E+005    0.703525800412E-001
    0.654520000000E+005    0.703456478725E-001
    0.655020000000E+005    0.703386459647E-001
    0.655520000000E+005    0.703315744534E-001
    0.656020000000E+005    0.703244334741E-001
    0.656520000000E+005    0.703172231624E-001
    0.657020000000E+005    0.703099436536E-001
    0.657520000000E+005    0.703025950827E-001
    0.658020000000E+005    0.702951775849E-001
    0.658520000000E+005    0.702876912952E-001
    0.659020000000E+005    0.702801363484E-001
    0.659520000000E+005    0.702725128793E-001
    0.660020000000E+005    0.702648210224E-001
    0.660520000000E+005    0.702570609122E-001
    0.661020000000E+005    0.702492326833E-001
    0.661520000000E+005    0.702413364697E-001
    0.662020000000E+005    0.702333724057E-001
    0.662520000000E+005    0.702253406253E-001
    0.663020000000E+005    0.702172412625E-001
    0.663520000000E+005    0.702090744509E-001
    0.664020000000E+005    0.702008403243E-001
    0.664520000000E+005    0.701925390163E-001
    0.665020000000E+005    0.701841706603E-001
    0.665520000000E+005    0.701757353896E-001
    0.666020000000E+005    0.701672333375E-001
    0.666520000000E+005    0.701586646369E-001
    0.667020000000E+005    0.701500294210E-001
    0.667520000000E+005    0.701413278225E-001
    0.668020000000E+005    0.701325599741E-001
    0.668520000000E+005    0.701237260085E-001
    0.669020000000E+005    0.701148260582E-001
    0.669520000000E+005    0.701058602555E-001
    0.670020000000E+005    0.700968287327E-001
    0.670520000000E+005    0.700877316219E-001
    0.671020000000E+005    0.700785690550E-001
    0.671520000000E+005    0.700693411641E-001
    0.672020000000E+005    0.700600480808E-001
    0.672520000000E+005    0.700506899369E-001
    0.673020000000E+005    0.700412668637E-001
    0.673520000000E+005    0.700317789928E-001
    0.674020000000E+005    0.700222264553E-001
    0.674520000000E+005    0.700126093825E-001
    0.675020000000E+005    0.700029279054E-001
    0.675520000000E+005    0.699931821549E-001
    0.676020000000E+005    0.699833722617E-001
    0.676520000000E+005    0.699734983566E-001
    0.677020000000E+005    0.699635605701E-001
    0.677520000000E+005    0.699535590325E-001
    0.678020000000E+005    0.699434938743E-001
    0.678520000000E+005    0.699333652255E-001
    0.679020000000E+005    0.699231732162E-001
    0.679520000000E+005    0.699129179764E-001
    0.680020000000E+005    0.699025996358E-001
    0.680520000000E+005    0.698922183241E-001
    0.681020000000E+005    0.698817741708E-001
    0.681520000000E+005    0.698712673054E-001
    0.682020000000E+005    0.698606978572E-001
    0.682520000000E+005    0.698500659553E-001
    0.683020000000E+005    0.698393717289E-001
    0.683520000000E+005    0.698286153068E-001
    0.684020000000E+005    0.698177968177E-001
    0.684520000000E+005    0.698069163905E-001
    0.685020000000E+005    0.697959741537E-001
    0.685520000000E+005    0.697849702356E-001
    0.686020000000E+005    0.697739047646E-001
    0.686520000000E+005    0.697627778688E-001
    0.687020000000E+005    0.697515896762E-001
    0.687520000000E+005    0.697403403149E-001
    0.688020000000E+005    0.697290299126E-001
    0.688520000000E+005    0.697176585969E-001
    0.689020000000E+005    0.697062264954E-001
    0.689520000000E+005    0.696947337354E-001
    0.690020000000E+005    0.696831804444E-001
    0.690520000000E+005    0.696715667494E-001
    0.691020000000E+005    0.696598927774E-001
    0.691520000000E+005    0.696481586554E-001
    0.692020000000E+005    0.696363645101E-001
    0.692520000000E+005    0.696245104682E-001
    0.693020000000E+005    0.696125966561E-001
    0.693520000000E+005    0.696006232004E-001
    0.694020000000E+005    0.695885902272E-001
    0.694520000000E+005    0.695764978626E-001
    0.695020000000E+005    0.695643462327E-001
    0.695520000000E+005    0.695521354633E-001
    0.696020000000E+005    0.695398656803E-001
    0.696520000000E+005    0.695275370091E-001
    0.697020000000E+005    0.695151495753E-001
    0.697520000000E+005    0.695027035043E-001
    0.698020000000E+005    0.694901989212E-001
    0.698520000000E+005    0.694776359512E-001
    0.699020000000E+005    0.694650147193E-001
    0.699520000000E+005    0.694523353502E-001
    0.700020000000E+005    0.694395979687E-001
    0.700520000000E+005    0.694268026994E-001
    0.701020000000E+005    0.694139496667E-001
    0.701520000000E+005    0.694010389950E-001
    0.702020000000E+005    0.693880708084E-001
    0.702520000000E+005    0.693750452310E-001
    0.703020000000E+005    0.693619623867E-001
    0.703520000000E+005    0.693488223993E-001
    0.704020000000E+005    0.693356253925E-001
    0.704520000000E+005    0.693223714899E-001
    0.705020000000E+005    0.693090608148E-001
    0.705520000000E+005    0.692956934905E-001
    0.706020000000E+005    0.692822696401E-001
    0.706520000000E+005    0.692687893867E-001
    0.707020000000E+005    0.692552528532E-001
    0.707520000000E+005    0.692416601623E-001
    0.708020000000E+005    0.692280114366E-001
    0.708520000000E+005    0.692143067986E-001
    0.709020000000E+005    0.692005463706E-001
    0.709520000000E+005    0.691867302750E-001
    0.710020000000E+005    0.691728586337E-001
    0.710520000000E+005    0.691589315688E-001
    0.711020000000E+005    0.691449492021E-001
    0.711520000000E+005    0.691309116553E-001
    0.712020000000E+005    0.691168190499E-001
    0.712520000000E+005    0.691026715073E-001
    0.713020000000E+005    0.690884691490E-001
    0.713520000000E+005    0.690742120959E-001
    0.714020000000E+005    0.690599004693E-001
    0.714520000000E+005    0.690455343900E-001
    0.715020000000E+005    0.690311139787E-001
    0.715520000000E+005    0.690166393561E-001
    0.716020000000E+005    0.690021106426E-001
    0.716520000000E+005    0.689875279588E-001
    0.717020000000E+005    0.689728914248E-001
    0.717520000000E+005    0.689582011607E-001
    0.718020000000E+005    0.689434572865E-001
    0.718520000000E+005    0.689286599220E-001
    0.719020000000E+005    0.689138091869E-001
    0.719520000000E+005    0.688989052009E-001
    0.720020000000E+005    0.688839480833E-001
    0.720520000000E+005    0.688689379535E-001
    0.721020000000E+005    0.688538749307E-001
    0.721520000000E+005    0.688387591338E-001
    0.722020000000E+005    0.688235906818E-001
    0.722520000000E+005    0.688083696934E-001
    0.723020000000E+005    0.687930962874E-001
    0.723520000000E+005    0.687777705821E-001
    0.724020000000E+005    0.687623926961E-001
    0.724520000000E+005    0.687469627474E-001
    0.725020000000E+005    0.687314808543E-001
    0.725520000000E+005    0.687159471347E-001
    0.726020000000E+005    0.687003617063E-001
    0.726520000000E+005    0.686847246871E-001
    0.727020000000E+005    0.686690361944E-001
    0.727520000000E+005    0.686532963457E-001
    0.728020000000E+005    0.686375052584E-001
    0.728520000000E+005    0.686216630495E-001
    0.729020000000E+005    0.686057698362E-001
    0.729520000000E+005    0.685898257353E-001
    0.730020000000E+005    0.685738308636E-001
    0.730520000000E+005    0.685577853377E-001
    0.731020000000E+005    0.685416892742E-001
    0.731520000000E+005    0.685255427892E-001
    0.732020000000E+005    0.685093459992E-001
    0.732520000000E+005    0.684930990201E-001
    0.733020000000E+005    0.684768019680E-001
    0.733520000000E+005    0.684604549586E-001
    0.734020000000E+005    0.684440581076E-001
    0.734520000000E+005    0.684276115306E-001
    0.735020000000E+005    0.684111153430E-001
    0.735520000000E+005    0.683945696601E-001
    0.736020000000E+005    0.683779745971E-001
    0.736520000000E+005    0.683613302688E-001
    0.737020000000E+005    0.683446367902E-001
    0.737520000000E+005    0.683278942761E-001
    0.738020000000E+005    0.683111028411E-001
    0.738520000000E+005    0.682942625995E-001
    0.739020000000E+005    0.682773736659E-001
    0.739520000000E+005    0.682604361542E-001
    0.740020000000E+005    0.682434501787E-001
    0.740520000000E+005    0.682264158532E-001
    0.741020000000E+005    0.682093332916E-001
    0.741520000000E+005    0.681922026075E-001
    0.742020000000E+005    0.681750239143E-001
    0.742520000000E+005    0.681577973256E-001
    0.743020000000E+005    0.681405229546E-001
    0.743520000000E+005    0.681232009143E-001
    0.744020000000E+005    0.681058313177E-001
    0.744520000000E+005    0.680884142778E-001
    0.745020000000E+005    0.680709499072E-001
    0.745520000000E+005    0.680534383184E-001
    0.746020000000E+005    0.680358796240E-001
    0.746520000000E+005    0.680182739362E-001
    0.747020000000E+005    0.680006213672E-001
    0.747520000000E+005    0.679829220291E-001
    0.748020000000E+005    0.679651760336E-001
    0.748520000000E+005    0.679473834926E-001
    0.749020000000E+005    0.679295445178E-001
    0.749520000000E+005    0.679116592205E-001
    0.750020000000E+005    0.678937277122E-001
    0.750520000000E+005    0.678757501041E-001
    0.751020000000E+005    0.678577265072E-001
    0.751520000000E+005    0.678396570325E-001
    0.752020000000E+005    0.678215417908E-001
    0.752520000000E+005    0.678033808928E-001
    0.753020000000E+005    0.677851744491E-001
    0.753520000000E+005    0.677669225699E-001
    0.754020000000E+005    0.677486253657E-001
    0.754520000000E+005    0.677302829465E-001
    0.755020000000E+005    0.677118954223E-001
    0.755520000000E+005    0.676934629030E-001
    0.756020000000E+005    0.676749854983E-001
    0.756520000000E+005    0.676564633178E-001
    0.757020000000E+005    0.676378964710E-001
    0.757520000000E+005    0.676192850672E-001
    0.758020000000E+005    0.676006292155E-001
    0.758520000000E+005    0.675819290250E-001
    0.759020000000E+005    0.675631846046E-001
    0.759520000000E+005    0.675443960631E-001
    0.760020000000E+005    0.675255635092E-001
    0.760520000000E+005    0.675066870512E-001
    0.761020000000E+005    0.674877667977E-001
    0.761520000000E+005    0.674688028568E-001
    0.762020000000E+005    0.674497953366E-001
    0.762520000000E+005    0.674307443451E-001
    0.763020000000E+005    0.674116499901E-001
    0.763520000000E+005    0.673925123793E-001
    0.764020000000E+005    0.673733316203E-001
    0.764520000000E+005    0.673541078204E-001
    0.765020000000E+005    0.673348410870E-001
    0.765520000000E+005    0.673155315271E-001
    0.766020000000E+005    0.672961792479E-001
    0.766520000000E+005    0.672767843562E-001
    0.767020000000E+005    0.672573469586E-001
    0.767520000000E+005    0.672378671619E-001
    0.768020000000E+005    0.672183450725E-001
    0.768520000000E+005    0.671987807967E-001
    0.769020000000E+005    0.671791744407E-001
    0.769520000000E+005    0.671595261106E-001
    0.770020000000E+005    0.671398359123E-001
    0.770520000000E+005    0.671201039516E-001
    0.771020000000E+005    0.671003303341E-001
    0.771520000000E+005    0.670805151654E-001
    0.772020000000E+005    0.670606585508E-001
    0.772520000000E+005    0.670407605956E-001
    0.773020000000E+005    0.670208214049E-001
    0.773520000000E+005    0.670008410837E-001
    0.774020000000E+005    0.669808197368E-001
    0.774520000000E+005    0.669607574690E-001
    0.775020000000E+005    0.669406543847E-001
    0.775520000000E+005    0.669205105884E-001
    0.776020000000E+005    0.669003261845E-001
    0.776520000000E+005    0.668801012771E-001
    0.777020000000E+005    0.668598359702E-001
    0.777520000000E+005    0.668395303677E-001
    0.778020000000E+005    0.668191845733E-001
    0.778520000000E+005    0.667987986908E-001
    0.779020000000E+005    0.667783728235E-001
    0.779520000000E+005    0.667579070749E-001
    0.780020000000E+005    0.667374015481E-001
    0.780520000000E+005    0.667168563462E-001
    0.781020000000E+005    0.666962715722E-001
    0.781520000000E+005    0.666756473289E-001
    0.782020000000E+005    0.666549837190E-001
    0.782520000000E+005    0.666342808449E-001
    0.783020000000E+005    0.666135388092E-001
    0.783520000000E+005    0.665927577141E-001
    0.784020000000E+005    0.665719376616E-001
    0.784520000000E+005    0.665510787539E-001
    0.785020000000E+005    0.665301810928E-001
    0.785520000000E+005    0.665092447799E-001
    0.786020000000E+005    0.664882699170E-001
    0.786520000000E+005    0.664672566055E-001
    0.787020000000E+005    0.664462049467E-001
    0.787520000000E+005    0.664251150417E-001
    0.788020000000E+005    0.664039869917E-001
    0.788520000000E+005    0.663828208976E-001
    0.789020000000E+005    0.663616168602E-001
    0.789520000000E+005    0.663403749801E-001
    0.790020000000E+005    0.663190953578E-001
    0.790520000000E+005    0.662977780937E-001
    0.791020000000E+005    0.662764232881E-001
    0.791520000000E+005    0.662550310411E-001
    0.792020000000E+005    0.662336014527E-001
    0.792520000000E+005    0.662121346227E-001
    0.793020000000E+005    0.661906306509E-001
    0.793520000000E+005    0.661690896367E-001
    0.794020000000E+005    0.661475116797E-001
    0.794520000000E+005    0.661258968792E-001
    0.795020000000E+005    0.661042453343E-001
    0.795520000000E+005    0.660825571441E-001
    0.796020000000E+005    0.660608324075E-001
    0.796520000000E+005    0.660390712233E-001
    0.797020000000E+005    0.660172736901E-001
    0.797520000000E+005    0.659954399064E-001
    0.798020000000E+005    0.659735699706E-001
    0.798520000000E+005    0.659516639809E-001
    0.799020000000E+005    0.659297220355E-001
    0.799520000000E+005    0.659077442323E-001
    0.800020000000E+005    0.658857306691E-001
    0.800520000000E+005    0.658636814437E-001
    0.801020000000E+005    0.658415966536E-001
    0.801520000000E+005    0.658194763962E-001
    0.802020000000E+005    0.657973207689E-001
    0.802520000000E+005    0.657751298689E-001
    0.803020000000E+005    0.657529037931E-001
    0.803520000000E+005    0.657306426385E-001
    0.804020000000E+005    0.657083465019E-001
    0.804520000000E+005    0.656860154798E-001
    0.805020000000E+005    0.656636496688E-001
    0.805520000000E+005    0.656412491653E-001
    0.806020000000E+005    0.656188140655E-001
    0.806520000000E+005    0.655963444655E-001
    0.807020000000E+005    0.655738404612E-001
    0.807520000000E+005    0.655513021486E-001
    0.808020000000E+005    0.655287296233E-001
    0.808520000000E+005    0.655061229808E-001
    0.809020000000E+005    0.654834823168E-001
    0.809520000000E+005    0.654608077263E-001
    0.810020000000E+005    0.654380993047E-001
    0.810520000000E+005    0.654153571470E-001
    0.811020000000E+005    0.653925813480E-001
    0.811520000000E+005    0.653697720026E-001
    0.812020000000E+005    0.653469292053E-001
    0.812520000000E+005    0.653240530508E-001
    0.813020000000E+005    0.653011436334E-001
    0.813520000000E+005    0.652782010474E-001
    0.814020000000E+005    0.652552253867E-001
    0.814520000000E+005    0.652322167456E-001
    0.815020000000E+005    0.652091752177E-001
    0.815520000000E+005    0.651861008969E-001
    0.816020000000E+005    0.651629938767E-001
    0.816520000000E+005    0.651398542505E-001
    0.817020000000E+005    0.651166821117E-001
    0.817520000000E+005    0.650934775536E-001
    0.818020000000E+005    0.650702406690E-001
    0.818520000000E+005    0.650469715511E-001
    0.819020000000E+005    0.650236702925E-001
    0.819520000000E+005    0.650003369860E-001
    0.820020000000E+005    0.649769717241E-001
    0.820520000000E+005    0.649535745992E-001
    0.821020000000E+005    0.649301457035E-001
    0.821520000000E+005    0.649066851292E-001
    0.822020000000E+005    0.648831929684E-001
    0.822520000000E+005    0.648596693128E-001
    0.823020000000E+005    0.648361142544E-001
    0.823520000000E+005    0.648125278845E-001
    0.824020000000E+005    0.647889102949E-001
    0.824520000000E+005    0.647652615767E-001
    0.825020000000E+005    0.647415818213E-001
    0.825520000000E+005    0.647178711198E-001
    0.826020000000E+005    0.646941295630E-001
    0.826520000000E+005    0.646703572419E-001
    0.827020000000E+005    0.646465542471E-001
    0.827520000000E+005    0.646227206693E-001
    0.828020000000E+005    0.645988565988E-001
    0.828520000000E+005    0.645749621260E-001
    0.829020000000E+005    0.645510373410E-001
    0.829520000000E+005    0.645270823340E-001
    0.830020000000E+005    0.645030971948E-001
    0.830520000000E+005    0.644790820132E-001
    0.831020000000E+005    0.644550368789E-001
    0.831520000000E+005    0.644309618815E-001
    0.832020000000E+005    0.644068571102E-001
    0.832520000000E+005    0.643827226545E-001
    0.833020000000E+005    0.643585586035E-001
    0.833520000000E+005    0.643343650461E-001
    0.834020000000E+005    0.643101420712E-001
    0.834520000000E+005    0.642858897677E-001
    0.835020000000E+005    0.642616082241E-001
    0.835520000000E+005    0.642372975290E-001
    0.836020000000E+005    0.642129577706E-001
    0.836520000000E+005    0.641885890373E-001
    0.837020000000E+005    0.641641914172E-001
    0.837520000000E+005    0.641397649982E-001
    0.838020000000E+005    0.641153098682E-001
    0.838520000000E+005    0.640908261149E-001
    0.839020000000E+005    0.640663138259E-001
    0.839520000000E+005    0.640417730888E-001
    0.840020000000E+005    0.640172039907E-001
    0.840520000000E+005    0.639926066190E-001
    0.841020000000E+005    0.639679810607E-001
    0.841520000000E+005    0.639433274028E-001
    0.842020000000E+005    0.639186457320E-001
    0.842520000000E+005    0.638939361352E-001
    0.843020000000E+005    0.638691986988E-001
    0.843520000000E+005    0.638444335094E-001
    0.844020000000E+005    0.638196406532E-001
    0.844520000000E+005    0.637948202163E-001
    0.845020000000E+005    0.637699722850E-001
    0.845520000000E+005    0.637450969451E-001
    0.846020000000E+005    0.637201942823E-001
    0.846520000000E+005    0.636952643825E-001
    0.847020000000E+005    0.636703073310E-001
    0.847520000000E+005    0.636453232135E-001
    0.848020000000E+005    0.636203121150E-001
    0.848520000000E+005    0.635952741209E-001
    0.849020000000E+005    0.635702093162E-001
    0.849520000000E+005    0.635451177857E-001
    0.850020000000E+005    0.635199996142E-001
    0.850520000000E+005    0.634948548865E-001
    0.851020000000E+005    0.634696836871E-001
    0.851520000000E+005    0.634444861003E-001
    0.852020000000E+005    0.634192622104E-001
    0.852520000000E+005    0.633940121016E-001
    0.853020000000E+005    0.633687358579E-001
    0.853520000000E+005    0.633434335633E-001
    0.854020000000E+005    0.633181053015E-001
    0.854520000000E+005    0.632927511561E-001
    0.855020000000E+005    0.632673712106E-001
    0.855520000000E+005    0.632419655485E-001
    0.856020000000E+005    0.632165342531E-001
    0.856520000000E+005    0.631910774074E-001
    0.857020000000E+005    0.631655950946E-001
    0.857520000000E+005    0.631400873974E-001
    0.858020000000E+005    0.631145543987E-001
    0.858520000000E+005    0.630889961811E-001
    0.859020000000E+005    0.630634128271E-001
    0.859520000000E+005    0.630378044192E-001
    0.860020000000E+005    0.630121710395E-001
    0.860520000000E+005    0.629865127703E-001
    0.861020000000E+005    0.629608296935E-001
    0.861520000000E+005    0.629351218910E-001
    0.862020000000E+005    0.629093894446E-001
    0.862520000000E+005    0.628836324360E-001
    0.863020000000E+005    0.628578509467E-001
    0.863520000000E+005    0.628320450581E-001
    0.864020000000E+005    0.628062148513E-001
    0.864520000000E+005    0.627803604077E-001
    0.865020000000E+005    0.627544818081E-001
    0.865520000000E+005    0.627285791336E-001
    0.866020000000E+005    0.627026524648E-001
    0.866520000000E+005    0.626767018825E-001
    0.867020000000E+005    0.626507274671E-001
    0.867520000000E+005    0.626247292990E-001
    0.868020000000E+005    0.625987074586E-001
    0.868520000000E+005    0.625726620259E-001
    0.869020000000E+005    0.625465930811E-001
    0.869520000000E+005    0.625205007040E-001
    0.870020000000E+005    0.624943849744E-001
    0.870520000000E+005    0.624682459720E-001
    0.871020000000E+005    0.624420837763E-001
    0.871520000000E+005    0.624158984667E-001
    0.872020000000E+005    0.623896901225E-001
    0.872520000000E+005    0.623634588229E-001
    0.873020000000E+005    0.623372046470E-001
    0.873520000000E+005    0.623109276735E-001
    0.874020000000E+005    0.622846279815E-001
    0.874520000000E+005    0.622583056495E-001
    0.875020000000E+005    0.622319607561E-001
    0.875520000000E+005    0.622055933797E-001
    0.876020000000E+005    0.621792035986E-001
    0.876520000000E+005    0.621527914911E-001
    0.877020000000E+005    0.621263571352E-001
    0.877520000000E+005    0.620999006088E-001
    0.878020000000E+005    0.620734219898E-001
    0.878520000000E+005    0.620469213558E-001
    0.879020000000E+005    0.620203987846E-001
    0.879520000000E+005    0.619938543534E-001
    0.880020000000E+005    0.619672881397E-001
    0.880520000000E+005    0.619407002207E-001
    0.881020000000E+005    0.619140906734E-001
    0.881520000000E+005    0.618874595749E-001
    0.882020000000E+005    0.618608070019E-001
    0.882520000000E+005    0.618341330313E-001
    0.883020000000E+005    0.618074377397E-001
    0.883520000000E+005    0.617807212035E-001
    0.884020000000E+005    0.617539834990E-001
    0.884520000000E+005    0.617272247027E-001
    0.885020000000E+005    0.617004448905E-001
    0.885520000000E+005    0.616736441386E-001
    0.886020000000E+005    0.616468225227E-001
    0.886520000000E+005    0.616199801186E-001
    0.887020000000E+005    0.615931170021E-001
    0.887520000000E+005    0.615662332486E-001
    0.888020000000E+005    0.615393289336E-001
    0.888520000000E+005    0.615124041323E-001
    0.889020000000E+005    0.614854589199E-001
    0.889520000000E+005    0.614584933715E-001
    0.890020000000E+005    0.614315075619E-001
    0.890520000000E+005    0.614045015661E-001
    0.891020000000E+005    0.613774754586E-001
    0.891520000000E+005    0.613504293141E-001
    0.892020000000E+005    0.613233632071E-001
    0.892520000000E+005    0.612962772118E-001
    0.893020000000E+005    0.612691714025E-001
    0.893520000000E+005    0.612420458532E-001
    0.894020000000E+005    0.612149006381E-001
    0.894520000000E+005    0.611877358308E-001
    0.895020000000E+005    0.611605515052E-001
    0.895520000000E+005    0.611333477349E-001
    0.896020000000E+005    0.611061245934E-001
    0.896520000000E+005    0.610788821541E-001
    0.897020000000E+005    0.610516204902E-001
    0.897520000000E+005    0.610243396749E-001
    0.898020000000E+005    0.609970397813E-001
    0.898520000000E+005    0.609697208822E-001
    0.899020000000E+005    0.609423830505E-001
    0.899520000000E+005    0.609150263588E-001
    0.900020000000E+005    0.608876508798E-001
    0.900520000000E+005    0.608602566858E-001
    0.901020000000E+005    0.608328438492E-001
    0.901520000000E+005    0.608054124421E-001
    0.902020000000E+005    0.607779625368E-001
    0.902520000000E+005    0.607504942051E-001
    0.903020000000E+005    0.607230075190E-001
    0.903520000000E+005    0.606955025502E-001
    0.904020000000E+005    0.606679793703E-001
    0.904520000000E+005    0.606404380508E-001
    0.905020000000E+005    0.606128786631E-001
    0.905520000000E+005    0.605853012785E-001
    0.906020000000E+005    0.605577059682E-001
    0.906520000000E+005    0.605300928032E-001
    0.907020000000E+005    0.605024618545E-001
    0.907520000000E+005    0.604748131929E-001
    0.908020000000E+005    0.604471468890E-001
    0.908520000000E+005    0.604194630134E-001
    0.909020000000E+005    0.603917616367E-001
    0.909520000000E+005    0.603640428292E-001
    0.910020000000E+005    0.603363066610E-001
    0.910520000000E+005    0.603085532025E-001
    0.911020000000E+005    0.602807825234E-001
    0.911520000000E+005    0.602529946939E-001
    0.912020000000E+005    0.602251897835E-001
    0.912520000000E+005    0.601973678620E-001
    0.913020000000E+005    0.601695289990E-001
    0.913520000000E+005    0.601416732639E-001
    0.914020000000E+005    0.601138007259E-001
    0.914520000000E+005    0.600859114543E-001
    0.915020000000E+005    0.600580055183E-001
    0.915520000000E+005    0.600300829867E-001
    0.916020000000E+005    0.600021439285E-001
    0.916520000000E+005    0.599741884123E-001
    0.917020000000E+005    0.599462165069E-001
    0.917520000000E+005    0.599182282807E-001
    0.918020000000E+005    0.598902238022E-001
    0.918520000000E+005    0.598622031396E-001
    0.919020000000E+005    0.598341663612E-001
    0.919520000000E+005    0.598061135349E-001
    0.920020000000E+005    0.597780447289E-001
    0.920520000000E+005    0.597499600108E-001
    0.921020000000E+005    0.597218594485E-001
    0.921520000000E+005    0.596937431095E-001
    0.922020000000E+005    0.596656110614E-001
    0.922520000000E+005    0.596374633715E-001
    0.923020000000E+005    0.596093001071E-001
    0.923520000000E+005    0.595811213355E-001
    0.924020000000E+005    0.595529271236E-001
    0.924520000000E+005    0.595247175384E-001
    0.925020000000E+005    0.594964926467E-001
    0.925520000000E+005    0.594682525152E-001
    0.926020000000E+005    0.594399972106E-001
    0.926520000000E+005    0.594117267993E-001
    0.927020000000E+005    0.593834413478E-001
    0.927520000000E+005    0.593551409223E-001
    0.928020000000E+005    0.593268255889E-001
    0.928520000000E+005    0.592984954137E-001
    0.929020000000E+005    0.592701504627E-001
    0.929520000000E+005    0.592417908016E-001
    0.930020000000E+005    0.592134164962E-001
    0.930520000000E+005    0.591850276122E-001
    0.931020000000E+005    0.591566242149E-001
    0.931520000000E+005    0.591282063697E-001
    0.932020000000E+005    0.590997741420E-001
    0.932520000000E+005    0.590713275970E-001
    0.933020000000E+005    0.590428667995E-001
    0.933520000000E+005    0.590143918147E-001
    0.934020000000E+005    0.589859027073E-001
    0.934520000000E+005    0.589573995420E-001
    0.935020000000E+005    0.589288823836E-001
    0.935520000000E+005    0.589003512963E-001
    0.936020000000E+005    0.588718063448E-001
    0.936520000000E+005    0.588432475931E-001
    0.937020000000E+005    0.588146751056E-001
    0.937520000000E+005    0.587860889463E-001
    0.938020000000E+005    0.587574891791E-001
    0.938520000000E+005    0.587288758679E-001
    0.939020000000E+005    0.587002490764E-001
    0.939520000000E+005    0.586716088682E-001
    0.940020000000E+005    0.586429553069E-001
    0.940520000000E+005    0.586142884558E-001
    0.941020000000E+005    0.585856083784E-001
    0.941520000000E+005    0.585569151377E-001
    0.942020000000E+005    0.585282087968E-001
    0.942520000000E+005    0.584994894188E-001
    0.943020000000E+005    0.584707570664E-001
    0.943520000000E+005    0.584420118026E-001
    0.944020000000E+005    0.584132536898E-001
    0.944520000000E+005    0.583844827907E-001
    0.945020000000E+005    0.583556991676E-001
    0.945520000000E+005    0.583269028830E-001
    0.946020000000E+005    0.582980939990E-001
    0.946520000000E+005    0.582692725778E-001
    0.947020000000E+005    0.582404386814E-001
    0.947520000000E+005    0.582115923716E-001
    0.948020000000E+005    0.581827337102E-001
    0.948520000000E+005    0.581538627590E-001
    0.949020000000E+005    0.581249795795E-001
    0.949520000000E+005    0.580960842332E-001
    0.950020000000E+005    0.580671767815E-001
    0.950520000000E+005    0.580382572856E-001
    0.951020000000E+005    0.580093258066E-001
    0.951520000000E+005    0.579803824057E-001
    0.952020000000E+005    0.579514271437E-001
    0.952520000000E+005    0.579224600815E-001
    0.953020000000E+005    0.578934812799E-001
    0.953520000000E+005    0.578644907994E-001
    0.954020000000E+005    0.578354887005E-001
    0.954520000000E+005    0.578064750437E-001
    0.955020000000E+005    0.577774498893E-001
    0.955520000000E+005    0.577484132975E-001
    0.956020000000E+005    0.577193653284E-001
    0.956520000000E+005    0.576903060419E-001
    0.957020000000E+005    0.576612354980E-001
    0.957520000000E+005    0.576321537564E-001
    0.958020000000E+005    0.576030608768E-001
    0.958520000000E+005    0.575739569188E-001
    0.959020000000E+005    0.575448419419E-001
    0.959520000000E+005    0.575157160053E-001
    0.960020000000E+005    0.574865791684E-001
    0.960520000000E+005    0.574574314904E-001
    0.961020000000E+005    0.574282730301E-001
    0.961520000000E+005    0.573991038468E-001
    0.962020000000E+005    0.573699239990E-001
    0.962520000000E+005    0.573407335457E-001
    0.963020000000E+005    0.573115325454E-001
    0.963520000000E+005    0.572823210566E-001
    0.964020000000E+005    0.572530991378E-001
    0.964520000000E+005    0.572238668473E-001
    0.965020000000E+005    0.571946242434E-001
    0.965520000000E+005    0.571653713840E-001
    0.966020000000E+005    0.571361083274E-001
    0.966520000000E+005    0.571068351313E-001
    0.967020000000E+005    0.570775518536E-001
    0.967520000000E+005    0.570482585519E-001
    0.968020000000E+005    0.570189552840E-001
    0.968520000000E+005    0.569896421072E-001
    0.969020000000E+005    0.569603190790E-001
    0.969520000000E+005    0.569309862567E-001
    0.970020000000E+005    0.569016436974E-001
    0.970520000000E+005    0.568722914583E-001
    0.971020000000E+005    0.568429295964E-001
    0.971520000000E+005    0.568135581685E-001
    0.972020000000E+005    0.567841772314E-001
    0.972520000000E+005    0.567547868418E-001
    0.973020000000E+005    0.567253870564E-001
    0.973520000000E+005    0.566959779315E-001
    0.974020000000E+005    0.566665595235E-001
    0.974520000000E+005    0.566371318888E-001
    0.975020000000E+005    0.566076950835E-001
    0.975520000000E+005    0.565782491637E-001
    0.976020000000E+005    0.565487941854E-001
    0.976520000000E+005    0.565193302044E-001
    0.977020000000E+005    0.564898572765E-001
    0.977520000000E+005    0.564603754575E-001
    0.978020000000E+005    0.564308848028E-001
    0.978520000000E+005    0.564013853679E-001
    0.979020000000E+005    0.563718772083E-001
    0.979520000000E+005    0.563423603791E-001
    0.980020000000E+005    0.563128349356E-001
    0.980520000000E+005    0.562833009329E-001
    0.981020000000E+005    0.562537584259E-001
    0.981520000000E+005    0.562242074695E-001
    0.982020000000E+005    0.561946481184E-001
    0.982520000000E+005    0.561650804274E-001
    0.983020000000E+005    0.561355044510E-001
    0.983520000000E+005    0.561059202438E-001
    0.984020000000E+005    0.560763278600E-001
    0.984520000000E+005    0.560467273539E-001
    0.985020000000E+005    0.560171187798E-001
    0.985520000000E+005    0.559875021918E-001
    0.986020000000E+005    0.559578776437E-001
    0.986520000000E+005    0.559282451896E-001
    0.987020000000E+005    0.558986048831E-001
    0.987520000000E+005    0.558689567780E-001
    0.988020000000E+005    0.558393009279E-001
    0.988520000000E+005    0.558096373862E-001
    0.989020000000E+005    0.557799662064E-001
    0.989520000000E+005    0.557502874417E-001
    0.990020000000E+005    0.557206011454E-001
    0.990520000000E+005    0.556909073706E-001
    0.991020000000E+005    0.556612061702E-001
    0.991520000000E+005    0.556314975972E-001
    0.992020000000E+005    0.556017817044E-001
    0.992520000000E+005    0.555720585444E-001
    0.993020000000E+005    0.555423281700E-001
    0.993520000000E+005    0.555125906336E-001
    0.994020000000E+005    0.554828459877E-001
    0.994520000000E+005    0.554530942845E-001
    0.995020000000E+005    0.554233355764E-001
    0.995520000000E+005    0.553935699154E-001
    0.996020000000E+005    0.553637973536E-001
    0.996520000000E+005    0.553340179429E-001
    0.997020000000E+005    0.553042317351E-001
    0.997520000000E+005    0.552744387821E-001
    0.998020000000E+005    0.552446391355E-001
    0.998520000000E+005    0.552148328467E-001
    0.999020000000E+005    0.551850199674E-001
    0.999520000000E+005    0.551552005488E-001
