TITLE = "0D Field KB"
VARIABLES = N ,"KB_Ha10Rem1Re500"
ZONE DATAPACKING = POINT
    0.200000000000E+001    0.799992000074E-009
    0.520000000000E+002    0.540520789821E-006
    0.102000000000E+003    0.207820821588E-005
    0.152000000000E+003    0.460902842888E-005
    0.202000000000E+003    0.812453198090E-005
    0.252000000000E+003    0.126142070414E-004
    0.302000000000E+003    0.180666800276E-004
    0.352000000000E+003    0.244703342654E-004
    0.402000000000E+003    0.318136118302E-004
    0.452000000000E+003    0.400851584066E-004
    0.502000000000E+003    0.492738896060E-004
    0.552000000000E+003    0.593690171181E-004
    0.602000000000E+003    0.703600540338E-004
    0.652000000000E+003    0.822368093984E-004
    0.702000000000E+003    0.949893773731E-004
    0.752000000000E+003    0.108608123930E-003
    0.802000000000E+003    0.123083672685E-003
    0.852000000000E+003    0.138406890750E-003
    0.902000000000E+003    0.154568875062E-003
    0.952000000000E+003    0.171560939435E-003
    0.100200000000E+004    0.189374602427E-003
    0.105200000000E+004    0.208001576042E-003
    0.110200000000E+004    0.227433755264E-003
    0.115200000000E+004    0.247663208365E-003
    0.120200000000E+004    0.268682167954E-003
    0.125200000000E+004    0.290483022692E-003
    0.130200000000E+004    0.313058309643E-003
    0.135200000000E+004    0.336400707178E-003
    0.140200000000E+004    0.360503028411E-003
    0.145200000000E+004    0.385358215105E-003
    0.150200000000E+004    0.410959332004E-003
    0.155200000000E+004    0.437299561570E-003
    0.160200000000E+004    0.464372199066E-003
    0.165200000000E+004    0.492170647978E-003
    0.170200000000E+004    0.520688415732E-003
    0.175200000000E+004    0.549919109685E-003
    0.180200000000E+004    0.579856433364E-003
    0.185200000000E+004    0.610494182945E-003
    0.190200000000E+004    0.641826243937E-003
    0.195200000000E+004    0.673846588057E-003
    0.200200000000E+004    0.706549270298E-003
    0.205200000000E+004    0.739928426150E-003
    0.210200000000E+004    0.773978268982E-003
    0.215200000000E+004    0.808693087566E-003
    0.220200000000E+004    0.844067243725E-003
    0.225200000000E+004    0.880095170114E-003
    0.230200000000E+004    0.916771368109E-003
    0.235200000000E+004    0.954090405799E-003
    0.240200000000E+004    0.992046916082E-003
    0.245200000000E+004    0.103063559485E-002
    0.250200000000E+004    0.106985119926E-002
    0.255200000000E+004    0.110968854610E-002
    0.260200000000E+004    0.115014251018E-002
    0.265200000000E+004    0.119120802288E-002
    0.270200000000E+004    0.123288007067E-002
    0.275200000000E+004    0.127515369377E-002
    0.280200000000E+004    0.131802398481E-002
    0.285200000000E+004    0.136148608758E-002
    0.290200000000E+004    0.140553519583E-002
    0.295200000000E+004    0.145016655210E-002
    0.300200000000E+004    0.149537544660E-002
    0.305200000000E+004    0.154115721616E-002
    0.310200000000E+004    0.158750724320E-002
    0.315200000000E+004    0.163442095473E-002
    0.320200000000E+004    0.168189382140E-002
    0.325200000000E+004    0.172992135658E-002
    0.330200000000E+004    0.177849911550E-002
    0.335200000000E+004    0.182762269437E-002
    0.340200000000E+004    0.187728772956E-002
    0.345200000000E+004    0.192748989683E-002
    0.350200000000E+004    0.197822491056E-002
    0.355200000000E+004    0.202948852297E-002
    0.360200000000E+004    0.208127652347E-002
    0.365200000000E+004    0.213358473790E-002
    0.370200000000E+004    0.218640902792E-002
    0.375200000000E+004    0.223974529033E-002
    0.380200000000E+004    0.229358945643E-002
    0.385200000000E+004    0.234793749145E-002
    0.390200000000E+004    0.240278539394E-002
    0.395200000000E+004    0.245812919519E-002
    0.400200000000E+004    0.251396495870E-002
    0.405200000000E+004    0.257028877960E-002
    0.410200000000E+004    0.262709678419E-002
    0.415200000000E+004    0.268438512938E-002
    0.420200000000E+004    0.274215000221E-002
    0.425200000000E+004    0.280038761939E-002
    0.430200000000E+004    0.285909422681E-002
    0.435200000000E+004    0.291826609912E-002
    0.440200000000E+004    0.297789953925E-002
    0.445200000000E+004    0.303799087802E-002
    0.450200000000E+004    0.309853647367E-002
    0.455200000000E+004    0.315953271154E-002
    0.460200000000E+004    0.322097600357E-002
    0.465200000000E+004    0.328286278801E-002
    0.470200000000E+004    0.334518952897E-002
    0.475200000000E+004    0.340795271611E-002
    0.480200000000E+004    0.347114886426E-002
    0.485200000000E+004    0.353477451305E-002
    0.490200000000E+004    0.359882622663E-002
    0.495200000000E+004    0.366330059327E-002
    0.500200000000E+004    0.372819422507E-002
    0.505200000000E+004    0.379350375767E-002
    0.510200000000E+004    0.385922584988E-002
    0.515200000000E+004    0.392535718344E-002
    0.520200000000E+004    0.399189446268E-002
    0.525200000000E+004    0.405883441429E-002
    0.530200000000E+004    0.412617378695E-002
    0.535200000000E+004    0.419390935115E-002
    0.540200000000E+004    0.426203789885E-002
    0.545200000000E+004    0.433055624327E-002
    0.550200000000E+004    0.439946121860E-002
    0.555200000000E+004    0.446874967974E-002
    0.560200000000E+004    0.453841850210E-002
    0.565200000000E+004    0.460846458132E-002
    0.570200000000E+004    0.467888483305E-002
    0.575200000000E+004    0.474967619271E-002
    0.580200000000E+004    0.482083561528E-002
    0.585200000000E+004    0.489236007507E-002
    0.590200000000E+004    0.496424656548E-002
    0.595200000000E+004    0.503649209883E-002
    0.600200000000E+004    0.510909370612E-002
    0.605200000000E+004    0.518204843686E-002
    0.610200000000E+004    0.525535335883E-002
    0.615200000000E+004    0.532900555790E-002
    0.620200000000E+004    0.540300213786E-002
    0.625200000000E+004    0.547734022019E-002
    0.630200000000E+004    0.555201694390E-002
    0.635200000000E+004    0.562702946536E-002
    0.640200000000E+004    0.570237495809E-002
    0.645200000000E+004    0.577805061262E-002
    0.650200000000E+004    0.585405363630E-002
    0.655200000000E+004    0.593038125313E-002
    0.660200000000E+004    0.600703070359E-002
    0.665200000000E+004    0.608399924451E-002
    0.670200000000E+004    0.616128414887E-002
    0.675200000000E+004    0.623888270567E-002
    0.680200000000E+004    0.631679221976E-002
    0.685200000000E+004    0.639501001172E-002
    0.690200000000E+004    0.647353341765E-002
    0.695200000000E+004    0.655235978912E-002
    0.700200000000E+004    0.663148649294E-002
    0.705200000000E+004    0.671091091104E-002
    0.710200000000E+004    0.679063044037E-002
    0.715200000000E+004    0.687064249273E-002
    0.720200000000E+004    0.695094449464E-002
    0.725200000000E+004    0.703153388721E-002
    0.730200000000E+004    0.711240812603E-002
    0.735200000000E+004    0.719356468103E-002
    0.740200000000E+004    0.727500103633E-002
    0.745200000000E+004    0.735671469017E-002
    0.750200000000E+004    0.743870315474E-002
    0.755200000000E+004    0.752096395610E-002
    0.760200000000E+004    0.760349463403E-002
    0.765200000000E+004    0.768629274194E-002
    0.770200000000E+004    0.776935584674E-002
    0.775200000000E+004    0.785268152876E-002
    0.780200000000E+004    0.793626738158E-002
    0.785200000000E+004    0.802011101200E-002
    0.790200000000E+004    0.810421003988E-002
    0.795200000000E+004    0.818856209803E-002
    0.800200000000E+004    0.827316483215E-002
    0.805200000000E+004    0.835801590070E-002
    0.810200000000E+004    0.844311297480E-002
    0.815200000000E+004    0.852845373815E-002
    0.820200000000E+004    0.861403588692E-002
    0.825200000000E+004    0.869985712965E-002
    0.830200000000E+004    0.878591518716E-002
    0.835200000000E+004    0.887220779247E-002
    0.840200000000E+004    0.895873269070E-002
    0.845200000000E+004    0.904548763897E-002
    0.850200000000E+004    0.913247040633E-002
    0.855200000000E+004    0.921967877366E-002
    0.860200000000E+004    0.930711053360E-002
    0.865200000000E+004    0.939476349043E-002
    0.870200000000E+004    0.948263546004E-002
    0.875200000000E+004    0.957072426980E-002
    0.880200000000E+004    0.965902775850E-002
    0.885200000000E+004    0.974754377627E-002
    0.890200000000E+004    0.983627018449E-002
    0.895200000000E+004    0.992520485575E-002
    0.900200000000E+004    0.100143456737E-001
    0.905200000000E+004    0.101036905331E-001
    0.910200000000E+004    0.101932373395E-001
    0.915200000000E+004    0.102829840095E-001
    0.920200000000E+004    0.103729284704E-001
    0.925200000000E+004    0.104630686604E-001
    0.930200000000E+004    0.105534025281E-001
    0.935200000000E+004    0.106439280330E-001
    0.940200000000E+004    0.107346431448E-001
    0.945200000000E+004    0.108255458439E-001
    0.950200000000E+004    0.109166341211E-001
    0.955200000000E+004    0.110079059773E-001
    0.960200000000E+004    0.110993594239E-001
    0.965200000000E+004    0.111909924824E-001
    0.970200000000E+004    0.112828031845E-001
    0.975200000000E+004    0.113747895717E-001
    0.980200000000E+004    0.114669496958E-001
    0.985200000000E+004    0.115592816186E-001
    0.990200000000E+004    0.116517834114E-001
    0.995200000000E+004    0.117444531557E-001
    0.100020000000E+005    0.118372889427E-001
    0.100520000000E+005    0.119302888731E-001
    0.101020000000E+005    0.120234510574E-001
    0.101520000000E+005    0.121167736158E-001
    0.102020000000E+005    0.122102546778E-001
    0.102520000000E+005    0.123038923825E-001
    0.103020000000E+005    0.123976848784E-001
    0.103520000000E+005    0.124916303235E-001
    0.104020000000E+005    0.125857268850E-001
    0.104520000000E+005    0.126799727392E-001
    0.105020000000E+005    0.127743660719E-001
    0.105520000000E+005    0.128689050780E-001
    0.106020000000E+005    0.129635879613E-001
    0.106520000000E+005    0.130584129349E-001
    0.107020000000E+005    0.131533782208E-001
    0.107520000000E+005    0.132484820499E-001
    0.108020000000E+005    0.133437226621E-001
    0.108520000000E+005    0.134390983062E-001
    0.109020000000E+005    0.135346072397E-001
    0.109520000000E+005    0.136302477288E-001
    0.110020000000E+005    0.137260180486E-001
    0.110520000000E+005    0.138219164828E-001
    0.111020000000E+005    0.139179413237E-001
    0.111520000000E+005    0.140140908722E-001
    0.112020000000E+005    0.141103634376E-001
    0.112520000000E+005    0.142067573378E-001
    0.113020000000E+005    0.143032708993E-001
    0.113520000000E+005    0.143999024567E-001
    0.114020000000E+005    0.144966503531E-001
    0.114520000000E+005    0.145935129400E-001
    0.115020000000E+005    0.146904885769E-001
    0.115520000000E+005    0.147875756319E-001
    0.116020000000E+005    0.148847724809E-001
    0.116520000000E+005    0.149820775081E-001
    0.117020000000E+005    0.150794891060E-001
    0.117520000000E+005    0.151770056749E-001
    0.118020000000E+005    0.152746256232E-001
    0.118520000000E+005    0.153723473673E-001
    0.119020000000E+005    0.154701693314E-001
    0.119520000000E+005    0.155680899479E-001
    0.120020000000E+005    0.156661076569E-001
    0.120520000000E+005    0.157642209061E-001
    0.121020000000E+005    0.158624281514E-001
    0.121520000000E+005    0.159607278562E-001
    0.122020000000E+005    0.160591184917E-001
    0.122520000000E+005    0.161575985366E-001
    0.123020000000E+005    0.162561664775E-001
    0.123520000000E+005    0.163548208084E-001
    0.124020000000E+005    0.164535600310E-001
    0.124520000000E+005    0.165523826544E-001
    0.125020000000E+005    0.166512871953E-001
    0.125520000000E+005    0.167502721778E-001
    0.126020000000E+005    0.168493361335E-001
    0.126520000000E+005    0.169484776012E-001
    0.127020000000E+005    0.170476951273E-001
    0.127520000000E+005    0.171469872653E-001
    0.128020000000E+005    0.172463525762E-001
    0.128520000000E+005    0.173457896280E-001
    0.129020000000E+005    0.174452969961E-001
    0.129520000000E+005    0.175448732631E-001
    0.130020000000E+005    0.176445170186E-001
    0.130520000000E+005    0.177442268594E-001
    0.131020000000E+005    0.178440013895E-001
    0.131520000000E+005    0.179438392198E-001
    0.132020000000E+005    0.180437389682E-001
    0.132520000000E+005    0.181436992598E-001
    0.133020000000E+005    0.182437187264E-001
    0.133520000000E+005    0.183437960069E-001
    0.134020000000E+005    0.184439297470E-001
    0.134520000000E+005    0.185441185994E-001
    0.135020000000E+005    0.186443612235E-001
    0.135520000000E+005    0.187446562855E-001
    0.136020000000E+005    0.188450024586E-001
    0.136520000000E+005    0.189453984224E-001
    0.137020000000E+005    0.190458428635E-001
    0.137520000000E+005    0.191463344750E-001
    0.138020000000E+005    0.192468719569E-001
    0.138520000000E+005    0.193474540155E-001
    0.139020000000E+005    0.194480793638E-001
    0.139520000000E+005    0.195487467217E-001
    0.140020000000E+005    0.196494548152E-001
    0.140520000000E+005    0.197502023770E-001
    0.141020000000E+005    0.198509881462E-001
    0.141520000000E+005    0.199518108687E-001
    0.142020000000E+005    0.200526692963E-001
    0.142520000000E+005    0.201535621875E-001
    0.143020000000E+005    0.202544883072E-001
    0.143520000000E+005    0.203554464267E-001
    0.144020000000E+005    0.204564353233E-001
    0.144520000000E+005    0.205574537808E-001
    0.145020000000E+005    0.206585005895E-001
    0.145520000000E+005    0.207595745454E-001
    0.146020000000E+005    0.208606744513E-001
    0.146520000000E+005    0.209617991157E-001
    0.147020000000E+005    0.210629473535E-001
    0.147520000000E+005    0.211641179858E-001
    0.148020000000E+005    0.212653098396E-001
    0.148520000000E+005    0.213665217481E-001
    0.149020000000E+005    0.214677525506E-001
    0.149520000000E+005    0.215690010923E-001
    0.150020000000E+005    0.216702662246E-001
    0.150520000000E+005    0.217715468047E-001
    0.151020000000E+005    0.218728416957E-001
    0.151520000000E+005    0.219741497670E-001
    0.152020000000E+005    0.220754698935E-001
    0.152520000000E+005    0.221768009562E-001
    0.153020000000E+005    0.222781418419E-001
    0.153520000000E+005    0.223794914432E-001
    0.154020000000E+005    0.224808486585E-001
    0.154520000000E+005    0.225822123921E-001
    0.155020000000E+005    0.226835815540E-001
    0.155520000000E+005    0.227849550598E-001
    0.156020000000E+005    0.228863318312E-001
    0.156520000000E+005    0.229877107950E-001
    0.157020000000E+005    0.230890908843E-001
    0.157520000000E+005    0.231904710373E-001
    0.158020000000E+005    0.232918501982E-001
    0.158520000000E+005    0.233932273166E-001
    0.159020000000E+005    0.234946013477E-001
    0.159520000000E+005    0.235959712523E-001
    0.160020000000E+005    0.236973359968E-001
    0.160520000000E+005    0.237986945529E-001
    0.161020000000E+005    0.239000458979E-001
    0.161520000000E+005    0.240013890146E-001
    0.162020000000E+005    0.241027228912E-001
    0.162520000000E+005    0.242040465213E-001
    0.163020000000E+005    0.243053589038E-001
    0.163520000000E+005    0.244066590433E-001
    0.164020000000E+005    0.245079459493E-001
    0.164520000000E+005    0.246092186370E-001
    0.165020000000E+005    0.247104761266E-001
    0.165520000000E+005    0.248117174439E-001
    0.166020000000E+005    0.249129416198E-001
    0.166520000000E+005    0.250141476903E-001
    0.167020000000E+005    0.251153346969E-001
    0.167520000000E+005    0.252165016861E-001
    0.168020000000E+005    0.253176477097E-001
    0.168520000000E+005    0.254187718246E-001
    0.169020000000E+005    0.255198730928E-001
    0.169520000000E+005    0.256209505814E-001
    0.170020000000E+005    0.257220033628E-001
    0.170520000000E+005    0.258230305142E-001
    0.171020000000E+005    0.259240311180E-001
    0.171520000000E+005    0.260250042616E-001
    0.172020000000E+005    0.261259490375E-001
    0.172520000000E+005    0.262268645429E-001
    0.173020000000E+005    0.263277498804E-001
    0.173520000000E+005    0.264286041573E-001
    0.174020000000E+005    0.265294264858E-001
    0.174520000000E+005    0.266302159831E-001
    0.175020000000E+005    0.267309717712E-001
    0.175520000000E+005    0.268316929772E-001
    0.176020000000E+005    0.269323787327E-001
    0.176520000000E+005    0.270330281745E-001
    0.177020000000E+005    0.271336404439E-001
    0.177520000000E+005    0.272342146873E-001
    0.178020000000E+005    0.273347500555E-001
    0.178520000000E+005    0.274352457044E-001
    0.179020000000E+005    0.275357007944E-001
    0.179520000000E+005    0.276361144908E-001
    0.180020000000E+005    0.277364859635E-001
    0.180520000000E+005    0.278368143871E-001
    0.181020000000E+005    0.279370989408E-001
    0.181520000000E+005    0.280373388084E-001
    0.182020000000E+005    0.281375331786E-001
    0.182520000000E+005    0.282376812444E-001
    0.183020000000E+005    0.283377822035E-001
    0.183520000000E+005    0.284378352583E-001
    0.184020000000E+005    0.285378396154E-001
    0.184520000000E+005    0.286377944862E-001
    0.185020000000E+005    0.287376990866E-001
    0.185520000000E+005    0.288375526370E-001
    0.186020000000E+005    0.289373543621E-001
    0.186520000000E+005    0.290371034912E-001
    0.187020000000E+005    0.291367992580E-001
    0.187520000000E+005    0.292364409007E-001
    0.188020000000E+005    0.293360276618E-001
    0.188520000000E+005    0.294355587882E-001
    0.189020000000E+005    0.295350335312E-001
    0.189520000000E+005    0.296344511464E-001
    0.190020000000E+005    0.297338108938E-001
    0.190520000000E+005    0.298331120377E-001
    0.191020000000E+005    0.299323538467E-001
    0.191520000000E+005    0.300315355935E-001
    0.192020000000E+005    0.301306565554E-001
    0.192520000000E+005    0.302297160136E-001
    0.193020000000E+005    0.303287132538E-001
    0.193520000000E+005    0.304276475658E-001
    0.194020000000E+005    0.305265182434E-001
    0.194520000000E+005    0.306253245850E-001
    0.195020000000E+005    0.307240658929E-001
    0.195520000000E+005    0.308227414734E-001
    0.196020000000E+005    0.309213506372E-001
    0.196520000000E+005    0.310198926990E-001
    0.197020000000E+005    0.311183669775E-001
    0.197520000000E+005    0.312167727957E-001
    0.198020000000E+005    0.313151094804E-001
    0.198520000000E+005    0.314133763626E-001
    0.199020000000E+005    0.315115727773E-001
    0.199520000000E+005    0.316096980635E-001
    0.200020000000E+005    0.317077515642E-001
    0.200520000000E+005    0.318057326263E-001
    0.201020000000E+005    0.319036406008E-001
    0.201520000000E+005    0.320014748425E-001
    0.202020000000E+005    0.320992347103E-001
    0.202520000000E+005    0.321969195667E-001
    0.203020000000E+005    0.322945287785E-001
    0.203520000000E+005    0.323920617161E-001
    0.204020000000E+005    0.324895177539E-001
    0.204520000000E+005    0.325868962700E-001
    0.205020000000E+005    0.326841966464E-001
    0.205520000000E+005    0.327814182690E-001
    0.206020000000E+005    0.328785605275E-001
    0.206520000000E+005    0.329756228153E-001
    0.207020000000E+005    0.330726045295E-001
    0.207520000000E+005    0.331695050710E-001
    0.208020000000E+005    0.332663238447E-001
    0.208520000000E+005    0.333630602589E-001
    0.209020000000E+005    0.334597137256E-001
    0.209520000000E+005    0.335562836608E-001
    0.210020000000E+005    0.336527694839E-001
    0.210520000000E+005    0.337491706180E-001
    0.211020000000E+005    0.338454864900E-001
    0.211520000000E+005    0.339417165302E-001
    0.212020000000E+005    0.340378601728E-001
    0.212520000000E+005    0.341339168552E-001
    0.213020000000E+005    0.342298860189E-001
    0.213520000000E+005    0.343257671085E-001
    0.214020000000E+005    0.344215595725E-001
    0.214520000000E+005    0.345172628628E-001
    0.215020000000E+005    0.346128764347E-001
    0.215520000000E+005    0.347083997472E-001
    0.216020000000E+005    0.348038322628E-001
    0.216520000000E+005    0.348991734474E-001
    0.217020000000E+005    0.349944227704E-001
    0.217520000000E+005    0.350895797046E-001
    0.218020000000E+005    0.351846437264E-001
    0.218520000000E+005    0.352796143154E-001
    0.219020000000E+005    0.353744909548E-001
    0.219520000000E+005    0.354692731311E-001
    0.220020000000E+005    0.355639603343E-001
    0.220520000000E+005    0.356585520576E-001
    0.221020000000E+005    0.357530477976E-001
    0.221520000000E+005    0.358474470544E-001
    0.222020000000E+005    0.359417493313E-001
    0.222520000000E+005    0.360359541348E-001
    0.223020000000E+005    0.361300609749E-001
    0.223520000000E+005    0.362240693649E-001
    0.224020000000E+005    0.363179788211E-001
    0.224520000000E+005    0.364117888634E-001
    0.225020000000E+005    0.365054990147E-001
    0.225520000000E+005    0.365991088012E-001
    0.226020000000E+005    0.366926177524E-001
    0.226520000000E+005    0.367860254010E-001
    0.227020000000E+005    0.368793312827E-001
    0.227520000000E+005    0.369725349366E-001
    0.228020000000E+005    0.370656359048E-001
    0.228520000000E+005    0.371586337327E-001
    0.229020000000E+005    0.372515279687E-001
    0.229520000000E+005    0.373443181644E-001
    0.230020000000E+005    0.374370038745E-001
    0.230520000000E+005    0.375295846568E-001
    0.231020000000E+005    0.376220600722E-001
    0.231520000000E+005    0.377144296847E-001
    0.232020000000E+005    0.378066930612E-001
    0.232520000000E+005    0.378988497718E-001
    0.233020000000E+005    0.379908993896E-001
    0.233520000000E+005    0.380828414907E-001
    0.234020000000E+005    0.381746756543E-001
    0.234520000000E+005    0.382664014623E-001
    0.235020000000E+005    0.383580185000E-001
    0.235520000000E+005    0.384495263554E-001
    0.236020000000E+005    0.385409246195E-001
    0.236520000000E+005    0.386322128863E-001
    0.237020000000E+005    0.387233907527E-001
    0.237520000000E+005    0.388144578184E-001
    0.238020000000E+005    0.389054136862E-001
    0.238520000000E+005    0.389962579618E-001
    0.239020000000E+005    0.390869902536E-001
    0.239520000000E+005    0.391776101729E-001
    0.240020000000E+005    0.392681173341E-001
    0.240520000000E+005    0.393585113541E-001
    0.241020000000E+005    0.394487918528E-001
    0.241520000000E+005    0.395389584531E-001
    0.242020000000E+005    0.396290107804E-001
    0.242520000000E+005    0.397189484630E-001
    0.243020000000E+005    0.398087711320E-001
    0.243520000000E+005    0.398984784214E-001
    0.244020000000E+005    0.399880699677E-001
    0.244520000000E+005    0.400775454104E-001
    0.245020000000E+005    0.401669043916E-001
    0.245520000000E+005    0.402561465560E-001
    0.246020000000E+005    0.403452715514E-001
    0.246520000000E+005    0.404342790280E-001
    0.247020000000E+005    0.405231686386E-001
    0.247520000000E+005    0.406119400390E-001
    0.248020000000E+005    0.407005928875E-001
    0.248520000000E+005    0.407891268449E-001
    0.249020000000E+005    0.408775415750E-001
    0.249520000000E+005    0.409658367438E-001
    0.250020000000E+005    0.410540120204E-001
    0.250520000000E+005    0.411420670760E-001
    0.251020000000E+005    0.412300015849E-001
    0.251520000000E+005    0.413178152236E-001
    0.252020000000E+005    0.414055076713E-001
    0.252520000000E+005    0.414930786099E-001
    0.253020000000E+005    0.415805277236E-001
    0.253520000000E+005    0.416678546994E-001
    0.254020000000E+005    0.417550592266E-001
    0.254520000000E+005    0.418421409971E-001
    0.255020000000E+005    0.419290997055E-001
    0.255520000000E+005    0.420159350487E-001
    0.256020000000E+005    0.421026467259E-001
    0.256520000000E+005    0.421892344393E-001
    0.257020000000E+005    0.422756978930E-001
    0.257520000000E+005    0.423620367940E-001
    0.258020000000E+005    0.424482508514E-001
    0.258520000000E+005    0.425343397770E-001
    0.259020000000E+005    0.426203032849E-001
    0.259520000000E+005    0.427061410915E-001
    0.260020000000E+005    0.427918529159E-001
    0.260520000000E+005    0.428774384793E-001
    0.261020000000E+005    0.429628975054E-001
    0.261520000000E+005    0.430482297203E-001
    0.262020000000E+005    0.431334348524E-001
    0.262520000000E+005    0.432185126324E-001
    0.263020000000E+005    0.433034627935E-001
    0.263520000000E+005    0.433882850710E-001
    0.264020000000E+005    0.434729792028E-001
    0.264520000000E+005    0.435575449289E-001
    0.265020000000E+005    0.436419819916E-001
    0.265520000000E+005    0.437262901355E-001
    0.266020000000E+005    0.438104691077E-001
    0.266520000000E+005    0.438945186572E-001
    0.267020000000E+005    0.439784385354E-001
    0.267520000000E+005    0.440622284961E-001
    0.268020000000E+005    0.441458882952E-001
    0.268520000000E+005    0.442294176908E-001
    0.269020000000E+005    0.443128164433E-001
    0.269520000000E+005    0.443960843152E-001
    0.270020000000E+005    0.444792210712E-001
    0.270520000000E+005    0.445622264783E-001
    0.271020000000E+005    0.446451003057E-001
    0.271520000000E+005    0.447278423246E-001
    0.272020000000E+005    0.448104523085E-001
    0.272520000000E+005    0.448929300329E-001
    0.273020000000E+005    0.449752752755E-001
    0.273520000000E+005    0.450574878163E-001
    0.274020000000E+005    0.451395674371E-001
    0.274520000000E+005    0.452215139221E-001
    0.275020000000E+005    0.453033270574E-001
    0.275520000000E+005    0.453850066314E-001
    0.276020000000E+005    0.454665524343E-001
    0.276520000000E+005    0.455479642585E-001
    0.277020000000E+005    0.456292418986E-001
    0.277520000000E+005    0.457103851511E-001
    0.278020000000E+005    0.457913938145E-001
    0.278520000000E+005    0.458722676894E-001
    0.279020000000E+005    0.459530065786E-001
    0.279520000000E+005    0.460336102866E-001
    0.280020000000E+005    0.461140786200E-001
    0.280520000000E+005    0.461944113876E-001
    0.281020000000E+005    0.462746083999E-001
    0.281520000000E+005    0.463546694696E-001
    0.282020000000E+005    0.464345944113E-001
    0.282520000000E+005    0.465143830414E-001
    0.283020000000E+005    0.465940351786E-001
    0.283520000000E+005    0.466735506431E-001
    0.284020000000E+005    0.467529292575E-001
    0.284520000000E+005    0.468321708459E-001
    0.285020000000E+005    0.469112752347E-001
    0.285520000000E+005    0.469902422519E-001
    0.286020000000E+005    0.470690717275E-001
    0.286520000000E+005    0.471477634934E-001
    0.287020000000E+005    0.472263173835E-001
    0.287520000000E+005    0.473047332333E-001
    0.288020000000E+005    0.473830108805E-001
    0.288520000000E+005    0.474611501643E-001
    0.289020000000E+005    0.475391509260E-001
    0.289520000000E+005    0.476170130087E-001
    0.290020000000E+005    0.476947362573E-001
    0.290520000000E+005    0.477723205184E-001
    0.291020000000E+005    0.478497656406E-001
    0.291520000000E+005    0.479270714743E-001
    0.292020000000E+005    0.480042378714E-001
    0.292520000000E+005    0.480812646860E-001
    0.293020000000E+005    0.481581517738E-001
    0.293520000000E+005    0.482348989921E-001
    0.294020000000E+005    0.483115062003E-001
    0.294520000000E+005    0.483879732593E-001
    0.295020000000E+005    0.484643000317E-001
    0.295520000000E+005    0.485404863822E-001
    0.296020000000E+005    0.486165321768E-001
    0.296520000000E+005    0.486924372835E-001
    0.297020000000E+005    0.487682015719E-001
    0.297520000000E+005    0.488438249133E-001
    0.298020000000E+005    0.489193071808E-001
    0.298520000000E+005    0.489946482491E-001
    0.299020000000E+005    0.490698479945E-001
    0.299520000000E+005    0.491449062952E-001
    0.300020000000E+005    0.492198230308E-001
    0.300520000000E+005    0.492945980829E-001
    0.301020000000E+005    0.493692313343E-001
    0.301520000000E+005    0.494437226699E-001
    0.302020000000E+005    0.495180719759E-001
    0.302520000000E+005    0.495922791403E-001
    0.303020000000E+005    0.496663440526E-001
    0.303520000000E+005    0.497402666041E-001
    0.304020000000E+005    0.498140466875E-001
    0.304520000000E+005    0.498876841971E-001
    0.305020000000E+005    0.499611790291E-001
    0.305520000000E+005    0.500345310808E-001
    0.306020000000E+005    0.501077402514E-001
    0.306520000000E+005    0.501808064417E-001
    0.307020000000E+005    0.502537295538E-001
    0.307520000000E+005    0.503265094916E-001
    0.308020000000E+005    0.503991461604E-001
    0.308520000000E+005    0.504716394671E-001
    0.309020000000E+005    0.505439893200E-001
    0.309520000000E+005    0.506161956292E-001
    0.310020000000E+005    0.506882583060E-001
    0.310520000000E+005    0.507601772633E-001
    0.311020000000E+005    0.508319524158E-001
    0.311520000000E+005    0.509035836792E-001
    0.312020000000E+005    0.509750709710E-001
    0.312520000000E+005    0.510464142101E-001
    0.313020000000E+005    0.511176133170E-001
    0.313520000000E+005    0.511886682133E-001
    0.314020000000E+005    0.512595788224E-001
    0.314520000000E+005    0.513303450692E-001
    0.315020000000E+005    0.514009668796E-001
    0.315520000000E+005    0.514714441814E-001
    0.316020000000E+005    0.515417769037E-001
    0.316520000000E+005    0.516119649768E-001
    0.317020000000E+005    0.516820083327E-001
    0.317520000000E+005    0.517519069047E-001
    0.318020000000E+005    0.518216606275E-001
    0.318520000000E+005    0.518912694371E-001
    0.319020000000E+005    0.519607332711E-001
    0.319520000000E+005    0.520300520682E-001
    0.320020000000E+005    0.520992257688E-001
    0.320520000000E+005    0.521682543145E-001
    0.321020000000E+005    0.522371376481E-001
    0.321520000000E+005    0.523058757140E-001
    0.322020000000E+005    0.523744684579E-001
    0.322520000000E+005    0.524429158267E-001
    0.323020000000E+005    0.525112177688E-001
    0.323520000000E+005    0.525793742340E-001
    0.324020000000E+005    0.526473851730E-001
    0.324520000000E+005    0.527152505383E-001
    0.325020000000E+005    0.527829702834E-001
    0.325520000000E+005    0.528505443633E-001
    0.326020000000E+005    0.529179727341E-001
    0.326520000000E+005    0.529852553534E-001
    0.327020000000E+005    0.530523921799E-001
    0.327520000000E+005    0.531193831736E-001
    0.328020000000E+005    0.531862282959E-001
    0.328520000000E+005    0.532529275094E-001
    0.329020000000E+005    0.533194807778E-001
    0.329520000000E+005    0.533858880663E-001
    0.330020000000E+005    0.534521493412E-001
    0.330520000000E+005    0.535182645701E-001
    0.331020000000E+005    0.535842337217E-001
    0.331520000000E+005    0.536500567661E-001
    0.332020000000E+005    0.537157336746E-001
    0.332520000000E+005    0.537812644195E-001
    0.333020000000E+005    0.538466489746E-001
    0.333520000000E+005    0.539118873147E-001
    0.334020000000E+005    0.539769794159E-001
    0.334520000000E+005    0.540419252554E-001
    0.335020000000E+005    0.541067248116E-001
    0.335520000000E+005    0.541713780642E-001
    0.336020000000E+005    0.542358849940E-001
    0.336520000000E+005    0.543002455828E-001
    0.337020000000E+005    0.543644598138E-001
    0.337520000000E+005    0.544285276713E-001
    0.338020000000E+005    0.544924491406E-001
    0.338520000000E+005    0.545562242083E-001
    0.339020000000E+005    0.546198528621E-001
    0.339520000000E+005    0.546833350907E-001
    0.340020000000E+005    0.547466708842E-001
    0.340520000000E+005    0.548098602335E-001
    0.341020000000E+005    0.548729031308E-001
    0.341520000000E+005    0.549357995695E-001
    0.342020000000E+005    0.549985495438E-001
    0.342520000000E+005    0.550611530493E-001
    0.343020000000E+005    0.551236100825E-001
    0.343520000000E+005    0.551859206410E-001
    0.344020000000E+005    0.552480847236E-001
    0.344520000000E+005    0.553101023301E-001
    0.345020000000E+005    0.553719734613E-001
    0.345520000000E+005    0.554336981192E-001
    0.346020000000E+005    0.554952763066E-001
    0.346520000000E+005    0.555567080278E-001
    0.347020000000E+005    0.556179932877E-001
    0.347520000000E+005    0.556791320924E-001
    0.348020000000E+005    0.557401244492E-001
    0.348520000000E+005    0.558009703661E-001
    0.349020000000E+005    0.558616698525E-001
    0.349520000000E+005    0.559222229185E-001
    0.350020000000E+005    0.559826295753E-001
    0.350520000000E+005    0.560428898352E-001
    0.351020000000E+005    0.561030037115E-001
    0.351520000000E+005    0.561629712184E-001
    0.352020000000E+005    0.562227923712E-001
    0.352520000000E+005    0.562824671860E-001
    0.353020000000E+005    0.563419956801E-001
    0.353520000000E+005    0.564013778716E-001
    0.354020000000E+005    0.564606137797E-001
    0.354520000000E+005    0.565197034246E-001
    0.355020000000E+005    0.565786468273E-001
    0.355520000000E+005    0.566374440098E-001
    0.356020000000E+005    0.566960949952E-001
    0.356520000000E+005    0.567545998074E-001
    0.357020000000E+005    0.568129584711E-001
    0.357520000000E+005    0.568711710124E-001
    0.358020000000E+005    0.569292374579E-001
    0.358520000000E+005    0.569871578352E-001
    0.359020000000E+005    0.570449321730E-001
    0.359520000000E+005    0.571025605007E-001
    0.360020000000E+005    0.571600428489E-001
    0.360520000000E+005    0.572173792487E-001
    0.361020000000E+005    0.572745697325E-001
    0.361520000000E+005    0.573316143333E-001
    0.362020000000E+005    0.573885130852E-001
    0.362520000000E+005    0.574452660230E-001
    0.363020000000E+005    0.575018731825E-001
    0.363520000000E+005    0.575583346005E-001
    0.364020000000E+005    0.576146503144E-001
    0.364520000000E+005    0.576708203626E-001
    0.365020000000E+005    0.577268447844E-001
    0.365520000000E+005    0.577827236199E-001
    0.366020000000E+005    0.578384569100E-001
    0.366520000000E+005    0.578940446967E-001
    0.367020000000E+005    0.579494870225E-001
    0.367520000000E+005    0.580047839310E-001
    0.368020000000E+005    0.580599354664E-001
    0.368520000000E+005    0.581149416741E-001
    0.369020000000E+005    0.581698025999E-001
    0.369520000000E+005    0.582245182907E-001
    0.370020000000E+005    0.582790887941E-001
    0.370520000000E+005    0.583335141586E-001
    0.371020000000E+005    0.583877944335E-001
    0.371520000000E+005    0.584419296687E-001
    0.372020000000E+005    0.584959199151E-001
    0.372520000000E+005    0.585497652244E-001
    0.373020000000E+005    0.586034656491E-001
    0.373520000000E+005    0.586570212423E-001
    0.374020000000E+005    0.587104320580E-001
    0.374520000000E+005    0.587636981511E-001
    0.375020000000E+005    0.588168195772E-001
    0.375520000000E+005    0.588697963924E-001
    0.376020000000E+005    0.589226286540E-001
    0.376520000000E+005    0.589753164197E-001
    0.377020000000E+005    0.590278597481E-001
    0.377520000000E+005    0.590802586988E-001
    0.378020000000E+005    0.591325133316E-001
    0.378520000000E+005    0.591846237075E-001
    0.379020000000E+005    0.592365898880E-001
    0.379520000000E+005    0.592884119355E-001
    0.380020000000E+005    0.593400899130E-001
    0.380520000000E+005    0.593916238843E-001
    0.381020000000E+005    0.594430139138E-001
    0.381520000000E+005    0.594942600668E-001
    0.382020000000E+005    0.595453624093E-001
    0.382520000000E+005    0.595963210077E-001
    0.383020000000E+005    0.596471359296E-001
    0.383520000000E+005    0.596978072428E-001
    0.384020000000E+005    0.597483350162E-001
    0.384520000000E+005    0.597987193192E-001
    0.385020000000E+005    0.598489602219E-001
    0.385520000000E+005    0.598990577951E-001
    0.386020000000E+005    0.599490121103E-001
    0.386520000000E+005    0.599988232396E-001
    0.387020000000E+005    0.600484912559E-001
    0.387520000000E+005    0.600980162327E-001
    0.388020000000E+005    0.601473982442E-001
    0.388520000000E+005    0.601966373651E-001
    0.389020000000E+005    0.602457336711E-001
    0.389520000000E+005    0.602946872381E-001
    0.390020000000E+005    0.603434981431E-001
    0.390520000000E+005    0.603921664634E-001
    0.391020000000E+005    0.604406922771E-001
    0.391520000000E+005    0.604890756630E-001
    0.392020000000E+005    0.605373167004E-001
    0.392520000000E+005    0.605854154693E-001
    0.393020000000E+005    0.606333720503E-001
    0.393520000000E+005    0.606811865246E-001
    0.394020000000E+005    0.607288589741E-001
    0.394520000000E+005    0.607763894813E-001
    0.395020000000E+005    0.608237781293E-001
    0.395520000000E+005    0.608710250016E-001
    0.396020000000E+005    0.609181301827E-001
    0.396520000000E+005    0.609650937575E-001
    0.397020000000E+005    0.610119158114E-001
    0.397520000000E+005    0.610585964305E-001
    0.398020000000E+005    0.611051357015E-001
    0.398520000000E+005    0.611515337117E-001
    0.399020000000E+005    0.611977905489E-001
    0.399520000000E+005    0.612439063015E-001
    0.400020000000E+005    0.612898810586E-001
    0.400520000000E+005    0.613357149098E-001
    0.401020000000E+005    0.613814079452E-001
    0.401520000000E+005    0.614269602554E-001
    0.402020000000E+005    0.614723719319E-001
    0.402520000000E+005    0.615176430663E-001
    0.403020000000E+005    0.615627737512E-001
    0.403520000000E+005    0.616077640795E-001
    0.404020000000E+005    0.616526141446E-001
    0.404520000000E+005    0.616973240406E-001
    0.405020000000E+005    0.617418938620E-001
    0.405520000000E+005    0.617863237041E-001
    0.406020000000E+005    0.618306136624E-001
    0.406520000000E+005    0.618747638331E-001
    0.407020000000E+005    0.619187743129E-001
    0.407520000000E+005    0.619626451992E-001
    0.408020000000E+005    0.620063765895E-001
    0.408520000000E+005    0.620499685823E-001
    0.409020000000E+005    0.620934212763E-001
    0.409520000000E+005    0.621367347708E-001
    0.410020000000E+005    0.621799091656E-001
    0.410520000000E+005    0.622229445611E-001
    0.411020000000E+005    0.622658410581E-001
    0.411520000000E+005    0.623085987578E-001
    0.412020000000E+005    0.623512177622E-001
    0.412520000000E+005    0.623936981734E-001
    0.413020000000E+005    0.624360400944E-001
    0.413520000000E+005    0.624782436284E-001
    0.414020000000E+005    0.625203088791E-001
    0.414520000000E+005    0.625622359509E-001
    0.415020000000E+005    0.626040249484E-001
    0.415520000000E+005    0.626456759769E-001
    0.416020000000E+005    0.626871891419E-001
    0.416520000000E+005    0.627285645497E-001
    0.417020000000E+005    0.627698023069E-001
    0.417520000000E+005    0.628109025205E-001
    0.418020000000E+005    0.628518652980E-001
    0.418520000000E+005    0.628926907474E-001
    0.419020000000E+005    0.629333789772E-001
    0.419520000000E+005    0.629739300962E-001
    0.420020000000E+005    0.630143442137E-001
    0.420520000000E+005    0.630546214396E-001
    0.421020000000E+005    0.630947618840E-001
    0.421520000000E+005    0.631347656576E-001
    0.422020000000E+005    0.631746328714E-001
    0.422520000000E+005    0.632143636370E-001
    0.423020000000E+005    0.632539580663E-001
    0.423520000000E+005    0.632934162717E-001
    0.424020000000E+005    0.633327383660E-001
    0.424520000000E+005    0.633719244624E-001
    0.425020000000E+005    0.634109746745E-001
    0.425520000000E+005    0.634498891164E-001
    0.426020000000E+005    0.634886679025E-001
    0.426520000000E+005    0.635273111477E-001
    0.427020000000E+005    0.635658189673E-001
    0.427520000000E+005    0.636041914769E-001
    0.428020000000E+005    0.636424287926E-001
    0.428520000000E+005    0.636805310309E-001
    0.429020000000E+005    0.637184983086E-001
    0.429520000000E+005    0.637563307430E-001
    0.430020000000E+005    0.637940284519E-001
    0.430520000000E+005    0.638315915531E-001
    0.431020000000E+005    0.638690201651E-001
    0.431520000000E+005    0.639063144068E-001
    0.432020000000E+005    0.639434743972E-001
    0.432520000000E+005    0.639805002560E-001
    0.433020000000E+005    0.640173921031E-001
    0.433520000000E+005    0.640541500588E-001
    0.434020000000E+005    0.640907742438E-001
    0.434520000000E+005    0.641272647790E-001
    0.435020000000E+005    0.641636217859E-001
    0.435520000000E+005    0.641998453863E-001
    0.436020000000E+005    0.642359357022E-001
    0.436520000000E+005    0.642718928562E-001
    0.437020000000E+005    0.643077169710E-001
    0.437520000000E+005    0.643434081698E-001
    0.438020000000E+005    0.643789665761E-001
    0.438520000000E+005    0.644143923139E-001
    0.439020000000E+005    0.644496855073E-001
    0.439520000000E+005    0.644848462808E-001
    0.440020000000E+005    0.645198747594E-001
    0.440520000000E+005    0.645547710682E-001
    0.441020000000E+005    0.645895353328E-001
    0.441520000000E+005    0.646241676791E-001
    0.442020000000E+005    0.646586682333E-001
    0.442520000000E+005    0.646930371219E-001
    0.443020000000E+005    0.647272744718E-001
    0.443520000000E+005    0.647613804101E-001
    0.444020000000E+005    0.647953550644E-001
    0.444520000000E+005    0.648291985624E-001
    0.445020000000E+005    0.648629110323E-001
    0.445520000000E+005    0.648964926024E-001
    0.446020000000E+005    0.649299434016E-001
    0.446520000000E+005    0.649632635589E-001
    0.447020000000E+005    0.649964532036E-001
    0.447520000000E+005    0.650295124654E-001
    0.448020000000E+005    0.650624414741E-001
    0.448520000000E+005    0.650952403602E-001
    0.449020000000E+005    0.651279092540E-001
    0.449520000000E+005    0.651604482864E-001
    0.450020000000E+005    0.651928575886E-001
    0.450520000000E+005    0.652251372919E-001
    0.451020000000E+005    0.652572875280E-001
    0.451520000000E+005    0.652893084289E-001
    0.452020000000E+005    0.653212001268E-001
    0.452520000000E+005    0.653529627543E-001
    0.453020000000E+005    0.653845964442E-001
    0.453520000000E+005    0.654161013296E-001
    0.454020000000E+005    0.654474775437E-001
    0.454520000000E+005    0.654787252203E-001
    0.455020000000E+005    0.655098444932E-001
    0.455520000000E+005    0.655408354965E-001
    0.456020000000E+005    0.655716983647E-001
    0.456520000000E+005    0.656024332324E-001
    0.457020000000E+005    0.656330402346E-001
    0.457520000000E+005    0.656635195064E-001
    0.458020000000E+005    0.656938711834E-001
    0.458520000000E+005    0.657240954011E-001
    0.459020000000E+005    0.657541922955E-001
    0.459520000000E+005    0.657841620029E-001
    0.460020000000E+005    0.658140046596E-001
    0.460520000000E+005    0.658437204023E-001
    0.461020000000E+005    0.658733093680E-001
    0.461520000000E+005    0.659027716938E-001
    0.462020000000E+005    0.659321075171E-001
    0.462520000000E+005    0.659613169755E-001
    0.463020000000E+005    0.659904002069E-001
    0.463520000000E+005    0.660193573494E-001
    0.464020000000E+005    0.660481885413E-001
    0.464520000000E+005    0.660768939212E-001
    0.465020000000E+005    0.661054736278E-001
    0.465520000000E+005    0.661339278001E-001
    0.466020000000E+005    0.661622565774E-001
    0.466520000000E+005    0.661904600991E-001
    0.467020000000E+005    0.662185385048E-001
    0.467520000000E+005    0.662464919344E-001
    0.468020000000E+005    0.662743205281E-001
    0.468520000000E+005    0.663020244260E-001
    0.469020000000E+005    0.663296037687E-001
    0.469520000000E+005    0.663570586969E-001
    0.470020000000E+005    0.663843893515E-001
    0.470520000000E+005    0.664115958736E-001
    0.471020000000E+005    0.664386784046E-001
    0.471520000000E+005    0.664656370860E-001
    0.472020000000E+005    0.664924720595E-001
    0.472520000000E+005    0.665191834669E-001
    0.473020000000E+005    0.665457714505E-001
    0.473520000000E+005    0.665722361525E-001
    0.474020000000E+005    0.665985777154E-001
    0.474520000000E+005    0.666247962819E-001
    0.475020000000E+005    0.666508919948E-001
    0.475520000000E+005    0.666768649972E-001
    0.476020000000E+005    0.667027154323E-001
    0.476520000000E+005    0.667284434436E-001
    0.477020000000E+005    0.667540491745E-001
    0.477520000000E+005    0.667795327690E-001
    0.478020000000E+005    0.668048943709E-001
    0.478520000000E+005    0.668301341244E-001
    0.479020000000E+005    0.668552521738E-001
    0.479520000000E+005    0.668802486634E-001
    0.480020000000E+005    0.669051237380E-001
    0.480520000000E+005    0.669298775424E-001
    0.481020000000E+005    0.669545102214E-001
    0.481520000000E+005    0.669790219203E-001
    0.482020000000E+005    0.670034127843E-001
    0.482520000000E+005    0.670276829589E-001
    0.483020000000E+005    0.670518325897E-001
    0.483520000000E+005    0.670758618223E-001
    0.484020000000E+005    0.670997708029E-001
    0.484520000000E+005    0.671235596774E-001
    0.485020000000E+005    0.671472285920E-001
    0.485520000000E+005    0.671707776931E-001
    0.486020000000E+005    0.671942071273E-001
    0.486520000000E+005    0.672175170412E-001
    0.487020000000E+005    0.672407075816E-001
    0.487520000000E+005    0.672637788955E-001
    0.488020000000E+005    0.672867311300E-001
    0.488520000000E+005    0.673095644322E-001
    0.489020000000E+005    0.673322789497E-001
    0.489520000000E+005    0.673548748299E-001
    0.490020000000E+005    0.673773522204E-001
    0.490520000000E+005    0.673997112690E-001
    0.491020000000E+005    0.674219521237E-001
    0.491520000000E+005    0.674440749324E-001
    0.492020000000E+005    0.674660798434E-001
    0.492520000000E+005    0.674879670050E-001
    0.493020000000E+005    0.675097365655E-001
    0.493520000000E+005    0.675313886736E-001
    0.494020000000E+005    0.675529234779E-001
    0.494520000000E+005    0.675743411272E-001
    0.495020000000E+005    0.675956417704E-001
    0.495520000000E+005    0.676168255565E-001
    0.496020000000E+005    0.676378926348E-001
    0.496520000000E+005    0.676588431543E-001
    0.497020000000E+005    0.676796772647E-001
    0.497520000000E+005    0.677003951152E-001
    0.498020000000E+005    0.677209968555E-001
    0.498520000000E+005    0.677414826354E-001
    0.499020000000E+005    0.677618526047E-001
    0.499520000000E+005    0.677821069132E-001
    0.500020000000E+005    0.678022457109E-001
    0.500520000000E+005    0.678222691482E-001
    0.501020000000E+005    0.678421773750E-001
    0.501520000000E+005    0.678619705419E-001
    0.502020000000E+005    0.678816487992E-001
    0.502520000000E+005    0.679012122974E-001
    0.503020000000E+005    0.679206611873E-001
    0.503520000000E+005    0.679399956194E-001
    0.504020000000E+005    0.679592157446E-001
    0.504520000000E+005    0.679783217139E-001
    0.505020000000E+005    0.679973136781E-001
    0.505520000000E+005    0.680161917885E-001
    0.506020000000E+005    0.680349561961E-001
    0.506520000000E+005    0.680536070523E-001
    0.507020000000E+005    0.680721445084E-001
    0.507520000000E+005    0.680905687157E-001
    0.508020000000E+005    0.681088798259E-001
    0.508520000000E+005    0.681270779905E-001
    0.509020000000E+005    0.681451633611E-001
    0.509520000000E+005    0.681631360896E-001
    0.510020000000E+005    0.681809963278E-001
    0.510520000000E+005    0.681987442275E-001
    0.511020000000E+005    0.682163799408E-001
    0.511520000000E+005    0.682339036196E-001
    0.512020000000E+005    0.682513154162E-001
    0.512520000000E+005    0.682686154827E-001
    0.513020000000E+005    0.682858039713E-001
    0.513520000000E+005    0.683028810344E-001
    0.514020000000E+005    0.683198468244E-001
    0.514520000000E+005    0.683367014938E-001
    0.515020000000E+005    0.683534451951E-001
    0.515520000000E+005    0.683700780808E-001
    0.516020000000E+005    0.683866003036E-001
    0.516520000000E+005    0.684030120163E-001
    0.517020000000E+005    0.684193133716E-001
    0.517520000000E+005    0.684355045223E-001
    0.518020000000E+005    0.684515856213E-001
    0.518520000000E+005    0.684675568216E-001
    0.519020000000E+005    0.684834182761E-001
    0.519520000000E+005    0.684991701379E-001
    0.520020000000E+005    0.685148125601E-001
    0.520520000000E+005    0.685303456958E-001
    0.521020000000E+005    0.685457696983E-001
    0.521520000000E+005    0.685610847208E-001
    0.522020000000E+005    0.685762909166E-001
    0.522520000000E+005    0.685913884390E-001
    0.523020000000E+005    0.686063774414E-001
    0.523520000000E+005    0.686212580772E-001
    0.524020000000E+005    0.686360305000E-001
    0.524520000000E+005    0.686506948632E-001
    0.525020000000E+005    0.686652513204E-001
    0.525520000000E+005    0.686797000251E-001
    0.526020000000E+005    0.686940411310E-001
    0.526520000000E+005    0.687082747918E-001
    0.527020000000E+005    0.687224011612E-001
    0.527520000000E+005    0.687364203929E-001
    0.528020000000E+005    0.687503326407E-001
    0.528520000000E+005    0.687641380583E-001
    0.529020000000E+005    0.687778367996E-001
    0.529520000000E+005    0.687914290185E-001
    0.530020000000E+005    0.688049148689E-001
    0.530520000000E+005    0.688182945047E-001
    0.531020000000E+005    0.688315680798E-001
    0.531520000000E+005    0.688447357482E-001
    0.532020000000E+005    0.688577976639E-001
    0.532520000000E+005    0.688707539810E-001
    0.533020000000E+005    0.688836048534E-001
    0.533520000000E+005    0.688963504353E-001
    0.534020000000E+005    0.689089908806E-001
    0.534520000000E+005    0.689215263436E-001
    0.535020000000E+005    0.689339569784E-001
    0.535520000000E+005    0.689462829390E-001
    0.536020000000E+005    0.689585043797E-001
    0.536520000000E+005    0.689706214546E-001
    0.537020000000E+005    0.689826343180E-001
    0.537520000000E+005    0.689945431239E-001
    0.538020000000E+005    0.690063480266E-001
    0.538520000000E+005    0.690180491804E-001
    0.539020000000E+005    0.690296467395E-001
    0.539520000000E+005    0.690411408581E-001
    0.540020000000E+005    0.690525316905E-001
    0.540520000000E+005    0.690638193909E-001
    0.541020000000E+005    0.690750041136E-001
    0.541520000000E+005    0.690860860128E-001
    0.542020000000E+005    0.690970652429E-001
    0.542520000000E+005    0.691079419582E-001
    0.543020000000E+005    0.691187163128E-001
    0.543520000000E+005    0.691293884611E-001
    0.544020000000E+005    0.691399585574E-001
    0.544520000000E+005    0.691504267559E-001
    0.545020000000E+005    0.691607932110E-001
    0.545520000000E+005    0.691710580769E-001
    0.546020000000E+005    0.691812215078E-001
    0.546520000000E+005    0.691912836581E-001
    0.547020000000E+005    0.692012446821E-001
    0.547520000000E+005    0.692111047339E-001
    0.548020000000E+005    0.692208639678E-001
    0.548520000000E+005    0.692305225382E-001
    0.549020000000E+005    0.692400805991E-001
    0.549520000000E+005    0.692495383050E-001
    0.550020000000E+005    0.692588958098E-001
    0.550520000000E+005    0.692681532680E-001
    0.551020000000E+005    0.692773108336E-001
    0.551520000000E+005    0.692863686609E-001
    0.552020000000E+005    0.692953269040E-001
    0.552520000000E+005    0.693041857171E-001
    0.553020000000E+005    0.693129452542E-001
    0.553520000000E+005    0.693216056696E-001
    0.554020000000E+005    0.693301671173E-001
    0.554520000000E+005    0.693386297515E-001
    0.555020000000E+005    0.693469937261E-001
    0.555520000000E+005    0.693552591952E-001
    0.556020000000E+005    0.693634263129E-001
    0.556520000000E+005    0.693714952331E-001
    0.557020000000E+005    0.693794661099E-001
    0.557520000000E+005    0.693873390972E-001
    0.558020000000E+005    0.693951143489E-001
    0.558520000000E+005    0.694027920189E-001
    0.559020000000E+005    0.694103722611E-001
    0.559520000000E+005    0.694178552294E-001
    0.560020000000E+005    0.694252410776E-001
    0.560520000000E+005    0.694325299595E-001
    0.561020000000E+005    0.694397220289E-001
    0.561520000000E+005    0.694468174394E-001
    0.562020000000E+005    0.694538163449E-001
    0.562520000000E+005    0.694607188991E-001
    0.563020000000E+005    0.694675252554E-001
    0.563520000000E+005    0.694742355677E-001
    0.564020000000E+005    0.694808499894E-001
    0.564520000000E+005    0.694873686741E-001
    0.565020000000E+005    0.694937917753E-001
    0.565520000000E+005    0.695001194465E-001
    0.566020000000E+005    0.695063518411E-001
    0.566520000000E+005    0.695124891126E-001
    0.567020000000E+005    0.695185314143E-001
    0.567520000000E+005    0.695244788995E-001
    0.568020000000E+005    0.695303317215E-001
    0.568520000000E+005    0.695360900335E-001
    0.569020000000E+005    0.695417539888E-001
    0.569520000000E+005    0.695473237406E-001
    0.570020000000E+005    0.695527994419E-001
    0.570520000000E+005    0.695581812458E-001
    0.571020000000E+005    0.695634693053E-001
    0.571520000000E+005    0.695686637736E-001
    0.572020000000E+005    0.695737648034E-001
    0.572520000000E+005    0.695787725476E-001
    0.573020000000E+005    0.695836871593E-001
    0.573520000000E+005    0.695885087910E-001
    0.574020000000E+005    0.695932375957E-001
    0.574520000000E+005    0.695978737260E-001
    0.575020000000E+005    0.696024173345E-001
    0.575520000000E+005    0.696068685739E-001
    0.576020000000E+005    0.696112275967E-001
    0.576520000000E+005    0.696154945554E-001
    0.577020000000E+005    0.696196696025E-001
    0.577520000000E+005    0.696237528904E-001
    0.578020000000E+005    0.696277445714E-001
    0.578520000000E+005    0.696316447979E-001
    0.579020000000E+005    0.696354537219E-001
    0.579520000000E+005    0.696391714958E-001
    0.580020000000E+005    0.696427982717E-001
    0.580520000000E+005    0.696463342016E-001
    0.581020000000E+005    0.696497794375E-001
    0.581520000000E+005    0.696531341314E-001
    0.582020000000E+005    0.696563984352E-001
    0.582520000000E+005    0.696595725007E-001
    0.583020000000E+005    0.696626564798E-001
    0.583520000000E+005    0.696656505240E-001
    0.584020000000E+005    0.696685547850E-001
    0.584520000000E+005    0.696713694146E-001
    0.585020000000E+005    0.696740945641E-001
    0.585520000000E+005    0.696767303850E-001
    0.586020000000E+005    0.696792770288E-001
    0.586520000000E+005    0.696817346468E-001
    0.587020000000E+005    0.696841033903E-001
    0.587520000000E+005    0.696863834104E-001
    0.588020000000E+005    0.696885748583E-001
    0.588520000000E+005    0.696906778851E-001
    0.589020000000E+005    0.696926926418E-001
    0.589520000000E+005    0.696946192793E-001
    0.590020000000E+005    0.696964579486E-001
    0.590520000000E+005    0.696982088003E-001
    0.591020000000E+005    0.696998719853E-001
    0.591520000000E+005    0.697014476542E-001
    0.592020000000E+005    0.697029359576E-001
    0.592520000000E+005    0.697043370460E-001
    0.593020000000E+005    0.697056510699E-001
    0.593520000000E+005    0.697068781796E-001
    0.594020000000E+005    0.697080185255E-001
    0.594520000000E+005    0.697090722577E-001
    0.595020000000E+005    0.697100395265E-001
    0.595520000000E+005    0.697109204820E-001
    0.596020000000E+005    0.697117152740E-001
    0.596520000000E+005    0.697124240526E-001
    0.597020000000E+005    0.697130469677E-001
    0.597520000000E+005    0.697135841689E-001
    0.598020000000E+005    0.697140358061E-001
    0.598520000000E+005    0.697144020287E-001
    0.599020000000E+005    0.697146829865E-001
    0.599520000000E+005    0.697148788288E-001
    0.600020000000E+005    0.697149897050E-001
    0.600520000000E+005    0.697150157644E-001
    0.601020000000E+005    0.697149571564E-001
    0.601520000000E+005    0.697148140299E-001
    0.602020000000E+005    0.697145865341E-001
    0.602520000000E+005    0.697142748180E-001
    0.603020000000E+005    0.697138790305E-001
    0.603520000000E+005    0.697133993203E-001
    0.604020000000E+005    0.697128358363E-001
    0.604520000000E+005    0.697121887271E-001
    0.605020000000E+005    0.697114581412E-001
    0.605520000000E+005    0.697106442271E-001
    0.606020000000E+005    0.697097471333E-001
    0.606520000000E+005    0.697087670080E-001
    0.607020000000E+005    0.697077039995E-001
    0.607520000000E+005    0.697065582560E-001
    0.608020000000E+005    0.697053299253E-001
    0.608520000000E+005    0.697040191556E-001
    0.609020000000E+005    0.697026260948E-001
    0.609520000000E+005    0.697011508905E-001
    0.610020000000E+005    0.696995936905E-001
    0.610520000000E+005    0.696979546425E-001
    0.611020000000E+005    0.696962338938E-001
    0.611520000000E+005    0.696944315921E-001
    0.612020000000E+005    0.696925478845E-001
    0.612520000000E+005    0.696905829184E-001
    0.613020000000E+005    0.696885368409E-001
    0.613520000000E+005    0.696864097991E-001
    0.614020000000E+005    0.696842019400E-001
    0.614520000000E+005    0.696819134104E-001
    0.615020000000E+005    0.696795443571E-001
    0.615520000000E+005    0.696770949268E-001
    0.616020000000E+005    0.696745652661E-001
    0.616520000000E+005    0.696719555216E-001
    0.617020000000E+005    0.696692658396E-001
    0.617520000000E+005    0.696664963664E-001
    0.618020000000E+005    0.696636472483E-001
    0.618520000000E+005    0.696607186313E-001
    0.619020000000E+005    0.696577106616E-001
    0.619520000000E+005    0.696546234850E-001
    0.620020000000E+005    0.696514572474E-001
    0.620520000000E+005    0.696482120944E-001
    0.621020000000E+005    0.696448881719E-001
    0.621520000000E+005    0.696414856251E-001
    0.622020000000E+005    0.696380045997E-001
    0.622520000000E+005    0.696344452410E-001
    0.623020000000E+005    0.696308076941E-001
    0.623520000000E+005    0.696270921043E-001
    0.624020000000E+005    0.696232986165E-001
    0.624520000000E+005    0.696194273757E-001
    0.625020000000E+005    0.696154785267E-001
    0.625520000000E+005    0.696114522143E-001
    0.626020000000E+005    0.696073485831E-001
    0.626520000000E+005    0.696031677776E-001
    0.627020000000E+005    0.695989099423E-001
    0.627520000000E+005    0.695945752214E-001
    0.628020000000E+005    0.695901637592E-001
    0.628520000000E+005    0.695856756999E-001
    0.629020000000E+005    0.695811111873E-001
    0.629520000000E+005    0.695764703655E-001
    0.630020000000E+005    0.695717533782E-001
    0.630520000000E+005    0.695669603691E-001
    0.631020000000E+005    0.695620914818E-001
    0.631520000000E+005    0.695571468598E-001
    0.632020000000E+005    0.695521266465E-001
    0.632520000000E+005    0.695470309851E-001
    0.633020000000E+005    0.695418600189E-001
    0.633520000000E+005    0.695366138908E-001
    0.634020000000E+005    0.695312927438E-001
    0.634520000000E+005    0.695258967207E-001
    0.635020000000E+005    0.695204259643E-001
    0.635520000000E+005    0.695148806173E-001
    0.636020000000E+005    0.695092608220E-001
    0.636520000000E+005    0.695035667210E-001
    0.637020000000E+005    0.694977984565E-001
    0.637520000000E+005    0.694919561707E-001
    0.638020000000E+005    0.694860400057E-001
    0.638520000000E+005    0.694800501034E-001
    0.639020000000E+005    0.694739866058E-001
    0.639520000000E+005    0.694678496544E-001
    0.640020000000E+005    0.694616393911E-001
    0.640520000000E+005    0.694553559572E-001
    0.641020000000E+005    0.694489994942E-001
    0.641520000000E+005    0.694425701434E-001
    0.642020000000E+005    0.694360680460E-001
    0.642520000000E+005    0.694294933430E-001
    0.643020000000E+005    0.694228461754E-001
    0.643520000000E+005    0.694161266840E-001
    0.644020000000E+005    0.694093350096E-001
    0.644520000000E+005    0.694024712927E-001
    0.645020000000E+005    0.693955356740E-001
    0.645520000000E+005    0.693885282936E-001
    0.646020000000E+005    0.693814492920E-001
    0.646520000000E+005    0.693742988093E-001
    0.647020000000E+005    0.693670769855E-001
    0.647520000000E+005    0.693597839605E-001
    0.648020000000E+005    0.693524198741E-001
    0.648520000000E+005    0.693449848661E-001
    0.649020000000E+005    0.693374790759E-001
    0.649520000000E+005    0.693299026431E-001
    0.650020000000E+005    0.693222557070E-001
    0.650520000000E+005    0.693145384068E-001
    0.651020000000E+005    0.693067508816E-001
    0.651520000000E+005    0.692988932703E-001
    0.652020000000E+005    0.692909657120E-001
    0.652520000000E+005    0.692829683452E-001
    0.653020000000E+005    0.692749013086E-001
    0.653520000000E+005    0.692667647408E-001
    0.654020000000E+005    0.692585587801E-001
    0.654520000000E+005    0.692502835648E-001
    0.655020000000E+005    0.692419392330E-001
    0.655520000000E+005    0.692335259229E-001
    0.656020000000E+005    0.692250437721E-001
    0.656520000000E+005    0.692164929187E-001
    0.657020000000E+005    0.692078735002E-001
    0.657520000000E+005    0.691991856541E-001
    0.658020000000E+005    0.691904295180E-001
    0.658520000000E+005    0.691816052291E-001
    0.659020000000E+005    0.691727129246E-001
    0.659520000000E+005    0.691637527415E-001
    0.660020000000E+005    0.691547248168E-001
    0.660520000000E+005    0.691456292873E-001
    0.661020000000E+005    0.691364662897E-001
    0.661520000000E+005    0.691272359605E-001
    0.662020000000E+005    0.691179384363E-001
    0.662520000000E+005    0.691085738533E-001
    0.663020000000E+005    0.690991423477E-001
    0.663520000000E+005    0.690896440556E-001
    0.664020000000E+005    0.690800791130E-001
    0.664520000000E+005    0.690704476557E-001
    0.665020000000E+005    0.690607498193E-001
    0.665520000000E+005    0.690509857395E-001
    0.666020000000E+005    0.690411555517E-001
    0.666520000000E+005    0.690312593912E-001
    0.667020000000E+005    0.690212973933E-001
    0.667520000000E+005    0.690112696930E-001
    0.668020000000E+005    0.690011764253E-001
    0.668520000000E+005    0.689910177250E-001
    0.669020000000E+005    0.689807937267E-001
    0.669520000000E+005    0.689705045652E-001
    0.670020000000E+005    0.689601503747E-001
    0.670520000000E+005    0.689497312897E-001
    0.671020000000E+005    0.689392474443E-001
    0.671520000000E+005    0.689286989726E-001
    0.672020000000E+005    0.689180860085E-001
    0.672520000000E+005    0.689074086858E-001
    0.673020000000E+005    0.688966671383E-001
    0.673520000000E+005    0.688858614994E-001
    0.674020000000E+005    0.688749919027E-001
    0.674520000000E+005    0.688640584813E-001
    0.675020000000E+005    0.688530613686E-001
    0.675520000000E+005    0.688420006974E-001
    0.676020000000E+005    0.688308766008E-001
    0.676520000000E+005    0.688196892115E-001
    0.677020000000E+005    0.688084386621E-001
    0.677520000000E+005    0.687971250853E-001
    0.678020000000E+005    0.687857486134E-001
    0.678520000000E+005    0.687743093786E-001
    0.679020000000E+005    0.687628075131E-001
    0.679520000000E+005    0.687512431489E-001
    0.680020000000E+005    0.687396164179E-001
    0.680520000000E+005    0.687279274519E-001
    0.681020000000E+005    0.687161763824E-001
    0.681520000000E+005    0.687043633409E-001
    0.682020000000E+005    0.686924884588E-001
    0.682520000000E+005    0.686805518674E-001
    0.683020000000E+005    0.686685536977E-001
    0.683520000000E+005    0.686564940806E-001
    0.684020000000E+005    0.686443731470E-001
    0.684520000000E+005    0.686321910277E-001
    0.685020000000E+005    0.686199478531E-001
    0.685520000000E+005    0.686076437538E-001
    0.686020000000E+005    0.685952788599E-001
    0.686520000000E+005    0.685828533018E-001
    0.687020000000E+005    0.685703672094E-001
    0.687520000000E+005    0.685578207126E-001
    0.688020000000E+005    0.685452139413E-001
    0.688520000000E+005    0.685325470250E-001
    0.689020000000E+005    0.685198200933E-001
    0.689520000000E+005    0.685070332755E-001
    0.690020000000E+005    0.684941867010E-001
    0.690520000000E+005    0.684812804987E-001
    0.691020000000E+005    0.684683147978E-001
    0.691520000000E+005    0.684552897270E-001
    0.692020000000E+005    0.684422054150E-001
    0.692520000000E+005    0.684290619904E-001
    0.693020000000E+005    0.684158595817E-001
    0.693520000000E+005    0.684025983172E-001
    0.694020000000E+005    0.683892783250E-001
    0.694520000000E+005    0.683758997333E-001
    0.695020000000E+005    0.683624626698E-001
    0.695520000000E+005    0.683489672624E-001
    0.696020000000E+005    0.683354136387E-001
    0.696520000000E+005    0.683218019263E-001
    0.697020000000E+005    0.683081322524E-001
    0.697520000000E+005    0.682944047444E-001
    0.698020000000E+005    0.682806195293E-001
    0.698520000000E+005    0.682667767341E-001
    0.699020000000E+005    0.682528764856E-001
    0.699520000000E+005    0.682389189105E-001
    0.700020000000E+005    0.682249041354E-001
    0.700520000000E+005    0.682108322867E-001
    0.701020000000E+005    0.681967034907E-001
    0.701520000000E+005    0.681825178735E-001
    0.702020000000E+005    0.681682755612E-001
    0.702520000000E+005    0.681539766796E-001
    0.703020000000E+005    0.681396213545E-001
    0.703520000000E+005    0.681252097115E-001
    0.704020000000E+005    0.681107418761E-001
    0.704520000000E+005    0.680962179735E-001
    0.705020000000E+005    0.680816381291E-001
    0.705520000000E+005    0.680670024678E-001
    0.706020000000E+005    0.680523111146E-001
    0.706520000000E+005    0.680375641942E-001
    0.707020000000E+005    0.680227618314E-001
    0.707520000000E+005    0.680079041507E-001
    0.708020000000E+005    0.679929912763E-001
    0.708520000000E+005    0.679780233327E-001
    0.709020000000E+005    0.679630004438E-001
    0.709520000000E+005    0.679479227336E-001
    0.710020000000E+005    0.679327903261E-001
    0.710520000000E+005    0.679176033447E-001
    0.711020000000E+005    0.679023619132E-001
    0.711520000000E+005    0.678870661550E-001
    0.712020000000E+005    0.678717161933E-001
    0.712520000000E+005    0.678563121512E-001
    0.713020000000E+005    0.678408541518E-001
    0.713520000000E+005    0.678253423179E-001
    0.714020000000E+005    0.678097767723E-001
    0.714520000000E+005    0.677941576376E-001
    0.715020000000E+005    0.677784850362E-001
    0.715520000000E+005    0.677627590904E-001
    0.716020000000E+005    0.677469799224E-001
    0.716520000000E+005    0.677311476542E-001
    0.717020000000E+005    0.677152624078E-001
    0.717520000000E+005    0.676993243049E-001
    0.718020000000E+005    0.676833334671E-001
    0.718520000000E+005    0.676672900160E-001
    0.719020000000E+005    0.676511940728E-001
    0.719520000000E+005    0.676350457587E-001
    0.720020000000E+005    0.676188451950E-001
    0.720520000000E+005    0.676025925023E-001
    0.721020000000E+005    0.675862878017E-001
    0.721520000000E+005    0.675699312137E-001
    0.722020000000E+005    0.675535228588E-001
    0.722520000000E+005    0.675370628574E-001
    0.723020000000E+005    0.675205513297E-001
    0.723520000000E+005    0.675039883959E-001
    0.724020000000E+005    0.674873741759E-001
    0.724520000000E+005    0.674707087894E-001
    0.725020000000E+005    0.674539923563E-001
    0.725520000000E+005    0.674372249960E-001
    0.726020000000E+005    0.674204068280E-001
    0.726520000000E+005    0.674035379714E-001
    0.727020000000E+005    0.673866185455E-001
    0.727520000000E+005    0.673696486692E-001
    0.728020000000E+005    0.673526284613E-001
    0.728520000000E+005    0.673355580405E-001
    0.729020000000E+005    0.673184375255E-001
    0.729520000000E+005    0.673012670346E-001
    0.730020000000E+005    0.672840466861E-001
    0.730520000000E+005    0.672667765982E-001
    0.731020000000E+005    0.672494568888E-001
    0.731520000000E+005    0.672320876759E-001
    0.732020000000E+005    0.672146690771E-001
    0.732520000000E+005    0.671972012101E-001
    0.733020000000E+005    0.671796841923E-001
    0.733520000000E+005    0.671621181409E-001
    0.734020000000E+005    0.671445031732E-001
    0.734520000000E+005    0.671268394062E-001
    0.735020000000E+005    0.671091269568E-001
    0.735520000000E+005    0.670913659417E-001
    0.736020000000E+005    0.670735564774E-001
    0.736520000000E+005    0.670556986806E-001
    0.737020000000E+005    0.670377926675E-001
    0.737520000000E+005    0.670198385543E-001
    0.738020000000E+005    0.670018364570E-001
    0.738520000000E+005    0.669837864915E-001
    0.739020000000E+005    0.669656887736E-001
    0.739520000000E+005    0.669475434190E-001
    0.740020000000E+005    0.669293505431E-001
    0.740520000000E+005    0.669111102612E-001
    0.741020000000E+005    0.668928226886E-001
    0.741520000000E+005    0.668744879403E-001
    0.742020000000E+005    0.668561061312E-001
    0.742520000000E+005    0.668376773762E-001
    0.743020000000E+005    0.668192017898E-001
    0.743520000000E+005    0.668006794866E-001
    0.744020000000E+005    0.667821105808E-001
    0.744520000000E+005    0.667634951869E-001
    0.745020000000E+005    0.667448334187E-001
    0.745520000000E+005    0.667261253903E-001
    0.746020000000E+005    0.667073712154E-001
    0.746520000000E+005    0.666885710077E-001
    0.747020000000E+005    0.666697248808E-001
    0.747520000000E+005    0.666508329480E-001
    0.748020000000E+005    0.666318953225E-001
    0.748520000000E+005    0.666129121174E-001
    0.749020000000E+005    0.665938834457E-001
    0.749520000000E+005    0.665748094202E-001
    0.750020000000E+005    0.665556901536E-001
    0.750520000000E+005    0.665365257584E-001
    0.751020000000E+005    0.665173163470E-001
    0.751520000000E+005    0.664980620316E-001
    0.752020000000E+005    0.664787629243E-001
    0.752520000000E+005    0.664594191372E-001
    0.753020000000E+005    0.664400307821E-001
    0.753520000000E+005    0.664205979706E-001
    0.754020000000E+005    0.664011208143E-001
    0.754520000000E+005    0.663815994245E-001
    0.755020000000E+005    0.663620339127E-001
    0.755520000000E+005    0.663424243898E-001
    0.756020000000E+005    0.663227709669E-001
    0.756520000000E+005    0.663030737548E-001
    0.757020000000E+005    0.662833328643E-001
    0.757520000000E+005    0.662635484058E-001
    0.758020000000E+005    0.662437204898E-001
    0.758520000000E+005    0.662238492267E-001
    0.759020000000E+005    0.662039347265E-001
    0.759520000000E+005    0.661839770992E-001
    0.760020000000E+005    0.661639764547E-001
    0.760520000000E+005    0.661439329027E-001
    0.761020000000E+005    0.661238465528E-001
    0.761520000000E+005    0.661037175144E-001
    0.762020000000E+005    0.660835458969E-001
    0.762520000000E+005    0.660633318094E-001
    0.763020000000E+005    0.660430753608E-001
    0.763520000000E+005    0.660227766602E-001
    0.764020000000E+005    0.660024358162E-001
    0.764520000000E+005    0.659820529374E-001
    0.765020000000E+005    0.659616281323E-001
    0.765520000000E+005    0.659411615091E-001
    0.766020000000E+005    0.659206531761E-001
    0.766520000000E+005    0.659001032414E-001
    0.767020000000E+005    0.658795118127E-001
    0.767520000000E+005    0.658588789978E-001
    0.768020000000E+005    0.658382049044E-001
    0.768520000000E+005    0.658174896400E-001
    0.769020000000E+005    0.657967333118E-001
    0.769520000000E+005    0.657759360271E-001
    0.770020000000E+005    0.657550978928E-001
    0.770520000000E+005    0.657342190160E-001
    0.771020000000E+005    0.657132995034E-001
    0.771520000000E+005    0.656923394616E-001
    0.772020000000E+005    0.656713389971E-001
    0.772520000000E+005    0.656502982163E-001
    0.773020000000E+005    0.656292172254E-001
    0.773520000000E+005    0.656080961304E-001
    0.774020000000E+005    0.655869350373E-001
    0.774520000000E+005    0.655657340519E-001
    0.775020000000E+005    0.655444932797E-001
    0.775520000000E+005    0.655232128265E-001
    0.776020000000E+005    0.655018927974E-001
    0.776520000000E+005    0.654805332977E-001
    0.777020000000E+005    0.654591344326E-001
    0.777520000000E+005    0.654376963070E-001
    0.778020000000E+005    0.654162190256E-001
    0.778520000000E+005    0.653947026933E-001
    0.779020000000E+005    0.653731474144E-001
    0.779520000000E+005    0.653515532934E-001
    0.780020000000E+005    0.653299204345E-001
    0.780520000000E+005    0.653082489419E-001
    0.781020000000E+005    0.652865389195E-001
    0.781520000000E+005    0.652647904712E-001
    0.782020000000E+005    0.652430037007E-001
    0.782520000000E+005    0.652211787114E-001
    0.783020000000E+005    0.651993156069E-001
    0.783520000000E+005    0.651774144904E-001
    0.784020000000E+005    0.651554754650E-001
    0.784520000000E+005    0.651334986338E-001
    0.785020000000E+005    0.651114840996E-001
    0.785520000000E+005    0.650894319650E-001
    0.786020000000E+005    0.650673423328E-001
    0.786520000000E+005    0.650452153053E-001
    0.787020000000E+005    0.650230509849E-001
    0.787520000000E+005    0.650008494736E-001
    0.788020000000E+005    0.649786108736E-001
    0.788520000000E+005    0.649563352867E-001
    0.789020000000E+005    0.649340228147E-001
    0.789520000000E+005    0.649116735591E-001
    0.790020000000E+005    0.648892876214E-001
    0.790520000000E+005    0.648668651030E-001
    0.791020000000E+005    0.648444061051E-001
    0.791520000000E+005    0.648219107286E-001
    0.792020000000E+005    0.647993790746E-001
    0.792520000000E+005    0.647768112437E-001
    0.793020000000E+005    0.647542073367E-001
    0.793520000000E+005    0.647315674540E-001
    0.794020000000E+005    0.647088916960E-001
    0.794520000000E+005    0.646861801629E-001
    0.795020000000E+005    0.646634329547E-001
    0.795520000000E+005    0.646406501715E-001
    0.796020000000E+005    0.646178319131E-001
    0.796520000000E+005    0.645949782790E-001
    0.797020000000E+005    0.645720893688E-001
    0.797520000000E+005    0.645491652820E-001
    0.798020000000E+005    0.645262061178E-001
    0.798520000000E+005    0.645032119752E-001
    0.799020000000E+005    0.644801829533E-001
    0.799520000000E+005    0.644571191509E-001
    0.800020000000E+005    0.644340206667E-001
    0.800520000000E+005    0.644108875993E-001
    0.801020000000E+005    0.643877200471E-001
    0.801520000000E+005    0.643645181083E-001
    0.802020000000E+005    0.643412818812E-001
    0.802520000000E+005    0.643180114638E-001
    0.803020000000E+005    0.642947069538E-001
    0.803520000000E+005    0.642713684492E-001
    0.804020000000E+005    0.642479960473E-001
    0.804520000000E+005    0.642245898458E-001
    0.805020000000E+005    0.642011499420E-001
    0.805520000000E+005    0.641776764330E-001
    0.806020000000E+005    0.641541694159E-001
    0.806520000000E+005    0.641306289876E-001
    0.807020000000E+005    0.641070552449E-001
    0.807520000000E+005    0.640834482844E-001
    0.808020000000E+005    0.640598082027E-001
    0.808520000000E+005    0.640361350960E-001
    0.809020000000E+005    0.640124290607E-001
    0.809520000000E+005    0.639886901928E-001
    0.810020000000E+005    0.639649185882E-001
    0.810520000000E+005    0.639411143429E-001
    0.811020000000E+005    0.639172775525E-001
    0.811520000000E+005    0.638934083124E-001
    0.812020000000E+005    0.638695067183E-001
    0.812520000000E+005    0.638455728652E-001
    0.813020000000E+005    0.638216068484E-001
    0.813520000000E+005    0.637976087629E-001
    0.814020000000E+005    0.637735787035E-001
    0.814520000000E+005    0.637495167649E-001
    0.815020000000E+005    0.637254230418E-001
    0.815520000000E+005    0.637012976287E-001
    0.816020000000E+005    0.636771406197E-001
    0.816520000000E+005    0.636529521092E-001
    0.817020000000E+005    0.636287321911E-001
    0.817520000000E+005    0.636044809595E-001
    0.818020000000E+005    0.635801985080E-001
    0.818520000000E+005    0.635558849303E-001
    0.819020000000E+005    0.635315403199E-001
    0.819520000000E+005    0.635071647702E-001
    0.820020000000E+005    0.634827583745E-001
    0.820520000000E+005    0.634583212258E-001
    0.821020000000E+005    0.634338534172E-001
    0.821520000000E+005    0.634093550413E-001
    0.822020000000E+005    0.633848261910E-001
    0.822520000000E+005    0.633602669589E-001
    0.823020000000E+005    0.633356774372E-001
    0.823520000000E+005    0.633110577184E-001
    0.824020000000E+005    0.632864078946E-001
    0.824520000000E+005    0.632617280578E-001
    0.825020000000E+005    0.632370182999E-001
    0.825520000000E+005    0.632122787126E-001
    0.826020000000E+005    0.631875093877E-001
    0.826520000000E+005    0.631627104165E-001
    0.827020000000E+005    0.631378818904E-001
    0.827520000000E+005    0.631130239007E-001
    0.828020000000E+005    0.630881365384E-001
    0.828520000000E+005    0.630632198945E-001
    0.829020000000E+005    0.630382740598E-001
    0.829520000000E+005    0.630132991250E-001
    0.830020000000E+005    0.629882951806E-001
    0.830520000000E+005    0.629632623171E-001
    0.831020000000E+005    0.629382006247E-001
    0.831520000000E+005    0.629131101936E-001
    0.832020000000E+005    0.628879911138E-001
    0.832520000000E+005    0.628628434751E-001
    0.833020000000E+005    0.628376673674E-001
    0.833520000000E+005    0.628124628802E-001
    0.834020000000E+005    0.627872301031E-001
    0.834520000000E+005    0.627619691254E-001
    0.835020000000E+005    0.627366800362E-001
    0.835520000000E+005    0.627113629247E-001
    0.836020000000E+005    0.626860178799E-001
    0.836520000000E+005    0.626606449905E-001
    0.837020000000E+005    0.626352443452E-001
    0.837520000000E+005    0.626098160327E-001
    0.838020000000E+005    0.625843601412E-001
    0.838520000000E+005    0.625588767592E-001
    0.839020000000E+005    0.625333659747E-001
    0.839520000000E+005    0.625078278758E-001
    0.840020000000E+005    0.624822625504E-001
    0.840520000000E+005    0.624566700863E-001
    0.841020000000E+005    0.624310505710E-001
    0.841520000000E+005    0.624054040920E-001
    0.842020000000E+005    0.623797307368E-001
    0.842520000000E+005    0.623540305926E-001
    0.843020000000E+005    0.623283037465E-001
    0.843520000000E+005    0.623025502853E-001
    0.844020000000E+005    0.622767702961E-001
    0.844520000000E+005    0.622509638654E-001
    0.845020000000E+005    0.622251310799E-001
    0.845520000000E+005    0.621992720261E-001
    0.846020000000E+005    0.621733867901E-001
    0.846520000000E+005    0.621474754583E-001
    0.847020000000E+005    0.621215381166E-001
    0.847520000000E+005    0.620955748510E-001
    0.848020000000E+005    0.620695857473E-001
    0.848520000000E+005    0.620435708911E-001
    0.849020000000E+005    0.620175303680E-001
    0.849520000000E+005    0.619914642633E-001
    0.850020000000E+005    0.619653726624E-001
    0.850520000000E+005    0.619392556504E-001
    0.851020000000E+005    0.619131133123E-001
    0.851520000000E+005    0.618869457330E-001
    0.852020000000E+005    0.618607529971E-001
    0.852520000000E+005    0.618345351894E-001
    0.853020000000E+005    0.618082923944E-001
    0.853520000000E+005    0.617820246963E-001
    0.854020000000E+005    0.617557321795E-001
    0.854520000000E+005    0.617294149279E-001
    0.855020000000E+005    0.617030730257E-001
    0.855520000000E+005    0.616767065567E-001
    0.856020000000E+005    0.616503156044E-001
    0.856520000000E+005    0.616239002526E-001
    0.857020000000E+005    0.615974605848E-001
    0.857520000000E+005    0.615709966841E-001
    0.858020000000E+005    0.615445086339E-001
    0.858520000000E+005    0.615179965171E-001
    0.859020000000E+005    0.614914604168E-001
    0.859520000000E+005    0.614649004157E-001
    0.860020000000E+005    0.614383165966E-001
    0.860520000000E+005    0.614117090419E-001
    0.861020000000E+005    0.613850778342E-001
    0.861520000000E+005    0.613584230556E-001
    0.862020000000E+005    0.613317447885E-001
    0.862520000000E+005    0.613050431147E-001
    0.863020000000E+005    0.612783181164E-001
    0.863520000000E+005    0.612515698751E-001
    0.864020000000E+005    0.612247984726E-001
    0.864520000000E+005    0.611980039905E-001
    0.865020000000E+005    0.611711865101E-001
    0.865520000000E+005    0.611443461127E-001
    0.866020000000E+005    0.611174828794E-001
    0.866520000000E+005    0.610905968914E-001
    0.867020000000E+005    0.610636882294E-001
    0.867520000000E+005    0.610367569742E-001
    0.868020000000E+005    0.610098032066E-001
    0.868520000000E+005    0.609828270069E-001
    0.869020000000E+005    0.609558284557E-001
    0.869520000000E+005    0.609288076331E-001
    0.870020000000E+005    0.609017646193E-001
    0.870520000000E+005    0.608746994943E-001
    0.871020000000E+005    0.608476123380E-001
    0.871520000000E+005    0.608205032302E-001
    0.872020000000E+005    0.607933722504E-001
    0.872520000000E+005    0.607662194782E-001
    0.873020000000E+005    0.607390449930E-001
    0.873520000000E+005    0.607118488740E-001
    0.874020000000E+005    0.606846312003E-001
    0.874520000000E+005    0.606573920510E-001
    0.875020000000E+005    0.606301315049E-001
    0.875520000000E+005    0.606028496408E-001
    0.876020000000E+005    0.605755465373E-001
    0.876520000000E+005    0.605482222729E-001
    0.877020000000E+005    0.605208769260E-001
    0.877520000000E+005    0.604935105749E-001
    0.878020000000E+005    0.604661232976E-001
    0.878520000000E+005    0.604387151722E-001
    0.879020000000E+005    0.604112862765E-001
    0.879520000000E+005    0.603838366883E-001
    0.880020000000E+005    0.603563664852E-001
    0.880520000000E+005    0.603288757448E-001
    0.881020000000E+005    0.603013645444E-001
    0.881520000000E+005    0.602738329613E-001
    0.882020000000E+005    0.602462810725E-001
    0.882520000000E+005    0.602187089552E-001
    0.883020000000E+005    0.601911166861E-001
    0.883520000000E+005    0.601635043422E-001
    0.884020000000E+005    0.601358719999E-001
    0.884520000000E+005    0.601082197358E-001
    0.885020000000E+005    0.600805476263E-001
    0.885520000000E+005    0.600528557477E-001
    0.886020000000E+005    0.600251441761E-001
    0.886520000000E+005    0.599974129875E-001
    0.887020000000E+005    0.599696622579E-001
    0.887520000000E+005    0.599418920630E-001
    0.888020000000E+005    0.599141024784E-001
    0.888520000000E+005    0.598862935797E-001
    0.889020000000E+005    0.598584654423E-001
    0.889520000000E+005    0.598306181415E-001
    0.890020000000E+005    0.598027517524E-001
    0.890520000000E+005    0.597748663501E-001
    0.891020000000E+005    0.597469620096E-001
    0.891520000000E+005    0.597190388055E-001
    0.892020000000E+005    0.596910968126E-001
    0.892520000000E+005    0.596631361054E-001
    0.893020000000E+005    0.596351567584E-001
    0.893520000000E+005    0.596071588459E-001
    0.894020000000E+005    0.595791424420E-001
    0.894520000000E+005    0.595511076208E-001
    0.895020000000E+005    0.595230544564E-001
    0.895520000000E+005    0.594949830224E-001
    0.896020000000E+005    0.594668933926E-001
    0.896520000000E+005    0.594387856406E-001
    0.897020000000E+005    0.594106598399E-001
    0.897520000000E+005    0.593825160637E-001
    0.898020000000E+005    0.593543543853E-001
    0.898520000000E+005    0.593261748779E-001
    0.899020000000E+005    0.592979776144E-001
    0.899520000000E+005    0.592697626676E-001
    0.900020000000E+005    0.592415301102E-001
    0.900520000000E+005    0.592132800150E-001
    0.901020000000E+005    0.591850124545E-001
    0.901520000000E+005    0.591567275009E-001
    0.902020000000E+005    0.591284252265E-001
    0.902520000000E+005    0.591001057036E-001
    0.903020000000E+005    0.590717690040E-001
    0.903520000000E+005    0.590434151998E-001
    0.904020000000E+005    0.590150443627E-001
    0.904520000000E+005    0.589866565643E-001
    0.905020000000E+005    0.589582518762E-001
    0.905520000000E+005    0.589298303699E-001
    0.906020000000E+005    0.589013921166E-001
    0.906520000000E+005    0.588729371876E-001
    0.907020000000E+005    0.588444656538E-001
    0.907520000000E+005    0.588159775863E-001
    0.908020000000E+005    0.587874730559E-001
    0.908520000000E+005    0.587589521333E-001
    0.909020000000E+005    0.587304148890E-001
    0.909520000000E+005    0.587018613936E-001
    0.910020000000E+005    0.586732917175E-001
    0.910520000000E+005    0.586447059309E-001
    0.911020000000E+005    0.586161041038E-001
    0.911520000000E+005    0.585874863063E-001
    0.912020000000E+005    0.585588526084E-001
    0.912520000000E+005    0.585302030797E-001
    0.913020000000E+005    0.585015377899E-001
    0.913520000000E+005    0.584728568086E-001
    0.914020000000E+005    0.584441602052E-001
    0.914520000000E+005    0.584154480490E-001
    0.915020000000E+005    0.583867204092E-001
    0.915520000000E+005    0.583579773548E-001
    0.916020000000E+005    0.583292189548E-001
    0.916520000000E+005    0.583004452780E-001
    0.917020000000E+005    0.582716563933E-001
    0.917520000000E+005    0.582428523690E-001
    0.918020000000E+005    0.582140332739E-001
    0.918520000000E+005    0.581851991762E-001
    0.919020000000E+005    0.581563501441E-001
    0.919520000000E+005    0.581274862459E-001
    0.920020000000E+005    0.580986075495E-001
    0.920520000000E+005    0.580697141229E-001
    0.921020000000E+005    0.580408060339E-001
    0.921520000000E+005    0.580118833501E-001
    0.922020000000E+005    0.579829461391E-001
    0.922520000000E+005    0.579539944684E-001
    0.923020000000E+005    0.579250284053E-001
    0.923520000000E+005    0.578960480169E-001
    0.924020000000E+005    0.578670533705E-001
    0.924520000000E+005    0.578380445330E-001
    0.925020000000E+005    0.578090215712E-001
    0.925520000000E+005    0.577799845520E-001
    0.926020000000E+005    0.577509335420E-001
    0.926520000000E+005    0.577218686077E-001
    0.927020000000E+005    0.576927898155E-001
    0.927520000000E+005    0.576636972318E-001
    0.928020000000E+005    0.576345909227E-001
    0.928520000000E+005    0.576054709544E-001
    0.929020000000E+005    0.575763373927E-001
    0.929520000000E+005    0.575471903035E-001
    0.930020000000E+005    0.575180297526E-001
    0.930520000000E+005    0.574888558055E-001
    0.931020000000E+005    0.574596685279E-001
    0.931520000000E+005    0.574304679850E-001
    0.932020000000E+005    0.574012542423E-001
    0.932520000000E+005    0.573720273647E-001
    0.933020000000E+005    0.573427874175E-001
    0.933520000000E+005    0.573135344656E-001
    0.934020000000E+005    0.572842685737E-001
    0.934520000000E+005    0.572549898066E-001
    0.935020000000E+005    0.572256982289E-001
    0.935520000000E+005    0.571963939052E-001
    0.936020000000E+005    0.571670768997E-001
    0.936520000000E+005    0.571377472769E-001
    0.937020000000E+005    0.571084051007E-001
    0.937520000000E+005    0.570790504354E-001
    0.938020000000E+005    0.570496833447E-001
    0.938520000000E+005    0.570203038926E-001
    0.939020000000E+005    0.569909121428E-001
    0.939520000000E+005    0.569615081588E-001
    0.940020000000E+005    0.569320920042E-001
    0.940520000000E+005    0.569026637424E-001
    0.941020000000E+005    0.568732234365E-001
    0.941520000000E+005    0.568437711499E-001
    0.942020000000E+005    0.568143069454E-001
    0.942520000000E+005    0.567848308861E-001
    0.943020000000E+005    0.567553430349E-001
    0.943520000000E+005    0.567258434543E-001
    0.944020000000E+005    0.566963322070E-001
    0.944520000000E+005    0.566668093556E-001
    0.945020000000E+005    0.566372749624E-001
    0.945520000000E+005    0.566077290896E-001
    0.946020000000E+005    0.565781717996E-001
    0.946520000000E+005    0.565486031542E-001
    0.947020000000E+005    0.565190232155E-001
    0.947520000000E+005    0.564894320453E-001
    0.948020000000E+005    0.564598297054E-001
    0.948520000000E+005    0.564302162573E-001
    0.949020000000E+005    0.564005917626E-001
    0.949520000000E+005    0.563709562827E-001
    0.950020000000E+005    0.563413098789E-001
    0.950520000000E+005    0.563116526123E-001
    0.951020000000E+005    0.562819845440E-001
    0.951520000000E+005    0.562523057351E-001
    0.952020000000E+005    0.562226162464E-001
    0.952520000000E+005    0.561929161386E-001
    0.953020000000E+005    0.561632054724E-001
    0.953520000000E+005    0.561334843082E-001
    0.954020000000E+005    0.561037527067E-001
    0.954520000000E+005    0.560740107280E-001
    0.955020000000E+005    0.560442584324E-001
    0.955520000000E+005    0.560144958799E-001
    0.956020000000E+005    0.559847231307E-001
    0.956520000000E+005    0.559549402445E-001
    0.957020000000E+005    0.559251472813E-001
    0.957520000000E+005    0.558953443005E-001
    0.958020000000E+005    0.558655313619E-001
    0.958520000000E+005    0.558357085249E-001
    0.959020000000E+005    0.558058758488E-001
    0.959520000000E+005    0.557760333929E-001
    0.960020000000E+005    0.557461812164E-001
    0.960520000000E+005    0.557163193782E-001
    0.961020000000E+005    0.556864479374E-001
    0.961520000000E+005    0.556565669526E-001
    0.962020000000E+005    0.556266764828E-001
    0.962520000000E+005    0.555967765864E-001
    0.963020000000E+005    0.555668673220E-001
    0.963520000000E+005    0.555369487480E-001
    0.964020000000E+005    0.555070209227E-001
    0.964520000000E+005    0.554770839043E-001
    0.965020000000E+005    0.554471377509E-001
    0.965520000000E+005    0.554171825204E-001
    0.966020000000E+005    0.553872182707E-001
    0.966520000000E+005    0.553572450596E-001
    0.967020000000E+005    0.553272629448E-001
    0.967520000000E+005    0.552972719839E-001
    0.968020000000E+005    0.552672722342E-001
    0.968520000000E+005    0.552372637532E-001
    0.969020000000E+005    0.552072465981E-001
    0.969520000000E+005    0.551772208260E-001
    0.970020000000E+005    0.551471864940E-001
    0.970520000000E+005    0.551171436590E-001
    0.971020000000E+005    0.550870923779E-001
    0.971520000000E+005    0.550570327073E-001
    0.972020000000E+005    0.550269647040E-001
    0.972520000000E+005    0.549968884245E-001
    0.973020000000E+005    0.549668039250E-001
    0.973520000000E+005    0.549367112621E-001
    0.974020000000E+005    0.549066104918E-001
    0.974520000000E+005    0.548765016703E-001
    0.975020000000E+005    0.548463848537E-001
    0.975520000000E+005    0.548162600977E-001
    0.976020000000E+005    0.547861274583E-001
    0.976520000000E+005    0.547559869910E-001
    0.977020000000E+005    0.547258387516E-001
    0.977520000000E+005    0.546956827955E-001
    0.978020000000E+005    0.546655191780E-001
    0.978520000000E+005    0.546353479546E-001
    0.979020000000E+005    0.546051691803E-001
    0.979520000000E+005    0.545749829103E-001
    0.980020000000E+005    0.545447891995E-001
    0.980520000000E+005    0.545145881028E-001
    0.981020000000E+005    0.544843796751E-001
    0.981520000000E+005    0.544541639709E-001
    0.982020000000E+005    0.544239410449E-001
    0.982520000000E+005    0.543937109516E-001
    0.983020000000E+005    0.543634737453E-001
    0.983520000000E+005    0.543332294802E-001
    0.984020000000E+005    0.543029782107E-001
    0.984520000000E+005    0.542727199907E-001
    0.985020000000E+005    0.542424548742E-001
    0.985520000000E+005    0.542121829151E-001
    0.986020000000E+005    0.541819041672E-001
    0.986520000000E+005    0.541516186841E-001
    0.987020000000E+005    0.541213265194E-001
    0.987520000000E+005    0.540910277266E-001
    0.988020000000E+005    0.540607223591E-001
    0.988520000000E+005    0.540304104701E-001
    0.989020000000E+005    0.540000921128E-001
    0.989520000000E+005    0.539697673403E-001
    0.990020000000E+005    0.539394362055E-001
    0.990520000000E+005    0.539090987614E-001
    0.991020000000E+005    0.538787550606E-001
    0.991520000000E+005    0.538484051560E-001
    0.992020000000E+005    0.538180491000E-001
    0.992520000000E+005    0.537876869451E-001
    0.993020000000E+005    0.537573187438E-001
    0.993520000000E+005    0.537269445483E-001
    0.994020000000E+005    0.536965644107E-001
    0.994520000000E+005    0.536661783833E-001
    0.995020000000E+005    0.536357865178E-001
    0.995520000000E+005    0.536053888664E-001
    0.996020000000E+005    0.535749854806E-001
    0.996520000000E+005    0.535445764123E-001
    0.997020000000E+005    0.535141617130E-001
    0.997520000000E+005    0.534837414342E-001
    0.998020000000E+005    0.534533156274E-001
    0.998520000000E+005    0.534228843438E-001
    0.999020000000E+005    0.533924476346E-001
    0.999520000000E+005    0.533620055509E-001
