TITLE = "0D Field KB"
VARIABLES = N ,"KB_Ha10Rem10Re1000"
ZONE DATAPACKING = POINT
    0.200000000000E+001    0.799992000074E-009
    0.520000000000E+002    0.540524274496E-006
    0.102000000000E+003    0.207869963314E-005
    0.152000000000E+003    0.461382874298E-005
    0.202000000000E+003    0.814441596973E-005
    0.252000000000E+003    0.126689669845E-004
    0.302000000000E+003    0.181859873876E-004
    0.352000000000E+003    0.246939796491E-004
    0.402000000000E+003    0.321914381918E-004
    0.452000000000E+003    0.406768430990E-004
    0.502000000000E+003    0.501486532762E-004
    0.552000000000E+003    0.606052998851E-004
    0.602000000000E+003    0.720451806402E-004
    0.652000000000E+003    0.844666552867E-004
    0.702000000000E+003    0.978680423526E-004
    0.752000000000E+003    0.112247617116E-003
    0.802000000000E+003    0.127603610644E-003
    0.852000000000E+003    0.143934209727E-003
    0.902000000000E+003    0.161237557519E-003
    0.952000000000E+003    0.179511754739E-003
    0.100200000000E+004    0.198754861256E-003
    0.105200000000E+004    0.218964897964E-003
    0.110200000000E+004    0.240139848842E-003
    0.115200000000E+004    0.262277663109E-003
    0.120200000000E+004    0.285376257433E-003
    0.125200000000E+004    0.309433518132E-003
    0.130200000000E+004    0.334447303350E-003
    0.135200000000E+004    0.360415445167E-003
    0.140200000000E+004    0.387335751636E-003
    0.145200000000E+004    0.415206008734E-003
    0.150200000000E+004    0.444023982223E-003
    0.155200000000E+004    0.473787419407E-003
    0.160200000000E+004    0.504494050797E-003
    0.165200000000E+004    0.536141591679E-003
    0.170200000000E+004    0.568727743581E-003
    0.175200000000E+004    0.602250195656E-003
    0.180200000000E+004    0.636706625973E-003
    0.185200000000E+004    0.672094702720E-003
    0.190200000000E+004    0.708412085336E-003
    0.195200000000E+004    0.745656425560E-003
    0.200200000000E+004    0.783825368411E-003
    0.205200000000E+004    0.822916553101E-003
    0.210200000000E+004    0.862927613887E-003
    0.215200000000E+004    0.903856180863E-003
    0.220200000000E+004    0.945699880692E-003
    0.225200000000E+004    0.988456337299E-003
    0.230200000000E+004    0.103212317250E-002
    0.235200000000E+004    0.107669800661E-002
    0.240200000000E+004    0.112217845896E-002
    0.245200000000E+004    0.116856214847E-002
    0.250200000000E+004    0.121584669405E-002
    0.255200000000E+004    0.126402971510E-002
    0.260200000000E+004    0.131310883191E-002
    0.265200000000E+004    0.136308166602E-002
    0.270200000000E+004    0.141394584059E-002
    0.275200000000E+004    0.146569898075E-002
    0.280200000000E+004    0.151833871385E-002
    0.285200000000E+004    0.157186266981E-002
    0.290200000000E+004    0.162626848135E-002
    0.295200000000E+004    0.168155378423E-002
    0.300200000000E+004    0.173771621749E-002
    0.305200000000E+004    0.179475342366E-002
    0.310200000000E+004    0.185266304894E-002
    0.315200000000E+004    0.191144274341E-002
    0.320200000000E+004    0.197109016118E-002
    0.325200000000E+004    0.203160296053E-002
    0.330200000000E+004    0.209297880407E-002
    0.335200000000E+004    0.215521535890E-002
    0.340200000000E+004    0.221831029667E-002
    0.345200000000E+004    0.228226129375E-002
    0.350200000000E+004    0.234706603129E-002
    0.355200000000E+004    0.241272219537E-002
    0.360200000000E+004    0.247922747701E-002
    0.365200000000E+004    0.254657957233E-002
    0.370200000000E+004    0.261477618258E-002
    0.375200000000E+004    0.268381501421E-002
    0.380200000000E+004    0.275369377896E-002
    0.385200000000E+004    0.282441019386E-002
    0.390200000000E+004    0.289596198136E-002
    0.395200000000E+004    0.296834686929E-002
    0.400200000000E+004    0.304156259098E-002
    0.405200000000E+004    0.311560688523E-002
    0.410200000000E+004    0.319047749641E-002
    0.415200000000E+004    0.326617217443E-002
    0.420200000000E+004    0.334268867481E-002
    0.425200000000E+004    0.342002475866E-002
    0.430200000000E+004    0.349817819275E-002
    0.435200000000E+004    0.357714674950E-002
    0.440200000000E+004    0.365692820698E-002
    0.445200000000E+004    0.373752034896E-002
    0.450200000000E+004    0.381892096488E-002
    0.455200000000E+004    0.390112784989E-002
    0.460200000000E+004    0.398413880484E-002
    0.465200000000E+004    0.406795163628E-002
    0.470200000000E+004    0.415256415647E-002
    0.475200000000E+004    0.423797418338E-002
    0.480200000000E+004    0.432417954069E-002
    0.485200000000E+004    0.441117805778E-002
    0.490200000000E+004    0.449896756972E-002
    0.495200000000E+004    0.458754591729E-002
    0.500200000000E+004    0.467691094694E-002
    0.505200000000E+004    0.476706051081E-002
    0.510200000000E+004    0.485799246671E-002
    0.515200000000E+004    0.494970467810E-002
    0.520200000000E+004    0.504219501411E-002
    0.525200000000E+004    0.513546134948E-002
    0.530200000000E+004    0.522950156460E-002
    0.535200000000E+004    0.532431354546E-002
    0.540200000000E+004    0.541989518365E-002
    0.545200000000E+004    0.551624437634E-002
    0.550200000000E+004    0.561335902628E-002
    0.555200000000E+004    0.571123704176E-002
    0.560200000000E+004    0.580987633662E-002
    0.565200000000E+004    0.590927483021E-002
    0.570200000000E+004    0.600943044738E-002
    0.575200000000E+004    0.611034111849E-002
    0.580200000000E+004    0.621200477934E-002
    0.585200000000E+004    0.631441937120E-002
    0.590200000000E+004    0.641758284075E-002
    0.595200000000E+004    0.652149314011E-002
    0.600200000000E+004    0.662614822677E-002
    0.605200000000E+004    0.673154606361E-002
    0.610200000000E+004    0.683768461886E-002
    0.615200000000E+004    0.694456186609E-002
    0.620200000000E+004    0.705217578417E-002
    0.625200000000E+004    0.716052435730E-002
    0.630200000000E+004    0.726960557491E-002
    0.635200000000E+004    0.737941743173E-002
    0.640200000000E+004    0.748995792769E-002
    0.645200000000E+004    0.760122506796E-002
    0.650200000000E+004    0.771321686289E-002
    0.655200000000E+004    0.782593132802E-002
    0.660200000000E+004    0.793936648401E-002
    0.665200000000E+004    0.805352035670E-002
    0.670200000000E+004    0.816839097700E-002
    0.675200000000E+004    0.828397638094E-002
    0.680200000000E+004    0.840027460960E-002
    0.685200000000E+004    0.851728370913E-002
    0.690200000000E+004    0.863500173069E-002
    0.695200000000E+004    0.875342673046E-002
    0.700200000000E+004    0.887255676961E-002
    0.705200000000E+004    0.899238991427E-002
    0.710200000000E+004    0.911292423552E-002
    0.715200000000E+004    0.923415780936E-002
    0.720200000000E+004    0.935608871672E-002
    0.725200000000E+004    0.947871504337E-002
    0.730200000000E+004    0.960203487999E-002
    0.735200000000E+004    0.972604632209E-002
    0.740200000000E+004    0.985074746998E-002
    0.745200000000E+004    0.997613642881E-002
    0.750200000000E+004    0.101022113085E-001
    0.755200000000E+004    0.102289702237E-001
    0.760200000000E+004    0.103564112939E-001
    0.765200000000E+004    0.104845326432E-001
    0.770200000000E+004    0.106133324005E-001
    0.775200000000E+004    0.107428086992E-001
    0.780200000000E+004    0.108729596777E-001
    0.785200000000E+004    0.110037834788E-001
    0.790200000000E+004    0.111352782498E-001
    0.795200000000E+004    0.112674421430E-001
    0.800200000000E+004    0.114002733149E-001
    0.805200000000E+004    0.115337699268E-001
    0.810200000000E+004    0.116679301446E-001
    0.815200000000E+004    0.118027521384E-001
    0.820200000000E+004    0.119382340832E-001
    0.825200000000E+004    0.120743741582E-001
    0.830200000000E+004    0.122111705472E-001
    0.835200000000E+004    0.123486214385E-001
    0.840200000000E+004    0.124867250248E-001
    0.845200000000E+004    0.126254795031E-001
    0.850200000000E+004    0.127648830750E-001
    0.855200000000E+004    0.129049339463E-001
    0.860200000000E+004    0.130456303273E-001
    0.865200000000E+004    0.131869704325E-001
    0.870200000000E+004    0.133289524810E-001
    0.875200000000E+004    0.134715746958E-001
    0.880200000000E+004    0.136148353046E-001
    0.885200000000E+004    0.137587325391E-001
    0.890200000000E+004    0.139032646355E-001
    0.895200000000E+004    0.140484298339E-001
    0.900200000000E+004    0.141942263789E-001
    0.905200000000E+004    0.143406525192E-001
    0.910200000000E+004    0.144877065078E-001
    0.915200000000E+004    0.146353866018E-001
    0.920200000000E+004    0.147836910623E-001
    0.925200000000E+004    0.149326181547E-001
    0.930200000000E+004    0.150821661487E-001
    0.935200000000E+004    0.152323333177E-001
    0.940200000000E+004    0.153831179395E-001
    0.945200000000E+004    0.155345182959E-001
    0.950200000000E+004    0.156865326727E-001
    0.955200000000E+004    0.158391593597E-001
    0.960200000000E+004    0.159923966510E-001
    0.965200000000E+004    0.161462428443E-001
    0.970200000000E+004    0.163006962417E-001
    0.975200000000E+004    0.164557551490E-001
    0.980200000000E+004    0.166114178760E-001
    0.985200000000E+004    0.167676827366E-001
    0.990200000000E+004    0.169245480485E-001
    0.995200000000E+004    0.170820121333E-001
    0.100020000000E+005    0.172400733167E-001
    0.100520000000E+005    0.173987299279E-001
    0.101020000000E+005    0.175579803005E-001
    0.101520000000E+005    0.177178227715E-001
    0.102020000000E+005    0.178782556820E-001
    0.102520000000E+005    0.180392773768E-001
    0.103020000000E+005    0.182008862046E-001
    0.103520000000E+005    0.183630805179E-001
    0.104020000000E+005    0.185258586729E-001
    0.104520000000E+005    0.186892190296E-001
    0.105020000000E+005    0.188531599519E-001
    0.105520000000E+005    0.190176798072E-001
    0.106020000000E+005    0.191827769668E-001
    0.106520000000E+005    0.193484498058E-001
    0.107020000000E+005    0.195146967027E-001
    0.107520000000E+005    0.196815160399E-001
    0.108020000000E+005    0.198489062035E-001
    0.108520000000E+005    0.200168655833E-001
    0.109020000000E+005    0.201853925725E-001
    0.109520000000E+005    0.203544855681E-001
    0.110020000000E+005    0.205241429708E-001
    0.110520000000E+005    0.206943631848E-001
    0.111020000000E+005    0.208651446179E-001
    0.111520000000E+005    0.210364856815E-001
    0.112020000000E+005    0.212083847907E-001
    0.112520000000E+005    0.213808403639E-001
    0.113020000000E+005    0.215538508231E-001
    0.113520000000E+005    0.217274145942E-001
    0.114020000000E+005    0.219015301061E-001
    0.114520000000E+005    0.220761957915E-001
    0.115020000000E+005    0.222514100865E-001
    0.115520000000E+005    0.224271714309E-001
    0.116020000000E+005    0.226034782676E-001
    0.116520000000E+005    0.227803290432E-001
    0.117020000000E+005    0.229577222078E-001
    0.117520000000E+005    0.231356562148E-001
    0.118020000000E+005    0.233141295210E-001
    0.118520000000E+005    0.234931405867E-001
    0.119020000000E+005    0.236726878755E-001
    0.119520000000E+005    0.238527698547E-001
    0.120020000000E+005    0.240333849945E-001
    0.120520000000E+005    0.242145317687E-001
    0.121020000000E+005    0.243962086547E-001
    0.121520000000E+005    0.245784141328E-001
    0.122020000000E+005    0.247611466869E-001
    0.122520000000E+005    0.249444048041E-001
    0.123020000000E+005    0.251281869749E-001
    0.123520000000E+005    0.253124916932E-001
    0.124020000000E+005    0.254973174558E-001
    0.124520000000E+005    0.256826627632E-001
    0.125020000000E+005    0.258685261189E-001
    0.125520000000E+005    0.260549060298E-001
    0.126020000000E+005    0.262418010059E-001
    0.126520000000E+005    0.264292095607E-001
    0.127020000000E+005    0.266171302106E-001
    0.127520000000E+005    0.268055614755E-001
    0.128020000000E+005    0.269945018781E-001
    0.128520000000E+005    0.271839499449E-001
    0.129020000000E+005    0.273739042049E-001
    0.129520000000E+005    0.275643631909E-001
    0.130020000000E+005    0.277553254383E-001
    0.130520000000E+005    0.279467894861E-001
    0.131020000000E+005    0.281387538762E-001
    0.131520000000E+005    0.283312171537E-001
    0.132020000000E+005    0.285241778668E-001
    0.132520000000E+005    0.287176345667E-001
    0.133020000000E+005    0.289115858081E-001
    0.133520000000E+005    0.291060301482E-001
    0.134020000000E+005    0.293009661478E-001
    0.134520000000E+005    0.294963923705E-001
    0.135020000000E+005    0.296923073830E-001
    0.135520000000E+005    0.298887097551E-001
    0.136020000000E+005    0.300855980596E-001
    0.136520000000E+005    0.302829708724E-001
    0.137020000000E+005    0.304808267724E-001
    0.137520000000E+005    0.306791643414E-001
    0.138020000000E+005    0.308779821643E-001
    0.138520000000E+005    0.310772788291E-001
    0.139020000000E+005    0.312770529266E-001
    0.139520000000E+005    0.314773030506E-001
    0.140020000000E+005    0.316780277981E-001
    0.140520000000E+005    0.318792257688E-001
    0.141020000000E+005    0.320808955655E-001
    0.141520000000E+005    0.322830357937E-001
    0.142020000000E+005    0.324856450622E-001
    0.142520000000E+005    0.326887219825E-001
    0.143020000000E+005    0.328922651690E-001
    0.143520000000E+005    0.330962732391E-001
    0.144020000000E+005    0.333007448131E-001
    0.144520000000E+005    0.335056785140E-001
    0.145020000000E+005    0.337110729681E-001
    0.145520000000E+005    0.339169268040E-001
    0.146020000000E+005    0.341232386537E-001
    0.146520000000E+005    0.343300071518E-001
    0.147020000000E+005    0.345372309356E-001
    0.147520000000E+005    0.347449086456E-001
    0.148020000000E+005    0.349530389248E-001
    0.148520000000E+005    0.351616204192E-001
    0.149020000000E+005    0.353706517777E-001
    0.149520000000E+005    0.355801316518E-001
    0.150020000000E+005    0.357900586958E-001
    0.150520000000E+005    0.360004315670E-001
    0.151020000000E+005    0.362112489252E-001
    0.151520000000E+005    0.364225094333E-001
    0.152020000000E+005    0.366342117568E-001
    0.152520000000E+005    0.368463545638E-001
    0.153020000000E+005    0.370589365254E-001
    0.153520000000E+005    0.372719563153E-001
    0.154020000000E+005    0.374854126100E-001
    0.154520000000E+005    0.376993040887E-001
    0.155020000000E+005    0.379136294333E-001
    0.155520000000E+005    0.381283873286E-001
    0.156020000000E+005    0.383435764617E-001
    0.156520000000E+005    0.385591955228E-001
    0.157020000000E+005    0.387752432046E-001
    0.157520000000E+005    0.389917182024E-001
    0.158020000000E+005    0.392086192144E-001
    0.158520000000E+005    0.394259449414E-001
    0.159020000000E+005    0.396436940867E-001
    0.159520000000E+005    0.398618653563E-001
    0.160020000000E+005    0.400804574591E-001
    0.160520000000E+005    0.402994691062E-001
    0.161020000000E+005    0.405188990118E-001
    0.161520000000E+005    0.407387458924E-001
    0.162020000000E+005    0.409590084672E-001
    0.162520000000E+005    0.411796854580E-001
    0.163020000000E+005    0.414007755892E-001
    0.163520000000E+005    0.416222775879E-001
    0.164020000000E+005    0.418441901837E-001
    0.164520000000E+005    0.420665121087E-001
    0.165020000000E+005    0.422892420977E-001
    0.165520000000E+005    0.425123788880E-001
    0.166020000000E+005    0.427359212196E-001
    0.166520000000E+005    0.429598678347E-001
    0.167020000000E+005    0.431842174785E-001
    0.167520000000E+005    0.434089688984E-001
    0.168020000000E+005    0.436341208446E-001
    0.168520000000E+005    0.438596720694E-001
    0.169020000000E+005    0.440856213282E-001
    0.169520000000E+005    0.443119673784E-001
    0.170020000000E+005    0.445387089802E-001
    0.170520000000E+005    0.447658448963E-001
    0.171020000000E+005    0.449933738916E-001
    0.171520000000E+005    0.452212947339E-001
    0.172020000000E+005    0.454496061931E-001
    0.172520000000E+005    0.456783070418E-001
    0.173020000000E+005    0.459073960551E-001
    0.173520000000E+005    0.461368720105E-001
    0.174020000000E+005    0.463667336877E-001
    0.174520000000E+005    0.465969798693E-001
    0.175020000000E+005    0.468276093400E-001
    0.175520000000E+005    0.470586208871E-001
    0.176020000000E+005    0.472900133003E-001
    0.176520000000E+005    0.475217853717E-001
    0.177020000000E+005    0.477539358957E-001
    0.177520000000E+005    0.479864636694E-001
    0.178020000000E+005    0.482193674921E-001
    0.178520000000E+005    0.484526461654E-001
    0.179020000000E+005    0.486862984936E-001
    0.179520000000E+005    0.489203232830E-001
    0.180020000000E+005    0.491547193427E-001
    0.180520000000E+005    0.493894854839E-001
    0.181020000000E+005    0.496246205202E-001
    0.181520000000E+005    0.498601232677E-001
    0.182020000000E+005    0.500959925445E-001
    0.182520000000E+005    0.503322271716E-001
    0.183020000000E+005    0.505688259718E-001
    0.183520000000E+005    0.508057877707E-001
    0.184020000000E+005    0.510431113958E-001
    0.184520000000E+005    0.512807956773E-001
    0.185020000000E+005    0.515188394475E-001
    0.185520000000E+005    0.517572415411E-001
    0.186020000000E+005    0.519960007951E-001
    0.186520000000E+005    0.522351160487E-001
    0.187020000000E+005    0.524745861436E-001
    0.187520000000E+005    0.527144099237E-001
    0.188020000000E+005    0.529545862350E-001
    0.188520000000E+005    0.531951139262E-001
    0.189020000000E+005    0.534359918478E-001
    0.189520000000E+005    0.536772188529E-001
    0.190020000000E+005    0.539187937968E-001
    0.190520000000E+005    0.541607155370E-001
    0.191020000000E+005    0.544029829332E-001
    0.191520000000E+005    0.546455948475E-001
    0.192020000000E+005    0.548885501441E-001
    0.192520000000E+005    0.551318476896E-001
    0.193020000000E+005    0.553754863526E-001
    0.193520000000E+005    0.556194650043E-001
    0.194020000000E+005    0.558637825176E-001
    0.194520000000E+005    0.561084377681E-001
    0.195020000000E+005    0.563534296334E-001
    0.195520000000E+005    0.565987569932E-001
    0.196020000000E+005    0.568444187296E-001
    0.196520000000E+005    0.570904137267E-001
    0.197020000000E+005    0.573367408711E-001
    0.197520000000E+005    0.575833990513E-001
    0.198020000000E+005    0.578303871580E-001
    0.198520000000E+005    0.580777040843E-001
    0.199020000000E+005    0.583253487251E-001
    0.199520000000E+005    0.585733199778E-001
    0.200020000000E+005    0.588216167419E-001
    0.200520000000E+005    0.590702379188E-001
    0.201020000000E+005    0.593191824124E-001
    0.201520000000E+005    0.595684491285E-001
    0.202020000000E+005    0.598180369752E-001
    0.202520000000E+005    0.600679448625E-001
    0.203020000000E+005    0.603181717029E-001
    0.203520000000E+005    0.605687164106E-001
    0.204020000000E+005    0.608195779022E-001
    0.204520000000E+005    0.610707550964E-001
    0.205020000000E+005    0.613222469140E-001
    0.205520000000E+005    0.615740522776E-001
    0.206020000000E+005    0.618261701124E-001
    0.206520000000E+005    0.620785993454E-001
    0.207020000000E+005    0.623313389057E-001
    0.207520000000E+005    0.625843877245E-001
    0.208020000000E+005    0.628377447351E-001
    0.208520000000E+005    0.630914088730E-001
    0.209020000000E+005    0.633453790755E-001
    0.209520000000E+005    0.635996542823E-001
    0.210020000000E+005    0.638542334348E-001
    0.210520000000E+005    0.641091154767E-001
    0.211020000000E+005    0.643642993537E-001
    0.211520000000E+005    0.646197840136E-001
    0.212020000000E+005    0.648755684061E-001
    0.212520000000E+005    0.651316514830E-001
    0.213020000000E+005    0.653880321983E-001
    0.213520000000E+005    0.656447095077E-001
    0.214020000000E+005    0.659016823691E-001
    0.214520000000E+005    0.661589497426E-001
    0.215020000000E+005    0.664165105901E-001
    0.215520000000E+005    0.666743638754E-001
    0.216020000000E+005    0.669325085646E-001
    0.216520000000E+005    0.671909436257E-001
    0.217020000000E+005    0.674496680285E-001
    0.217520000000E+005    0.677086807451E-001
    0.218020000000E+005    0.679679807494E-001
    0.218520000000E+005    0.682275670173E-001
    0.219020000000E+005    0.684874385268E-001
    0.219520000000E+005    0.687475942576E-001
    0.220020000000E+005    0.690080331917E-001
    0.220520000000E+005    0.692687543129E-001
    0.221020000000E+005    0.695297566070E-001
    0.221520000000E+005    0.697910390617E-001
    0.222020000000E+005    0.700526006667E-001
    0.222520000000E+005    0.703144404137E-001
    0.223020000000E+005    0.705765572963E-001
    0.223520000000E+005    0.708389503099E-001
    0.224020000000E+005    0.711016184521E-001
    0.224520000000E+005    0.713645607222E-001
    0.225020000000E+005    0.716277761217E-001
    0.225520000000E+005    0.718912636537E-001
    0.226020000000E+005    0.721550223235E-001
    0.226520000000E+005    0.724190511381E-001
    0.227020000000E+005    0.726833491065E-001
    0.227520000000E+005    0.729479152397E-001
    0.228020000000E+005    0.732127485505E-001
    0.228520000000E+005    0.734778480535E-001
    0.229020000000E+005    0.737432127655E-001
    0.229520000000E+005    0.740088417049E-001
    0.230020000000E+005    0.742747338920E-001
    0.230520000000E+005    0.745408883493E-001
    0.231020000000E+005    0.748073041008E-001
    0.231520000000E+005    0.750739801725E-001
    0.232020000000E+005    0.753409155925E-001
    0.232520000000E+005    0.756081093903E-001
    0.233020000000E+005    0.758755605978E-001
    0.233520000000E+005    0.761432682483E-001
    0.234020000000E+005    0.764112313772E-001
    0.234520000000E+005    0.766794490217E-001
    0.235020000000E+005    0.769479202210E-001
    0.235520000000E+005    0.772166440157E-001
    0.236020000000E+005    0.774856194488E-001
    0.236520000000E+005    0.777548455647E-001
    0.237020000000E+005    0.780243214099E-001
    0.237520000000E+005    0.782940460325E-001
    0.238020000000E+005    0.785640184827E-001
    0.238520000000E+005    0.788342378123E-001
    0.239020000000E+005    0.791047030750E-001
    0.239520000000E+005    0.793754133263E-001
    0.240020000000E+005    0.796463676236E-001
    0.240520000000E+005    0.799175650259E-001
    0.241020000000E+005    0.801890045941E-001
    0.241520000000E+005    0.804606853910E-001
    0.242020000000E+005    0.807326064811E-001
    0.242520000000E+005    0.810047669307E-001
    0.243020000000E+005    0.812771658079E-001
    0.243520000000E+005    0.815498021825E-001
    0.244020000000E+005    0.818226751262E-001
    0.244520000000E+005    0.820957837125E-001
    0.245020000000E+005    0.823691270165E-001
    0.245520000000E+005    0.826427041152E-001
    0.246020000000E+005    0.829165140873E-001
    0.246520000000E+005    0.831905560134E-001
    0.247020000000E+005    0.834648289757E-001
    0.247520000000E+005    0.837393320581E-001
    0.248020000000E+005    0.840140643465E-001
    0.248520000000E+005    0.842890249283E-001
    0.249020000000E+005    0.845642128928E-001
    0.249520000000E+005    0.848396273310E-001
    0.250020000000E+005    0.851152673356E-001
    0.250520000000E+005    0.853911320010E-001
    0.251020000000E+005    0.856672204235E-001
    0.251520000000E+005    0.859435317009E-001
    0.252020000000E+005    0.862200649328E-001
    0.252520000000E+005    0.864968192207E-001
    0.253020000000E+005    0.867737936676E-001
    0.253520000000E+005    0.870509873782E-001
    0.254020000000E+005    0.873283994591E-001
    0.254520000000E+005    0.876060290184E-001
    0.255020000000E+005    0.878838751660E-001
    0.255520000000E+005    0.881619370136E-001
    0.256020000000E+005    0.884402136743E-001
    0.256520000000E+005    0.887187042631E-001
    0.257020000000E+005    0.889974078968E-001
    0.257520000000E+005    0.892763236936E-001
    0.258020000000E+005    0.895554507736E-001
    0.258520000000E+005    0.898347882585E-001
    0.259020000000E+005    0.901143352717E-001
    0.259520000000E+005    0.903940909381E-001
    0.260020000000E+005    0.906740543846E-001
    0.260520000000E+005    0.909542247394E-001
    0.261020000000E+005    0.912346011327E-001
    0.261520000000E+005    0.915151826961E-001
    0.262020000000E+005    0.917959685630E-001
    0.262520000000E+005    0.920769578684E-001
    0.263020000000E+005    0.923581497488E-001
    0.263520000000E+005    0.926395433427E-001
    0.264020000000E+005    0.929211377899E-001
    0.264520000000E+005    0.932029322320E-001
    0.265020000000E+005    0.934849258123E-001
    0.265520000000E+005    0.937671176755E-001
    0.266020000000E+005    0.940495069681E-001
    0.266520000000E+005    0.943320928382E-001
    0.267020000000E+005    0.946148744355E-001
    0.267520000000E+005    0.948978509114E-001
    0.268020000000E+005    0.951810214188E-001
    0.268520000000E+005    0.954643851122E-001
    0.269020000000E+005    0.957479411478E-001
    0.269520000000E+005    0.960316886833E-001
    0.270020000000E+005    0.963156268783E-001
    0.270520000000E+005    0.965997548935E-001
    0.271020000000E+005    0.968840718917E-001
    0.271520000000E+005    0.971685770369E-001
    0.272020000000E+005    0.974532694948E-001
    0.272520000000E+005    0.977381484330E-001
    0.273020000000E+005    0.980232130202E-001
    0.273520000000E+005    0.983084624270E-001
    0.274020000000E+005    0.985938958254E-001
    0.274520000000E+005    0.988795123891E-001
    0.275020000000E+005    0.991653112934E-001
    0.275520000000E+005    0.994512917150E-001
    0.276020000000E+005    0.997374528323E-001
    0.276520000000E+005    0.100023793825E+000
    0.277020000000E+005    0.100310313875E+000
    0.277520000000E+005    0.100597012165E+000
    0.278020000000E+005    0.100883887880E+000
    0.278520000000E+005    0.101170940206E+000
    0.279020000000E+005    0.101458168331E+000
    0.279520000000E+005    0.101745571443E+000
    0.280020000000E+005    0.102033148733E+000
    0.280520000000E+005    0.102320899395E+000
    0.281020000000E+005    0.102608822622E+000
    0.281520000000E+005    0.102896917608E+000
    0.282020000000E+005    0.103185183552E+000
    0.282520000000E+005    0.103473619651E+000
    0.283020000000E+005    0.103762225106E+000
    0.283520000000E+005    0.104050999117E+000
    0.284020000000E+005    0.104339940889E+000
    0.284520000000E+005    0.104629049625E+000
    0.285020000000E+005    0.104918324532E+000
    0.285520000000E+005    0.105207764816E+000
    0.286020000000E+005    0.105497369688E+000
    0.286520000000E+005    0.105787138357E+000
    0.287020000000E+005    0.106077070036E+000
    0.287520000000E+005    0.106367163939E+000
    0.288020000000E+005    0.106657419280E+000
    0.288520000000E+005    0.106947835275E+000
    0.289020000000E+005    0.107238411144E+000
    0.289520000000E+005    0.107529146104E+000
    0.290020000000E+005    0.107820039379E+000
    0.290520000000E+005    0.108111090189E+000
    0.291020000000E+005    0.108402297759E+000
    0.291520000000E+005    0.108693661314E+000
    0.292020000000E+005    0.108985180081E+000
    0.292520000000E+005    0.109276853289E+000
    0.293020000000E+005    0.109568680168E+000
    0.293520000000E+005    0.109860659948E+000
    0.294020000000E+005    0.110152791863E+000
    0.294520000000E+005    0.110445075146E+000
    0.295020000000E+005    0.110737509034E+000
    0.295520000000E+005    0.111030092763E+000
    0.296020000000E+005    0.111322825572E+000
    0.296520000000E+005    0.111615706702E+000
    0.297020000000E+005    0.111908735393E+000
    0.297520000000E+005    0.112201910889E+000
    0.298020000000E+005    0.112495232433E+000
    0.298520000000E+005    0.112788699273E+000
    0.299020000000E+005    0.113082310654E+000
    0.299520000000E+005    0.113376065826E+000
    0.300020000000E+005    0.113669964039E+000
    0.300520000000E+005    0.113964004544E+000
    0.301020000000E+005    0.114258186595E+000
    0.301520000000E+005    0.114552509445E+000
    0.302020000000E+005    0.114846972350E+000
    0.302520000000E+005    0.115141574568E+000
    0.303020000000E+005    0.115436315357E+000
    0.303520000000E+005    0.115731193977E+000
    0.304020000000E+005    0.116026209691E+000
    0.304520000000E+005    0.116321361759E+000
    0.305020000000E+005    0.116616649448E+000
    0.305520000000E+005    0.116912072021E+000
    0.306020000000E+005    0.117207628748E+000
    0.306520000000E+005    0.117503318895E+000
    0.307020000000E+005    0.117799141733E+000
    0.307520000000E+005    0.118095096533E+000
    0.308020000000E+005    0.118391182567E+000
    0.308520000000E+005    0.118687399110E+000
    0.309020000000E+005    0.118983745437E+000
    0.309520000000E+005    0.119280220825E+000
    0.310020000000E+005    0.119576824552E+000
    0.310520000000E+005    0.119873555897E+000
    0.311020000000E+005    0.120170414141E+000
    0.311520000000E+005    0.120467398567E+000
    0.312020000000E+005    0.120764508457E+000
    0.312520000000E+005    0.121061743098E+000
    0.313020000000E+005    0.121359101776E+000
    0.313520000000E+005    0.121656583777E+000
    0.314020000000E+005    0.121954188392E+000
    0.314520000000E+005    0.122251914911E+000
    0.315020000000E+005    0.122549762624E+000
    0.315520000000E+005    0.122847730827E+000
    0.316020000000E+005    0.123145818812E+000
    0.316520000000E+005    0.123444025876E+000
    0.317020000000E+005    0.123742351317E+000
    0.317520000000E+005    0.124040794431E+000
    0.318020000000E+005    0.124339354520E+000
    0.318520000000E+005    0.124638030885E+000
    0.319020000000E+005    0.124936822827E+000
    0.319520000000E+005    0.125235729652E+000
    0.320020000000E+005    0.125534750663E+000
    0.320520000000E+005    0.125833885168E+000
    0.321020000000E+005    0.126133132474E+000
    0.321520000000E+005    0.126432491891E+000
    0.322020000000E+005    0.126731962728E+000
    0.322520000000E+005    0.127031544298E+000
    0.323020000000E+005    0.127331235914E+000
    0.323520000000E+005    0.127631036890E+000
    0.324020000000E+005    0.127930946542E+000
    0.324520000000E+005    0.128230964187E+000
    0.325020000000E+005    0.128531089142E+000
    0.325520000000E+005    0.128831320729E+000
    0.326020000000E+005    0.129131658267E+000
    0.326520000000E+005    0.129432101079E+000
    0.327020000000E+005    0.129732648489E+000
    0.327520000000E+005    0.130033299821E+000
    0.328020000000E+005    0.130334054401E+000
    0.328520000000E+005    0.130634911556E+000
    0.329020000000E+005    0.130935870617E+000
    0.329520000000E+005    0.131236930911E+000
    0.330020000000E+005    0.131538091771E+000
    0.330520000000E+005    0.131839352529E+000
    0.331020000000E+005    0.132140712518E+000
    0.331520000000E+005    0.132442171075E+000
    0.332020000000E+005    0.132743727535E+000
    0.332520000000E+005    0.133045381236E+000
    0.333020000000E+005    0.133347131516E+000
    0.333520000000E+005    0.133648977716E+000
    0.334020000000E+005    0.133950919177E+000
    0.334520000000E+005    0.134252955243E+000
    0.335020000000E+005    0.134555085256E+000
    0.335520000000E+005    0.134857308561E+000
    0.336020000000E+005    0.135159624507E+000
    0.336520000000E+005    0.135462032439E+000
    0.337020000000E+005    0.135764531708E+000
    0.337520000000E+005    0.136067121662E+000
    0.338020000000E+005    0.136369801654E+000
    0.338520000000E+005    0.136672571037E+000
    0.339020000000E+005    0.136975429163E+000
    0.339520000000E+005    0.137278375389E+000
    0.340020000000E+005    0.137581409071E+000
    0.340520000000E+005    0.137884529566E+000
    0.341020000000E+005    0.138187736233E+000
    0.341520000000E+005    0.138491028432E+000
    0.342020000000E+005    0.138794405525E+000
    0.342520000000E+005    0.139097866874E+000
    0.343020000000E+005    0.139401411842E+000
    0.343520000000E+005    0.139705039796E+000
    0.344020000000E+005    0.140008750100E+000
    0.344520000000E+005    0.140312542123E+000
    0.345020000000E+005    0.140616415233E+000
    0.345520000000E+005    0.140920368800E+000
    0.346020000000E+005    0.141224402194E+000
    0.346520000000E+005    0.141528514789E+000
    0.347020000000E+005    0.141832705958E+000
    0.347520000000E+005    0.142136975075E+000
    0.348020000000E+005    0.142441321516E+000
    0.348520000000E+005    0.142745744658E+000
    0.349020000000E+005    0.143050243880E+000
    0.349520000000E+005    0.143354818560E+000
    0.350020000000E+005    0.143659468081E+000
    0.350520000000E+005    0.143964191822E+000
    0.351020000000E+005    0.144268989169E+000
    0.351520000000E+005    0.144573859504E+000
    0.352020000000E+005    0.144878802213E+000
    0.352520000000E+005    0.145183816683E+000
    0.353020000000E+005    0.145488902302E+000
    0.353520000000E+005    0.145794058458E+000
    0.354020000000E+005    0.146099284542E+000
    0.354520000000E+005    0.146404579945E+000
    0.355020000000E+005    0.146709944059E+000
    0.355520000000E+005    0.147015376278E+000
    0.356020000000E+005    0.147320875997E+000
    0.356520000000E+005    0.147626442612E+000
    0.357020000000E+005    0.147932075520E+000
    0.357520000000E+005    0.148237774119E+000
    0.358020000000E+005    0.148543537810E+000
    0.358520000000E+005    0.148849365991E+000
    0.359020000000E+005    0.149155258066E+000
    0.359520000000E+005    0.149461213438E+000
    0.360020000000E+005    0.149767231509E+000
    0.360520000000E+005    0.150073311686E+000
    0.361020000000E+005    0.150379453375E+000
    0.361520000000E+005    0.150685655984E+000
    0.362020000000E+005    0.150991918921E+000
    0.362520000000E+005    0.151298241596E+000
    0.363020000000E+005    0.151604623420E+000
    0.363520000000E+005    0.151911063805E+000
    0.364020000000E+005    0.152217562164E+000
    0.364520000000E+005    0.152524117912E+000
    0.365020000000E+005    0.152830730465E+000
    0.365520000000E+005    0.153137399238E+000
    0.366020000000E+005    0.153444123651E+000
    0.366520000000E+005    0.153750903121E+000
    0.367020000000E+005    0.154057737068E+000
    0.367520000000E+005    0.154364624915E+000
    0.368020000000E+005    0.154671566082E+000
    0.368520000000E+005    0.154978559994E+000
    0.369020000000E+005    0.155285606076E+000
    0.369520000000E+005    0.155592703751E+000
    0.370020000000E+005    0.155899852449E+000
    0.370520000000E+005    0.156207051595E+000
    0.371020000000E+005    0.156514300620E+000
    0.371520000000E+005    0.156821598953E+000
    0.372020000000E+005    0.157128946026E+000
    0.372520000000E+005    0.157436341271E+000
    0.373020000000E+005    0.157743784120E+000
    0.373520000000E+005    0.158051274010E+000
    0.374020000000E+005    0.158358810374E+000
    0.374520000000E+005    0.158666392651E+000
    0.375020000000E+005    0.158974020277E+000
    0.375520000000E+005    0.159281692692E+000
    0.376020000000E+005    0.159589409335E+000
    0.376520000000E+005    0.159897169649E+000
    0.377020000000E+005    0.160204973074E+000
    0.377520000000E+005    0.160512819053E+000
    0.378020000000E+005    0.160820707033E+000
    0.378520000000E+005    0.161128636457E+000
    0.379020000000E+005    0.161436606772E+000
    0.379520000000E+005    0.161744617426E+000
    0.380020000000E+005    0.162052667867E+000
    0.380520000000E+005    0.162360757545E+000
    0.381020000000E+005    0.162668885911E+000
    0.381520000000E+005    0.162977052417E+000
    0.382020000000E+005    0.163285256515E+000
    0.382520000000E+005    0.163593497660E+000
    0.383020000000E+005    0.163901775307E+000
    0.383520000000E+005    0.164210088911E+000
    0.384020000000E+005    0.164518437930E+000
    0.384520000000E+005    0.164826821822E+000
    0.385020000000E+005    0.165135240047E+000
    0.385520000000E+005    0.165443692065E+000
    0.386020000000E+005    0.165752177336E+000
    0.386520000000E+005    0.166060695325E+000
    0.387020000000E+005    0.166369245493E+000
    0.387520000000E+005    0.166677827306E+000
    0.388020000000E+005    0.166986440230E+000
    0.388520000000E+005    0.167295083730E+000
    0.389020000000E+005    0.167603757275E+000
    0.389520000000E+005    0.167912460334E+000
    0.390020000000E+005    0.168221192375E+000
    0.390520000000E+005    0.168529952871E+000
    0.391020000000E+005    0.168838741292E+000
    0.391520000000E+005    0.169147557113E+000
    0.392020000000E+005    0.169456399805E+000
    0.392520000000E+005    0.169765268846E+000
    0.393020000000E+005    0.170074163709E+000
    0.393520000000E+005    0.170383083874E+000
    0.394020000000E+005    0.170692028817E+000
    0.394520000000E+005    0.171000998018E+000
    0.395020000000E+005    0.171309990956E+000
    0.395520000000E+005    0.171619007114E+000
    0.396020000000E+005    0.171928045972E+000
    0.396520000000E+005    0.172237107014E+000
    0.397020000000E+005    0.172546189725E+000
    0.397520000000E+005    0.172855293590E+000
    0.398020000000E+005    0.173164418093E+000
    0.398520000000E+005    0.173473562724E+000
    0.399020000000E+005    0.173782726970E+000
    0.399520000000E+005    0.174091910320E+000
    0.400020000000E+005    0.174401112265E+000
    0.400520000000E+005    0.174710332295E+000
    0.401020000000E+005    0.175019569903E+000
    0.401520000000E+005    0.175328824583E+000
    0.402020000000E+005    0.175638095827E+000
    0.402520000000E+005    0.175947383133E+000
    0.403020000000E+005    0.176256685995E+000
    0.403520000000E+005    0.176566003911E+000
    0.404020000000E+005    0.176875336380E+000
    0.404520000000E+005    0.177184682900E+000
    0.405020000000E+005    0.177494042972E+000
    0.405520000000E+005    0.177803416097E+000
    0.406020000000E+005    0.178112801776E+000
    0.406520000000E+005    0.178422199514E+000
    0.407020000000E+005    0.178731608814E+000
    0.407520000000E+005    0.179041029182E+000
    0.408020000000E+005    0.179350460123E+000
    0.408520000000E+005    0.179659901144E+000
    0.409020000000E+005    0.179969351754E+000
    0.409520000000E+005    0.180278811462E+000
    0.410020000000E+005    0.180588279778E+000
    0.410520000000E+005    0.180897756212E+000
    0.411020000000E+005    0.181207240276E+000
    0.411520000000E+005    0.181516731484E+000
    0.412020000000E+005    0.181826229349E+000
    0.412520000000E+005    0.182135733386E+000
    0.413020000000E+005    0.182445243111E+000
    0.413520000000E+005    0.182754758041E+000
    0.414020000000E+005    0.183064277693E+000
    0.414520000000E+005    0.183373801586E+000
    0.415020000000E+005    0.183683329240E+000
    0.415520000000E+005    0.183992860176E+000
    0.416020000000E+005    0.184302393914E+000
    0.416520000000E+005    0.184611929977E+000
    0.417020000000E+005    0.184921467889E+000
    0.417520000000E+005    0.185231007174E+000
    0.418020000000E+005    0.185540547358E+000
    0.418520000000E+005    0.185850087966E+000
    0.419020000000E+005    0.186159628527E+000
    0.419520000000E+005    0.186469168567E+000
    0.420020000000E+005    0.186778707617E+000
    0.420520000000E+005    0.187088245206E+000
    0.421020000000E+005    0.187397780866E+000
    0.421520000000E+005    0.187707314128E+000
    0.422020000000E+005    0.188016844525E+000
    0.422520000000E+005    0.188326371591E+000
    0.423020000000E+005    0.188635894860E+000
    0.423520000000E+005    0.188945413869E+000
    0.424020000000E+005    0.189254928154E+000
    0.424520000000E+005    0.189564437252E+000
    0.425020000000E+005    0.189873940702E+000
    0.425520000000E+005    0.190183438043E+000
    0.426020000000E+005    0.190492928815E+000
    0.426520000000E+005    0.190802412561E+000
    0.427020000000E+005    0.191111888821E+000
    0.427520000000E+005    0.191421357139E+000
    0.428020000000E+005    0.191730817059E+000
    0.428520000000E+005    0.192040268125E+000
    0.429020000000E+005    0.192349709885E+000
    0.429520000000E+005    0.192659141883E+000
    0.430020000000E+005    0.192968563668E+000
    0.430520000000E+005    0.193277974788E+000
    0.431020000000E+005    0.193587374794E+000
    0.431520000000E+005    0.193896763234E+000
    0.432020000000E+005    0.194206139660E+000
    0.432520000000E+005    0.194515503626E+000
    0.433020000000E+005    0.194824854682E+000
    0.433520000000E+005    0.195134192384E+000
    0.434020000000E+005    0.195443516287E+000
    0.434520000000E+005    0.195752825945E+000
    0.435020000000E+005    0.196062120916E+000
    0.435520000000E+005    0.196371400758E+000
    0.436020000000E+005    0.196680665028E+000
    0.436520000000E+005    0.196989913286E+000
    0.437020000000E+005    0.197299145092E+000
    0.437520000000E+005    0.197608360007E+000
    0.438020000000E+005    0.197917557593E+000
    0.438520000000E+005    0.198226737414E+000
    0.439020000000E+005    0.198535899032E+000
    0.439520000000E+005    0.198845042013E+000
    0.440020000000E+005    0.199154165922E+000
    0.440520000000E+005    0.199463270325E+000
    0.441020000000E+005    0.199772354790E+000
    0.441520000000E+005    0.200081418885E+000
    0.442020000000E+005    0.200390462178E+000
    0.442520000000E+005    0.200699484240E+000
    0.443020000000E+005    0.201008484642E+000
    0.443520000000E+005    0.201317462954E+000
    0.444020000000E+005    0.201626418751E+000
    0.444520000000E+005    0.201935351604E+000
    0.445020000000E+005    0.202244261088E+000
    0.445520000000E+005    0.202553146779E+000
    0.446020000000E+005    0.202862008252E+000
    0.446520000000E+005    0.203170845084E+000
    0.447020000000E+005    0.203479656853E+000
    0.447520000000E+005    0.203788443137E+000
    0.448020000000E+005    0.204097203516E+000
    0.448520000000E+005    0.204405937570E+000
    0.449020000000E+005    0.204714644880E+000
    0.449520000000E+005    0.205023325029E+000
    0.450020000000E+005    0.205331977598E+000
    0.450520000000E+005    0.205640602172E+000
    0.451020000000E+005    0.205949198335E+000
    0.451520000000E+005    0.206257765673E+000
    0.452020000000E+005    0.206566303772E+000
    0.452520000000E+005    0.206874812218E+000
    0.453020000000E+005    0.207183290600E+000
    0.453520000000E+005    0.207491738507E+000
    0.454020000000E+005    0.207800155528E+000
    0.454520000000E+005    0.208108541254E+000
    0.455020000000E+005    0.208416895275E+000
    0.455520000000E+005    0.208725217184E+000
    0.456020000000E+005    0.209033506575E+000
    0.456520000000E+005    0.209341763040E+000
    0.457020000000E+005    0.209649986174E+000
    0.457520000000E+005    0.209958175573E+000
    0.458020000000E+005    0.210266330834E+000
    0.458520000000E+005    0.210574451552E+000
    0.459020000000E+005    0.210882537327E+000
    0.459520000000E+005    0.211190587756E+000
    0.460020000000E+005    0.211498602440E+000
    0.460520000000E+005    0.211806580979E+000
    0.461020000000E+005    0.212114522974E+000
    0.461520000000E+005    0.212422428028E+000
    0.462020000000E+005    0.212730295742E+000
    0.462520000000E+005    0.213038125722E+000
    0.463020000000E+005    0.213345917570E+000
    0.463520000000E+005    0.213653670893E+000
    0.464020000000E+005    0.213961385297E+000
    0.464520000000E+005    0.214269060389E+000
    0.465020000000E+005    0.214576695777E+000
    0.465520000000E+005    0.214884291068E+000
    0.466020000000E+005    0.215191845873E+000
    0.466520000000E+005    0.215499359802E+000
    0.467020000000E+005    0.215806832465E+000
    0.467520000000E+005    0.216114263475E+000
    0.468020000000E+005    0.216421652444E+000
    0.468520000000E+005    0.216728998986E+000
    0.469020000000E+005    0.217036302714E+000
    0.469520000000E+005    0.217343563244E+000
    0.470020000000E+005    0.217650780192E+000
    0.470520000000E+005    0.217957953174E+000
    0.471020000000E+005    0.218265081808E+000
    0.471520000000E+005    0.218572165712E+000
    0.472020000000E+005    0.218879204504E+000
    0.472520000000E+005    0.219186197805E+000
    0.473020000000E+005    0.219493145236E+000
    0.473520000000E+005    0.219800046417E+000
    0.474020000000E+005    0.220106900971E+000
    0.474520000000E+005    0.220413708520E+000
    0.475020000000E+005    0.220720468689E+000
    0.475520000000E+005    0.221027181102E+000
    0.476020000000E+005    0.221333845385E+000
    0.476520000000E+005    0.221640461163E+000
    0.477020000000E+005    0.221947028063E+000
    0.477520000000E+005    0.222253545712E+000
    0.478020000000E+005    0.222560013741E+000
    0.478520000000E+005    0.222866431776E+000
    0.479020000000E+005    0.223172799450E+000
    0.479520000000E+005    0.223479116391E+000
    0.480020000000E+005    0.223785382233E+000
    0.480520000000E+005    0.224091596606E+000
    0.481020000000E+005    0.224397759145E+000
    0.481520000000E+005    0.224703869483E+000
    0.482020000000E+005    0.225009927254E+000
    0.482520000000E+005    0.225315932094E+000
    0.483020000000E+005    0.225621883640E+000
    0.483520000000E+005    0.225927781527E+000
    0.484020000000E+005    0.226233625394E+000
    0.484520000000E+005    0.226539414880E+000
    0.485020000000E+005    0.226845149622E+000
    0.485520000000E+005    0.227150829262E+000
    0.486020000000E+005    0.227456453440E+000
    0.486520000000E+005    0.227762021798E+000
    0.487020000000E+005    0.228067533977E+000
    0.487520000000E+005    0.228372989621E+000
    0.488020000000E+005    0.228678388373E+000
    0.488520000000E+005    0.228983729879E+000
    0.489020000000E+005    0.229289013782E+000
    0.489520000000E+005    0.229594239729E+000
    0.490020000000E+005    0.229899407368E+000
    0.490520000000E+005    0.230204516344E+000
    0.491020000000E+005    0.230509566308E+000
    0.491520000000E+005    0.230814556907E+000
    0.492020000000E+005    0.231119487791E+000
    0.492520000000E+005    0.231424358610E+000
    0.493020000000E+005    0.231729169017E+000
    0.493520000000E+005    0.232033918663E+000
    0.494020000000E+005    0.232338607200E+000
    0.494520000000E+005    0.232643234282E+000
    0.495020000000E+005    0.232947799564E+000
    0.495520000000E+005    0.233252302699E+000
    0.496020000000E+005    0.233556743344E+000
    0.496520000000E+005    0.233861121155E+000
    0.497020000000E+005    0.234165435790E+000
    0.497520000000E+005    0.234469686905E+000
    0.498020000000E+005    0.234773874160E+000
    0.498520000000E+005    0.235077997213E+000
    0.499020000000E+005    0.235382055725E+000
    0.499520000000E+005    0.235686049357E+000
    0.500020000000E+005    0.235989977770E+000
    0.500520000000E+005    0.236293840626E+000
    0.501020000000E+005    0.236597637588E+000
    0.501520000000E+005    0.236901368320E+000
    0.502020000000E+005    0.237205032486E+000
    0.502520000000E+005    0.237508629751E+000
    0.503020000000E+005    0.237812159781E+000
    0.503520000000E+005    0.238115622243E+000
    0.504020000000E+005    0.238419016803E+000
    0.504520000000E+005    0.238722343129E+000
    0.505020000000E+005    0.239025600891E+000
    0.505520000000E+005    0.239328789758E+000
    0.506020000000E+005    0.239631909399E+000
    0.506520000000E+005    0.239934959486E+000
    0.507020000000E+005    0.240237939689E+000
    0.507520000000E+005    0.240540849682E+000
    0.508020000000E+005    0.240843689137E+000
    0.508520000000E+005    0.241146457728E+000
    0.509020000000E+005    0.241449155128E+000
    0.509520000000E+005    0.241751781014E+000
    0.510020000000E+005    0.242054335060E+000
    0.510520000000E+005    0.242356816944E+000
    0.511020000000E+005    0.242659226341E+000
    0.511520000000E+005    0.242961562931E+000
    0.512020000000E+005    0.243263826392E+000
    0.512520000000E+005    0.243566016402E+000
    0.513020000000E+005    0.243868132642E+000
    0.513520000000E+005    0.244170174792E+000
    0.514020000000E+005    0.244472142534E+000
    0.514520000000E+005    0.244774035550E+000
    0.515020000000E+005    0.245075853522E+000
    0.515520000000E+005    0.245377596134E+000
    0.516020000000E+005    0.245679263069E+000
    0.516520000000E+005    0.245980854013E+000
    0.517020000000E+005    0.246282368651E+000
    0.517520000000E+005    0.246583806669E+000
    0.518020000000E+005    0.246885167753E+000
    0.518520000000E+005    0.247186451593E+000
    0.519020000000E+005    0.247487657874E+000
    0.519520000000E+005    0.247788786287E+000
    0.520020000000E+005    0.248089836521E+000
    0.520520000000E+005    0.248390808266E+000
    0.521020000000E+005    0.248691701213E+000
    0.521520000000E+005    0.248992515054E+000
    0.522020000000E+005    0.249293249480E+000
    0.522520000000E+005    0.249593904185E+000
    0.523020000000E+005    0.249894478863E+000
    0.523520000000E+005    0.250194973207E+000
    0.524020000000E+005    0.250495386912E+000
    0.524520000000E+005    0.250795719675E+000
    0.525020000000E+005    0.251095971191E+000
    0.525520000000E+005    0.251396141157E+000
    0.526020000000E+005    0.251696229271E+000
    0.526520000000E+005    0.251996235232E+000
    0.527020000000E+005    0.252296158737E+000
    0.527520000000E+005    0.252595999488E+000
    0.528020000000E+005    0.252895757183E+000
    0.528520000000E+005    0.253195431524E+000
    0.529020000000E+005    0.253495022213E+000
    0.529520000000E+005    0.253794528951E+000
    0.530020000000E+005    0.254093951443E+000
    0.530520000000E+005    0.254393289390E+000
    0.531020000000E+005    0.254692542498E+000
    0.531520000000E+005    0.254991710471E+000
    0.532020000000E+005    0.255290793015E+000
    0.532520000000E+005    0.255589789836E+000
    0.533020000000E+005    0.255888700641E+000
    0.533520000000E+005    0.256187525137E+000
    0.534020000000E+005    0.256486263033E+000
    0.534520000000E+005    0.256784914037E+000
    0.535020000000E+005    0.257083477859E+000
    0.535520000000E+005    0.257381954208E+000
    0.536020000000E+005    0.257680342796E+000
    0.536520000000E+005    0.257978643334E+000
    0.537020000000E+005    0.258276855534E+000
    0.537520000000E+005    0.258574979108E+000
    0.538020000000E+005    0.258873013770E+000
    0.538520000000E+005    0.259170959234E+000
    0.539020000000E+005    0.259468815215E+000
    0.539520000000E+005    0.259766581427E+000
    0.540020000000E+005    0.260064257586E+000
    0.540520000000E+005    0.260361843410E+000
    0.541020000000E+005    0.260659338614E+000
    0.541520000000E+005    0.260956742918E+000
    0.542020000000E+005    0.261254056038E+000
    0.542520000000E+005    0.261551277695E+000
    0.543020000000E+005    0.261848407608E+000
    0.543520000000E+005    0.262145445497E+000
    0.544020000000E+005    0.262442391083E+000
    0.544520000000E+005    0.262739244088E+000
    0.545020000000E+005    0.263036004234E+000
    0.545520000000E+005    0.263332671244E+000
    0.546020000000E+005    0.263629244841E+000
    0.546520000000E+005    0.263925724749E+000
    0.547020000000E+005    0.264222110692E+000
    0.547520000000E+005    0.264518402398E+000
    0.548020000000E+005    0.264814599590E+000
    0.548520000000E+005    0.265110701996E+000
    0.549020000000E+005    0.265406709342E+000
    0.549520000000E+005    0.265702621358E+000
    0.550020000000E+005    0.265998437770E+000
    0.550520000000E+005    0.266294158308E+000
    0.551020000000E+005    0.266589782702E+000
    0.551520000000E+005    0.266885310682E+000
    0.552020000000E+005    0.267180741979E+000
    0.552520000000E+005    0.267476076324E+000
    0.553020000000E+005    0.267771313450E+000
    0.553520000000E+005    0.268066453088E+000
    0.554020000000E+005    0.268361494973E+000
    0.554520000000E+005    0.268656438838E+000
    0.555020000000E+005    0.268951284418E+000
    0.555520000000E+005    0.269246031448E+000
    0.556020000000E+005    0.269540679664E+000
    0.556520000000E+005    0.269835228802E+000
    0.557020000000E+005    0.270129678599E+000
    0.557520000000E+005    0.270424028792E+000
    0.558020000000E+005    0.270718279120E+000
    0.558520000000E+005    0.271012429322E+000
    0.559020000000E+005    0.271306479136E+000
    0.559520000000E+005    0.271600428303E+000
    0.560020000000E+005    0.271894276564E+000
    0.560520000000E+005    0.272188023659E+000
    0.561020000000E+005    0.272481669330E+000
    0.561520000000E+005    0.272775213320E+000
    0.562020000000E+005    0.273068655371E+000
    0.562520000000E+005    0.273361995228E+000
    0.563020000000E+005    0.273655232634E+000
    0.563520000000E+005    0.273948367333E+000
    0.564020000000E+005    0.274241399072E+000
    0.564520000000E+005    0.274534327596E+000
    0.565020000000E+005    0.274827152652E+000
    0.565520000000E+005    0.275119873986E+000
    0.566020000000E+005    0.275412491347E+000
    0.566520000000E+005    0.275705004482E+000
    0.567020000000E+005    0.275997413141E+000
    0.567520000000E+005    0.276289717073E+000
    0.568020000000E+005    0.276581916027E+000
    0.568520000000E+005    0.276874009755E+000
    0.569020000000E+005    0.277165998008E+000
    0.569520000000E+005    0.277457880536E+000
    0.570020000000E+005    0.277749657094E+000
    0.570520000000E+005    0.278041327433E+000
    0.571020000000E+005    0.278332891308E+000
    0.571520000000E+005    0.278624348471E+000
    0.572020000000E+005    0.278915698678E+000
    0.572520000000E+005    0.279206941685E+000
    0.573020000000E+005    0.279498077246E+000
    0.573520000000E+005    0.279789105118E+000
    0.574020000000E+005    0.280080025058E+000
    0.574520000000E+005    0.280370836824E+000
    0.575020000000E+005    0.280661540173E+000
    0.575520000000E+005    0.280952134865E+000
    0.576020000000E+005    0.281242620658E+000
    0.576520000000E+005    0.281532997313E+000
    0.577020000000E+005    0.281823264589E+000
    0.577520000000E+005    0.282113422248E+000
    0.578020000000E+005    0.282403470050E+000
    0.578520000000E+005    0.282693407759E+000
    0.579020000000E+005    0.282983235137E+000
    0.579520000000E+005    0.283272951946E+000
    0.580020000000E+005    0.283562557951E+000
    0.580520000000E+005    0.283852052915E+000
    0.581020000000E+005    0.284141436605E+000
    0.581520000000E+005    0.284430708784E+000
    0.582020000000E+005    0.284719869220E+000
    0.582520000000E+005    0.285008917678E+000
    0.583020000000E+005    0.285297853926E+000
    0.583520000000E+005    0.285586677731E+000
    0.584020000000E+005    0.285875388862E+000
    0.584520000000E+005    0.286163987087E+000
    0.585020000000E+005    0.286452472175E+000
    0.585520000000E+005    0.286740843897E+000
    0.586020000000E+005    0.287029102023E+000
    0.586520000000E+005    0.287317246323E+000
    0.587020000000E+005    0.287605276570E+000
    0.587520000000E+005    0.287893192535E+000
    0.588020000000E+005    0.288180993991E+000
    0.588520000000E+005    0.288468680711E+000
    0.589020000000E+005    0.288756252468E+000
    0.589520000000E+005    0.289043709038E+000
    0.590020000000E+005    0.289331050194E+000
    0.590520000000E+005    0.289618275712E+000
    0.591020000000E+005    0.289905385368E+000
    0.591520000000E+005    0.290192378938E+000
    0.592020000000E+005    0.290479256200E+000
    0.592520000000E+005    0.290766016930E+000
    0.593020000000E+005    0.291052660907E+000
    0.593520000000E+005    0.291339187909E+000
    0.594020000000E+005    0.291625597716E+000
    0.594520000000E+005    0.291911890106E+000
    0.595020000000E+005    0.292198064861E+000
    0.595520000000E+005    0.292484121761E+000
    0.596020000000E+005    0.292770060586E+000
    0.596520000000E+005    0.293055881120E+000
    0.597020000000E+005    0.293341583144E+000
    0.597520000000E+005    0.293627166441E+000
    0.598020000000E+005    0.293912630794E+000
    0.598520000000E+005    0.294197975987E+000
    0.599020000000E+005    0.294483201805E+000
    0.599520000000E+005    0.294768308033E+000
    0.600020000000E+005    0.295053294455E+000
    0.600520000000E+005    0.295338160859E+000
    0.601020000000E+005    0.295622907031E+000
    0.601520000000E+005    0.295907532757E+000
    0.602020000000E+005    0.296192037825E+000
    0.602520000000E+005    0.296476422024E+000
    0.603020000000E+005    0.296760685141E+000
    0.603520000000E+005    0.297044826967E+000
    0.604020000000E+005    0.297328847290E+000
    0.604520000000E+005    0.297612745901E+000
    0.605020000000E+005    0.297896522591E+000
    0.605520000000E+005    0.298180177151E+000
    0.606020000000E+005    0.298463709372E+000
    0.606520000000E+005    0.298747119047E+000
    0.607020000000E+005    0.299030405968E+000
    0.607520000000E+005    0.299313569930E+000
    0.608020000000E+005    0.299596610725E+000
    0.608520000000E+005    0.299879528148E+000
    0.609020000000E+005    0.300162321993E+000
    0.609520000000E+005    0.300444992057E+000
    0.610020000000E+005    0.300727538135E+000
    0.610520000000E+005    0.301009960023E+000
    0.611020000000E+005    0.301292257518E+000
    0.611520000000E+005    0.301574430417E+000
    0.612020000000E+005    0.301856478519E+000
    0.612520000000E+005    0.302138401621E+000
    0.613020000000E+005    0.302420199523E+000
    0.613520000000E+005    0.302701872024E+000
    0.614020000000E+005    0.302983418924E+000
    0.614520000000E+005    0.303264840023E+000
    0.615020000000E+005    0.303546135123E+000
    0.615520000000E+005    0.303827304024E+000
    0.616020000000E+005    0.304108346528E+000
    0.616520000000E+005    0.304389262438E+000
    0.617020000000E+005    0.304670051557E+000
    0.617520000000E+005    0.304950713688E+000
    0.618020000000E+005    0.305231248635E+000
    0.618520000000E+005    0.305511656203E+000
    0.619020000000E+005    0.305791936195E+000
    0.619520000000E+005    0.306072088419E+000
    0.620020000000E+005    0.306352112679E+000
    0.620520000000E+005    0.306632008782E+000
    0.621020000000E+005    0.306911776535E+000
    0.621520000000E+005    0.307191415745E+000
    0.622020000000E+005    0.307470926220E+000
    0.622520000000E+005    0.307750307768E+000
    0.623020000000E+005    0.308029560198E+000
    0.623520000000E+005    0.308308683320E+000
    0.624020000000E+005    0.308587676943E+000
    0.624520000000E+005    0.308866540878E+000
    0.625020000000E+005    0.309145274935E+000
    0.625520000000E+005    0.309423878926E+000
    0.626020000000E+005    0.309702352662E+000
    0.626520000000E+005    0.309980695955E+000
    0.627020000000E+005    0.310258908619E+000
    0.627520000000E+005    0.310536990467E+000
    0.628020000000E+005    0.310814941311E+000
    0.628520000000E+005    0.311092760967E+000
    0.629020000000E+005    0.311370449249E+000
    0.629520000000E+005    0.311648005972E+000
    0.630020000000E+005    0.311925430951E+000
    0.630520000000E+005    0.312202724004E+000
    0.631020000000E+005    0.312479884945E+000
    0.631520000000E+005    0.312756913593E+000
    0.632020000000E+005    0.313033809765E+000
    0.632520000000E+005    0.313310573279E+000
    0.633020000000E+005    0.313587203953E+000
    0.633520000000E+005    0.313863701606E+000
    0.634020000000E+005    0.314140066058E+000
    0.634520000000E+005    0.314416297129E+000
    0.635020000000E+005    0.314692394638E+000
    0.635520000000E+005    0.314968358407E+000
    0.636020000000E+005    0.315244188257E+000
    0.636520000000E+005    0.315519884010E+000
    0.637020000000E+005    0.315795445487E+000
    0.637520000000E+005    0.316070872512E+000
    0.638020000000E+005    0.316346164908E+000
    0.638520000000E+005    0.316621322499E+000
    0.639020000000E+005    0.316896345108E+000
    0.639520000000E+005    0.317171232560E+000
    0.640020000000E+005    0.317445984680E+000
    0.640520000000E+005    0.317720601294E+000
    0.641020000000E+005    0.317995082227E+000
    0.641520000000E+005    0.318269427306E+000
    0.642020000000E+005    0.318543636358E+000
    0.642520000000E+005    0.318817709210E+000
    0.643020000000E+005    0.319091645690E+000
    0.643520000000E+005    0.319365445626E+000
    0.644020000000E+005    0.319639108847E+000
    0.644520000000E+005    0.319912635182E+000
    0.645020000000E+005    0.320186024460E+000
    0.645520000000E+005    0.320459276512E+000
    0.646020000000E+005    0.320732391169E+000
    0.646520000000E+005    0.321005368261E+000
    0.647020000000E+005    0.321278207619E+000
    0.647520000000E+005    0.321550909076E+000
    0.648020000000E+005    0.321823472464E+000
    0.648520000000E+005    0.322095897615E+000
    0.649020000000E+005    0.322368184364E+000
    0.649520000000E+005    0.322640332543E+000
    0.650020000000E+005    0.322912341986E+000
    0.650520000000E+005    0.323184212529E+000
    0.651020000000E+005    0.323455944007E+000
    0.651520000000E+005    0.323727536254E+000
    0.652020000000E+005    0.323998989107E+000
    0.652520000000E+005    0.324270302403E+000
    0.653020000000E+005    0.324541475977E+000
    0.653520000000E+005    0.324812509668E+000
    0.654020000000E+005    0.325083403312E+000
    0.654520000000E+005    0.325354156749E+000
    0.655020000000E+005    0.325624769817E+000
    0.655520000000E+005    0.325895242354E+000
    0.656020000000E+005    0.326165574201E+000
    0.656520000000E+005    0.326435765196E+000
    0.657020000000E+005    0.326705815182E+000
    0.657520000000E+005    0.326975723997E+000
    0.658020000000E+005    0.327245491484E+000
    0.658520000000E+005    0.327515117485E+000
    0.659020000000E+005    0.327784601841E+000
    0.659520000000E+005    0.328053944394E+000
    0.660020000000E+005    0.328323144989E+000
    0.660520000000E+005    0.328592203468E+000
    0.661020000000E+005    0.328861119675E+000
    0.661520000000E+005    0.329129893454E+000
    0.662020000000E+005    0.329398524651E+000
    0.662520000000E+005    0.329667013110E+000
    0.663020000000E+005    0.329935358677E+000
    0.663520000000E+005    0.330203561197E+000
    0.664020000000E+005    0.330471620518E+000
    0.664520000000E+005    0.330739536487E+000
    0.665020000000E+005    0.331007308949E+000
    0.665520000000E+005    0.331274937754E+000
    0.666020000000E+005    0.331542422749E+000
    0.666520000000E+005    0.331809763783E+000
    0.667020000000E+005    0.332076960706E+000
    0.667520000000E+005    0.332344013365E+000
    0.668020000000E+005    0.332610921612E+000
    0.668520000000E+005    0.332877685296E+000
    0.669020000000E+005    0.333144304268E+000
    0.669520000000E+005    0.333410778379E+000
    0.670020000000E+005    0.333677107482E+000
    0.670520000000E+005    0.333943291427E+000
    0.671020000000E+005    0.334209330067E+000
    0.671520000000E+005    0.334475223256E+000
    0.672020000000E+005    0.334740970845E+000
    0.672520000000E+005    0.335006572690E+000
    0.673020000000E+005    0.335272028643E+000
    0.673520000000E+005    0.335537338560E+000
    0.674020000000E+005    0.335802502295E+000
    0.674520000000E+005    0.336067519703E+000
    0.675020000000E+005    0.336332390641E+000
    0.675520000000E+005    0.336597114964E+000
    0.676020000000E+005    0.336861692529E+000
    0.676520000000E+005    0.337126123193E+000
    0.677020000000E+005    0.337390406813E+000
    0.677520000000E+005    0.337654543248E+000
    0.678020000000E+005    0.337918532354E+000
    0.678520000000E+005    0.338182373992E+000
    0.679020000000E+005    0.338446068019E+000
    0.679520000000E+005    0.338709614296E+000
    0.680020000000E+005    0.338973012682E+000
    0.680520000000E+005    0.339236263037E+000
    0.681020000000E+005    0.339499365223E+000
    0.681520000000E+005    0.339762319099E+000
    0.682020000000E+005    0.340025124528E+000
    0.682520000000E+005    0.340287781371E+000
    0.683020000000E+005    0.340550289491E+000
    0.683520000000E+005    0.340812648751E+000
    0.684020000000E+005    0.341074859012E+000
    0.684520000000E+005    0.341336920140E+000
    0.685020000000E+005    0.341598831997E+000
    0.685520000000E+005    0.341860594449E+000
    0.686020000000E+005    0.342122207359E+000
    0.686520000000E+005    0.342383670593E+000
    0.687020000000E+005    0.342644984016E+000
    0.687520000000E+005    0.342906147495E+000
    0.688020000000E+005    0.343167160895E+000
    0.688520000000E+005    0.343428024082E+000
    0.689020000000E+005    0.343688736926E+000
    0.689520000000E+005    0.343949299291E+000
    0.690020000000E+005    0.344209711048E+000
    0.690520000000E+005    0.344469972063E+000
    0.691020000000E+005    0.344730082205E+000
    0.691520000000E+005    0.344990041344E+000
    0.692020000000E+005    0.345249849349E+000
    0.692520000000E+005    0.345509506090E+000
    0.693020000000E+005    0.345769011436E+000
    0.693520000000E+005    0.346028365259E+000
    0.694020000000E+005    0.346287567430E+000
    0.694520000000E+005    0.346546617819E+000
    0.695020000000E+005    0.346805516299E+000
    0.695520000000E+005    0.347064262743E+000
    0.696020000000E+005    0.347322857021E+000
    0.696520000000E+005    0.347581299008E+000
    0.697020000000E+005    0.347839588577E+000
    0.697520000000E+005    0.348097725601E+000
    0.698020000000E+005    0.348355709955E+000
    0.698520000000E+005    0.348613541512E+000
    0.699020000000E+005    0.348871220149E+000
    0.699520000000E+005    0.349128745740E+000
    0.700020000000E+005    0.349386118160E+000
    0.700520000000E+005    0.349643337287E+000
    0.701020000000E+005    0.349900402995E+000
    0.701520000000E+005    0.350157315163E+000
    0.702020000000E+005    0.350414073666E+000
    0.702520000000E+005    0.350670678384E+000
    0.703020000000E+005    0.350927129193E+000
    0.703520000000E+005    0.351183425972E+000
    0.704020000000E+005    0.351439568599E+000
    0.704520000000E+005    0.351695556954E+000
    0.705020000000E+005    0.351951390917E+000
    0.705520000000E+005    0.352207070366E+000
    0.706020000000E+005    0.352462595182E+000
    0.706520000000E+005    0.352717965246E+000
    0.707020000000E+005    0.352973180438E+000
    0.707520000000E+005    0.353228240641E+000
    0.708020000000E+005    0.353483145734E+000
    0.708520000000E+005    0.353737895602E+000
    0.709020000000E+005    0.353992490125E+000
    0.709520000000E+005    0.354246929188E+000
    0.710020000000E+005    0.354501212672E+000
    0.710520000000E+005    0.354755340462E+000
    0.711020000000E+005    0.355009312441E+000
    0.711520000000E+005    0.355263128494E+000
    0.712020000000E+005    0.355516788506E+000
    0.712520000000E+005    0.355770292360E+000
    0.713020000000E+005    0.356023639944E+000
    0.713520000000E+005    0.356276831142E+000
    0.714020000000E+005    0.356529865841E+000
    0.714520000000E+005    0.356782743926E+000
    0.715020000000E+005    0.357035465286E+000
    0.715520000000E+005    0.357288029807E+000
    0.716020000000E+005    0.357540437376E+000
    0.716520000000E+005    0.357792687883E+000
    0.717020000000E+005    0.358044781214E+000
    0.717520000000E+005    0.358296717259E+000
    0.718020000000E+005    0.358548495906E+000
    0.718520000000E+005    0.358800117045E+000
    0.719020000000E+005    0.359051580566E+000
    0.719520000000E+005    0.359302886359E+000
    0.720020000000E+005    0.359554034315E+000
    0.720520000000E+005    0.359805024323E+000
    0.721020000000E+005    0.360055856276E+000
    0.721520000000E+005    0.360306530064E+000
    0.722020000000E+005    0.360557045581E+000
    0.722520000000E+005    0.360807402717E+000
    0.723020000000E+005    0.361057601366E+000
    0.723520000000E+005    0.361307641420E+000
    0.724020000000E+005    0.361557522773E+000
    0.724520000000E+005    0.361807245319E+000
    0.725020000000E+005    0.362056808951E+000
    0.725520000000E+005    0.362306213564E+000
    0.726020000000E+005    0.362555459053E+000
    0.726520000000E+005    0.362804545313E+000
    0.727020000000E+005    0.363053472238E+000
    0.727520000000E+005    0.363302239726E+000
    0.728020000000E+005    0.363550847671E+000
    0.728520000000E+005    0.363799295971E+000
    0.729020000000E+005    0.364047584522E+000
    0.729520000000E+005    0.364295713222E+000
    0.730020000000E+005    0.364543681968E+000
    0.730520000000E+005    0.364791490658E+000
    0.731020000000E+005    0.365039139190E+000
    0.731520000000E+005    0.365286627462E+000
    0.732020000000E+005    0.365533955374E+000
    0.732520000000E+005    0.365781122825E+000
    0.733020000000E+005    0.366028129714E+000
    0.733520000000E+005    0.366274975942E+000
    0.734020000000E+005    0.366521661408E+000
    0.734520000000E+005    0.366768186014E+000
    0.735020000000E+005    0.367014549660E+000
    0.735520000000E+005    0.367260752247E+000
    0.736020000000E+005    0.367506793677E+000
    0.736520000000E+005    0.367752673853E+000
    0.737020000000E+005    0.367998392676E+000
    0.737520000000E+005    0.368243950049E+000
    0.738020000000E+005    0.368489345876E+000
    0.738520000000E+005    0.368734580059E+000
    0.739020000000E+005    0.368979652502E+000
    0.739520000000E+005    0.369224563110E+000
    0.740020000000E+005    0.369469311786E+000
    0.740520000000E+005    0.369713898435E+000
    0.741020000000E+005    0.369958322963E+000
    0.741520000000E+005    0.370202585274E+000
    0.742020000000E+005    0.370446685275E+000
    0.742520000000E+005    0.370690622871E+000
    0.743020000000E+005    0.370934397968E+000
    0.743520000000E+005    0.371178010475E+000
    0.744020000000E+005    0.371421460297E+000
    0.744520000000E+005    0.371664747341E+000
    0.745020000000E+005    0.371907871516E+000
    0.745520000000E+005    0.372150832730E+000
    0.746020000000E+005    0.372393630891E+000
    0.746520000000E+005    0.372636265907E+000
    0.747020000000E+005    0.372878737688E+000
    0.747520000000E+005    0.373121046143E+000
    0.748020000000E+005    0.373363191182E+000
    0.748520000000E+005    0.373605172714E+000
    0.749020000000E+005    0.373846990650E+000
    0.749520000000E+005    0.374088644901E+000
    0.750020000000E+005    0.374330135377E+000
    0.750520000000E+005    0.374571461990E+000
    0.751020000000E+005    0.374812624652E+000
    0.751520000000E+005    0.375053623274E+000
    0.752020000000E+005    0.375294457769E+000
    0.752520000000E+005    0.375535128050E+000
    0.753020000000E+005    0.375775634028E+000
    0.753520000000E+005    0.376015975618E+000
    0.754020000000E+005    0.376256152733E+000
    0.754520000000E+005    0.376496165287E+000
    0.755020000000E+005    0.376736013195E+000
    0.755520000000E+005    0.376975696370E+000
    0.756020000000E+005    0.377215214727E+000
    0.756520000000E+005    0.377454568182E+000
    0.757020000000E+005    0.377693756650E+000
    0.757520000000E+005    0.377932780048E+000
    0.758020000000E+005    0.378171638290E+000
    0.758520000000E+005    0.378410331294E+000
    0.759020000000E+005    0.378648858976E+000
    0.759520000000E+005    0.378887221254E+000
    0.760020000000E+005    0.379125418044E+000
    0.760520000000E+005    0.379363449265E+000
    0.761020000000E+005    0.379601314834E+000
    0.761520000000E+005    0.379839014670E+000
    0.762020000000E+005    0.380076548692E+000
    0.762520000000E+005    0.380313916817E+000
    0.763020000000E+005    0.380551118967E+000
    0.763520000000E+005    0.380788155059E+000
    0.764020000000E+005    0.381025025015E+000
    0.764520000000E+005    0.381261728754E+000
    0.765020000000E+005    0.381498266197E+000
    0.765520000000E+005    0.381734637265E+000
    0.766020000000E+005    0.381970841878E+000
    0.766520000000E+005    0.382206879959E+000
    0.767020000000E+005    0.382442751428E+000
    0.767520000000E+005    0.382678456208E+000
    0.768020000000E+005    0.382913994222E+000
    0.768520000000E+005    0.383149365392E+000
    0.769020000000E+005    0.383384569641E+000
    0.769520000000E+005    0.383619606892E+000
    0.770020000000E+005    0.383854477069E+000
    0.770520000000E+005    0.384089180096E+000
    0.771020000000E+005    0.384323715897E+000
    0.771520000000E+005    0.384558084396E+000
    0.772020000000E+005    0.384792285519E+000
    0.772520000000E+005    0.385026319190E+000
    0.773020000000E+005    0.385260185335E+000
    0.773520000000E+005    0.385493883879E+000
    0.774020000000E+005    0.385727414749E+000
    0.774520000000E+005    0.385960777870E+000
    0.775020000000E+005    0.386193973170E+000
    0.775520000000E+005    0.386427000576E+000
    0.776020000000E+005    0.386659860014E+000
    0.776520000000E+005    0.386892551412E+000
    0.777020000000E+005    0.387125074698E+000
    0.777520000000E+005    0.387357429800E+000
    0.778020000000E+005    0.387589616646E+000
    0.778520000000E+005    0.387821635166E+000
    0.779020000000E+005    0.388053485287E+000
    0.779520000000E+005    0.388285166940E+000
    0.780020000000E+005    0.388516680054E+000
    0.780520000000E+005    0.388748024559E+000
    0.781020000000E+005    0.388979200385E+000
    0.781520000000E+005    0.389210207462E+000
    0.782020000000E+005    0.389441045722E+000
    0.782520000000E+005    0.389671715095E+000
    0.783020000000E+005    0.389902215513E+000
    0.783520000000E+005    0.390132546907E+000
    0.784020000000E+005    0.390362709209E+000
    0.784520000000E+005    0.390592702352E+000
    0.785020000000E+005    0.390822526268E+000
    0.785520000000E+005    0.391052180890E+000
    0.786020000000E+005    0.391281666151E+000
    0.786520000000E+005    0.391510981984E+000
    0.787020000000E+005    0.391740128323E+000
    0.787520000000E+005    0.391969105102E+000
    0.788020000000E+005    0.392197912256E+000
    0.788520000000E+005    0.392426549718E+000
    0.789020000000E+005    0.392655017424E+000
    0.789520000000E+005    0.392883315309E+000
    0.790020000000E+005    0.393111443307E+000
    0.790520000000E+005    0.393339401356E+000
    0.791020000000E+005    0.393567189390E+000
    0.791520000000E+005    0.393794807346E+000
    0.792020000000E+005    0.394022255161E+000
    0.792520000000E+005    0.394249532772E+000
    0.793020000000E+005    0.394476640115E+000
    0.793520000000E+005    0.394703577127E+000
    0.794020000000E+005    0.394930343748E+000
    0.794520000000E+005    0.395156939914E+000
    0.795020000000E+005    0.395383365564E+000
    0.795520000000E+005    0.395609620636E+000
    0.796020000000E+005    0.395835705069E+000
    0.796520000000E+005    0.396061618802E+000
    0.797020000000E+005    0.396287361775E+000
    0.797520000000E+005    0.396512933927E+000
    0.798020000000E+005    0.396738335198E+000
    0.798520000000E+005    0.396963565528E+000
    0.799020000000E+005    0.397188624858E+000
    0.799520000000E+005    0.397413513129E+000
    0.800020000000E+005    0.397638230281E+000
    0.800520000000E+005    0.397862776256E+000
    0.801020000000E+005    0.398087150995E+000
    0.801520000000E+005    0.398311354441E+000
    0.802020000000E+005    0.398535386534E+000
    0.802520000000E+005    0.398759247219E+000
    0.803020000000E+005    0.398982936437E+000
    0.803520000000E+005    0.399206454132E+000
    0.804020000000E+005    0.399429800246E+000
    0.804520000000E+005    0.399652974723E+000
    0.805020000000E+005    0.399875977507E+000
    0.805520000000E+005    0.400098808542E+000
    0.806020000000E+005    0.400321467773E+000
    0.806520000000E+005    0.400543955143E+000
    0.807020000000E+005    0.400766270598E+000
    0.807520000000E+005    0.400988414082E+000
    0.808020000000E+005    0.401210385542E+000
    0.808520000000E+005    0.401432184923E+000
    0.809020000000E+005    0.401653812170E+000
    0.809520000000E+005    0.401875267231E+000
    0.810020000000E+005    0.402096550051E+000
    0.810520000000E+005    0.402317660577E+000
    0.811020000000E+005    0.402538598756E+000
    0.811520000000E+005    0.402759364536E+000
    0.812020000000E+005    0.402979957863E+000
    0.812520000000E+005    0.403200378687E+000
    0.813020000000E+005    0.403420626954E+000
    0.813520000000E+005    0.403640702614E+000
    0.814020000000E+005    0.403860605614E+000
    0.814520000000E+005    0.404080335904E+000
    0.815020000000E+005    0.404299893432E+000
    0.815520000000E+005    0.404519278149E+000
    0.816020000000E+005    0.404738490003E+000
    0.816520000000E+005    0.404957528946E+000
    0.817020000000E+005    0.405176394926E+000
    0.817520000000E+005    0.405395087894E+000
    0.818020000000E+005    0.405613607801E+000
    0.818520000000E+005    0.405831954598E+000
    0.819020000000E+005    0.406050128237E+000
    0.819520000000E+005    0.406268128668E+000
    0.820020000000E+005    0.406485955843E+000
    0.820520000000E+005    0.406703609715E+000
    0.821020000000E+005    0.406921090235E+000
    0.821520000000E+005    0.407138397356E+000
    0.822020000000E+005    0.407355531031E+000
    0.822520000000E+005    0.407572491213E+000
    0.823020000000E+005    0.407789277855E+000
    0.823520000000E+005    0.408005890911E+000
    0.824020000000E+005    0.408222330334E+000
    0.824520000000E+005    0.408438596079E+000
    0.825020000000E+005    0.408654688100E+000
    0.825520000000E+005    0.408870606351E+000
    0.826020000000E+005    0.409086350787E+000
    0.826520000000E+005    0.409301921363E+000
    0.827020000000E+005    0.409517318035E+000
    0.827520000000E+005    0.409732540758E+000
    0.828020000000E+005    0.409947589488E+000
    0.828520000000E+005    0.410162464181E+000
    0.829020000000E+005    0.410377164793E+000
    0.829520000000E+005    0.410591691282E+000
    0.830020000000E+005    0.410806043602E+000
    0.830520000000E+005    0.411020221713E+000
    0.831020000000E+005    0.411234225571E+000
    0.831520000000E+005    0.411448055133E+000
    0.832020000000E+005    0.411661710358E+000
    0.832520000000E+005    0.411875191204E+000
    0.833020000000E+005    0.412088497629E+000
    0.833520000000E+005    0.412301629591E+000
    0.834020000000E+005    0.412514587049E+000
    0.834520000000E+005    0.412727369963E+000
    0.835020000000E+005    0.412939978291E+000
    0.835520000000E+005    0.413152411994E+000
    0.836020000000E+005    0.413364671030E+000
    0.836520000000E+005    0.413576755361E+000
    0.837020000000E+005    0.413788664946E+000
    0.837520000000E+005    0.414000399746E+000
    0.838020000000E+005    0.414211959721E+000
    0.838520000000E+005    0.414423344833E+000
    0.839020000000E+005    0.414634555043E+000
    0.839520000000E+005    0.414845590313E+000
    0.840020000000E+005    0.415056450604E+000
    0.840520000000E+005    0.415267135878E+000
    0.841020000000E+005    0.415477646098E+000
    0.841520000000E+005    0.415687981225E+000
    0.842020000000E+005    0.415898141223E+000
    0.842520000000E+005    0.416108126055E+000
    0.843020000000E+005    0.416317935683E+000
    0.843520000000E+005    0.416527570072E+000
    0.844020000000E+005    0.416737029184E+000
    0.844520000000E+005    0.416946312985E+000
    0.845020000000E+005    0.417155421437E+000
    0.845520000000E+005    0.417364354506E+000
    0.846020000000E+005    0.417573112156E+000
    0.846520000000E+005    0.417781694351E+000
    0.847020000000E+005    0.417990101058E+000
    0.847520000000E+005    0.418198332241E+000
    0.848020000000E+005    0.418406387866E+000
    0.848520000000E+005    0.418614267898E+000
    0.849020000000E+005    0.418821972304E+000
    0.849520000000E+005    0.419029501051E+000
    0.850020000000E+005    0.419236854103E+000
    0.850520000000E+005    0.419444031429E+000
    0.851020000000E+005    0.419651032996E+000
    0.851520000000E+005    0.419857858770E+000
    0.852020000000E+005    0.420064508718E+000
    0.852520000000E+005    0.420270982810E+000
    0.853020000000E+005    0.420477281012E+000
    0.853520000000E+005    0.420683403292E+000
    0.854020000000E+005    0.420889349620E+000
    0.854520000000E+005    0.421095119963E+000
    0.855020000000E+005    0.421300714291E+000
    0.855520000000E+005    0.421506132573E+000
    0.856020000000E+005    0.421711374777E+000
    0.856520000000E+005    0.421916440874E+000
    0.857020000000E+005    0.422121330833E+000
    0.857520000000E+005    0.422326044624E+000
    0.858020000000E+005    0.422530582218E+000
    0.858520000000E+005    0.422734943584E+000
    0.859020000000E+005    0.422939128694E+000
    0.859520000000E+005    0.423143137518E+000
    0.860020000000E+005    0.423346970028E+000
    0.860520000000E+005    0.423550626194E+000
    0.861020000000E+005    0.423754105989E+000
    0.861520000000E+005    0.423957409384E+000
    0.862020000000E+005    0.424160536352E+000
    0.862520000000E+005    0.424363486864E+000
    0.863020000000E+005    0.424566260893E+000
    0.863520000000E+005    0.424768858412E+000
    0.864020000000E+005    0.424971279393E+000
    0.864520000000E+005    0.425173523810E+000
    0.865020000000E+005    0.425375591637E+000
    0.865520000000E+005    0.425577482846E+000
    0.866020000000E+005    0.425779197412E+000
    0.866520000000E+005    0.425980735308E+000
    0.867020000000E+005    0.426182096509E+000
    0.867520000000E+005    0.426383280989E+000
    0.868020000000E+005    0.426584288724E+000
    0.868520000000E+005    0.426785119687E+000
    0.869020000000E+005    0.426985773855E+000
    0.869520000000E+005    0.427186251202E+000
    0.870020000000E+005    0.427386551704E+000
    0.870520000000E+005    0.427586675337E+000
    0.871020000000E+005    0.427786622076E+000
    0.871520000000E+005    0.427986391899E+000
    0.872020000000E+005    0.428185984782E+000
    0.872520000000E+005    0.428385400700E+000
    0.873020000000E+005    0.428584639632E+000
    0.873520000000E+005    0.428783701554E+000
    0.874020000000E+005    0.428982586443E+000
    0.874520000000E+005    0.429181294278E+000
    0.875020000000E+005    0.429379825035E+000
    0.875520000000E+005    0.429578178694E+000
    0.876020000000E+005    0.429776355231E+000
    0.876520000000E+005    0.429974354625E+000
    0.877020000000E+005    0.430172176856E+000
    0.877520000000E+005    0.430369821901E+000
    0.878020000000E+005    0.430567289740E+000
    0.878520000000E+005    0.430764580353E+000
    0.879020000000E+005    0.430961693717E+000
    0.879520000000E+005    0.431158629815E+000
    0.880020000000E+005    0.431355388624E+000
    0.880520000000E+005    0.431551970125E+000
    0.881020000000E+005    0.431748374299E+000
    0.881520000000E+005    0.431944601126E+000
    0.882020000000E+005    0.432140650587E+000
    0.882520000000E+005    0.432336522663E+000
    0.883020000000E+005    0.432532217334E+000
    0.883520000000E+005    0.432727734583E+000
    0.884020000000E+005    0.432923074391E+000
    0.884520000000E+005    0.433118236739E+000
    0.885020000000E+005    0.433313221610E+000
    0.885520000000E+005    0.433508028985E+000
    0.886020000000E+005    0.433702658848E+000
    0.886520000000E+005    0.433897111181E+000
    0.887020000000E+005    0.434091385966E+000
    0.887520000000E+005    0.434285483187E+000
    0.888020000000E+005    0.434479402826E+000
    0.888520000000E+005    0.434673144868E+000
    0.889020000000E+005    0.434866709296E+000
    0.889520000000E+005    0.435060096094E+000
    0.890020000000E+005    0.435253305246E+000
    0.890520000000E+005    0.435446336736E+000
    0.891020000000E+005    0.435639190548E+000
    0.891520000000E+005    0.435831866667E+000
    0.892020000000E+005    0.436024365079E+000
    0.892520000000E+005    0.436216685768E+000
    0.893020000000E+005    0.436408828719E+000
    0.893520000000E+005    0.436600793919E+000
    0.894020000000E+005    0.436792581351E+000
    0.894520000000E+005    0.436984191004E+000
    0.895020000000E+005    0.437175622862E+000
    0.895520000000E+005    0.437366876912E+000
    0.896020000000E+005    0.437557953140E+000
    0.896520000000E+005    0.437748851533E+000
    0.897020000000E+005    0.437939572078E+000
    0.897520000000E+005    0.438130114762E+000
    0.898020000000E+005    0.438320479572E+000
    0.898520000000E+005    0.438510666496E+000
    0.899020000000E+005    0.438700675522E+000
    0.899520000000E+005    0.438890506637E+000
    0.900020000000E+005    0.439080159829E+000
    0.900520000000E+005    0.439269635087E+000
    0.901020000000E+005    0.439458932399E+000
    0.901520000000E+005    0.439648051754E+000
    0.902020000000E+005    0.439836993140E+000
    0.902520000000E+005    0.440025756548E+000
    0.903020000000E+005    0.440214341965E+000
    0.903520000000E+005    0.440402749382E+000
    0.904020000000E+005    0.440590978787E+000
    0.904520000000E+005    0.440779030172E+000
    0.905020000000E+005    0.440966903526E+000
    0.905520000000E+005    0.441154598839E+000
    0.906020000000E+005    0.441342116101E+000
    0.906520000000E+005    0.441529455304E+000
    0.907020000000E+005    0.441716616438E+000
    0.907520000000E+005    0.441903599494E+000
    0.908020000000E+005    0.442090404463E+000
    0.908520000000E+005    0.442277031337E+000
    0.909020000000E+005    0.442463480107E+000
    0.909520000000E+005    0.442649750765E+000
    0.910020000000E+005    0.442835843304E+000
    0.910520000000E+005    0.443021757714E+000
    0.911020000000E+005    0.443207493989E+000
    0.911520000000E+005    0.443393052120E+000
    0.912020000000E+005    0.443578432102E+000
    0.912520000000E+005    0.443763633926E+000
    0.913020000000E+005    0.443948657586E+000
    0.913520000000E+005    0.444133503075E+000
    0.914020000000E+005    0.444318170387E+000
    0.914520000000E+005    0.444502659515E+000
    0.915020000000E+005    0.444686970453E+000
    0.915520000000E+005    0.444871103195E+000
    0.916020000000E+005    0.445055057736E+000
    0.916520000000E+005    0.445238834069E+000
    0.917020000000E+005    0.445422432190E+000
    0.917520000000E+005    0.445605852093E+000
    0.918020000000E+005    0.445789093773E+000
    0.918520000000E+005    0.445972157225E+000
    0.919020000000E+005    0.446155042445E+000
    0.919520000000E+005    0.446337749429E+000
    0.920020000000E+005    0.446520278171E+000
    0.920520000000E+005    0.446702628669E+000
    0.921020000000E+005    0.446884800917E+000
    0.921520000000E+005    0.447066794912E+000
    0.922020000000E+005    0.447248610651E+000
    0.922520000000E+005    0.447430248131E+000
    0.923020000000E+005    0.447611707348E+000
    0.923520000000E+005    0.447792988299E+000
    0.924020000000E+005    0.447974090981E+000
    0.924520000000E+005    0.448155015392E+000
    0.925020000000E+005    0.448335761529E+000
    0.925520000000E+005    0.448516329391E+000
    0.926020000000E+005    0.448696718974E+000
    0.926520000000E+005    0.448876930277E+000
    0.927020000000E+005    0.449056963299E+000
    0.927520000000E+005    0.449236818037E+000
    0.928020000000E+005    0.449416494491E+000
    0.928520000000E+005    0.449595992659E+000
    0.929020000000E+005    0.449775312540E+000
    0.929520000000E+005    0.449954454134E+000
    0.930020000000E+005    0.450133417439E+000
    0.930520000000E+005    0.450312202456E+000
    0.931020000000E+005    0.450490809184E+000
    0.931520000000E+005    0.450669237622E+000
    0.932020000000E+005    0.450847487772E+000
    0.932520000000E+005    0.451025559632E+000
    0.933020000000E+005    0.451203453204E+000
    0.933520000000E+005    0.451381168489E+000
    0.934020000000E+005    0.451558705486E+000
    0.934520000000E+005    0.451736064197E+000
    0.935020000000E+005    0.451913244624E+000
    0.935520000000E+005    0.452090246766E+000
    0.936020000000E+005    0.452267070627E+000
    0.936520000000E+005    0.452443716206E+000
    0.937020000000E+005    0.452620183507E+000
    0.937520000000E+005    0.452796472532E+000
    0.938020000000E+005    0.452972583281E+000
    0.938520000000E+005    0.453148515759E+000
    0.939020000000E+005    0.453324269966E+000
    0.939520000000E+005    0.453499845907E+000
    0.940020000000E+005    0.453675243583E+000
    0.940520000000E+005    0.453850462998E+000
    0.941020000000E+005    0.454025504156E+000
    0.941520000000E+005    0.454200367058E+000
    0.942020000000E+005    0.454375051710E+000
    0.942520000000E+005    0.454549558114E+000
    0.943020000000E+005    0.454723886275E+000
    0.943520000000E+005    0.454898036196E+000
    0.944020000000E+005    0.455072007882E+000
    0.944520000000E+005    0.455245801338E+000
    0.945020000000E+005    0.455419416567E+000
    0.945520000000E+005    0.455592853574E+000
    0.946020000000E+005    0.455766112365E+000
    0.946520000000E+005    0.455939192945E+000
    0.947020000000E+005    0.456112095318E+000
    0.947520000000E+005    0.456284819491E+000
    0.948020000000E+005    0.456457365468E+000
    0.948520000000E+005    0.456629733255E+000
    0.949020000000E+005    0.456801922859E+000
    0.949520000000E+005    0.456973934285E+000
    0.950020000000E+005    0.457145767540E+000
    0.950520000000E+005    0.457317422630E+000
    0.951020000000E+005    0.457488899562E+000
    0.951520000000E+005    0.457660198342E+000
    0.952020000000E+005    0.457831318978E+000
    0.952520000000E+005    0.458002261475E+000
    0.953020000000E+005    0.458173025843E+000
    0.953520000000E+005    0.458343612087E+000
    0.954020000000E+005    0.458514020216E+000
    0.954520000000E+005    0.458684250237E+000
    0.955020000000E+005    0.458854302158E+000
    0.955520000000E+005    0.459024175988E+000
    0.956020000000E+005    0.459193871734E+000
    0.956520000000E+005    0.459363389404E+000
    0.957020000000E+005    0.459532729008E+000
    0.957520000000E+005    0.459701890555E+000
    0.958020000000E+005    0.459870874052E+000
    0.958520000000E+005    0.460039679509E+000
    0.959020000000E+005    0.460208306935E+000
    0.959520000000E+005    0.460376756339E+000
    0.960020000000E+005    0.460545027732E+000
    0.960520000000E+005    0.460713121122E+000
    0.961020000000E+005    0.460881036520E+000
    0.961520000000E+005    0.461048773935E+000
    0.962020000000E+005    0.461216333378E+000
    0.962520000000E+005    0.461383714859E+000
    0.963020000000E+005    0.461550918388E+000
    0.963520000000E+005    0.461717943976E+000
    0.964020000000E+005    0.461884791634E+000
    0.964520000000E+005    0.462051461372E+000
    0.965020000000E+005    0.462217953203E+000
    0.965520000000E+005    0.462384267136E+000
    0.966020000000E+005    0.462550403185E+000
    0.966520000000E+005    0.462716361359E+000
    0.967020000000E+005    0.462882141671E+000
    0.967520000000E+005    0.463047744132E+000
    0.968020000000E+005    0.463213168756E+000
    0.968520000000E+005    0.463378415553E+000
    0.969020000000E+005    0.463543484536E+000
    0.969520000000E+005    0.463708375719E+000
    0.970020000000E+005    0.463873089112E+000
    0.970520000000E+005    0.464037624730E+000
    0.971020000000E+005    0.464201982586E+000
    0.971520000000E+005    0.464366162691E+000
    0.972020000000E+005    0.464530165060E+000
    0.972520000000E+005    0.464693989706E+000
    0.973020000000E+005    0.464857636643E+000
    0.973520000000E+005    0.465021105884E+000
    0.974020000000E+005    0.465184397444E+000
    0.974520000000E+005    0.465347511336E+000
    0.975020000000E+005    0.465510447574E+000
    0.975520000000E+005    0.465673206173E+000
    0.976020000000E+005    0.465835787148E+000
    0.976520000000E+005    0.465998190512E+000
    0.977020000000E+005    0.466160416281E+000
    0.977520000000E+005    0.466322464471E+000
    0.978020000000E+005    0.466484335094E+000
    0.978520000000E+005    0.466646028168E+000
    0.979020000000E+005    0.466807543708E+000
    0.979520000000E+005    0.466968881729E+000
    0.980020000000E+005    0.467130042246E+000
    0.980520000000E+005    0.467291025276E+000
    0.981020000000E+005    0.467451830835E+000
    0.981520000000E+005    0.467612458938E+000
    0.982020000000E+005    0.467772909602E+000
    0.982520000000E+005    0.467933182844E+000
    0.983020000000E+005    0.468093278681E+000
    0.983520000000E+005    0.468253197128E+000
    0.984020000000E+005    0.468412938202E+000
    0.984520000000E+005    0.468572501922E+000
    0.985020000000E+005    0.468731888303E+000
    0.985520000000E+005    0.468891097364E+000
    0.986020000000E+005    0.469050129121E+000
    0.986520000000E+005    0.469208983593E+000
    0.987020000000E+005    0.469367660797E+000
    0.987520000000E+005    0.469526160751E+000
    0.988020000000E+005    0.469684483474E+000
    0.988520000000E+005    0.469842628982E+000
    0.989020000000E+005    0.470000597296E+000
    0.989520000000E+005    0.470158388432E+000
    0.990020000000E+005    0.470316002410E+000
    0.990520000000E+005    0.470473439249E+000
    0.991020000000E+005    0.470630698967E+000
    0.991520000000E+005    0.470787781584E+000
    0.992020000000E+005    0.470944687119E+000
    0.992520000000E+005    0.471101415591E+000
    0.993020000000E+005    0.471257967020E+000
    0.993520000000E+005    0.471414341425E+000
    0.994020000000E+005    0.471570538825E+000
    0.994520000000E+005    0.471726559242E+000
    0.995020000000E+005    0.471882402695E+000
    0.995520000000E+005    0.472038069205E+000
    0.996020000000E+005    0.472193558790E+000
    0.996520000000E+005    0.472348871473E+000
    0.997020000000E+005    0.472504007274E+000
    0.997520000000E+005    0.472658966213E+000
    0.998020000000E+005    0.472813748312E+000
    0.998520000000E+005    0.472968353591E+000
    0.999020000000E+005    0.473122782072E+000
    0.999520000000E+005    0.473277033775E+000
