TITLE = "0D Field KB"
VARIABLES = N ,"KB_Ha10Rem100Re100"
ZONE DATAPACKING = POINT
    0.200000000000E+001    0.799992000074E-009
    0.520000000000E+002    0.540524274496E-006
    0.102000000000E+003    0.207869963316E-005
    0.152000000000E+003    0.461382874558E-005
    0.202000000000E+003    0.814441603549E-005
    0.252000000000E+003    0.126689676710E-004
    0.302000000000E+003    0.181859915627E-004
    0.352000000000E+003    0.246939973617E-004
    0.402000000000E+003    0.321914964578E-004
    0.452000000000E+003    0.406770019779E-004
    0.502000000000E+003    0.501490287836E-004
    0.552000000000E+003    0.606060934699E-004
    0.602000000000E+003    0.720467143629E-004
    0.652000000000E+003    0.844694115182E-004
    0.702000000000E+003    0.978727067191E-004
    0.752000000000E+003    0.112255123474E-003
    0.802000000000E+003    0.127615187017E-003
    0.852000000000E+003    0.143951424301E-003
    0.902000000000E+003    0.161262364003E-003
    0.952000000000E+003    0.179546536515E-003
    0.100200000000E+004    0.198802473947E-003
    0.105200000000E+004    0.219028710123E-003
    0.110200000000E+004    0.240223780579E-003
    0.115200000000E+004    0.262386222565E-003
    0.120200000000E+004    0.285514575035E-003
    0.125200000000E+004    0.309607378653E-003
    0.130200000000E+004    0.334663175788E-003
    0.135200000000E+004    0.360680510509E-003
    0.140200000000E+004    0.387657928588E-003
    0.145200000000E+004    0.415593977496E-003
    0.150200000000E+004    0.444487206397E-003
    0.155200000000E+004    0.474336166153E-003
    0.160200000000E+004    0.505139409315E-003
    0.165200000000E+004    0.536895490124E-003
    0.170200000000E+004    0.569602964506E-003
    0.175200000000E+004    0.603260390073E-003
    0.180200000000E+004    0.637866326117E-003
    0.185200000000E+004    0.673419333608E-003
    0.190200000000E+004    0.709917975189E-003
    0.195200000000E+004    0.747360815177E-003
    0.200200000000E+004    0.785746419556E-003
    0.205200000000E+004    0.825073355974E-003
    0.210200000000E+004    0.865340193741E-003
    0.215200000000E+004    0.906545503822E-003
    0.220200000000E+004    0.948687858836E-003
    0.225200000000E+004    0.991765833049E-003
    0.230200000000E+004    0.103577800237E-002
    0.235200000000E+004    0.108072294435E-002
    0.240200000000E+004    0.112659923817E-002
    0.245200000000E+004    0.117340546463E-002
    0.250200000000E+004    0.122114020619E-002
    0.255200000000E+004    0.126980204687E-002
    0.260200000000E+004    0.131938957236E-002
    0.265200000000E+004    0.136990136991E-002
    0.270200000000E+004    0.142133602840E-002
    0.275200000000E+004    0.147369213829E-002
    0.280200000000E+004    0.152696829162E-002
    0.285200000000E+004    0.158116308202E-002
    0.290200000000E+004    0.163627510469E-002
    0.295200000000E+004    0.169230295640E-002
    0.300200000000E+004    0.174924523547E-002
    0.305200000000E+004    0.180710054176E-002
    0.310200000000E+004    0.186586747671E-002
    0.315200000000E+004    0.192554464325E-002
    0.320200000000E+004    0.198613064586E-002
    0.325200000000E+004    0.204762409055E-002
    0.330200000000E+004    0.211002358481E-002
    0.335200000000E+004    0.217332773766E-002
    0.340200000000E+004    0.223753515959E-002
    0.345200000000E+004    0.230264446260E-002
    0.350200000000E+004    0.236865426015E-002
    0.355200000000E+004    0.243556316717E-002
    0.360200000000E+004    0.250336980004E-002
    0.365200000000E+004    0.257207277662E-002
    0.370200000000E+004    0.264167071617E-002
    0.375200000000E+004    0.271216223942E-002
    0.380200000000E+004    0.278354596849E-002
    0.385200000000E+004    0.285582052694E-002
    0.390200000000E+004    0.292898453973E-002
    0.395200000000E+004    0.300303663320E-002
    0.400200000000E+004    0.307797543509E-002
    0.405200000000E+004    0.315379957451E-002
    0.410200000000E+004    0.323050768197E-002
    0.415200000000E+004    0.330809838928E-002
    0.420200000000E+004    0.338657032966E-002
    0.425200000000E+004    0.346592213764E-002
    0.430200000000E+004    0.354615244909E-002
    0.435200000000E+004    0.362725990121E-002
    0.440200000000E+004    0.370924313250E-002
    0.445200000000E+004    0.379210078280E-002
    0.450200000000E+004    0.387583149320E-002
    0.455200000000E+004    0.396043390612E-002
    0.460200000000E+004    0.404590666526E-002
    0.465200000000E+004    0.413224841556E-002
    0.470200000000E+004    0.421945780326E-002
    0.475200000000E+004    0.430753347585E-002
    0.480200000000E+004    0.439647408205E-002
    0.485200000000E+004    0.448627827183E-002
    0.490200000000E+004    0.457694469641E-002
    0.495200000000E+004    0.466847200822E-002
    0.500200000000E+004    0.476085886091E-002
    0.505200000000E+004    0.485410390933E-002
    0.510200000000E+004    0.494820580956E-002
    0.515200000000E+004    0.504316321885E-002
    0.520200000000E+004    0.513897479564E-002
    0.525200000000E+004    0.523563919958E-002
    0.530200000000E+004    0.533315509147E-002
    0.535200000000E+004    0.543152113327E-002
    0.540200000000E+004    0.553073598812E-002
    0.545200000000E+004    0.563079832032E-002
    0.550200000000E+004    0.573170679530E-002
    0.555200000000E+004    0.583346007964E-002
    0.560200000000E+004    0.593605684107E-002
    0.565200000000E+004    0.603949574843E-002
    0.570200000000E+004    0.614377547169E-002
    0.575200000000E+004    0.624889468195E-002
    0.580200000000E+004    0.635485205142E-002
    0.585200000000E+004    0.646164625341E-002
    0.590200000000E+004    0.656927596234E-002
    0.595200000000E+004    0.667773985372E-002
    0.600200000000E+004    0.678703660417E-002
    0.605200000000E+004    0.689716489139E-002
    0.610200000000E+004    0.700812339415E-002
    0.615200000000E+004    0.711991079231E-002
    0.620200000000E+004    0.723252576682E-002
    0.625200000000E+004    0.734596699967E-002
    0.630200000000E+004    0.746023317393E-002
    0.635200000000E+004    0.757532297374E-002
    0.640200000000E+004    0.769123508429E-002
    0.645200000000E+004    0.780796819181E-002
    0.650200000000E+004    0.792552098361E-002
    0.655200000000E+004    0.804389214802E-002
    0.660200000000E+004    0.816308037443E-002
    0.665200000000E+004    0.828308435326E-002
    0.670200000000E+004    0.840390277597E-002
    0.675200000000E+004    0.852553433505E-002
    0.680200000000E+004    0.864797772402E-002
    0.685200000000E+004    0.877123163743E-002
    0.690200000000E+004    0.889529477086E-002
    0.695200000000E+004    0.902016582091E-002
    0.700200000000E+004    0.914584348518E-002
    0.705200000000E+004    0.927232646230E-002
    0.710200000000E+004    0.939961345194E-002
    0.715200000000E+004    0.952770315472E-002
    0.720200000000E+004    0.965659427234E-002
    0.725200000000E+004    0.978628550745E-002
    0.730200000000E+004    0.991677556374E-002
    0.735200000000E+004    0.100480631459E-001
    0.740200000000E+004    0.101801469596E-001
    0.745200000000E+004    0.103130257115E-001
    0.750200000000E+004    0.104466981093E-001
    0.755200000000E+004    0.105811628617E-001
    0.760200000000E+004    0.107164186784E-001
    0.765200000000E+004    0.108524642700E-001
    0.770200000000E+004    0.109892983481E-001
    0.775200000000E+004    0.111269196255E-001
    0.780200000000E+004    0.112653268157E-001
    0.785200000000E+004    0.114045186335E-001
    0.790200000000E+004    0.115444937943E-001
    0.795200000000E+004    0.116852510148E-001
    0.800200000000E+004    0.118267890126E-001
    0.805200000000E+004    0.119691065063E-001
    0.810200000000E+004    0.121122022154E-001
    0.815200000000E+004    0.122560748603E-001
    0.820200000000E+004    0.124007231628E-001
    0.825200000000E+004    0.125461458452E-001
    0.830200000000E+004    0.126923416310E-001
    0.835200000000E+004    0.128393092447E-001
    0.840200000000E+004    0.129870474118E-001
    0.845200000000E+004    0.131355548586E-001
    0.850200000000E+004    0.132848303125E-001
    0.855200000000E+004    0.134348725020E-001
    0.860200000000E+004    0.135856801563E-001
    0.865200000000E+004    0.137372520059E-001
    0.870200000000E+004    0.138895867819E-001
    0.875200000000E+004    0.140426832168E-001
    0.880200000000E+004    0.141965400438E-001
    0.885200000000E+004    0.143511559971E-001
    0.890200000000E+004    0.145065298119E-001
    0.895200000000E+004    0.146626602245E-001
    0.900200000000E+004    0.148195459721E-001
    0.905200000000E+004    0.149771857927E-001
    0.910200000000E+004    0.151355784256E-001
    0.915200000000E+004    0.152947226108E-001
    0.920200000000E+004    0.154546170895E-001
    0.925200000000E+004    0.156152606037E-001
    0.930200000000E+004    0.157766518964E-001
    0.935200000000E+004    0.159387897118E-001
    0.940200000000E+004    0.161016727949E-001
    0.945200000000E+004    0.162652998915E-001
    0.950200000000E+004    0.164296697488E-001
    0.955200000000E+004    0.165947811147E-001
    0.960200000000E+004    0.167606327380E-001
    0.965200000000E+004    0.169272233688E-001
    0.970200000000E+004    0.170945517579E-001
    0.975200000000E+004    0.172626166573E-001
    0.980200000000E+004    0.174314168198E-001
    0.985200000000E+004    0.176009509993E-001
    0.990200000000E+004    0.177712179506E-001
    0.995200000000E+004    0.179422164296E-001
    0.100020000000E+005    0.181139451931E-001
    0.100520000000E+005    0.182864029988E-001
    0.101020000000E+005    0.184595886057E-001
    0.101520000000E+005    0.186335007735E-001
    0.102020000000E+005    0.188081382629E-001
    0.102520000000E+005    0.189834998358E-001
    0.103020000000E+005    0.191595842549E-001
    0.103520000000E+005    0.193363902839E-001
    0.104020000000E+005    0.195139166877E-001
    0.104520000000E+005    0.196921622318E-001
    0.105020000000E+005    0.198711256832E-001
    0.105520000000E+005    0.200508058095E-001
    0.106020000000E+005    0.202312013795E-001
    0.106520000000E+005    0.204123111628E-001
    0.107020000000E+005    0.205941339303E-001
    0.107520000000E+005    0.207766684536E-001
    0.108020000000E+005    0.209599135055E-001
    0.108520000000E+005    0.211438678596E-001
    0.109020000000E+005    0.213285302908E-001
    0.109520000000E+005    0.215138995748E-001
    0.110020000000E+005    0.216999744882E-001
    0.110520000000E+005    0.218867538090E-001
    0.111020000000E+005    0.220742363157E-001
    0.111520000000E+005    0.222624207881E-001
    0.112020000000E+005    0.224513060072E-001
    0.112520000000E+005    0.226408907545E-001
    0.113020000000E+005    0.228311738129E-001
    0.113520000000E+005    0.230221539662E-001
    0.114020000000E+005    0.232138299992E-001
    0.114520000000E+005    0.234062006977E-001
    0.115020000000E+005    0.235992648486E-001
    0.115520000000E+005    0.237930212398E-001
    0.116020000000E+005    0.239874686600E-001
    0.116520000000E+005    0.241826058992E-001
    0.117020000000E+005    0.243784317483E-001
    0.117520000000E+005    0.245749449992E-001
    0.118020000000E+005    0.247721444448E-001
    0.118520000000E+005    0.249700288792E-001
    0.119020000000E+005    0.251685970973E-001
    0.119520000000E+005    0.253678478952E-001
    0.120020000000E+005    0.255677800698E-001
    0.120520000000E+005    0.257683924193E-001
    0.121020000000E+005    0.259696837427E-001
    0.121520000000E+005    0.261716528401E-001
    0.122020000000E+005    0.263742985128E-001
    0.122520000000E+005    0.265776195628E-001
    0.123020000000E+005    0.267816147935E-001
    0.123520000000E+005    0.269862830089E-001
    0.124020000000E+005    0.271916230145E-001
    0.124520000000E+005    0.273976336165E-001
    0.125020000000E+005    0.276043136222E-001
    0.125520000000E+005    0.278116618401E-001
    0.126020000000E+005    0.280196770795E-001
    0.126520000000E+005    0.282283581510E-001
    0.127020000000E+005    0.284377038659E-001
    0.127520000000E+005    0.286477130369E-001
    0.128020000000E+005    0.288583844776E-001
    0.128520000000E+005    0.290697170024E-001
    0.129020000000E+005    0.292817094272E-001
    0.129520000000E+005    0.294943605685E-001
    0.130020000000E+005    0.297076692442E-001
    0.130520000000E+005    0.299216342731E-001
    0.131020000000E+005    0.301362544749E-001
    0.131520000000E+005    0.303515286707E-001
    0.132020000000E+005    0.305674556823E-001
    0.132520000000E+005    0.307840343326E-001
    0.133020000000E+005    0.310012634459E-001
    0.133520000000E+005    0.312191418471E-001
    0.134020000000E+005    0.314376683624E-001
    0.134520000000E+005    0.316568418191E-001
    0.135020000000E+005    0.318766610452E-001
    0.135520000000E+005    0.320971248703E-001
    0.136020000000E+005    0.323182321246E-001
    0.136520000000E+005    0.325399816396E-001
    0.137020000000E+005    0.327623722478E-001
    0.137520000000E+005    0.329854027826E-001
    0.138020000000E+005    0.332090720788E-001
    0.138520000000E+005    0.334333789719E-001
    0.139020000000E+005    0.336583222988E-001
    0.139520000000E+005    0.338839008971E-001
    0.140020000000E+005    0.341101136058E-001
    0.140520000000E+005    0.343369592648E-001
    0.141020000000E+005    0.345644367151E-001
    0.141520000000E+005    0.347925447987E-001
    0.142020000000E+005    0.350212823587E-001
    0.142520000000E+005    0.352506482394E-001
    0.143020000000E+005    0.354806412859E-001
    0.143520000000E+005    0.357112603447E-001
    0.144020000000E+005    0.359425042632E-001
    0.144520000000E+005    0.361743718897E-001
    0.145020000000E+005    0.364068620738E-001
    0.145520000000E+005    0.366399736663E-001
    0.146020000000E+005    0.368737055187E-001
    0.146520000000E+005    0.371080564838E-001
    0.147020000000E+005    0.373430254155E-001
    0.147520000000E+005    0.375786111687E-001
    0.148020000000E+005    0.378148125994E-001
    0.148520000000E+005    0.380516285646E-001
    0.149020000000E+005    0.382890579226E-001
    0.149520000000E+005    0.385270995325E-001
    0.150020000000E+005    0.387657522548E-001
    0.150520000000E+005    0.390050149507E-001
    0.151020000000E+005    0.392448864827E-001
    0.151520000000E+005    0.394853657145E-001
    0.152020000000E+005    0.397264515106E-001
    0.152520000000E+005    0.399681427369E-001
    0.153020000000E+005    0.402104382600E-001
    0.153520000000E+005    0.404533369479E-001
    0.154020000000E+005    0.406968376697E-001
    0.154520000000E+005    0.409409392953E-001
    0.155020000000E+005    0.411856406959E-001
    0.155520000000E+005    0.414309407438E-001
    0.156020000000E+005    0.416768383124E-001
    0.156520000000E+005    0.419233322760E-001
    0.157020000000E+005    0.421704215101E-001
    0.157520000000E+005    0.424181048914E-001
    0.158020000000E+005    0.426663812976E-001
    0.158520000000E+005    0.429152496074E-001
    0.159020000000E+005    0.431647087008E-001
    0.159520000000E+005    0.434147574588E-001
    0.160020000000E+005    0.436653947633E-001
    0.160520000000E+005    0.439166194976E-001
    0.161020000000E+005    0.441684305460E-001
    0.161520000000E+005    0.444208267937E-001
    0.162020000000E+005    0.446738071273E-001
    0.162520000000E+005    0.449273704342E-001
    0.163020000000E+005    0.451815156032E-001
    0.163520000000E+005    0.454362415240E-001
    0.164020000000E+005    0.456915470875E-001
    0.164520000000E+005    0.459474311855E-001
    0.165020000000E+005    0.462038927112E-001
    0.165520000000E+005    0.464609305586E-001
    0.166020000000E+005    0.467185436230E-001
    0.166520000000E+005    0.469767308008E-001
    0.167020000000E+005    0.472354909894E-001
    0.167520000000E+005    0.474948230873E-001
    0.168020000000E+005    0.477547259943E-001
    0.168520000000E+005    0.480151986110E-001
    0.169020000000E+005    0.482762398393E-001
    0.169520000000E+005    0.485378485823E-001
    0.170020000000E+005    0.488000237438E-001
    0.170520000000E+005    0.490627642292E-001
    0.171020000000E+005    0.493260689447E-001
    0.171520000000E+005    0.495899367976E-001
    0.172020000000E+005    0.498543666965E-001
    0.172520000000E+005    0.501193575510E-001
    0.173020000000E+005    0.503849082717E-001
    0.173520000000E+005    0.506510177705E-001
    0.174020000000E+005    0.509176849602E-001
    0.174520000000E+005    0.511849087550E-001
    0.175020000000E+005    0.514526880699E-001
    0.175520000000E+005    0.517210218212E-001
    0.176020000000E+005    0.519899089262E-001
    0.176520000000E+005    0.522593483034E-001
    0.177020000000E+005    0.525293388724E-001
    0.177520000000E+005    0.527998795538E-001
    0.178020000000E+005    0.530709692694E-001
    0.178520000000E+005    0.533426069421E-001
    0.179020000000E+005    0.536147914960E-001
    0.179520000000E+005    0.538875218562E-001
    0.180020000000E+005    0.541607969488E-001
    0.180520000000E+005    0.544346157013E-001
    0.181020000000E+005    0.547089770421E-001
    0.181520000000E+005    0.549838799008E-001
    0.182020000000E+005    0.552593232080E-001
    0.182520000000E+005    0.555353058956E-001
    0.183020000000E+005    0.558118268964E-001
    0.183520000000E+005    0.560888851445E-001
    0.184020000000E+005    0.563664795751E-001
    0.184520000000E+005    0.566446091243E-001
    0.185020000000E+005    0.569232727296E-001
    0.185520000000E+005    0.572024693294E-001
    0.186020000000E+005    0.574821978634E-001
    0.186520000000E+005    0.577624572721E-001
    0.187020000000E+005    0.580432464975E-001
    0.187520000000E+005    0.583245644825E-001
    0.188020000000E+005    0.586064101712E-001
    0.188520000000E+005    0.588887825087E-001
    0.189020000000E+005    0.591716804413E-001
    0.189520000000E+005    0.594551029164E-001
    0.190020000000E+005    0.597390488825E-001
    0.190520000000E+005    0.600235172893E-001
    0.191020000000E+005    0.603085070875E-001
    0.191520000000E+005    0.605940172291E-001
    0.192020000000E+005    0.608800466668E-001
    0.192520000000E+005    0.611665943550E-001
    0.193020000000E+005    0.614536592488E-001
    0.193520000000E+005    0.617412403044E-001
    0.194020000000E+005    0.620293364795E-001
    0.194520000000E+005    0.623179467325E-001
    0.195020000000E+005    0.626070700232E-001
    0.195520000000E+005    0.628967053123E-001
    0.196020000000E+005    0.631868515617E-001
    0.196520000000E+005    0.634775077346E-001
    0.197020000000E+005    0.637686727950E-001
    0.197520000000E+005    0.640603457083E-001
    0.198020000000E+005    0.643525254408E-001
    0.198520000000E+005    0.646452109601E-001
    0.199020000000E+005    0.649384012347E-001
    0.199520000000E+005    0.652320952344E-001
    0.200020000000E+005    0.655262919301E-001
    0.200520000000E+005    0.658209902938E-001
    0.201020000000E+005    0.661161892985E-001
    0.201520000000E+005    0.664118879185E-001
    0.202020000000E+005    0.667080851291E-001
    0.202520000000E+005    0.670047799067E-001
    0.203020000000E+005    0.673019712291E-001
    0.203520000000E+005    0.675996580747E-001
    0.204020000000E+005    0.678978394234E-001
    0.204520000000E+005    0.681965142563E-001
    0.205020000000E+005    0.684956815552E-001
    0.205520000000E+005    0.687953403034E-001
    0.206020000000E+005    0.690954894851E-001
    0.206520000000E+005    0.693961280857E-001
    0.207020000000E+005    0.696972550918E-001
    0.207520000000E+005    0.699988694909E-001
    0.208020000000E+005    0.703009702719E-001
    0.208520000000E+005    0.706035564245E-001
    0.209020000000E+005    0.709066269399E-001
    0.209520000000E+005    0.712101808100E-001
    0.210020000000E+005    0.715142170280E-001
    0.210520000000E+005    0.718187345884E-001
    0.211020000000E+005    0.721237324866E-001
    0.211520000000E+005    0.724292097191E-001
    0.212020000000E+005    0.727351652836E-001
    0.212520000000E+005    0.730415981789E-001
    0.213020000000E+005    0.733485074050E-001
    0.213520000000E+005    0.736558919628E-001
    0.214020000000E+005    0.739637508546E-001
    0.214520000000E+005    0.742720830835E-001
    0.215020000000E+005    0.745808876540E-001
    0.215520000000E+005    0.748901635715E-001
    0.216020000000E+005    0.751999098428E-001
    0.216520000000E+005    0.755101254754E-001
    0.217020000000E+005    0.758208094783E-001
    0.217520000000E+005    0.761319608614E-001
    0.218020000000E+005    0.764435786357E-001
    0.218520000000E+005    0.767556618135E-001
    0.219020000000E+005    0.770682094081E-001
    0.219520000000E+005    0.773812204339E-001
    0.220020000000E+005    0.776946939063E-001
    0.220520000000E+005    0.780086288422E-001
    0.221020000000E+005    0.783230242591E-001
    0.221520000000E+005    0.786378791760E-001
    0.222020000000E+005    0.789531926129E-001
    0.222520000000E+005    0.792689635909E-001
    0.223020000000E+005    0.795851911321E-001
    0.223520000000E+005    0.799018742600E-001
    0.224020000000E+005    0.802190119989E-001
    0.224520000000E+005    0.805366033743E-001
    0.225020000000E+005    0.808546474130E-001
    0.225520000000E+005    0.811731431428E-001
    0.226020000000E+005    0.814920895924E-001
    0.226520000000E+005    0.818114857919E-001
    0.227020000000E+005    0.821313307724E-001
    0.227520000000E+005    0.824516235661E-001
    0.228020000000E+005    0.827723632063E-001
    0.228520000000E+005    0.830935487276E-001
    0.229020000000E+005    0.834151791653E-001
    0.229520000000E+005    0.837372535562E-001
    0.230020000000E+005    0.840597709380E-001
    0.230520000000E+005    0.843827303496E-001
    0.231020000000E+005    0.847061308310E-001
    0.231520000000E+005    0.850299714233E-001
    0.232020000000E+005    0.853542511686E-001
    0.232520000000E+005    0.856789691103E-001
    0.233020000000E+005    0.860041242928E-001
    0.233520000000E+005    0.863297157616E-001
    0.234020000000E+005    0.866557425633E-001
    0.234520000000E+005    0.869822037456E-001
    0.235020000000E+005    0.873090983574E-001
    0.235520000000E+005    0.876364254487E-001
    0.236020000000E+005    0.879641840705E-001
    0.236520000000E+005    0.882923732748E-001
    0.237020000000E+005    0.886209921151E-001
    0.237520000000E+005    0.889500396456E-001
    0.238020000000E+005    0.892795149218E-001
    0.238520000000E+005    0.896094170003E-001
    0.239020000000E+005    0.899397449387E-001
    0.239520000000E+005    0.902704977959E-001
    0.240020000000E+005    0.906016746316E-001
    0.240520000000E+005    0.909332745070E-001
    0.241020000000E+005    0.912652964839E-001
    0.241520000000E+005    0.915977396257E-001
    0.242020000000E+005    0.919306029967E-001
    0.242520000000E+005    0.922638856621E-001
    0.243020000000E+005    0.925975866885E-001
    0.243520000000E+005    0.929317051434E-001
    0.244020000000E+005    0.932662400956E-001
    0.244520000000E+005    0.936011906148E-001
    0.245020000000E+005    0.939365557718E-001
    0.245520000000E+005    0.942723346388E-001
    0.246020000000E+005    0.946085262886E-001
    0.246520000000E+005    0.949451297956E-001
    0.247020000000E+005    0.952821442349E-001
    0.247520000000E+005    0.956195686829E-001
    0.248020000000E+005    0.959574022172E-001
    0.248520000000E+005    0.962956439161E-001
    0.249020000000E+005    0.966342928595E-001
    0.249520000000E+005    0.969733481279E-001
    0.250020000000E+005    0.973128088033E-001
    0.250520000000E+005    0.976526739686E-001
    0.251020000000E+005    0.979929427078E-001
    0.251520000000E+005    0.983336141060E-001
    0.252020000000E+005    0.986746872494E-001
    0.252520000000E+005    0.990161612253E-001
    0.253020000000E+005    0.993580351221E-001
    0.253520000000E+005    0.997003080293E-001
    0.254020000000E+005    0.100042979037E+000
    0.254520000000E+005    0.100386047238E+000
    0.255020000000E+005    0.100729511724E+000
    0.255520000000E+005    0.101073371590E+000
    0.256020000000E+005    0.101417625929E+000
    0.256520000000E+005    0.101762273838E+000
    0.257020000000E+005    0.102107314415E+000
    0.257520000000E+005    0.102452746757E+000
    0.258020000000E+005    0.102798569964E+000
    0.258520000000E+005    0.103144783136E+000
    0.259020000000E+005    0.103491385374E+000
    0.259520000000E+005    0.103838375781E+000
    0.260020000000E+005    0.104185753461E+000
    0.260520000000E+005    0.104533517518E+000
    0.261020000000E+005    0.104881667059E+000
    0.261520000000E+005    0.105230201189E+000
    0.262020000000E+005    0.105579119017E+000
    0.262520000000E+005    0.105928419651E+000
    0.263020000000E+005    0.106278102203E+000
    0.263520000000E+005    0.106628165783E+000
    0.264020000000E+005    0.106978609504E+000
    0.264520000000E+005    0.107329432478E+000
    0.265020000000E+005    0.107680633820E+000
    0.265520000000E+005    0.108032212646E+000
    0.266020000000E+005    0.108384168072E+000
    0.266520000000E+005    0.108736499217E+000
    0.267020000000E+005    0.109089205197E+000
    0.267520000000E+005    0.109442285135E+000
    0.268020000000E+005    0.109795738149E+000
    0.268520000000E+005    0.110149563363E+000
    0.269020000000E+005    0.110503759899E+000
    0.269520000000E+005    0.110858326881E+000
    0.270020000000E+005    0.111213263436E+000
    0.270520000000E+005    0.111568568687E+000
    0.271020000000E+005    0.111924241764E+000
    0.271520000000E+005    0.112280281795E+000
    0.272020000000E+005    0.112636687908E+000
    0.272520000000E+005    0.112993459235E+000
    0.273020000000E+005    0.113350594907E+000
    0.273520000000E+005    0.113708094057E+000
    0.274020000000E+005    0.114065955818E+000
    0.274520000000E+005    0.114424179326E+000
    0.275020000000E+005    0.114782763715E+000
    0.275520000000E+005    0.115141708124E+000
    0.276020000000E+005    0.115501011690E+000
    0.276520000000E+005    0.115860673552E+000
    0.277020000000E+005    0.116220692850E+000
    0.277520000000E+005    0.116581068726E+000
    0.278020000000E+005    0.116941800322E+000
    0.278520000000E+005    0.117302886780E+000
    0.279020000000E+005    0.117664327246E+000
    0.279520000000E+005    0.118026120865E+000
    0.280020000000E+005    0.118388266783E+000
    0.280520000000E+005    0.118750764149E+000
    0.281020000000E+005    0.119113612109E+000
    0.281520000000E+005    0.119476809815E+000
    0.282020000000E+005    0.119840356417E+000
    0.282520000000E+005    0.120204251067E+000
    0.283020000000E+005    0.120568492917E+000
    0.283520000000E+005    0.120933081122E+000
    0.284020000000E+005    0.121298014837E+000
    0.284520000000E+005    0.121663293217E+000
    0.285020000000E+005    0.122028915419E+000
    0.285520000000E+005    0.122394880603E+000
    0.286020000000E+005    0.122761187926E+000
    0.286520000000E+005    0.123127836549E+000
    0.287020000000E+005    0.123494825634E+000
    0.287520000000E+005    0.123862154342E+000
    0.288020000000E+005    0.124229821838E+000
    0.288520000000E+005    0.124597827285E+000
    0.289020000000E+005    0.124966169849E+000
    0.289520000000E+005    0.125334848697E+000
    0.290020000000E+005    0.125703862996E+000
    0.290520000000E+005    0.126073211915E+000
    0.291020000000E+005    0.126442894623E+000
    0.291520000000E+005    0.126812910291E+000
    0.292020000000E+005    0.127183258091E+000
    0.292520000000E+005    0.127553937196E+000
    0.293020000000E+005    0.127924946780E+000
    0.293520000000E+005    0.128296286017E+000
    0.294020000000E+005    0.128667954084E+000
    0.294520000000E+005    0.129039950156E+000
    0.295020000000E+005    0.129412273414E+000
    0.295520000000E+005    0.129784923034E+000
    0.296020000000E+005    0.130157898199E+000
    0.296520000000E+005    0.130531198088E+000
    0.297020000000E+005    0.130904821883E+000
    0.297520000000E+005    0.131278768769E+000
    0.298020000000E+005    0.131653037929E+000
    0.298520000000E+005    0.132027628549E+000
    0.299020000000E+005    0.132402539815E+000
    0.299520000000E+005    0.132777770913E+000
    0.300020000000E+005    0.133153321034E+000
    0.300520000000E+005    0.133529189365E+000
    0.301020000000E+005    0.133905375098E+000
    0.301520000000E+005    0.134281877424E+000
    0.302020000000E+005    0.134658695536E+000
    0.302520000000E+005    0.135035828626E+000
    0.303020000000E+005    0.135413275890E+000
    0.303520000000E+005    0.135791036523E+000
    0.304020000000E+005    0.136169109722E+000
    0.304520000000E+005    0.136547494684E+000
    0.305020000000E+005    0.136926190609E+000
    0.305520000000E+005    0.137305196695E+000
    0.306020000000E+005    0.137684512144E+000
    0.306520000000E+005    0.138064136157E+000
    0.307020000000E+005    0.138444067938E+000
    0.307520000000E+005    0.138824306689E+000
    0.308020000000E+005    0.139204851616E+000
    0.308520000000E+005    0.139585701924E+000
    0.309020000000E+005    0.139966856821E+000
    0.309520000000E+005    0.140348315514E+000
    0.310020000000E+005    0.140730077212E+000
    0.310520000000E+005    0.141112141125E+000
    0.311020000000E+005    0.141494506465E+000
    0.311520000000E+005    0.141877172442E+000
    0.312020000000E+005    0.142260138270E+000
    0.312520000000E+005    0.142643403164E+000
    0.313020000000E+005    0.143026966337E+000
    0.313520000000E+005    0.143410827006E+000
    0.314020000000E+005    0.143794984388E+000
    0.314520000000E+005    0.144179437701E+000
    0.315020000000E+005    0.144564186164E+000
    0.315520000000E+005    0.144949228997E+000
    0.316020000000E+005    0.145334565421E+000
    0.316520000000E+005    0.145720194659E+000
    0.317020000000E+005    0.146106115933E+000
    0.317520000000E+005    0.146492328467E+000
    0.318020000000E+005    0.146878831487E+000
    0.318520000000E+005    0.147265624218E+000
    0.319020000000E+005    0.147652705888E+000
    0.319520000000E+005    0.148040075725E+000
    0.320020000000E+005    0.148427732958E+000
    0.320520000000E+005    0.148815676817E+000
    0.321020000000E+005    0.149203906533E+000
    0.321520000000E+005    0.149592421338E+000
    0.322020000000E+005    0.149981220466E+000
    0.322520000000E+005    0.150370303151E+000
    0.323020000000E+005    0.150759668627E+000
    0.323520000000E+005    0.151149316130E+000
    0.324020000000E+005    0.151539244899E+000
    0.324520000000E+005    0.151929454171E+000
    0.325020000000E+005    0.152319943185E+000
    0.325520000000E+005    0.152710711181E+000
    0.326020000000E+005    0.153101757401E+000
    0.326520000000E+005    0.153493081086E+000
    0.327020000000E+005    0.153884681479E+000
    0.327520000000E+005    0.154276557825E+000
    0.328020000000E+005    0.154668709369E+000
    0.328520000000E+005    0.155061135356E+000
    0.329020000000E+005    0.155453835035E+000
    0.329520000000E+005    0.155846807652E+000
    0.330020000000E+005    0.156240052457E+000
    0.330520000000E+005    0.156633568699E+000
    0.331020000000E+005    0.157027355631E+000
    0.331520000000E+005    0.157421412503E+000
    0.332020000000E+005    0.157815738569E+000
    0.332520000000E+005    0.158210333083E+000
    0.333020000000E+005    0.158605195300E+000
    0.333520000000E+005    0.159000324475E+000
    0.334020000000E+005    0.159395719865E+000
    0.334520000000E+005    0.159791380729E+000
    0.335020000000E+005    0.160187306326E+000
    0.335520000000E+005    0.160583495914E+000
    0.336020000000E+005    0.160979948755E+000
    0.336520000000E+005    0.161376664111E+000
    0.337020000000E+005    0.161773641244E+000
    0.337520000000E+005    0.162170879418E+000
    0.338020000000E+005    0.162568377899E+000
    0.338520000000E+005    0.162966135951E+000
    0.339020000000E+005    0.163364152841E+000
    0.339520000000E+005    0.163762427837E+000
    0.340020000000E+005    0.164160960208E+000
    0.340520000000E+005    0.164559749222E+000
    0.341020000000E+005    0.164958794152E+000
    0.341520000000E+005    0.165358094267E+000
    0.342020000000E+005    0.165757648841E+000
    0.342520000000E+005    0.166157457148E+000
    0.343020000000E+005    0.166557518461E+000
    0.343520000000E+005    0.166957832055E+000
    0.344020000000E+005    0.167358397208E+000
    0.344520000000E+005    0.167759213197E+000
    0.345020000000E+005    0.168160279300E+000
    0.345520000000E+005    0.168561594796E+000
    0.346020000000E+005    0.168963158965E+000
    0.346520000000E+005    0.169364971088E+000
    0.347020000000E+005    0.169767030449E+000
    0.347520000000E+005    0.170169336329E+000
    0.348020000000E+005    0.170571888013E+000
    0.348520000000E+005    0.170974684785E+000
    0.349020000000E+005    0.171377725933E+000
    0.349520000000E+005    0.171781010742E+000
    0.350020000000E+005    0.172184538501E+000
    0.350520000000E+005    0.172588308498E+000
    0.351020000000E+005    0.172992320023E+000
    0.351520000000E+005    0.173396572367E+000
    0.352020000000E+005    0.173801064822E+000
    0.352520000000E+005    0.174205796680E+000
    0.353020000000E+005    0.174610767235E+000
    0.353520000000E+005    0.175015975781E+000
    0.354020000000E+005    0.175421421614E+000
    0.354520000000E+005    0.175827104030E+000
    0.355020000000E+005    0.176233022327E+000
    0.355520000000E+005    0.176639175803E+000
    0.356020000000E+005    0.177045563757E+000
    0.356520000000E+005    0.177452185490E+000
    0.357020000000E+005    0.177859040302E+000
    0.357520000000E+005    0.178266127496E+000
    0.358020000000E+005    0.178673446374E+000
    0.358520000000E+005    0.179080996242E+000
    0.359020000000E+005    0.179488776403E+000
    0.359520000000E+005    0.179896786164E+000
    0.360020000000E+005    0.180305024831E+000
    0.360520000000E+005    0.180713491712E+000
    0.361020000000E+005    0.181122186116E+000
    0.361520000000E+005    0.181531107353E+000
    0.362020000000E+005    0.181940254732E+000
    0.362520000000E+005    0.182349627566E+000
    0.363020000000E+005    0.182759225166E+000
    0.363520000000E+005    0.183169046847E+000
    0.364020000000E+005    0.183579091922E+000
    0.364520000000E+005    0.183989359707E+000
    0.365020000000E+005    0.184399849518E+000
    0.365520000000E+005    0.184810560672E+000
    0.366020000000E+005    0.185221492486E+000
    0.366520000000E+005    0.185632644281E+000
    0.367020000000E+005    0.186044015375E+000
    0.367520000000E+005    0.186455605089E+000
    0.368020000000E+005    0.186867412746E+000
    0.368520000000E+005    0.187279437667E+000
    0.369020000000E+005    0.187691679177E+000
    0.369520000000E+005    0.188104136600E+000
    0.370020000000E+005    0.188516809261E+000
    0.370520000000E+005    0.188929696487E+000
    0.371020000000E+005    0.189342797604E+000
    0.371520000000E+005    0.189756111941E+000
    0.372020000000E+005    0.190169638827E+000
    0.372520000000E+005    0.190583377593E+000
    0.373020000000E+005    0.190997327568E+000
    0.373520000000E+005    0.191411488085E+000
    0.374020000000E+005    0.191825858476E+000
    0.374520000000E+005    0.192240438076E+000
    0.375020000000E+005    0.192655226218E+000
    0.375520000000E+005    0.193070222238E+000
    0.376020000000E+005    0.193485425473E+000
    0.376520000000E+005    0.193900835260E+000
    0.377020000000E+005    0.194316450937E+000
    0.377520000000E+005    0.194732271843E+000
    0.378020000000E+005    0.195148297318E+000
    0.378520000000E+005    0.195564526704E+000
    0.379020000000E+005    0.195980959342E+000
    0.379520000000E+005    0.196397594574E+000
    0.380020000000E+005    0.196814431745E+000
    0.380520000000E+005    0.197231470198E+000
    0.381020000000E+005    0.197648709280E+000
    0.381520000000E+005    0.198066148337E+000
    0.382020000000E+005    0.198483786716E+000
    0.382520000000E+005    0.198901623765E+000
    0.383020000000E+005    0.199319658834E+000
    0.383520000000E+005    0.199737891271E+000
    0.384020000000E+005    0.200156320429E+000
    0.384520000000E+005    0.200574945658E+000
    0.385020000000E+005    0.200993766312E+000
    0.385520000000E+005    0.201412781744E+000
    0.386020000000E+005    0.201831991309E+000
    0.386520000000E+005    0.202251394361E+000
    0.387020000000E+005    0.202670990257E+000
    0.387520000000E+005    0.203090778355E+000
    0.388020000000E+005    0.203510758011E+000
    0.388520000000E+005    0.203930928586E+000
    0.389020000000E+005    0.204351289438E+000
    0.389520000000E+005    0.204771839929E+000
    0.390020000000E+005    0.205192579420E+000
    0.390520000000E+005    0.205613507274E+000
    0.391020000000E+005    0.206034622853E+000
    0.391520000000E+005    0.206455925523E+000
    0.392020000000E+005    0.206877414647E+000
    0.392520000000E+005    0.207299089593E+000
    0.393020000000E+005    0.207720949727E+000
    0.393520000000E+005    0.208142994417E+000
    0.394020000000E+005    0.208565223031E+000
    0.394520000000E+005    0.208987634939E+000
    0.395020000000E+005    0.209410229511E+000
    0.395520000000E+005    0.209833006119E+000
    0.396020000000E+005    0.210255964135E+000
    0.396520000000E+005    0.210679102931E+000
    0.397020000000E+005    0.211102421882E+000
    0.397520000000E+005    0.211525920362E+000
    0.398020000000E+005    0.211949597748E+000
    0.398520000000E+005    0.212373453415E+000
    0.399020000000E+005    0.212797486741E+000
    0.399520000000E+005    0.213221697104E+000
    0.400020000000E+005    0.213646083884E+000
    0.400520000000E+005    0.214070646460E+000
    0.401020000000E+005    0.214495384214E+000
    0.401520000000E+005    0.214920296526E+000
    0.402020000000E+005    0.215345382780E+000
    0.402520000000E+005    0.215770642359E+000
    0.403020000000E+005    0.216196074647E+000
    0.403520000000E+005    0.216621679030E+000
    0.404020000000E+005    0.217047454894E+000
    0.404520000000E+005    0.217473401625E+000
    0.405020000000E+005    0.217899518611E+000
    0.405520000000E+005    0.218325805242E+000
    0.406020000000E+005    0.218752260906E+000
    0.406520000000E+005    0.219178884994E+000
    0.407020000000E+005    0.219605676897E+000
    0.407520000000E+005    0.220032636007E+000
    0.408020000000E+005    0.220459761718E+000
    0.408520000000E+005    0.220887053422E+000
    0.409020000000E+005    0.221314510515E+000
    0.409520000000E+005    0.221742132392E+000
    0.410020000000E+005    0.222169918450E+000
    0.410520000000E+005    0.222597868085E+000
    0.411020000000E+005    0.223025980696E+000
    0.411520000000E+005    0.223454255681E+000
    0.412020000000E+005    0.223882692441E+000
    0.412520000000E+005    0.224311290376E+000
    0.413020000000E+005    0.224740048887E+000
    0.413520000000E+005    0.225168967378E+000
    0.414020000000E+005    0.225598045250E+000
    0.414520000000E+005    0.226027281908E+000
    0.415020000000E+005    0.226456676756E+000
    0.415520000000E+005    0.226886229201E+000
    0.416020000000E+005    0.227315938650E+000
    0.416520000000E+005    0.227745804508E+000
    0.417020000000E+005    0.228175826185E+000
    0.417520000000E+005    0.228606003090E+000
    0.418020000000E+005    0.229036334632E+000
    0.418520000000E+005    0.229466820222E+000
    0.419020000000E+005    0.229897459272E+000
    0.419520000000E+005    0.230328251195E+000
    0.420020000000E+005    0.230759195402E+000
    0.420520000000E+005    0.231190291310E+000
    0.421020000000E+005    0.231621538331E+000
    0.421520000000E+005    0.232052935883E+000
    0.422020000000E+005    0.232484483382E+000
    0.422520000000E+005    0.232916180245E+000
    0.423020000000E+005    0.233348025890E+000
    0.423520000000E+005    0.233780019736E+000
    0.424020000000E+005    0.234212161204E+000
    0.424520000000E+005    0.234644449714E+000
    0.425020000000E+005    0.235076884688E+000
    0.425520000000E+005    0.235509465548E+000
    0.426020000000E+005    0.235942191716E+000
    0.426520000000E+005    0.236375062619E+000
    0.427020000000E+005    0.236808077679E+000
    0.427520000000E+005    0.237241236323E+000
    0.428020000000E+005    0.237674537977E+000
    0.428520000000E+005    0.238107982069E+000
    0.429020000000E+005    0.238541568026E+000
    0.429520000000E+005    0.238975295279E+000
    0.430020000000E+005    0.239409163255E+000
    0.430520000000E+005    0.239843171387E+000
    0.431020000000E+005    0.240277319106E+000
    0.431520000000E+005    0.240711605843E+000
    0.432020000000E+005    0.241146031031E+000
    0.432520000000E+005    0.241580594106E+000
    0.433020000000E+005    0.242015294501E+000
    0.433520000000E+005    0.242450131651E+000
    0.434020000000E+005    0.242885104994E+000
    0.434520000000E+005    0.243320213966E+000
    0.435020000000E+005    0.243755458005E+000
    0.435520000000E+005    0.244190836550E+000
    0.436020000000E+005    0.244626349041E+000
    0.436520000000E+005    0.245061994917E+000
    0.437020000000E+005    0.245497773620E+000
    0.437520000000E+005    0.245933684592E+000
    0.438020000000E+005    0.246369727275E+000
    0.438520000000E+005    0.246805901114E+000
    0.439020000000E+005    0.247242205553E+000
    0.439520000000E+005    0.247678640036E+000
    0.440020000000E+005    0.248115204010E+000
    0.440520000000E+005    0.248551896922E+000
    0.441020000000E+005    0.248988718218E+000
    0.441520000000E+005    0.249425667349E+000
    0.442020000000E+005    0.249862743762E+000
    0.442520000000E+005    0.250299946907E+000
    0.443020000000E+005    0.250737276236E+000
    0.443520000000E+005    0.251174731200E+000
    0.444020000000E+005    0.251612311252E+000
    0.444520000000E+005    0.252050015844E+000
    0.445020000000E+005    0.252487844431E+000
    0.445520000000E+005    0.252925796466E+000
    0.446020000000E+005    0.253363871407E+000
    0.446520000000E+005    0.253802068709E+000
    0.447020000000E+005    0.254240387829E+000
    0.447520000000E+005    0.254678828225E+000
    0.448020000000E+005    0.255117389356E+000
    0.448520000000E+005    0.255556070681E+000
    0.449020000000E+005    0.255994871661E+000
    0.449520000000E+005    0.256433791757E+000
    0.450020000000E+005    0.256872830430E+000
    0.450520000000E+005    0.257311987143E+000
    0.451020000000E+005    0.257751261360E+000
    0.451520000000E+005    0.258190652545E+000
    0.452020000000E+005    0.258630160162E+000
    0.452520000000E+005    0.259069783678E+000
    0.453020000000E+005    0.259509522559E+000
    0.453520000000E+005    0.259949376272E+000
    0.454020000000E+005    0.260389344286E+000
    0.454520000000E+005    0.260829426069E+000
    0.455020000000E+005    0.261269621091E+000
    0.455520000000E+005    0.261709928822E+000
    0.456020000000E+005    0.262150348734E+000
    0.456520000000E+005    0.262590880298E+000
    0.457020000000E+005    0.263031522988E+000
    0.457520000000E+005    0.263472276277E+000
    0.458020000000E+005    0.263913139639E+000
    0.458520000000E+005    0.264354112549E+000
    0.459020000000E+005    0.264795194482E+000
    0.459520000000E+005    0.265236384917E+000
    0.460020000000E+005    0.265677683330E+000
    0.460520000000E+005    0.266119089198E+000
    0.461020000000E+005    0.266560602002E+000
    0.461520000000E+005    0.267002221221E+000
    0.462020000000E+005    0.267443946334E+000
    0.462520000000E+005    0.267885776824E+000
    0.463020000000E+005    0.268327712172E+000
    0.463520000000E+005    0.268769751862E+000
    0.464020000000E+005    0.269211895376E+000
    0.464520000000E+005    0.269654142198E+000
    0.465020000000E+005    0.270096491815E+000
    0.465520000000E+005    0.270538943711E+000
    0.466020000000E+005    0.270981497373E+000
    0.466520000000E+005    0.271424152288E+000
    0.467020000000E+005    0.271866907945E+000
    0.467520000000E+005    0.272309763832E+000
    0.468020000000E+005    0.272752719439E+000
    0.468520000000E+005    0.273195774256E+000
    0.469020000000E+005    0.273638927775E+000
    0.469520000000E+005    0.274082179486E+000
    0.470020000000E+005    0.274525528882E+000
    0.470520000000E+005    0.274968975458E+000
    0.471020000000E+005    0.275412518706E+000
    0.471520000000E+005    0.275856158122E+000
    0.472020000000E+005    0.276299893202E+000
    0.472520000000E+005    0.276743723441E+000
    0.473020000000E+005    0.277187648337E+000
    0.473520000000E+005    0.277631667387E+000
    0.474020000000E+005    0.278075780090E+000
    0.474520000000E+005    0.278519985946E+000
    0.475020000000E+005    0.278964284454E+000
    0.475520000000E+005    0.279408675115E+000
    0.476020000000E+005    0.279853157431E+000
    0.476520000000E+005    0.280297730903E+000
    0.477020000000E+005    0.280742395036E+000
    0.477520000000E+005    0.281187149332E+000
    0.478020000000E+005    0.281631993297E+000
    0.478520000000E+005    0.282076926435E+000
    0.479020000000E+005    0.282521948252E+000
    0.479520000000E+005    0.282967058256E+000
    0.480020000000E+005    0.283412255953E+000
    0.480520000000E+005    0.283857540851E+000
    0.481020000000E+005    0.284302912461E+000
    0.481520000000E+005    0.284748370290E+000
    0.482020000000E+005    0.285193913850E+000
    0.482520000000E+005    0.285639542652E+000
    0.483020000000E+005    0.286085256207E+000
    0.483520000000E+005    0.286531054028E+000
    0.484020000000E+005    0.286976935629E+000
    0.484520000000E+005    0.287422900523E+000
    0.485020000000E+005    0.287868948225E+000
    0.485520000000E+005    0.288315078251E+000
    0.486020000000E+005    0.288761290116E+000
    0.486520000000E+005    0.289207583338E+000
    0.487020000000E+005    0.289653957435E+000
    0.487520000000E+005    0.290100411924E+000
    0.488020000000E+005    0.290546946325E+000
    0.488520000000E+005    0.290993560158E+000
    0.489020000000E+005    0.291440252943E+000
    0.489520000000E+005    0.291887024201E+000
    0.490020000000E+005    0.292333873455E+000
    0.490520000000E+005    0.292780800226E+000
    0.491020000000E+005    0.293227804040E+000
    0.491520000000E+005    0.293674884418E+000
    0.492020000000E+005    0.294122040888E+000
    0.492520000000E+005    0.294569272973E+000
    0.493020000000E+005    0.295016580201E+000
    0.493520000000E+005    0.295463962098E+000
    0.494020000000E+005    0.295911418192E+000
    0.494520000000E+005    0.296358948011E+000
    0.495020000000E+005    0.296806551085E+000
    0.495520000000E+005    0.297254226943E+000
    0.496020000000E+005    0.297701975116E+000
    0.496520000000E+005    0.298149795135E+000
    0.497020000000E+005    0.298597686533E+000
    0.497520000000E+005    0.299045648841E+000
    0.498020000000E+005    0.299493681593E+000
    0.498520000000E+005    0.299941784324E+000
    0.499020000000E+005    0.300389956568E+000
    0.499520000000E+005    0.300838197860E+000
    0.500020000000E+005    0.301286507737E+000
    0.500520000000E+005    0.301734885735E+000
    0.501020000000E+005    0.302183331393E+000
    0.501520000000E+005    0.302631844248E+000
    0.502020000000E+005    0.303080423840E+000
    0.502520000000E+005    0.303529069708E+000
    0.503020000000E+005    0.303977781393E+000
    0.503520000000E+005    0.304426558435E+000
    0.504020000000E+005    0.304875400377E+000
    0.504520000000E+005    0.305324306761E+000
    0.505020000000E+005    0.305773277130E+000
    0.505520000000E+005    0.306222311028E+000
    0.506020000000E+005    0.306671408000E+000
    0.506520000000E+005    0.307120567590E+000
    0.507020000000E+005    0.307569789346E+000
    0.507520000000E+005    0.308019072813E+000
    0.508020000000E+005    0.308468417539E+000
    0.508520000000E+005    0.308917823071E+000
    0.509020000000E+005    0.309367288960E+000
    0.509520000000E+005    0.309816814753E+000
    0.510020000000E+005    0.310266400002E+000
    0.510520000000E+005    0.310716044256E+000
    0.511020000000E+005    0.311165747068E+000
    0.511520000000E+005    0.311615507989E+000
    0.512020000000E+005    0.312065326573E+000
    0.512520000000E+005    0.312515202373E+000
    0.513020000000E+005    0.312965134942E+000
    0.513520000000E+005    0.313415123837E+000
    0.514020000000E+005    0.313865168613E+000
    0.514520000000E+005    0.314315268825E+000
    0.515020000000E+005    0.314765424031E+000
    0.515520000000E+005    0.315215633788E+000
    0.516020000000E+005    0.315665897655E+000
    0.516520000000E+005    0.316116215190E+000
    0.517020000000E+005    0.316566585954E+000
    0.517520000000E+005    0.317017009506E+000
    0.518020000000E+005    0.317467485408E+000
    0.518520000000E+005    0.317918013222E+000
    0.519020000000E+005    0.318368592509E+000
    0.519520000000E+005    0.318819222832E+000
    0.520020000000E+005    0.319269903756E+000
    0.520520000000E+005    0.319720634844E+000
    0.521020000000E+005    0.320171415662E+000
    0.521520000000E+005    0.320622245776E+000
    0.522020000000E+005    0.321073124751E+000
    0.522520000000E+005    0.321524052155E+000
    0.523020000000E+005    0.321975027555E+000
    0.523520000000E+005    0.322426050521E+000
    0.524020000000E+005    0.322877120620E+000
    0.524520000000E+005    0.323328237423E+000
    0.525020000000E+005    0.323779400500E+000
    0.525520000000E+005    0.324230609422E+000
    0.526020000000E+005    0.324681863761E+000
    0.526520000000E+005    0.325133163089E+000
    0.527020000000E+005    0.325584506979E+000
    0.527520000000E+005    0.326035895004E+000
    0.528020000000E+005    0.326487326740E+000
    0.528520000000E+005    0.326938801761E+000
    0.529020000000E+005    0.327390319642E+000
    0.529520000000E+005    0.327841879961E+000
    0.530020000000E+005    0.328293482294E+000
    0.530520000000E+005    0.328745126218E+000
    0.531020000000E+005    0.329196811313E+000
    0.531520000000E+005    0.329648537156E+000
    0.532020000000E+005    0.330100303328E+000
    0.532520000000E+005    0.330552109408E+000
    0.533020000000E+005    0.331003954979E+000
    0.533520000000E+005    0.331455839620E+000
    0.534020000000E+005    0.331907762915E+000
    0.534520000000E+005    0.332359724446E+000
    0.535020000000E+005    0.332811723796E+000
    0.535520000000E+005    0.333263760551E+000
    0.536020000000E+005    0.333715834294E+000
    0.536520000000E+005    0.334167944612E+000
    0.537020000000E+005    0.334620091089E+000
    0.537520000000E+005    0.335072273314E+000
    0.538020000000E+005    0.335524490873E+000
    0.538520000000E+005    0.335976743354E+000
    0.539020000000E+005    0.336429030346E+000
    0.539520000000E+005    0.336881351439E+000
    0.540020000000E+005    0.337333706222E+000
    0.540520000000E+005    0.337786094286E+000
    0.541020000000E+005    0.338238515221E+000
    0.541520000000E+005    0.338690968621E+000
    0.542020000000E+005    0.339143454077E+000
    0.542520000000E+005    0.339595971183E+000
    0.543020000000E+005    0.340048519533E+000
    0.543520000000E+005    0.340501098720E+000
    0.544020000000E+005    0.340953708340E+000
    0.544520000000E+005    0.341406347989E+000
    0.545020000000E+005    0.341859017262E+000
    0.545520000000E+005    0.342311715758E+000
    0.546020000000E+005    0.342764443073E+000
    0.546520000000E+005    0.343217198805E+000
    0.547020000000E+005    0.343669982555E+000
    0.547520000000E+005    0.344122793920E+000
    0.548020000000E+005    0.344575632501E+000
    0.548520000000E+005    0.345028497900E+000
    0.549020000000E+005    0.345481389717E+000
    0.549520000000E+005    0.345934307554E+000
    0.550020000000E+005    0.346387251014E+000
    0.550520000000E+005    0.346840219700E+000
    0.551020000000E+005    0.347293213216E+000
    0.551520000000E+005    0.347746231167E+000
    0.552020000000E+005    0.348199273158E+000
    0.552520000000E+005    0.348652338794E+000
    0.553020000000E+005    0.349105427682E+000
    0.553520000000E+005    0.349558539429E+000
    0.554020000000E+005    0.350011673642E+000
    0.554520000000E+005    0.350464829930E+000
    0.555020000000E+005    0.350918007902E+000
    0.555520000000E+005    0.351371207167E+000
    0.556020000000E+005    0.351824427335E+000
    0.556520000000E+005    0.352277668017E+000
    0.557020000000E+005    0.352730928824E+000
    0.557520000000E+005    0.353184209368E+000
    0.558020000000E+005    0.353637509262E+000
    0.558520000000E+005    0.354090828119E+000
    0.559020000000E+005    0.354544165553E+000
    0.559520000000E+005    0.354997521178E+000
    0.560020000000E+005    0.355450894609E+000
    0.560520000000E+005    0.355904285461E+000
    0.561020000000E+005    0.356357693352E+000
    0.561520000000E+005    0.356811117898E+000
    0.562020000000E+005    0.357264558716E+000
    0.562520000000E+005    0.357718015425E+000
    0.563020000000E+005    0.358171487642E+000
    0.563520000000E+005    0.358624974988E+000
    0.564020000000E+005    0.359078477082E+000
    0.564520000000E+005    0.359531993545E+000
    0.565020000000E+005    0.359985523998E+000
    0.565520000000E+005    0.360439068063E+000
    0.566020000000E+005    0.360892625361E+000
    0.566520000000E+005    0.361346195517E+000
    0.567020000000E+005    0.361799778152E+000
    0.567520000000E+005    0.362253372893E+000
    0.568020000000E+005    0.362706979362E+000
    0.568520000000E+005    0.363160597186E+000
    0.569020000000E+005    0.363614225990E+000
    0.569520000000E+005    0.364067865401E+000
    0.570020000000E+005    0.364521515047E+000
    0.570520000000E+005    0.364975174554E+000
    0.571020000000E+005    0.365428843551E+000
    0.571520000000E+005    0.365882521668E+000
    0.572020000000E+005    0.366336208532E+000
    0.572520000000E+005    0.366789903776E+000
    0.573020000000E+005    0.367243607029E+000
    0.573520000000E+005    0.367697317922E+000
    0.574020000000E+005    0.368151036088E+000
    0.574520000000E+005    0.368604761159E+000
    0.575020000000E+005    0.369058492768E+000
    0.575520000000E+005    0.369512230548E+000
    0.576020000000E+005    0.369965974135E+000
    0.576520000000E+005    0.370419723162E+000
    0.577020000000E+005    0.370873477266E+000
    0.577520000000E+005    0.371327236081E+000
    0.578020000000E+005    0.371780999246E+000
    0.578520000000E+005    0.372234766396E+000
    0.579020000000E+005    0.372688537170E+000
    0.579520000000E+005    0.373142311206E+000
    0.580020000000E+005    0.373596088144E+000
    0.580520000000E+005    0.374049867621E+000
    0.581020000000E+005    0.374503649280E+000
    0.581520000000E+005    0.374957432759E+000
    0.582020000000E+005    0.375411217702E+000
    0.582520000000E+005    0.375865003749E+000
    0.583020000000E+005    0.376318790542E+000
    0.583520000000E+005    0.376772577726E+000
    0.584020000000E+005    0.377226364942E+000
    0.584520000000E+005    0.377680151837E+000
    0.585020000000E+005    0.378133938054E+000
    0.585520000000E+005    0.378587723238E+000
    0.586020000000E+005    0.379041507036E+000
    0.586520000000E+005    0.379495289095E+000
    0.587020000000E+005    0.379949069060E+000
    0.587520000000E+005    0.380402846580E+000
    0.588020000000E+005    0.380856621302E+000
    0.588520000000E+005    0.381310392877E+000
    0.589020000000E+005    0.381764160952E+000
    0.589520000000E+005    0.382217925178E+000
    0.590020000000E+005    0.382671685205E+000
    0.590520000000E+005    0.383125440685E+000
    0.591020000000E+005    0.383579191269E+000
    0.591520000000E+005    0.384032936609E+000
    0.592020000000E+005    0.384486676358E+000
    0.592520000000E+005    0.384940410169E+000
    0.593020000000E+005    0.385394137696E+000
    0.593520000000E+005    0.385847858594E+000
    0.594020000000E+005    0.386301572517E+000
    0.594520000000E+005    0.386755279122E+000
    0.595020000000E+005    0.387208978064E+000
    0.595520000000E+005    0.387662668999E+000
    0.596020000000E+005    0.388116351586E+000
    0.596520000000E+005    0.388570025483E+000
    0.597020000000E+005    0.389023690346E+000
    0.597520000000E+005    0.389477345836E+000
    0.598020000000E+005    0.389930991612E+000
    0.598520000000E+005    0.390384627334E+000
    0.599020000000E+005    0.390838252662E+000
    0.599520000000E+005    0.391291867258E+000
    0.600020000000E+005    0.391745470784E+000
    0.600520000000E+005    0.392199062902E+000
    0.601020000000E+005    0.392652643274E+000
    0.601520000000E+005    0.393106211564E+000
    0.602020000000E+005    0.393559767436E+000
    0.602520000000E+005    0.394013310555E+000
    0.603020000000E+005    0.394466840585E+000
    0.603520000000E+005    0.394920357193E+000
    0.604020000000E+005    0.395373860044E+000
    0.604520000000E+005    0.395827348805E+000
    0.605020000000E+005    0.396280823143E+000
    0.605520000000E+005    0.396734282727E+000
    0.606020000000E+005    0.397187727224E+000
    0.606520000000E+005    0.397641156304E+000
    0.607020000000E+005    0.398094569635E+000
    0.607520000000E+005    0.398547966888E+000
    0.608020000000E+005    0.399001347734E+000
    0.608520000000E+005    0.399454711844E+000
    0.609020000000E+005    0.399908058889E+000
    0.609520000000E+005    0.400361388541E+000
    0.610020000000E+005    0.400814700473E+000
    0.610520000000E+005    0.401267994359E+000
    0.611020000000E+005    0.401721269872E+000
    0.611520000000E+005    0.402174526686E+000
    0.612020000000E+005    0.402627764477E+000
    0.612520000000E+005    0.403080982920E+000
    0.613020000000E+005    0.403534181691E+000
    0.613520000000E+005    0.403987360467E+000
    0.614020000000E+005    0.404440518924E+000
    0.614520000000E+005    0.404893656740E+000
    0.615020000000E+005    0.405346773593E+000
    0.615520000000E+005    0.405799869162E+000
    0.616020000000E+005    0.406252943126E+000
    0.616520000000E+005    0.406705995165E+000
    0.617020000000E+005    0.407159024960E+000
    0.617520000000E+005    0.407612032190E+000
    0.618020000000E+005    0.408065016537E+000
    0.618520000000E+005    0.408517977683E+000
    0.619020000000E+005    0.408970915311E+000
    0.619520000000E+005    0.409423829104E+000
    0.620020000000E+005    0.409876718744E+000
    0.620520000000E+005    0.410329583917E+000
    0.621020000000E+005    0.410782424305E+000
    0.621520000000E+005    0.411235239596E+000
    0.622020000000E+005    0.411688029473E+000
    0.622520000000E+005    0.412140793624E+000
    0.623020000000E+005    0.412593531734E+000
    0.623520000000E+005    0.413046243491E+000
    0.624020000000E+005    0.413498928583E+000
    0.624520000000E+005    0.413951586698E+000
    0.625020000000E+005    0.414404217525E+000
    0.625520000000E+005    0.414856820752E+000
    0.626020000000E+005    0.415309396070E+000
    0.626520000000E+005    0.415761943169E+000
    0.627020000000E+005    0.416214461740E+000
    0.627520000000E+005    0.416666951474E+000
    0.628020000000E+005    0.417119412063E+000
    0.628520000000E+005    0.417571843199E+000
    0.629020000000E+005    0.418024244576E+000
    0.629520000000E+005    0.418476615886E+000
    0.630020000000E+005    0.418928956824E+000
    0.630520000000E+005    0.419381267084E+000
    0.631020000000E+005    0.419833546361E+000
    0.631520000000E+005    0.420285794351E+000
    0.632020000000E+005    0.420738010749E+000
    0.632520000000E+005    0.421190195253E+000
    0.633020000000E+005    0.421642347558E+000
    0.633520000000E+005    0.422094467363E+000
    0.634020000000E+005    0.422546554366E+000
    0.634520000000E+005    0.422998608265E+000
    0.635020000000E+005    0.423450628760E+000
    0.635520000000E+005    0.423902615549E+000
    0.636020000000E+005    0.424354568333E+000
    0.636520000000E+005    0.424806486814E+000
    0.637020000000E+005    0.425258370691E+000
    0.637520000000E+005    0.425710219666E+000
    0.638020000000E+005    0.426162033442E+000
    0.638520000000E+005    0.426613811721E+000
    0.639020000000E+005    0.427065554207E+000
    0.639520000000E+005    0.427517260602E+000
    0.640020000000E+005    0.427968930612E+000
    0.640520000000E+005    0.428420563941E+000
    0.641020000000E+005    0.428872160293E+000
    0.641520000000E+005    0.429323719375E+000
    0.642020000000E+005    0.429775240894E+000
    0.642520000000E+005    0.430226724554E+000
    0.643020000000E+005    0.430678170065E+000
    0.643520000000E+005    0.431129577132E+000
    0.644020000000E+005    0.431580945466E+000
    0.644520000000E+005    0.432032274773E+000
    0.645020000000E+005    0.432483564764E+000
    0.645520000000E+005    0.432934815148E+000
    0.646020000000E+005    0.433386025636E+000
    0.646520000000E+005    0.433837195937E+000
    0.647020000000E+005    0.434288325764E+000
    0.647520000000E+005    0.434739414827E+000
    0.648020000000E+005    0.435190462839E+000
    0.648520000000E+005    0.435641469513E+000
    0.649020000000E+005    0.436092434561E+000
    0.649520000000E+005    0.436543357698E+000
    0.650020000000E+005    0.436994238638E+000
    0.650520000000E+005    0.437445077094E+000
    0.651020000000E+005    0.437895872783E+000
    0.651520000000E+005    0.438346625420E+000
    0.652020000000E+005    0.438797334720E+000
    0.652520000000E+005    0.439248000402E+000
    0.653020000000E+005    0.439698622181E+000
    0.653520000000E+005    0.440149199775E+000
    0.654020000000E+005    0.440599732902E+000
    0.654520000000E+005    0.441050221281E+000
    0.655020000000E+005    0.441500664631E+000
    0.655520000000E+005    0.441951062671E+000
    0.656020000000E+005    0.442401415122E+000
    0.656520000000E+005    0.442851721703E+000
    0.657020000000E+005    0.443301982137E+000
    0.657520000000E+005    0.443752196143E+000
    0.658020000000E+005    0.444202363445E+000
    0.658520000000E+005    0.444652483764E+000
    0.659020000000E+005    0.445102556824E+000
    0.659520000000E+005    0.445552582348E+000
    0.660020000000E+005    0.446002560059E+000
    0.660520000000E+005    0.446452489683E+000
    0.661020000000E+005    0.446902370944E+000
    0.661520000000E+005    0.447352203566E+000
    0.662020000000E+005    0.447801987277E+000
    0.662520000000E+005    0.448251721802E+000
    0.663020000000E+005    0.448701406868E+000
    0.663520000000E+005    0.449151042203E+000
    0.664020000000E+005    0.449600627533E+000
    0.664520000000E+005    0.450050162587E+000
    0.665020000000E+005    0.450499647094E+000
    0.665520000000E+005    0.450949080783E+000
    0.666020000000E+005    0.451398463383E+000
    0.666520000000E+005    0.451847794625E+000
    0.667020000000E+005    0.452297074238E+000
    0.667520000000E+005    0.452746301955E+000
    0.668020000000E+005    0.453195477506E+000
    0.668520000000E+005    0.453644600624E+000
    0.669020000000E+005    0.454093671041E+000
    0.669520000000E+005    0.454542688489E+000
    0.670020000000E+005    0.454991652702E+000
    0.670520000000E+005    0.455440563414E+000
    0.671020000000E+005    0.455889420360E+000
    0.671520000000E+005    0.456338223273E+000
    0.672020000000E+005    0.456786971890E+000
    0.672520000000E+005    0.457235665945E+000
    0.673020000000E+005    0.457684305176E+000
    0.673520000000E+005    0.458132889318E+000
    0.674020000000E+005    0.458581418109E+000
    0.674520000000E+005    0.459029891286E+000
    0.675020000000E+005    0.459478308588E+000
    0.675520000000E+005    0.459926669752E+000
    0.676020000000E+005    0.460374974519E+000
    0.676520000000E+005    0.460823222626E+000
    0.677020000000E+005    0.461271413814E+000
    0.677520000000E+005    0.461719547824E+000
    0.678020000000E+005    0.462167624395E+000
    0.678520000000E+005    0.462615643270E+000
    0.679020000000E+005    0.463063604190E+000
    0.679520000000E+005    0.463511506898E+000
    0.680020000000E+005    0.463959351135E+000
    0.680520000000E+005    0.464407136645E+000
    0.681020000000E+005    0.464854863171E+000
    0.681520000000E+005    0.465302530458E+000
    0.682020000000E+005    0.465750138249E+000
    0.682520000000E+005    0.466197686290E+000
    0.683020000000E+005    0.466645174327E+000
    0.683520000000E+005    0.467092602104E+000
    0.684020000000E+005    0.467539969368E+000
    0.684520000000E+005    0.467987275866E+000
    0.685020000000E+005    0.468434521345E+000
    0.685520000000E+005    0.468881705553E+000
    0.686020000000E+005    0.469328828238E+000
    0.686520000000E+005    0.469775889147E+000
    0.687020000000E+005    0.470222888031E+000
    0.687520000000E+005    0.470669824638E+000
    0.688020000000E+005    0.471116698718E+000
    0.688520000000E+005    0.471563510022E+000
    0.689020000000E+005    0.472010258301E+000
    0.689520000000E+005    0.472456943305E+000
    0.690020000000E+005    0.472903564787E+000
    0.690520000000E+005    0.473350122498E+000
    0.691020000000E+005    0.473796616191E+000
    0.691520000000E+005    0.474243045618E+000
    0.692020000000E+005    0.474689410534E+000
    0.692520000000E+005    0.475135710693E+000
    0.693020000000E+005    0.475581945847E+000
    0.693520000000E+005    0.476028115753E+000
    0.694020000000E+005    0.476474220165E+000
    0.694520000000E+005    0.476920258840E+000
    0.695020000000E+005    0.477366231532E+000
    0.695520000000E+005    0.477812137999E+000
    0.696020000000E+005    0.478257977998E+000
    0.696520000000E+005    0.478703751286E+000
    0.697020000000E+005    0.479149457620E+000
    0.697520000000E+005    0.479595096760E+000
    0.698020000000E+005    0.480040668463E+000
    0.698520000000E+005    0.480486172490E+000
    0.699020000000E+005    0.480931608599E+000
    0.699520000000E+005    0.481376976550E+000
    0.700020000000E+005    0.481822276105E+000
    0.700520000000E+005    0.482267507023E+000
    0.701020000000E+005    0.482712669067E+000
    0.701520000000E+005    0.483157761997E+000
    0.702020000000E+005    0.483602785577E+000
    0.702520000000E+005    0.484047739568E+000
    0.703020000000E+005    0.484492623734E+000
    0.703520000000E+005    0.484937437838E+000
    0.704020000000E+005    0.485382181645E+000
    0.704520000000E+005    0.485826854918E+000
    0.705020000000E+005    0.486271457423E+000
    0.705520000000E+005    0.486715988923E+000
    0.706020000000E+005    0.487160449186E+000
    0.706520000000E+005    0.487604837978E+000
    0.707020000000E+005    0.488049155064E+000
    0.707520000000E+005    0.488493400211E+000
    0.708020000000E+005    0.488937573187E+000
    0.708520000000E+005    0.489381673761E+000
    0.709020000000E+005    0.489825701698E+000
    0.709520000000E+005    0.490269656770E+000
    0.710020000000E+005    0.490713538744E+000
    0.710520000000E+005    0.491157347390E+000
    0.711020000000E+005    0.491601082477E+000
    0.711520000000E+005    0.492044743777E+000
    0.712020000000E+005    0.492488331060E+000
    0.712520000000E+005    0.492931844097E+000
    0.713020000000E+005    0.493375282659E+000
    0.713520000000E+005    0.493818646520E+000
    0.714020000000E+005    0.494261935450E+000
    0.714520000000E+005    0.494705149223E+000
    0.715020000000E+005    0.495148287612E+000
    0.715520000000E+005    0.495591350391E+000
    0.716020000000E+005    0.496034337333E+000
    0.716520000000E+005    0.496477248214E+000
    0.717020000000E+005    0.496920082809E+000
    0.717520000000E+005    0.497362840892E+000
    0.718020000000E+005    0.497805522239E+000
    0.718520000000E+005    0.498248126627E+000
    0.719020000000E+005    0.498690653832E+000
    0.719520000000E+005    0.499133103631E+000
    0.720020000000E+005    0.499575475801E+000
    0.720520000000E+005    0.500017770121E+000
    0.721020000000E+005    0.500459986369E+000
    0.721520000000E+005    0.500902124323E+000
    0.722020000000E+005    0.501344183762E+000
    0.722520000000E+005    0.501786164466E+000
    0.723020000000E+005    0.502228066214E+000
    0.723520000000E+005    0.502669888787E+000
    0.724020000000E+005    0.503111631966E+000
    0.724520000000E+005    0.503553295532E+000
    0.725020000000E+005    0.503994879266E+000
    0.725520000000E+005    0.504436382950E+000
    0.726020000000E+005    0.504877806367E+000
    0.726520000000E+005    0.505319149299E+000
    0.727020000000E+005    0.505760411530E+000
    0.727520000000E+005    0.506201592842E+000
    0.728020000000E+005    0.506642693020E+000
    0.728520000000E+005    0.507083711849E+000
    0.729020000000E+005    0.507524649112E+000
    0.729520000000E+005    0.507965504596E+000
    0.730020000000E+005    0.508406278085E+000
    0.730520000000E+005    0.508846969367E+000
    0.731020000000E+005    0.509287578226E+000
    0.731520000000E+005    0.509728104450E+000
    0.732020000000E+005    0.510168547827E+000
    0.732520000000E+005    0.510608908143E+000
    0.733020000000E+005    0.511049185187E+000
    0.733520000000E+005    0.511489378746E+000
    0.734020000000E+005    0.511929488611E+000
    0.734520000000E+005    0.512369514569E+000
    0.735020000000E+005    0.512809456412E+000
    0.735520000000E+005    0.513249313927E+000
    0.736020000000E+005    0.513689086907E+000
    0.736520000000E+005    0.514128775141E+000
    0.737020000000E+005    0.514568378421E+000
    0.737520000000E+005    0.515007896539E+000
    0.738020000000E+005    0.515447329286E+000
    0.738520000000E+005    0.515886676454E+000
    0.739020000000E+005    0.516325937837E+000
    0.739520000000E+005    0.516765113228E+000
    0.740020000000E+005    0.517204202420E+000
    0.740520000000E+005    0.517643205206E+000
    0.741020000000E+005    0.518082121383E+000
    0.741520000000E+005    0.518520950743E+000
    0.742020000000E+005    0.518959693082E+000
    0.742520000000E+005    0.519398348196E+000
    0.743020000000E+005    0.519836915881E+000
    0.743520000000E+005    0.520275395932E+000
    0.744020000000E+005    0.520713788147E+000
    0.744520000000E+005    0.521152092322E+000
    0.745020000000E+005    0.521590308256E+000
    0.745520000000E+005    0.522028435745E+000
    0.746020000000E+005    0.522466474588E+000
    0.746520000000E+005    0.522904424583E+000
    0.747020000000E+005    0.523342285530E+000
    0.747520000000E+005    0.523780057228E+000
    0.748020000000E+005    0.524217739477E+000
    0.748520000000E+005    0.524655332076E+000
    0.749020000000E+005    0.525092834827E+000
    0.749520000000E+005    0.525530247530E+000
    0.750020000000E+005    0.525967569986E+000
    0.750520000000E+005    0.526404801998E+000
    0.751020000000E+005    0.526841943367E+000
    0.751520000000E+005    0.527278993895E+000
    0.752020000000E+005    0.527715953386E+000
    0.752520000000E+005    0.528152821643E+000
    0.753020000000E+005    0.528589598469E+000
    0.753520000000E+005    0.529026283668E+000
    0.754020000000E+005    0.529462877044E+000
    0.754520000000E+005    0.529899378403E+000
    0.755020000000E+005    0.530335787549E+000
    0.755520000000E+005    0.530772104288E+000
    0.756020000000E+005    0.531208328426E+000
    0.756520000000E+005    0.531644459769E+000
    0.757020000000E+005    0.532080498122E+000
    0.757520000000E+005    0.532516443295E+000
    0.758020000000E+005    0.532952295093E+000
    0.758520000000E+005    0.533388053325E+000
    0.759020000000E+005    0.533823717798E+000
    0.759520000000E+005    0.534259288322E+000
    0.760020000000E+005    0.534694764704E+000
    0.760520000000E+005    0.535130146755E+000
    0.761020000000E+005    0.535565434283E+000
    0.761520000000E+005    0.536000627099E+000
    0.762020000000E+005    0.536435725013E+000
    0.762520000000E+005    0.536870727836E+000
    0.763020000000E+005    0.537305635378E+000
    0.763520000000E+005    0.537740447452E+000
    0.764020000000E+005    0.538175163869E+000
    0.764520000000E+005    0.538609784442E+000
    0.765020000000E+005    0.539044308982E+000
    0.765520000000E+005    0.539478737303E+000
    0.766020000000E+005    0.539913069218E+000
    0.766520000000E+005    0.540347304540E+000
    0.767020000000E+005    0.540781443085E+000
    0.767520000000E+005    0.541215484665E+000
    0.768020000000E+005    0.541649429097E+000
    0.768520000000E+005    0.542083276194E+000
    0.769020000000E+005    0.542517025773E+000
    0.769520000000E+005    0.542950677650E+000
    0.770020000000E+005    0.543384231640E+000
    0.770520000000E+005    0.543817687560E+000
    0.771020000000E+005    0.544251045227E+000
    0.771520000000E+005    0.544684304458E+000
    0.772020000000E+005    0.545117465072E+000
    0.772520000000E+005    0.545550526885E+000
    0.773020000000E+005    0.545983489717E+000
    0.773520000000E+005    0.546416353386E+000
    0.774020000000E+005    0.546849117712E+000
    0.774520000000E+005    0.547281782513E+000
    0.775020000000E+005    0.547714347610E+000
    0.775520000000E+005    0.548146812823E+000
    0.776020000000E+005    0.548579177972E+000
    0.776520000000E+005    0.549011442879E+000
    0.777020000000E+005    0.549443607364E+000
    0.777520000000E+005    0.549875671249E+000
    0.778020000000E+005    0.550307634356E+000
    0.778520000000E+005    0.550739496507E+000
    0.779020000000E+005    0.551171257526E+000
    0.779520000000E+005    0.551602917235E+000
    0.780020000000E+005    0.552034475457E+000
    0.780520000000E+005    0.552465932017E+000
    0.781020000000E+005    0.552897286738E+000
    0.781520000000E+005    0.553328539445E+000
    0.782020000000E+005    0.553759689962E+000
    0.782520000000E+005    0.554190738116E+000
    0.783020000000E+005    0.554621683731E+000
    0.783520000000E+005    0.555052526633E+000
    0.784020000000E+005    0.555483266648E+000
    0.784520000000E+005    0.555913903604E+000
    0.785020000000E+005    0.556344437326E+000
    0.785520000000E+005    0.556774867642E+000
    0.786020000000E+005    0.557205194381E+000
    0.786520000000E+005    0.557635417369E+000
    0.787020000000E+005    0.558065536435E+000
    0.787520000000E+005    0.558495551407E+000
    0.788020000000E+005    0.558925462116E+000
    0.788520000000E+005    0.559355268389E+000
    0.789020000000E+005    0.559784970058E+000
    0.789520000000E+005    0.560214566951E+000
    0.790020000000E+005    0.560644058899E+000
    0.790520000000E+005    0.561073445733E+000
    0.791020000000E+005    0.561502727285E+000
    0.791520000000E+005    0.561931903384E+000
    0.792020000000E+005    0.562360973864E+000
    0.792520000000E+005    0.562789938557E+000
    0.793020000000E+005    0.563218797294E+000
    0.793520000000E+005    0.563647549908E+000
    0.794020000000E+005    0.564076196234E+000
    0.794520000000E+005    0.564504736103E+000
    0.795020000000E+005    0.564933169351E+000
    0.795520000000E+005    0.565361495811E+000
    0.796020000000E+005    0.565789715317E+000
    0.796520000000E+005    0.566217827705E+000
    0.797020000000E+005    0.566645832810E+000
    0.797520000000E+005    0.567073730467E+000
    0.798020000000E+005    0.567501520512E+000
    0.798520000000E+005    0.567929202781E+000
    0.799020000000E+005    0.568356777111E+000
    0.799520000000E+005    0.568784243339E+000
    0.800020000000E+005    0.569211601301E+000
    0.800520000000E+005    0.569638850837E+000
    0.801020000000E+005    0.570065991782E+000
    0.801520000000E+005    0.570493023976E+000
    0.802020000000E+005    0.570919947257E+000
    0.802520000000E+005    0.571346761464E+000
    0.803020000000E+005    0.571773466436E+000
    0.803520000000E+005    0.572200062013E+000
    0.804020000000E+005    0.572626548034E+000
    0.804520000000E+005    0.573052924340E+000
    0.805020000000E+005    0.573479190772E+000
    0.805520000000E+005    0.573905347170E+000
    0.806020000000E+005    0.574331393375E+000
    0.806520000000E+005    0.574757329230E+000
    0.807020000000E+005    0.575183154575E+000
    0.807520000000E+005    0.575608869253E+000
    0.808020000000E+005    0.576034473107E+000
    0.808520000000E+005    0.576459965980E+000
    0.809020000000E+005    0.576885347714E+000
    0.809520000000E+005    0.577310618153E+000
    0.810020000000E+005    0.577735777142E+000
    0.810520000000E+005    0.578160824523E+000
    0.811020000000E+005    0.578585760143E+000
    0.811520000000E+005    0.579010583845E+000
    0.812020000000E+005    0.579435295474E+000
    0.812520000000E+005    0.579859894877E+000
    0.813020000000E+005    0.580284381899E+000
    0.813520000000E+005    0.580708756386E+000
    0.814020000000E+005    0.581133018184E+000
    0.814520000000E+005    0.581557167141E+000
    0.815020000000E+005    0.581981203103E+000
    0.815520000000E+005    0.582405125918E+000
    0.816020000000E+005    0.582828935434E+000
    0.816520000000E+005    0.583252631499E+000
    0.817020000000E+005    0.583676213960E+000
    0.817520000000E+005    0.584099682668E+000
    0.818020000000E+005    0.584523037470E+000
    0.818520000000E+005    0.584946278216E+000
    0.819020000000E+005    0.585369404757E+000
    0.819520000000E+005    0.585792416941E+000
    0.820020000000E+005    0.586215314620E+000
    0.820520000000E+005    0.586638097643E+000
    0.821020000000E+005    0.587060765862E+000
    0.821520000000E+005    0.587483319128E+000
    0.822020000000E+005    0.587905757293E+000
    0.822520000000E+005    0.588328080208E+000
    0.823020000000E+005    0.588750287727E+000
    0.823520000000E+005    0.589172379700E+000
    0.824020000000E+005    0.589594355982E+000
    0.824520000000E+005    0.590016216425E+000
    0.825020000000E+005    0.590437960883E+000
    0.825520000000E+005    0.590859589209E+000
    0.826020000000E+005    0.591281101258E+000
    0.826520000000E+005    0.591702496885E+000
    0.827020000000E+005    0.592123775943E+000
    0.827520000000E+005    0.592544938288E+000
    0.828020000000E+005    0.592965983776E+000
    0.828520000000E+005    0.593386912262E+000
    0.829020000000E+005    0.593807723602E+000
    0.829520000000E+005    0.594228417652E+000
    0.830020000000E+005    0.594648994269E+000
    0.830520000000E+005    0.595069453310E+000
    0.831020000000E+005    0.595489794632E+000
    0.831520000000E+005    0.595910018093E+000
    0.832020000000E+005    0.596330123550E+000
    0.832520000000E+005    0.596750110863E+000
    0.833020000000E+005    0.597169979888E+000
    0.833520000000E+005    0.597589730485E+000
    0.834020000000E+005    0.598009362513E+000
    0.834520000000E+005    0.598428875832E+000
    0.835020000000E+005    0.598848270301E+000
    0.835520000000E+005    0.599267545780E+000
    0.836020000000E+005    0.599686702129E+000
    0.836520000000E+005    0.600105739210E+000
    0.837020000000E+005    0.600524656883E+000
    0.837520000000E+005    0.600943455009E+000
    0.838020000000E+005    0.601362133449E+000
    0.838520000000E+005    0.601780692067E+000
    0.839020000000E+005    0.602199130723E+000
    0.839520000000E+005    0.602617449280E+000
    0.840020000000E+005    0.603035647602E+000
    0.840520000000E+005    0.603453725551E+000
    0.841020000000E+005    0.603871682989E+000
    0.841520000000E+005    0.604289519783E+000
    0.842020000000E+005    0.604707235794E+000
    0.842520000000E+005    0.605124830887E+000
    0.843020000000E+005    0.605542304927E+000
    0.843520000000E+005    0.605959657780E+000
    0.844020000000E+005    0.606376889308E+000
    0.844520000000E+005    0.606793999380E+000
    0.845020000000E+005    0.607210987859E+000
    0.845520000000E+005    0.607627854613E+000
    0.846020000000E+005    0.608044599507E+000
    0.846520000000E+005    0.608461222408E+000
    0.847020000000E+005    0.608877723184E+000
    0.847520000000E+005    0.609294101701E+000
    0.848020000000E+005    0.609710357827E+000
    0.848520000000E+005    0.610126491430E+000
    0.849020000000E+005    0.610542502377E+000
    0.849520000000E+005    0.610958390538E+000
    0.850020000000E+005    0.611374155781E+000
    0.850520000000E+005    0.611789797976E+000
    0.851020000000E+005    0.612205316990E+000
    0.851520000000E+005    0.612620712695E+000
    0.852020000000E+005    0.613035984960E+000
    0.852520000000E+005    0.613451133655E+000
    0.853020000000E+005    0.613866158650E+000
    0.853520000000E+005    0.614281059817E+000
    0.854020000000E+005    0.614695837027E+000
    0.854520000000E+005    0.615110490150E+000
    0.855020000000E+005    0.615525019059E+000
    0.855520000000E+005    0.615939423625E+000
    0.856020000000E+005    0.616353703722E+000
    0.856520000000E+005    0.616767859220E+000
    0.857020000000E+005    0.617181889994E+000
    0.857520000000E+005    0.617595795915E+000
    0.858020000000E+005    0.618009576859E+000
    0.858520000000E+005    0.618423232697E+000
    0.859020000000E+005    0.618836763305E+000
    0.859520000000E+005    0.619250168557E+000
    0.860020000000E+005    0.619663448326E+000
    0.860520000000E+005    0.620076602488E+000
    0.861020000000E+005    0.620489630919E+000
    0.861520000000E+005    0.620902533493E+000
    0.862020000000E+005    0.621315310085E+000
    0.862520000000E+005    0.621727960574E+000
    0.863020000000E+005    0.622140484833E+000
    0.863520000000E+005    0.622552882740E+000
    0.864020000000E+005    0.622965154173E+000
    0.864520000000E+005    0.623377299007E+000
    0.865020000000E+005    0.623789317120E+000
    0.865520000000E+005    0.624201208390E+000
    0.866020000000E+005    0.624612972695E+000
    0.866520000000E+005    0.625024609914E+000
    0.867020000000E+005    0.625436119924E+000
    0.867520000000E+005    0.625847502604E+000
    0.868020000000E+005    0.626258757835E+000
    0.868520000000E+005    0.626669885494E+000
    0.869020000000E+005    0.627080885462E+000
    0.869520000000E+005    0.627491757618E+000
    0.870020000000E+005    0.627902501844E+000
    0.870520000000E+005    0.628313118018E+000
    0.871020000000E+005    0.628723606023E+000
    0.871520000000E+005    0.629133965739E+000
    0.872020000000E+005    0.629544197047E+000
    0.872520000000E+005    0.629954299829E+000
    0.873020000000E+005    0.630364273968E+000
    0.873520000000E+005    0.630774119344E+000
    0.874020000000E+005    0.631183835841E+000
    0.874520000000E+005    0.631593423341E+000
    0.875020000000E+005    0.632002881728E+000
    0.875520000000E+005    0.632412210884E+000
    0.876020000000E+005    0.632821410693E+000
    0.876520000000E+005    0.633230481039E+000
    0.877020000000E+005    0.633639421806E+000
    0.877520000000E+005    0.634048232879E+000
    0.878020000000E+005    0.634456914141E+000
    0.878520000000E+005    0.634865465478E+000
    0.879020000000E+005    0.635273886776E+000
    0.879520000000E+005    0.635682177919E+000
    0.880020000000E+005    0.636090338793E+000
    0.880520000000E+005    0.636498369285E+000
    0.881020000000E+005    0.636906269280E+000
    0.881520000000E+005    0.637314038665E+000
    0.882020000000E+005    0.637721677327E+000
    0.882520000000E+005    0.638129185153E+000
    0.883020000000E+005    0.638536562031E+000
    0.883520000000E+005    0.638943807848E+000
    0.884020000000E+005    0.639350922491E+000
    0.884520000000E+005    0.639757905850E+000
    0.885020000000E+005    0.640164757812E+000
    0.885520000000E+005    0.640571478266E+000
    0.886020000000E+005    0.640978067102E+000
    0.886520000000E+005    0.641384524208E+000
    0.887020000000E+005    0.641790849474E+000
    0.887520000000E+005    0.642197042790E+000
    0.888020000000E+005    0.642603104045E+000
    0.888520000000E+005    0.643009033130E+000
    0.889020000000E+005    0.643414829936E+000
    0.889520000000E+005    0.643820494354E+000
    0.890020000000E+005    0.644226026274E+000
    0.890520000000E+005    0.644631425588E+000
    0.891020000000E+005    0.645036692188E+000
    0.891520000000E+005    0.645441825965E+000
    0.892020000000E+005    0.645846826812E+000
    0.892520000000E+005    0.646251694620E+000
    0.893020000000E+005    0.646656429284E+000
    0.893520000000E+005    0.647061030695E+000
    0.894020000000E+005    0.647465498747E+000
    0.894520000000E+005    0.647869833333E+000
    0.895020000000E+005    0.648274034348E+000
    0.895520000000E+005    0.648678101685E+000
    0.896020000000E+005    0.649082035238E+000
    0.896520000000E+005    0.649485834901E+000
    0.897020000000E+005    0.649889500571E+000
    0.897520000000E+005    0.650293032141E+000
    0.898020000000E+005    0.650696429507E+000
    0.898520000000E+005    0.651099692565E+000
    0.899020000000E+005    0.651502821210E+000
    0.899520000000E+005    0.651905815338E+000
    0.900020000000E+005    0.652308674846E+000
    0.900520000000E+005    0.652711399631E+000
    0.901020000000E+005    0.653113989588E+000
    0.901520000000E+005    0.653516444616E+000
    0.902020000000E+005    0.653918764612E+000
    0.902520000000E+005    0.654320949473E+000
    0.903020000000E+005    0.654722999097E+000
    0.903520000000E+005    0.655124913382E+000
    0.904020000000E+005    0.655526692227E+000
    0.904520000000E+005    0.655928335530E+000
    0.905020000000E+005    0.656329843190E+000
    0.905520000000E+005    0.656731215106E+000
    0.906020000000E+005    0.657132451179E+000
    0.906520000000E+005    0.657533551306E+000
    0.907020000000E+005    0.657934515389E+000
    0.907520000000E+005    0.658335343327E+000
    0.908020000000E+005    0.658736035021E+000
    0.908520000000E+005    0.659136590372E+000
    0.909020000000E+005    0.659537009280E+000
    0.909520000000E+005    0.659937291647E+000
    0.910020000000E+005    0.660337437373E+000
    0.910520000000E+005    0.660737446361E+000
    0.911020000000E+005    0.661137318513E+000
    0.911520000000E+005    0.661537053731E+000
    0.912020000000E+005    0.661936651916E+000
    0.912520000000E+005    0.662336112973E+000
    0.913020000000E+005    0.662735436803E+000
    0.913520000000E+005    0.663134623310E+000
    0.914020000000E+005    0.663533672398E+000
    0.914520000000E+005    0.663932583969E+000
    0.915020000000E+005    0.664331357929E+000
    0.915520000000E+005    0.664729994180E+000
    0.916020000000E+005    0.665128492628E+000
    0.916520000000E+005    0.665526853177E+000
    0.917020000000E+005    0.665925075732E+000
    0.917520000000E+005    0.666323160198E+000
    0.918020000000E+005    0.666721106481E+000
    0.918520000000E+005    0.667118914486E+000
    0.919020000000E+005    0.667516584119E+000
    0.919520000000E+005    0.667914115286E+000
    0.920020000000E+005    0.668311507894E+000
    0.920520000000E+005    0.668708761849E+000
    0.921020000000E+005    0.669105877057E+000
    0.921520000000E+005    0.669502853427E+000
    0.922020000000E+005    0.669899690866E+000
    0.922520000000E+005    0.670296389280E+000
    0.923020000000E+005    0.670692948579E+000
    0.923520000000E+005    0.671089368669E+000
    0.924020000000E+005    0.671485649459E+000
    0.924520000000E+005    0.671881790859E+000
    0.925020000000E+005    0.672277792776E+000
    0.925520000000E+005    0.672673655119E+000
    0.926020000000E+005    0.673069377799E+000
    0.926520000000E+005    0.673464960724E+000
    0.927020000000E+005    0.673860403804E+000
    0.927520000000E+005    0.674255706949E+000
    0.928020000000E+005    0.674650870070E+000
    0.928520000000E+005    0.675045893076E+000
    0.929020000000E+005    0.675440775879E+000
    0.929520000000E+005    0.675835518390E+000
    0.930020000000E+005    0.676230120519E+000
    0.930520000000E+005    0.676624582179E+000
    0.931020000000E+005    0.677018903280E+000
    0.931520000000E+005    0.677413083735E+000
    0.932020000000E+005    0.677807123456E+000
    0.932520000000E+005    0.678201022355E+000
    0.933020000000E+005    0.678594780345E+000
    0.933520000000E+005    0.678988397339E+000
    0.934020000000E+005    0.679381873249E+000
    0.934520000000E+005    0.679775207989E+000
    0.935020000000E+005    0.680168401473E+000
    0.935520000000E+005    0.680561453614E+000
    0.936020000000E+005    0.680954364327E+000
    0.936520000000E+005    0.681347133525E+000
    0.937020000000E+005    0.681739761124E+000
    0.937520000000E+005    0.682132247037E+000
    0.938020000000E+005    0.682524591180E+000
    0.938520000000E+005    0.682916793468E+000
    0.939020000000E+005    0.683308853816E+000
    0.939520000000E+005    0.683700772140E+000
    0.940020000000E+005    0.684092548356E+000
    0.940520000000E+005    0.684484182380E+000
    0.941020000000E+005    0.684875674129E+000
    0.941520000000E+005    0.685267023518E+000
    0.942020000000E+005    0.685658230465E+000
    0.942520000000E+005    0.686049294887E+000
    0.943020000000E+005    0.686440216700E+000
    0.943520000000E+005    0.686830995823E+000
    0.944020000000E+005    0.687221632174E+000
    0.944520000000E+005    0.687612125669E+000
    0.945020000000E+005    0.688002476227E+000
    0.945520000000E+005    0.688392683768E+000
    0.946020000000E+005    0.688782748208E+000
    0.946520000000E+005    0.689172669468E+000
    0.947020000000E+005    0.689562447465E+000
    0.947520000000E+005    0.689952082121E+000
    0.948020000000E+005    0.690341573353E+000
    0.948520000000E+005    0.690730921082E+000
    0.949020000000E+005    0.691120125228E+000
    0.949520000000E+005    0.691509185711E+000
    0.950020000000E+005    0.691898102451E+000
    0.950520000000E+005    0.692286875370E+000
    0.951020000000E+005    0.692675504387E+000
    0.951520000000E+005    0.693063989425E+000
    0.952020000000E+005    0.693452330404E+000
    0.952520000000E+005    0.693840527245E+000
    0.953020000000E+005    0.694228579872E+000
    0.953520000000E+005    0.694616488205E+000
    0.954020000000E+005    0.695004252167E+000
    0.954520000000E+005    0.695391871681E+000
    0.955020000000E+005    0.695779346669E+000
    0.955520000000E+005    0.696166677053E+000
    0.956020000000E+005    0.696553862758E+000
    0.956520000000E+005    0.696940903706E+000
    0.957020000000E+005    0.697327799821E+000
    0.957520000000E+005    0.697714551027E+000
    0.958020000000E+005    0.698101157247E+000
    0.958520000000E+005    0.698487618406E+000
    0.959020000000E+005    0.698873934429E+000
    0.959520000000E+005    0.699260105240E+000
    0.960020000000E+005    0.699646130763E+000
    0.960520000000E+005    0.700032010925E+000
    0.961020000000E+005    0.700417745649E+000
    0.961520000000E+005    0.700803334863E+000
    0.962020000000E+005    0.701188778491E+000
    0.962520000000E+005    0.701574076459E+000
    0.963020000000E+005    0.701959228694E+000
    0.963520000000E+005    0.702344235122E+000
    0.964020000000E+005    0.702729095670E+000
    0.964520000000E+005    0.703113810264E+000
    0.965020000000E+005    0.703498378832E+000
    0.965520000000E+005    0.703882801301E+000
    0.966020000000E+005    0.704267077597E+000
    0.966520000000E+005    0.704651207650E+000
    0.967020000000E+005    0.705035191386E+000
    0.967520000000E+005    0.705419028735E+000
    0.968020000000E+005    0.705802719624E+000
    0.968520000000E+005    0.706186263981E+000
    0.969020000000E+005    0.706569661736E+000
    0.969520000000E+005    0.706952912818E+000
    0.970020000000E+005    0.707336017155E+000
    0.970520000000E+005    0.707718974677E+000
    0.971020000000E+005    0.708101785314E+000
    0.971520000000E+005    0.708484448996E+000
    0.972020000000E+005    0.708866965652E+000
    0.972520000000E+005    0.709249335213E+000
    0.973020000000E+005    0.709631557609E+000
    0.973520000000E+005    0.710013632771E+000
    0.974020000000E+005    0.710395560630E+000
    0.974520000000E+005    0.710777341117E+000
    0.975020000000E+005    0.711158974163E+000
    0.975520000000E+005    0.711540459700E+000
    0.976020000000E+005    0.711921797659E+000
    0.976520000000E+005    0.712302987972E+000
    0.977020000000E+005    0.712684030572E+000
    0.977520000000E+005    0.713064925390E+000
    0.978020000000E+005    0.713445672360E+000
    0.978520000000E+005    0.713826271414E+000
    0.979020000000E+005    0.714206722485E+000
    0.979520000000E+005    0.714587025506E+000
    0.980020000000E+005    0.714967180410E+000
    0.980520000000E+005    0.715347187132E+000
    0.981020000000E+005    0.715727045605E+000
    0.981520000000E+005    0.716106755763E+000
    0.982020000000E+005    0.716486317540E+000
    0.982520000000E+005    0.716865730870E+000
    0.983020000000E+005    0.717244995688E+000
    0.983520000000E+005    0.717624111930E+000
    0.984020000000E+005    0.718003079530E+000
    0.984520000000E+005    0.718381898422E+000
    0.985020000000E+005    0.718760568544E+000
    0.985520000000E+005    0.719139089829E+000
    0.986020000000E+005    0.719517462215E+000
    0.986520000000E+005    0.719895685637E+000
    0.987020000000E+005    0.720273760031E+000
    0.987520000000E+005    0.720651685334E+000
    0.988020000000E+005    0.721029461483E+000
    0.988520000000E+005    0.721407088414E+000
    0.989020000000E+005    0.721784566064E+000
    0.989520000000E+005    0.722161894371E+000
    0.990020000000E+005    0.722539073273E+000
    0.990520000000E+005    0.722916102705E+000
    0.991020000000E+005    0.723292982608E+000
    0.991520000000E+005    0.723669712918E+000
    0.992020000000E+005    0.724046293574E+000
    0.992520000000E+005    0.724422724514E+000
    0.993020000000E+005    0.724799005678E+000
    0.993520000000E+005    0.725175137003E+000
    0.994020000000E+005    0.725551118429E+000
    0.994520000000E+005    0.725926949896E+000
    0.995020000000E+005    0.726302631342E+000
    0.995520000000E+005    0.726678162707E+000
    0.996020000000E+005    0.727053543931E+000
    0.996520000000E+005    0.727428774955E+000
    0.997020000000E+005    0.727803855718E+000
    0.997520000000E+005    0.728178786161E+000
    0.998020000000E+005    0.728553566224E+000
    0.998520000000E+005    0.728928195849E+000
    0.999020000000E+005    0.729302674976E+000
    0.999520000000E+005    0.729677003546E+000
