TITLE = "0D Field KB"
VARIABLES = N ,"KB_Ha10Rem10Re500"
ZONE DATAPACKING = POINT
    0.200000000000E+001    0.799992000074E-009
    0.520000000000E+002    0.540524274496E-006
    0.102000000000E+003    0.207869963314E-005
    0.152000000000E+003    0.461382874298E-005
    0.202000000000E+003    0.814441596973E-005
    0.252000000000E+003    0.126689669844E-004
    0.302000000000E+003    0.181859873873E-004
    0.352000000000E+003    0.246939796473E-004
    0.402000000000E+003    0.321914381852E-004
    0.452000000000E+003    0.406768430780E-004
    0.502000000000E+003    0.501486532198E-004
    0.552000000000E+003    0.606052997511E-004
    0.602000000000E+003    0.720451803517E-004
    0.652000000000E+003    0.844666547138E-004
    0.702000000000E+003    0.978680412891E-004
    0.752000000000E+003    0.112247615251E-003
    0.802000000000E+003    0.127603607526E-003
    0.852000000000E+003    0.143934204726E-003
    0.902000000000E+003    0.161237549783E-003
    0.952000000000E+003    0.179511743139E-003
    0.100200000000E+004    0.198754844335E-003
    0.105200000000E+004    0.218964873879E-003
    0.110200000000E+004    0.240139815297E-003
    0.115200000000E+004    0.262277617289E-003
    0.120200000000E+004    0.285376195931E-003
    0.125200000000E+004    0.309433436879E-003
    0.130200000000E+004    0.334447197533E-003
    0.135200000000E+004    0.360415309150E-003
    0.140200000000E+004    0.387335578875E-003
    0.145200000000E+004    0.415205791695E-003
    0.150200000000E+004    0.444023712292E-003
    0.155200000000E+004    0.473787086800E-003
    0.160200000000E+004    0.504493644469E-003
    0.165200000000E+004    0.536141099230E-003
    0.170200000000E+004    0.568727151164E-003
    0.175200000000E+004    0.602249487878E-003
    0.180200000000E+004    0.636705785797E-003
    0.185200000000E+004    0.672093711370E-003
    0.190200000000E+004    0.708410922195E-003
    0.195200000000E+004    0.745655068071E-003
    0.200200000000E+004    0.783823791973E-003
    0.205200000000E+004    0.822914730972E-003
    0.210200000000E+004    0.862925517076E-003
    0.215200000000E+004    0.903853778029E-003
    0.220200000000E+004    0.945697138043E-003
    0.225200000000E+004    0.988453218484E-003
    0.230200000000E+004    0.103211963851E-002
    0.235200000000E+004    0.107669401565E-002
    0.240200000000E+004    0.112217396639E-002
    0.245200000000E+004    0.116855710665E-002
    0.250200000000E+004    0.121584105227E-002
    0.255200000000E+004    0.126402341945E-002
    0.260200000000E+004    0.131310182519E-002
    0.265200000000E+004    0.136307388762E-002
    0.270200000000E+004    0.141393722641E-002
    0.275200000000E+004    0.146568946304E-002
    0.280200000000E+004    0.151832822117E-002
    0.285200000000E+004    0.157185112689E-002
    0.290200000000E+004    0.162625580897E-002
    0.295200000000E+004    0.168153989913E-002
    0.300200000000E+004    0.173770103228E-002
    0.305200000000E+004    0.179473684667E-002
    0.310200000000E+004    0.185264498417E-002
    0.315200000000E+004    0.191142309038E-002
    0.320200000000E+004    0.197106881483E-002
    0.325200000000E+004    0.203157981113E-002
    0.330200000000E+004    0.209295373713E-002
    0.335200000000E+004    0.215518825501E-002
    0.340200000000E+004    0.221828103144E-002
    0.345200000000E+004    0.228222973770E-002
    0.350200000000E+004    0.234703204973E-002
    0.355200000000E+004    0.241268564830E-002
    0.360200000000E+004    0.247918821903E-002
    0.365200000000E+004    0.254653745253E-002
    0.370200000000E+004    0.261473104442E-002
    0.375200000000E+004    0.268376669544E-002
    0.380200000000E+004    0.275364211149E-002
    0.385200000000E+004    0.282435500370E-002
    0.390200000000E+004    0.289590308846E-002
    0.395200000000E+004    0.296828408750E-002
    0.400200000000E+004    0.304149572789E-002
    0.405200000000E+004    0.311553574213E-002
    0.410200000000E+004    0.319040186813E-002
    0.415200000000E+004    0.326609184928E-002
    0.420200000000E+004    0.334260343445E-002
    0.425200000000E+004    0.341993437803E-002
    0.430200000000E+004    0.349808243996E-002
    0.435200000000E+004    0.357704538570E-002
    0.440200000000E+004    0.365682098632E-002
    0.445200000000E+004    0.373740701844E-002
    0.450200000000E+004    0.381880126428E-002
    0.455200000000E+004    0.390100151167E-002
    0.460200000000E+004    0.398400555403E-002
    0.465200000000E+004    0.406781119039E-002
    0.470200000000E+004    0.415241622541E-002
    0.475200000000E+004    0.423781846933E-002
    0.480200000000E+004    0.432401573803E-002
    0.485200000000E+004    0.441100585299E-002
    0.490200000000E+004    0.449878664128E-002
    0.495200000000E+004    0.458735593559E-002
    0.500200000000E+004    0.467671157419E-002
    0.505200000000E+004    0.476685140095E-002
    0.510200000000E+004    0.485777326529E-002
    0.515200000000E+004    0.494947502222E-002
    0.520200000000E+004    0.504195453231E-002
    0.525200000000E+004    0.513520966166E-002
    0.530200000000E+004    0.522923828191E-002
    0.535200000000E+004    0.532403827023E-002
    0.540200000000E+004    0.541960750929E-002
    0.545200000000E+004    0.551594388726E-002
    0.550200000000E+004    0.561304529777E-002
    0.555200000000E+004    0.571090963994E-002
    0.560200000000E+004    0.580953481833E-002
    0.565200000000E+004    0.590891874292E-002
    0.570200000000E+004    0.600905932912E-002
    0.575200000000E+004    0.610995449774E-002
    0.580200000000E+004    0.621160217495E-002
    0.585200000000E+004    0.631400029231E-002
    0.590200000000E+004    0.641714678672E-002
    0.595200000000E+004    0.652103960039E-002
    0.600200000000E+004    0.662567668085E-002
    0.605200000000E+004    0.673105598094E-002
    0.610200000000E+004    0.683717545873E-002
    0.615200000000E+004    0.694403307758E-002
    0.620200000000E+004    0.705162680606E-002
    0.625200000000E+004    0.715995461796E-002
    0.630200000000E+004    0.726901449227E-002
    0.635200000000E+004    0.737880441314E-002
    0.640200000000E+004    0.748932236988E-002
    0.645200000000E+004    0.760056635694E-002
    0.650200000000E+004    0.771253437388E-002
    0.655200000000E+004    0.782522442535E-002
    0.660200000000E+004    0.793863452107E-002
    0.665200000000E+004    0.805276267583E-002
    0.670200000000E+004    0.816760690943E-002
    0.675200000000E+004    0.828316524671E-002
    0.680200000000E+004    0.839943571748E-002
    0.685200000000E+004    0.851641635653E-002
    0.690200000000E+004    0.863410520360E-002
    0.695200000000E+004    0.875250030337E-002
    0.700200000000E+004    0.887159970543E-002
    0.705200000000E+004    0.899140146424E-002
    0.710200000000E+004    0.911190363916E-002
    0.715200000000E+004    0.923310429440E-002
    0.720200000000E+004    0.935500149896E-002
    0.725200000000E+004    0.947759332671E-002
    0.730200000000E+004    0.960087785627E-002
    0.735200000000E+004    0.972485317105E-002
    0.740200000000E+004    0.984951735919E-002
    0.745200000000E+004    0.997486851359E-002
    0.750200000000E+004    0.101009047318E-001
    0.755200000000E+004    0.102276241162E-001
    0.760200000000E+004    0.103550247737E-001
    0.765200000000E+004    0.104831048159E-001
    0.770200000000E+004    0.106118623591E-001
    0.775200000000E+004    0.107412955241E-001
    0.780200000000E+004    0.108714024364E-001
    0.785200000000E+004    0.110021812260E-001
    0.790200000000E+004    0.111336300275E-001
    0.795200000000E+004    0.112657469800E-001
    0.800200000000E+004    0.113985302272E-001
    0.805200000000E+004    0.115319779172E-001
    0.810200000000E+004    0.116660882027E-001
    0.815200000000E+004    0.118008592408E-001
    0.820200000000E+004    0.119362891929E-001
    0.825200000000E+004    0.120723762250E-001
    0.830200000000E+004    0.122091185076E-001
    0.835200000000E+004    0.123465142153E-001
    0.840200000000E+004    0.124845615273E-001
    0.845200000000E+004    0.126232586271E-001
    0.850200000000E+004    0.127626037024E-001
    0.855200000000E+004    0.129025949456E-001
    0.860200000000E+004    0.130432305528E-001
    0.865200000000E+004    0.131845087250E-001
    0.870200000000E+004    0.133264276671E-001
    0.875200000000E+004    0.134689855883E-001
    0.880200000000E+004    0.136121807020E-001
    0.885200000000E+004    0.137560112260E-001
    0.890200000000E+004    0.139004753822E-001
    0.895200000000E+004    0.140455713965E-001
    0.900200000000E+004    0.141912974993E-001
    0.905200000000E+004    0.143376519249E-001
    0.910200000000E+004    0.144846329117E-001
    0.915200000000E+004    0.146322387024E-001
    0.920200000000E+004    0.147804675437E-001
    0.925200000000E+004    0.149293176864E-001
    0.930200000000E+004    0.150787873854E-001
    0.935200000000E+004    0.152288748994E-001
    0.940200000000E+004    0.153795784916E-001
    0.945200000000E+004    0.155308964288E-001
    0.950200000000E+004    0.156828269820E-001
    0.955200000000E+004    0.158353684262E-001
    0.960200000000E+004    0.159885190402E-001
    0.965200000000E+004    0.161422771069E-001
    0.970200000000E+004    0.162966409131E-001
    0.975200000000E+004    0.164516087496E-001
    0.980200000000E+004    0.166071789110E-001
    0.985200000000E+004    0.167633496958E-001
    0.990200000000E+004    0.169201194065E-001
    0.995200000000E+004    0.170774863493E-001
    0.100020000000E+005    0.172354488344E-001
    0.100520000000E+005    0.173940051757E-001
    0.101020000000E+005    0.175531536911E-001
    0.101520000000E+005    0.177128927021E-001
    0.102020000000E+005    0.178732205341E-001
    0.102520000000E+005    0.180341355162E-001
    0.103020000000E+005    0.181956359815E-001
    0.103520000000E+005    0.183577202666E-001
    0.104020000000E+005    0.185203867120E-001
    0.104520000000E+005    0.186836336617E-001
    0.105020000000E+005    0.188474594636E-001
    0.105520000000E+005    0.190118624692E-001
    0.106020000000E+005    0.191768410339E-001
    0.106520000000E+005    0.193423935165E-001
    0.107020000000E+005    0.195085182795E-001
    0.107520000000E+005    0.196752136891E-001
    0.108020000000E+005    0.198424781152E-001
    0.108520000000E+005    0.200103099312E-001
    0.109020000000E+005    0.201787075142E-001
    0.109520000000E+005    0.203476692447E-001
    0.110020000000E+005    0.205171935071E-001
    0.110520000000E+005    0.206872786889E-001
    0.111020000000E+005    0.208579231817E-001
    0.111520000000E+005    0.210291253802E-001
    0.112020000000E+005    0.212008836829E-001
    0.112520000000E+005    0.213731964916E-001
    0.113020000000E+005    0.215460622118E-001
    0.113520000000E+005    0.217194792523E-001
    0.114020000000E+005    0.218934460256E-001
    0.114520000000E+005    0.220679609474E-001
    0.115020000000E+005    0.222430224371E-001
    0.115520000000E+005    0.224186289173E-001
    0.116020000000E+005    0.225947788144E-001
    0.116520000000E+005    0.227714705577E-001
    0.117020000000E+005    0.229487025804E-001
    0.117520000000E+005    0.231264733188E-001
    0.118020000000E+005    0.233047812127E-001
    0.118520000000E+005    0.234836247052E-001
    0.119020000000E+005    0.236630022428E-001
    0.119520000000E+005    0.238429122753E-001
    0.120020000000E+005    0.240233532561E-001
    0.120520000000E+005    0.242043236414E-001
    0.121020000000E+005    0.243858218913E-001
    0.121520000000E+005    0.245678464687E-001
    0.122020000000E+005    0.247503958403E-001
    0.122520000000E+005    0.249334684755E-001
    0.123020000000E+005    0.251170628475E-001
    0.123520000000E+005    0.253011774325E-001
    0.124020000000E+005    0.254858107099E-001
    0.124520000000E+005    0.256709611625E-001
    0.125020000000E+005    0.258566272763E-001
    0.125520000000E+005    0.260428075404E-001
    0.126020000000E+005    0.262295004472E-001
    0.126520000000E+005    0.264167044923E-001
    0.127020000000E+005    0.266044181745E-001
    0.127520000000E+005    0.267926399957E-001
    0.128020000000E+005    0.269813684611E-001
    0.128520000000E+005    0.271706020789E-001
    0.129020000000E+005    0.273603393606E-001
    0.129520000000E+005    0.275505788206E-001
    0.130020000000E+005    0.277413189768E-001
    0.130520000000E+005    0.279325583498E-001
    0.131020000000E+005    0.281242954637E-001
    0.131520000000E+005    0.283165288454E-001
    0.132020000000E+005    0.285092570250E-001
    0.132520000000E+005    0.287024785357E-001
    0.133020000000E+005    0.288961919138E-001
    0.133520000000E+005    0.290903956986E-001
    0.134020000000E+005    0.292850884323E-001
    0.134520000000E+005    0.294802686605E-001
    0.135020000000E+005    0.296759349316E-001
    0.135520000000E+005    0.298720857969E-001
    0.136020000000E+005    0.300687198110E-001
    0.136520000000E+005    0.302658355313E-001
    0.137020000000E+005    0.304634315184E-001
    0.137520000000E+005    0.306615063356E-001
    0.138020000000E+005    0.308600585493E-001
    0.138520000000E+005    0.310590867291E-001
    0.139020000000E+005    0.312585894472E-001
    0.139520000000E+005    0.314585652789E-001
    0.140020000000E+005    0.316590128025E-001
    0.140520000000E+005    0.318599305992E-001
    0.141020000000E+005    0.320613172531E-001
    0.141520000000E+005    0.322631713511E-001
    0.142020000000E+005    0.324654914832E-001
    0.142520000000E+005    0.326682762423E-001
    0.143020000000E+005    0.328715242240E-001
    0.143520000000E+005    0.330752340270E-001
    0.144020000000E+005    0.332794042526E-001
    0.144520000000E+005    0.334840335053E-001
    0.145020000000E+005    0.336891203922E-001
    0.145520000000E+005    0.338946635234E-001
    0.146020000000E+005    0.341006615117E-001
    0.146520000000E+005    0.343071129729E-001
    0.147020000000E+005    0.345140165254E-001
    0.147520000000E+005    0.347213707906E-001
    0.148020000000E+005    0.349291743927E-001
    0.148520000000E+005    0.351374259587E-001
    0.149020000000E+005    0.353461241182E-001
    0.149520000000E+005    0.355552675038E-001
    0.150020000000E+005    0.357648547508E-001
    0.150520000000E+005    0.359748844972E-001
    0.151020000000E+005    0.361853553840E-001
    0.151520000000E+005    0.363962660546E-001
    0.152020000000E+005    0.366076151554E-001
    0.152520000000E+005    0.368194013355E-001
    0.153020000000E+005    0.370316232467E-001
    0.153520000000E+005    0.372442795434E-001
    0.154020000000E+005    0.374573688830E-001
    0.154520000000E+005    0.376708899253E-001
    0.155020000000E+005    0.378848413330E-001
    0.155520000000E+005    0.380992217714E-001
    0.156020000000E+005    0.383140299085E-001
    0.156520000000E+005    0.385292644151E-001
    0.157020000000E+005    0.387449239644E-001
    0.157520000000E+005    0.389610072325E-001
    0.158020000000E+005    0.391775128981E-001
    0.158520000000E+005    0.393944396425E-001
    0.159020000000E+005    0.396117861497E-001
    0.159520000000E+005    0.398295511062E-001
    0.160020000000E+005    0.400477332014E-001
    0.160520000000E+005    0.402663311270E-001
    0.161020000000E+005    0.404853435775E-001
    0.161520000000E+005    0.407047692500E-001
    0.162020000000E+005    0.409246068441E-001
    0.162520000000E+005    0.411448550621E-001
    0.163020000000E+005    0.413655126089E-001
    0.163520000000E+005    0.415865781919E-001
    0.164020000000E+005    0.418080505210E-001
    0.164520000000E+005    0.420299283089E-001
    0.165020000000E+005    0.422522102706E-001
    0.165520000000E+005    0.424748951239E-001
    0.166020000000E+005    0.426979815888E-001
    0.166520000000E+005    0.429214683883E-001
    0.167020000000E+005    0.431453542475E-001
    0.167520000000E+005    0.433696378943E-001
    0.168020000000E+005    0.435943180591E-001
    0.168520000000E+005    0.438193934745E-001
    0.169020000000E+005    0.440448628761E-001
    0.169520000000E+005    0.442707250016E-001
    0.170020000000E+005    0.444969785914E-001
    0.170520000000E+005    0.447236223884E-001
    0.171020000000E+005    0.449506551377E-001
    0.171520000000E+005    0.451780755872E-001
    0.172020000000E+005    0.454058824872E-001
    0.172520000000E+005    0.456340745903E-001
    0.173020000000E+005    0.458626506517E-001
    0.173520000000E+005    0.460916094291E-001
    0.174020000000E+005    0.463209496824E-001
    0.174520000000E+005    0.465506701743E-001
    0.175020000000E+005    0.467807696695E-001
    0.175520000000E+005    0.470112469354E-001
    0.176020000000E+005    0.472421007419E-001
    0.176520000000E+005    0.474733298611E-001
    0.177020000000E+005    0.477049330675E-001
    0.177520000000E+005    0.479369091382E-001
    0.178020000000E+005    0.481692568525E-001
    0.178520000000E+005    0.484019749923E-001
    0.179020000000E+005    0.486350623416E-001
    0.179520000000E+005    0.488685176870E-001
    0.180020000000E+005    0.491023398173E-001
    0.180520000000E+005    0.493365275240E-001
    0.181020000000E+005    0.495710796005E-001
    0.181520000000E+005    0.498059948428E-001
    0.182020000000E+005    0.500412720493E-001
    0.182520000000E+005    0.502769100207E-001
    0.183020000000E+005    0.505129075599E-001
    0.183520000000E+005    0.507492634723E-001
    0.184020000000E+005    0.509859765656E-001
    0.184520000000E+005    0.512230456496E-001
    0.185020000000E+005    0.514604695368E-001
    0.185520000000E+005    0.516982470418E-001
    0.186020000000E+005    0.519363769813E-001
    0.186520000000E+005    0.521748581748E-001
    0.187020000000E+005    0.524136894435E-001
    0.187520000000E+005    0.526528696114E-001
    0.188020000000E+005    0.528923975044E-001
    0.188520000000E+005    0.531322719510E-001
    0.189020000000E+005    0.533724917817E-001
    0.189520000000E+005    0.536130558295E-001
    0.190020000000E+005    0.538539629294E-001
    0.190520000000E+005    0.540952119188E-001
    0.191020000000E+005    0.543368016374E-001
    0.191520000000E+005    0.545787309272E-001
    0.192020000000E+005    0.548209986320E-001
    0.192520000000E+005    0.550636035985E-001
    0.193020000000E+005    0.553065446751E-001
    0.193520000000E+005    0.555498207126E-001
    0.194020000000E+005    0.557934305641E-001
    0.194520000000E+005    0.560373730848E-001
    0.195020000000E+005    0.562816471322E-001
    0.195520000000E+005    0.565262515659E-001
    0.196020000000E+005    0.567711852478E-001
    0.196520000000E+005    0.570164470418E-001
    0.197020000000E+005    0.572620358143E-001
    0.197520000000E+005    0.575079504336E-001
    0.198020000000E+005    0.577541897703E-001
    0.198520000000E+005    0.580007526972E-001
    0.199020000000E+005    0.582476380893E-001
    0.199520000000E+005    0.584948448235E-001
    0.200020000000E+005    0.587423717792E-001
    0.200520000000E+005    0.589902178377E-001
    0.201020000000E+005    0.592383818826E-001
    0.201520000000E+005    0.594868627997E-001
    0.202020000000E+005    0.597356594766E-001
    0.202520000000E+005    0.599847708035E-001
    0.203020000000E+005    0.602341956723E-001
    0.203520000000E+005    0.604839329773E-001
    0.204020000000E+005    0.607339816149E-001
    0.204520000000E+005    0.609843404834E-001
    0.205020000000E+005    0.612350084835E-001
    0.205520000000E+005    0.614859845178E-001
    0.206020000000E+005    0.617372674911E-001
    0.206520000000E+005    0.619888563102E-001
    0.207020000000E+005    0.622407498841E-001
    0.207520000000E+005    0.624929471238E-001
    0.208020000000E+005    0.627454469425E-001
    0.208520000000E+005    0.629982482554E-001
    0.209020000000E+005    0.632513499797E-001
    0.209520000000E+005    0.635047510347E-001
    0.210020000000E+005    0.637584503419E-001
    0.210520000000E+005    0.640124468247E-001
    0.211020000000E+005    0.642667394087E-001
    0.211520000000E+005    0.645213270214E-001
    0.212020000000E+005    0.647762085924E-001
    0.212520000000E+005    0.650313830533E-001
    0.213020000000E+005    0.652868493380E-001
    0.213520000000E+005    0.655426063820E-001
    0.214020000000E+005    0.657986531232E-001
    0.214520000000E+005    0.660549885013E-001
    0.215020000000E+005    0.663116114581E-001
    0.215520000000E+005    0.665685209374E-001
    0.216020000000E+005    0.668257158850E-001
    0.216520000000E+005    0.670831952488E-001
    0.217020000000E+005    0.673409579786E-001
    0.217520000000E+005    0.675990030262E-001
    0.218020000000E+005    0.678573293454E-001
    0.218520000000E+005    0.681159358921E-001
    0.219020000000E+005    0.683748216240E-001
    0.219520000000E+005    0.686339855008E-001
    0.220020000000E+005    0.688934264845E-001
    0.220520000000E+005    0.691531435385E-001
    0.221020000000E+005    0.694131356288E-001
    0.221520000000E+005    0.696734017228E-001
    0.222020000000E+005    0.699339407903E-001
    0.222520000000E+005    0.701947518028E-001
    0.223020000000E+005    0.704558337338E-001
    0.223520000000E+005    0.707171855587E-001
    0.224020000000E+005    0.709788062550E-001
    0.224520000000E+005    0.712406948021E-001
    0.225020000000E+005    0.715028501811E-001
    0.225520000000E+005    0.717652713754E-001
    0.226020000000E+005    0.720279573701E-001
    0.226520000000E+005    0.722909071522E-001
    0.227020000000E+005    0.725541197108E-001
    0.227520000000E+005    0.728175940366E-001
    0.228020000000E+005    0.730813291226E-001
    0.228520000000E+005    0.733453239635E-001
    0.229020000000E+005    0.736095775558E-001
    0.229520000000E+005    0.738740888980E-001
    0.230020000000E+005    0.741388569907E-001
    0.230520000000E+005    0.744038808362E-001
    0.231020000000E+005    0.746691594385E-001
    0.231520000000E+005    0.749346918037E-001
    0.232020000000E+005    0.752004769400E-001
    0.232520000000E+005    0.754665138570E-001
    0.233020000000E+005    0.757328015664E-001
    0.233520000000E+005    0.759993390819E-001
    0.234020000000E+005    0.762661254189E-001
    0.234520000000E+005    0.765331595947E-001
    0.235020000000E+005    0.768004406284E-001
    0.235520000000E+005    0.770679675411E-001
    0.236020000000E+005    0.773357393555E-001
    0.236520000000E+005    0.776037550965E-001
    0.237020000000E+005    0.778720137905E-001
    0.237520000000E+005    0.781405144659E-001
    0.238020000000E+005    0.784092561530E-001
    0.238520000000E+005    0.786782378837E-001
    0.239020000000E+005    0.789474586921E-001
    0.239520000000E+005    0.792169176137E-001
    0.240020000000E+005    0.794866136860E-001
    0.240520000000E+005    0.797565459485E-001
    0.241020000000E+005    0.800267134422E-001
    0.241520000000E+005    0.802971152101E-001
    0.242020000000E+005    0.805677502970E-001
    0.242520000000E+005    0.808386177494E-001
    0.243020000000E+005    0.811097166157E-001
    0.243520000000E+005    0.813810459460E-001
    0.244020000000E+005    0.816526047923E-001
    0.244520000000E+005    0.819243922083E-001
    0.245020000000E+005    0.821964072495E-001
    0.245520000000E+005    0.824686489732E-001
    0.246020000000E+005    0.827411164384E-001
    0.246520000000E+005    0.830138087061E-001
    0.247020000000E+005    0.832867248388E-001
    0.247520000000E+005    0.835598639009E-001
    0.248020000000E+005    0.838332249586E-001
    0.248520000000E+005    0.841068070797E-001
    0.249020000000E+005    0.843806093339E-001
    0.249520000000E+005    0.846546307926E-001
    0.250020000000E+005    0.849288705289E-001
    0.250520000000E+005    0.852033276178E-001
    0.251020000000E+005    0.854780011359E-001
    0.251520000000E+005    0.857528901616E-001
    0.252020000000E+005    0.860279937749E-001
    0.252520000000E+005    0.863033110578E-001
    0.253020000000E+005    0.865788410938E-001
    0.253520000000E+005    0.868545829682E-001
    0.254020000000E+005    0.871305357681E-001
    0.254520000000E+005    0.874066985821E-001
    0.255020000000E+005    0.876830705007E-001
    0.255520000000E+005    0.879596506161E-001
    0.256020000000E+005    0.882364380221E-001
    0.256520000000E+005    0.885134318144E-001
    0.257020000000E+005    0.887906310903E-001
    0.257520000000E+005    0.890680349486E-001
    0.258020000000E+005    0.893456424900E-001
    0.258520000000E+005    0.896234528171E-001
    0.259020000000E+005    0.899014650336E-001
    0.259520000000E+005    0.901796782455E-001
    0.260020000000E+005    0.904580915602E-001
    0.260520000000E+005    0.907367040867E-001
    0.261020000000E+005    0.910155149358E-001
    0.261520000000E+005    0.912945232200E-001
    0.262020000000E+005    0.915737280533E-001
    0.262520000000E+005    0.918531285516E-001
    0.263020000000E+005    0.921327238323E-001
    0.263520000000E+005    0.924125130145E-001
    0.264020000000E+005    0.926924952190E-001
    0.264520000000E+005    0.929726695681E-001
    0.265020000000E+005    0.932530351860E-001
    0.265520000000E+005    0.935335911984E-001
    0.266020000000E+005    0.938143367325E-001
    0.266520000000E+005    0.940952709175E-001
    0.267020000000E+005    0.943763928839E-001
    0.267520000000E+005    0.946577017640E-001
    0.268020000000E+005    0.949391966917E-001
    0.268520000000E+005    0.952208768026E-001
    0.269020000000E+005    0.955027412337E-001
    0.269520000000E+005    0.957847891239E-001
    0.270020000000E+005    0.960670196135E-001
    0.270520000000E+005    0.963494318446E-001
    0.271020000000E+005    0.966320249608E-001
    0.271520000000E+005    0.969147981073E-001
    0.272020000000E+005    0.971977504310E-001
    0.272520000000E+005    0.974808810803E-001
    0.273020000000E+005    0.977641892053E-001
    0.273520000000E+005    0.980476739575E-001
    0.274020000000E+005    0.983313344903E-001
    0.274520000000E+005    0.986151699584E-001
    0.275020000000E+005    0.988991795184E-001
    0.275520000000E+005    0.991833623281E-001
    0.276020000000E+005    0.994677175472E-001
    0.276520000000E+005    0.997522443369E-001
    0.277020000000E+005    0.100036941860E+000
    0.277520000000E+005    0.100321809280E+000
    0.278020000000E+005    0.100606845765E+000
    0.278520000000E+005    0.100892050480E+000
    0.279020000000E+005    0.101177422595E+000
    0.279520000000E+005    0.101462961280E+000
    0.280020000000E+005    0.101748665709E+000
    0.280520000000E+005    0.102034535054E+000
    0.281020000000E+005    0.102320568490E+000
    0.281520000000E+005    0.102606765196E+000
    0.282020000000E+005    0.102893124348E+000
    0.282520000000E+005    0.103179645127E+000
    0.283020000000E+005    0.103466326714E+000
    0.283520000000E+005    0.103753168292E+000
    0.284020000000E+005    0.104040169046E+000
    0.284520000000E+005    0.104327328162E+000
    0.285020000000E+005    0.104614644827E+000
    0.285520000000E+005    0.104902118231E+000
    0.286020000000E+005    0.105189747565E+000
    0.286520000000E+005    0.105477532019E+000
    0.287020000000E+005    0.105765470789E+000
    0.287520000000E+005    0.106053563068E+000
    0.288020000000E+005    0.106341808055E+000
    0.288520000000E+005    0.106630204947E+000
    0.289020000000E+005    0.106918752944E+000
    0.289520000000E+005    0.107207451247E+000
    0.290020000000E+005    0.107496299060E+000
    0.290520000000E+005    0.107785295585E+000
    0.291020000000E+005    0.108074440029E+000
    0.291520000000E+005    0.108363731600E+000
    0.292020000000E+005    0.108653169506E+000
    0.292520000000E+005    0.108942752957E+000
    0.293020000000E+005    0.109232481164E+000
    0.293520000000E+005    0.109522353342E+000
    0.294020000000E+005    0.109812368705E+000
    0.294520000000E+005    0.110102526469E+000
    0.295020000000E+005    0.110392825851E+000
    0.295520000000E+005    0.110683266071E+000
    0.296020000000E+005    0.110973846350E+000
    0.296520000000E+005    0.111264565909E+000
    0.297020000000E+005    0.111555423972E+000
    0.297520000000E+005    0.111846419763E+000
    0.298020000000E+005    0.112137552511E+000
    0.298520000000E+005    0.112428821441E+000
    0.299020000000E+005    0.112720225784E+000
    0.299520000000E+005    0.113011764771E+000
    0.300020000000E+005    0.113303437633E+000
    0.300520000000E+005    0.113595243605E+000
    0.301020000000E+005    0.113887181921E+000
    0.301520000000E+005    0.114179251819E+000
    0.302020000000E+005    0.114471452536E+000
    0.302520000000E+005    0.114763783312E+000
    0.303020000000E+005    0.115056243387E+000
    0.303520000000E+005    0.115348832004E+000
    0.304020000000E+005    0.115641548408E+000
    0.304520000000E+005    0.115934391842E+000
    0.305020000000E+005    0.116227361554E+000
    0.305520000000E+005    0.116520456791E+000
    0.306020000000E+005    0.116813676804E+000
    0.306520000000E+005    0.117107020843E+000
    0.307020000000E+005    0.117400488160E+000
    0.307520000000E+005    0.117694078009E+000
    0.308020000000E+005    0.117987789646E+000
    0.308520000000E+005    0.118281622326E+000
    0.309020000000E+005    0.118575575308E+000
    0.309520000000E+005    0.118869647851E+000
    0.310020000000E+005    0.119163839216E+000
    0.310520000000E+005    0.119458148665E+000
    0.311020000000E+005    0.119752575461E+000
    0.311520000000E+005    0.120047118870E+000
    0.312020000000E+005    0.120341778157E+000
    0.312520000000E+005    0.120636552591E+000
    0.313020000000E+005    0.120931441441E+000
    0.313520000000E+005    0.121226443976E+000
    0.314020000000E+005    0.121521559470E+000
    0.314520000000E+005    0.121816787194E+000
    0.315020000000E+005    0.122112126425E+000
    0.315520000000E+005    0.122407576437E+000
    0.316020000000E+005    0.122703136508E+000
    0.316520000000E+005    0.122998805916E+000
    0.317020000000E+005    0.123294583943E+000
    0.317520000000E+005    0.123590469869E+000
    0.318020000000E+005    0.123886462977E+000
    0.318520000000E+005    0.124182562552E+000
    0.319020000000E+005    0.124478767879E+000
    0.319520000000E+005    0.124775078244E+000
    0.320020000000E+005    0.125071492936E+000
    0.320520000000E+005    0.125368011245E+000
    0.321020000000E+005    0.125664632461E+000
    0.321520000000E+005    0.125961355877E+000
    0.322020000000E+005    0.126258180786E+000
    0.322520000000E+005    0.126555106484E+000
    0.323020000000E+005    0.126852132267E+000
    0.323520000000E+005    0.127149257432E+000
    0.324020000000E+005    0.127446481278E+000
    0.324520000000E+005    0.127743803105E+000
    0.325020000000E+005    0.128041222216E+000
    0.325520000000E+005    0.128338737913E+000
    0.326020000000E+005    0.128636349501E+000
    0.326520000000E+005    0.128934056284E+000
    0.327020000000E+005    0.129231857571E+000
    0.327520000000E+005    0.129529752668E+000
    0.328020000000E+005    0.129827740887E+000
    0.328520000000E+005    0.130125821537E+000
    0.329020000000E+005    0.130423993931E+000
    0.329520000000E+005    0.130722257382E+000
    0.330020000000E+005    0.131020611205E+000
    0.330520000000E+005    0.131319054716E+000
    0.331020000000E+005    0.131617587233E+000
    0.331520000000E+005    0.131916208074E+000
    0.332020000000E+005    0.132214916559E+000
    0.332520000000E+005    0.132513712010E+000
    0.333020000000E+005    0.132812593749E+000
    0.333520000000E+005    0.133111561100E+000
    0.334020000000E+005    0.133410613388E+000
    0.334520000000E+005    0.133709749940E+000
    0.335020000000E+005    0.134008970082E+000
    0.335520000000E+005    0.134308273146E+000
    0.336020000000E+005    0.134607658459E+000
    0.336520000000E+005    0.134907125355E+000
    0.337020000000E+005    0.135206673166E+000
    0.337520000000E+005    0.135506301226E+000
    0.338020000000E+005    0.135806008871E+000
    0.338520000000E+005    0.136105795436E+000
    0.339020000000E+005    0.136405660261E+000
    0.339520000000E+005    0.136705602684E+000
    0.340020000000E+005    0.137005622046E+000
    0.340520000000E+005    0.137305717688E+000
    0.341020000000E+005    0.137605888953E+000
    0.341520000000E+005    0.137906135186E+000
    0.342020000000E+005    0.138206455732E+000
    0.342520000000E+005    0.138506849938E+000
    0.343020000000E+005    0.138807317152E+000
    0.343520000000E+005    0.139107856722E+000
    0.344020000000E+005    0.139408468000E+000
    0.344520000000E+005    0.139709150337E+000
    0.345020000000E+005    0.140009903087E+000
    0.345520000000E+005    0.140310725602E+000
    0.346020000000E+005    0.140611617239E+000
    0.346520000000E+005    0.140912577355E+000
    0.347020000000E+005    0.141213605307E+000
    0.347520000000E+005    0.141514700454E+000
    0.348020000000E+005    0.141815862157E+000
    0.348520000000E+005    0.142117089777E+000
    0.349020000000E+005    0.142418382677E+000
    0.349520000000E+005    0.142719740222E+000
    0.350020000000E+005    0.143021161776E+000
    0.350520000000E+005    0.143322646705E+000
    0.351020000000E+005    0.143624194378E+000
    0.351520000000E+005    0.143925804164E+000
    0.352020000000E+005    0.144227475432E+000
    0.352520000000E+005    0.144529207554E+000
    0.353020000000E+005    0.144830999902E+000
    0.353520000000E+005    0.145132851851E+000
    0.354020000000E+005    0.145434762774E+000
    0.354520000000E+005    0.145736732048E+000
    0.355020000000E+005    0.146038759051E+000
    0.355520000000E+005    0.146340843161E+000
    0.356020000000E+005    0.146642983758E+000
    0.356520000000E+005    0.146945180223E+000
    0.357020000000E+005    0.147247431937E+000
    0.357520000000E+005    0.147549738284E+000
    0.358020000000E+005    0.147852098649E+000
    0.358520000000E+005    0.148154512417E+000
    0.359020000000E+005    0.148456978975E+000
    0.359520000000E+005    0.148759497711E+000
    0.360020000000E+005    0.149062068015E+000
    0.360520000000E+005    0.149364689276E+000
    0.361020000000E+005    0.149667360887E+000
    0.361520000000E+005    0.149970082240E+000
    0.362020000000E+005    0.150272852728E+000
    0.362520000000E+005    0.150575671748E+000
    0.363020000000E+005    0.150878538696E+000
    0.363520000000E+005    0.151181452968E+000
    0.364020000000E+005    0.151484413963E+000
    0.364520000000E+005    0.151787421082E+000
    0.365020000000E+005    0.152090473725E+000
    0.365520000000E+005    0.152393571294E+000
    0.366020000000E+005    0.152696713192E+000
    0.366520000000E+005    0.152999898824E+000
    0.367020000000E+005    0.153303127595E+000
    0.367520000000E+005    0.153606398913E+000
    0.368020000000E+005    0.153909712184E+000
    0.368520000000E+005    0.154213066818E+000
    0.369020000000E+005    0.154516462224E+000
    0.369520000000E+005    0.154819897815E+000
    0.370020000000E+005    0.155123373003E+000
    0.370520000000E+005    0.155426887201E+000
    0.371020000000E+005    0.155730439824E+000
    0.371520000000E+005    0.156034030287E+000
    0.372020000000E+005    0.156337658008E+000
    0.372520000000E+005    0.156641322405E+000
    0.373020000000E+005    0.156945022897E+000
    0.373520000000E+005    0.157248758904E+000
    0.374020000000E+005    0.157552529848E+000
    0.374520000000E+005    0.157856335152E+000
    0.375020000000E+005    0.158160174238E+000
    0.375520000000E+005    0.158464046533E+000
    0.376020000000E+005    0.158767951461E+000
    0.376520000000E+005    0.159071888451E+000
    0.377020000000E+005    0.159375856930E+000
    0.377520000000E+005    0.159679856327E+000
    0.378020000000E+005    0.159983886074E+000
    0.378520000000E+005    0.160287945601E+000
    0.379020000000E+005    0.160592034341E+000
    0.379520000000E+005    0.160896151728E+000
    0.380020000000E+005    0.161200297197E+000
    0.380520000000E+005    0.161504470184E+000
    0.381020000000E+005    0.161808670125E+000
    0.381520000000E+005    0.162112896460E+000
    0.382020000000E+005    0.162417148626E+000
    0.382520000000E+005    0.162721426065E+000
    0.383020000000E+005    0.163025728219E+000
    0.383520000000E+005    0.163330054528E+000
    0.384020000000E+005    0.163634404438E+000
    0.384520000000E+005    0.163938777393E+000
    0.385020000000E+005    0.164243172839E+000
    0.385520000000E+005    0.164547590222E+000
    0.386020000000E+005    0.164852028990E+000
    0.386520000000E+005    0.165156488594E+000
    0.387020000000E+005    0.165460968482E+000
    0.387520000000E+005    0.165765468106E+000
    0.388020000000E+005    0.166069986918E+000
    0.388520000000E+005    0.166374524372E+000
    0.389020000000E+005    0.166679079921E+000
    0.389520000000E+005    0.166983653022E+000
    0.390020000000E+005    0.167288243132E+000
    0.390520000000E+005    0.167592849707E+000
    0.391020000000E+005    0.167897472206E+000
    0.391520000000E+005    0.168202110090E+000
    0.392020000000E+005    0.168506762819E+000
    0.392520000000E+005    0.168811429854E+000
    0.393020000000E+005    0.169116110660E+000
    0.393520000000E+005    0.169420804699E+000
    0.394020000000E+005    0.169725511438E+000
    0.394520000000E+005    0.170030230341E+000
    0.395020000000E+005    0.170334960877E+000
    0.395520000000E+005    0.170639702513E+000
    0.396020000000E+005    0.170944454718E+000
    0.396520000000E+005    0.171249216964E+000
    0.397020000000E+005    0.171553988721E+000
    0.397520000000E+005    0.171858769462E+000
    0.398020000000E+005    0.172163558660E+000
    0.398520000000E+005    0.172468355790E+000
    0.399020000000E+005    0.172773160327E+000
    0.399520000000E+005    0.173077971747E+000
    0.400020000000E+005    0.173382789529E+000
    0.400520000000E+005    0.173687613151E+000
    0.401020000000E+005    0.173992442093E+000
    0.401520000000E+005    0.174297275835E+000
    0.402020000000E+005    0.174602113859E+000
    0.402520000000E+005    0.174906955648E+000
    0.403020000000E+005    0.175211800685E+000
    0.403520000000E+005    0.175516648456E+000
    0.404020000000E+005    0.175821498446E+000
    0.404520000000E+005    0.176126350141E+000
    0.405020000000E+005    0.176431203031E+000
    0.405520000000E+005    0.176736056603E+000
    0.406020000000E+005    0.177040910348E+000
    0.406520000000E+005    0.177345763756E+000
    0.407020000000E+005    0.177650616320E+000
    0.407520000000E+005    0.177955467532E+000
    0.408020000000E+005    0.178260316886E+000
    0.408520000000E+005    0.178565163877E+000
    0.409020000000E+005    0.178870008002E+000
    0.409520000000E+005    0.179174848756E+000
    0.410020000000E+005    0.179479685639E+000
    0.410520000000E+005    0.179784518148E+000
    0.411020000000E+005    0.180089345784E+000
    0.411520000000E+005    0.180394168048E+000
    0.412020000000E+005    0.180698984441E+000
    0.412520000000E+005    0.181003794468E+000
    0.413020000000E+005    0.181308597630E+000
    0.413520000000E+005    0.181613393435E+000
    0.414020000000E+005    0.181918181386E+000
    0.414520000000E+005    0.182222960992E+000
    0.415020000000E+005    0.182527731760E+000
    0.415520000000E+005    0.182832493199E+000
    0.416020000000E+005    0.183137244819E+000
    0.416520000000E+005    0.183441986131E+000
    0.417020000000E+005    0.183746716646E+000
    0.417520000000E+005    0.184051435877E+000
    0.418020000000E+005    0.184356143339E+000
    0.418520000000E+005    0.184660838545E+000
    0.419020000000E+005    0.184965521011E+000
    0.419520000000E+005    0.185270190255E+000
    0.420020000000E+005    0.185574845793E+000
    0.420520000000E+005    0.185879487145E+000
    0.421020000000E+005    0.186184113830E+000
    0.421520000000E+005    0.186488725368E+000
    0.422020000000E+005    0.186793321282E+000
    0.422520000000E+005    0.187097901093E+000
    0.423020000000E+005    0.187402464325E+000
    0.423520000000E+005    0.187707010502E+000
    0.424020000000E+005    0.188011539150E+000
    0.424520000000E+005    0.188316049795E+000
    0.425020000000E+005    0.188620541964E+000
    0.425520000000E+005    0.188925015186E+000
    0.426020000000E+005    0.189229468990E+000
    0.426520000000E+005    0.189533902905E+000
    0.427020000000E+005    0.189838316464E+000
    0.427520000000E+005    0.190142709197E+000
    0.428020000000E+005    0.190447080638E+000
    0.428520000000E+005    0.190751430321E+000
    0.429020000000E+005    0.191055757781E+000
    0.429520000000E+005    0.191360062553E+000
    0.430020000000E+005    0.191664344174E+000
    0.430520000000E+005    0.191968602182E+000
    0.431020000000E+005    0.192272836116E+000
    0.431520000000E+005    0.192577045514E+000
    0.432020000000E+005    0.192881229918E+000
    0.432520000000E+005    0.193185388869E+000
    0.433020000000E+005    0.193489521910E+000
    0.433520000000E+005    0.193793628583E+000
    0.434020000000E+005    0.194097708432E+000
    0.434520000000E+005    0.194401761004E+000
    0.435020000000E+005    0.194705785843E+000
    0.435520000000E+005    0.195009782497E+000
    0.436020000000E+005    0.195313750514E+000
    0.436520000000E+005    0.195617689443E+000
    0.437020000000E+005    0.195921598833E+000
    0.437520000000E+005    0.196225478235E+000
    0.438020000000E+005    0.196529327200E+000
    0.438520000000E+005    0.196833145282E+000
    0.439020000000E+005    0.197136932033E+000
    0.439520000000E+005    0.197440687008E+000
    0.440020000000E+005    0.197744409762E+000
    0.440520000000E+005    0.198048099851E+000
    0.441020000000E+005    0.198351756832E+000
    0.441520000000E+005    0.198655380264E+000
    0.442020000000E+005    0.198958969704E+000
    0.442520000000E+005    0.199262524713E+000
    0.443020000000E+005    0.199566044852E+000
    0.443520000000E+005    0.199869529681E+000
    0.444020000000E+005    0.200172978764E+000
    0.444520000000E+005    0.200476391663E+000
    0.445020000000E+005    0.200779767944E+000
    0.445520000000E+005    0.201083107171E+000
    0.446020000000E+005    0.201386408910E+000
    0.446520000000E+005    0.201689672728E+000
    0.447020000000E+005    0.201992898193E+000
    0.447520000000E+005    0.202296084874E+000
    0.448020000000E+005    0.202599232339E+000
    0.448520000000E+005    0.202902340161E+000
    0.449020000000E+005    0.203205407910E+000
    0.449520000000E+005    0.203508435158E+000
    0.450020000000E+005    0.203811421479E+000
    0.450520000000E+005    0.204114366446E+000
    0.451020000000E+005    0.204417269634E+000
    0.451520000000E+005    0.204720130620E+000
    0.452020000000E+005    0.205022948980E+000
    0.452520000000E+005    0.205325724291E+000
    0.453020000000E+005    0.205628456131E+000
    0.453520000000E+005    0.205931144081E+000
    0.454020000000E+005    0.206233787720E+000
    0.454520000000E+005    0.206536386629E+000
    0.455020000000E+005    0.206838940390E+000
    0.455520000000E+005    0.207141448586E+000
    0.456020000000E+005    0.207443910800E+000
    0.456520000000E+005    0.207746326617E+000
    0.457020000000E+005    0.208048695623E+000
    0.457520000000E+005    0.208351017403E+000
    0.458020000000E+005    0.208653291544E+000
    0.458520000000E+005    0.208955517635E+000
    0.459020000000E+005    0.209257695264E+000
    0.459520000000E+005    0.209559824020E+000
    0.460020000000E+005    0.209861903496E+000
    0.460520000000E+005    0.210163933280E+000
    0.461020000000E+005    0.210465912967E+000
    0.461520000000E+005    0.210767842148E+000
    0.462020000000E+005    0.211069720419E+000
    0.462520000000E+005    0.211371547373E+000
    0.463020000000E+005    0.211673322606E+000
    0.463520000000E+005    0.211975045714E+000
    0.464020000000E+005    0.212276716295E+000
    0.464520000000E+005    0.212578333948E+000
    0.465020000000E+005    0.212879898270E+000
    0.465520000000E+005    0.213181408862E+000
    0.466020000000E+005    0.213482865324E+000
    0.466520000000E+005    0.213784267258E+000
    0.467020000000E+005    0.214085614267E+000
    0.467520000000E+005    0.214386905952E+000
    0.468020000000E+005    0.214688141919E+000
    0.468520000000E+005    0.214989321772E+000
    0.469020000000E+005    0.215290445117E+000
    0.469520000000E+005    0.215591511560E+000
    0.470020000000E+005    0.215892520709E+000
    0.470520000000E+005    0.216193472171E+000
    0.471020000000E+005    0.216494365556E+000
    0.471520000000E+005    0.216795200473E+000
    0.472020000000E+005    0.217095976533E+000
    0.472520000000E+005    0.217396693348E+000
    0.473020000000E+005    0.217697350529E+000
    0.473520000000E+005    0.217997947690E+000
    0.474020000000E+005    0.218298484445E+000
    0.474520000000E+005    0.218598960408E+000
    0.475020000000E+005    0.218899375195E+000
    0.475520000000E+005    0.219199728422E+000
    0.476020000000E+005    0.219500019707E+000
    0.476520000000E+005    0.219800248666E+000
    0.477020000000E+005    0.220100414920E+000
    0.477520000000E+005    0.220400518088E+000
    0.478020000000E+005    0.220700557789E+000
    0.478520000000E+005    0.221000533646E+000
    0.479020000000E+005    0.221300445279E+000
    0.479520000000E+005    0.221600292313E+000
    0.480020000000E+005    0.221900074370E+000
    0.480520000000E+005    0.222199791076E+000
    0.481020000000E+005    0.222499442054E+000
    0.481520000000E+005    0.222799026932E+000
    0.482020000000E+005    0.223098545335E+000
    0.482520000000E+005    0.223397996892E+000
    0.483020000000E+005    0.223697381232E+000
    0.483520000000E+005    0.223996697982E+000
    0.484020000000E+005    0.224295946773E+000
    0.484520000000E+005    0.224595127237E+000
    0.485020000000E+005    0.224894239003E+000
    0.485520000000E+005    0.225193281706E+000
    0.486020000000E+005    0.225492254978E+000
    0.486520000000E+005    0.225791158452E+000
    0.487020000000E+005    0.226089991764E+000
    0.487520000000E+005    0.226388754549E+000
    0.488020000000E+005    0.226687446443E+000
    0.488520000000E+005    0.226986067084E+000
    0.489020000000E+005    0.227284616109E+000
    0.489520000000E+005    0.227583093157E+000
    0.490020000000E+005    0.227881497867E+000
    0.490520000000E+005    0.228179829879E+000
    0.491020000000E+005    0.228478088835E+000
    0.491520000000E+005    0.228776274376E+000
    0.492020000000E+005    0.229074386144E+000
    0.492520000000E+005    0.229372423783E+000
    0.493020000000E+005    0.229670386937E+000
    0.493520000000E+005    0.229968275251E+000
    0.494020000000E+005    0.230266088370E+000
    0.494520000000E+005    0.230563825941E+000
    0.495020000000E+005    0.230861487610E+000
    0.495520000000E+005    0.231159073026E+000
    0.496020000000E+005    0.231456581837E+000
    0.496520000000E+005    0.231754013693E+000
    0.497020000000E+005    0.232051368243E+000
    0.497520000000E+005    0.232348645139E+000
    0.498020000000E+005    0.232645844033E+000
    0.498520000000E+005    0.232942964576E+000
    0.499020000000E+005    0.233240006422E+000
    0.499520000000E+005    0.233536969225E+000
    0.500020000000E+005    0.233833852640E+000
    0.500520000000E+005    0.234130656322E+000
    0.501020000000E+005    0.234427379927E+000
    0.501520000000E+005    0.234724023112E+000
    0.502020000000E+005    0.235020585536E+000
    0.502520000000E+005    0.235317066855E+000
    0.503020000000E+005    0.235613466731E+000
    0.503520000000E+005    0.235909784822E+000
    0.504020000000E+005    0.236206020789E+000
    0.504520000000E+005    0.236502174293E+000
    0.505020000000E+005    0.236798244998E+000
    0.505520000000E+005    0.237094232565E+000
    0.506020000000E+005    0.237390136659E+000
    0.506520000000E+005    0.237685956944E+000
    0.507020000000E+005    0.237981693084E+000
    0.507520000000E+005    0.238277344747E+000
    0.508020000000E+005    0.238572911598E+000
    0.508520000000E+005    0.238868393304E+000
    0.509020000000E+005    0.239163789535E+000
    0.509520000000E+005    0.239459099958E+000
    0.510020000000E+005    0.239754324243E+000
    0.510520000000E+005    0.240049462061E+000
    0.511020000000E+005    0.240344513083E+000
    0.511520000000E+005    0.240639476979E+000
    0.512020000000E+005    0.240934353423E+000
    0.512520000000E+005    0.241229142088E+000
    0.513020000000E+005    0.241523842648E+000
    0.513520000000E+005    0.241818454777E+000
    0.514020000000E+005    0.242112978150E+000
    0.514520000000E+005    0.242407412445E+000
    0.515020000000E+005    0.242701757337E+000
    0.515520000000E+005    0.242996012504E+000
    0.516020000000E+005    0.243290177624E+000
    0.516520000000E+005    0.243584252377E+000
    0.517020000000E+005    0.243878236441E+000
    0.517520000000E+005    0.244172129497E+000
    0.518020000000E+005    0.244465931227E+000
    0.518520000000E+005    0.244759641312E+000
    0.519020000000E+005    0.245053259434E+000
    0.519520000000E+005    0.245346785278E+000
    0.520020000000E+005    0.245640218526E+000
    0.520520000000E+005    0.245933558863E+000
    0.521020000000E+005    0.246226805975E+000
    0.521520000000E+005    0.246519959548E+000
    0.522020000000E+005    0.246813019268E+000
    0.522520000000E+005    0.247105984823E+000
    0.523020000000E+005    0.247398855901E+000
    0.523520000000E+005    0.247691632191E+000
    0.524020000000E+005    0.247984313383E+000
    0.524520000000E+005    0.248276899166E+000
    0.525020000000E+005    0.248569389232E+000
    0.525520000000E+005    0.248861783272E+000
    0.526020000000E+005    0.249154080979E+000
    0.526520000000E+005    0.249446282045E+000
    0.527020000000E+005    0.249738386165E+000
    0.527520000000E+005    0.250030393032E+000
    0.528020000000E+005    0.250322302343E+000
    0.528520000000E+005    0.250614113792E+000
    0.529020000000E+005    0.250905827076E+000
    0.529520000000E+005    0.251197441893E+000
    0.530020000000E+005    0.251488957940E+000
    0.530520000000E+005    0.251780374916E+000
    0.531020000000E+005    0.252071692519E+000
    0.531520000000E+005    0.252362910451E+000
    0.532020000000E+005    0.252654028411E+000
    0.532520000000E+005    0.252945046101E+000
    0.533020000000E+005    0.253235963223E+000
    0.533520000000E+005    0.253526779479E+000
    0.534020000000E+005    0.253817494573E+000
    0.534520000000E+005    0.254108108209E+000
    0.535020000000E+005    0.254398620090E+000
    0.535520000000E+005    0.254689029924E+000
    0.536020000000E+005    0.254979337416E+000
    0.536520000000E+005    0.255269542271E+000
    0.537020000000E+005    0.255559644199E+000
    0.537520000000E+005    0.255849642907E+000
    0.538020000000E+005    0.256139538103E+000
    0.538520000000E+005    0.256429329497E+000
    0.539020000000E+005    0.256719016799E+000
    0.539520000000E+005    0.257008599719E+000
    0.540020000000E+005    0.257298077970E+000
    0.540520000000E+005    0.257587451263E+000
    0.541020000000E+005    0.257876719311E+000
    0.541520000000E+005    0.258165881826E+000
    0.542020000000E+005    0.258454938525E+000
    0.542520000000E+005    0.258743889119E+000
    0.543020000000E+005    0.259032733327E+000
    0.543520000000E+005    0.259321470862E+000
    0.544020000000E+005    0.259610101443E+000
    0.544520000000E+005    0.259898624785E+000
    0.545020000000E+005    0.260187040608E+000
    0.545520000000E+005    0.260475348630E+000
    0.546020000000E+005    0.260763548570E+000
    0.546520000000E+005    0.261051640147E+000
    0.547020000000E+005    0.261339623084E+000
    0.547520000000E+005    0.261627497101E+000
    0.548020000000E+005    0.261915261919E+000
    0.548520000000E+005    0.262202917262E+000
    0.549020000000E+005    0.262490462852E+000
    0.549520000000E+005    0.262777898413E+000
    0.550020000000E+005    0.263065223671E+000
    0.550520000000E+005    0.263352438349E+000
    0.551020000000E+005    0.263639542174E+000
    0.551520000000E+005    0.263926534873E+000
    0.552020000000E+005    0.264213416171E+000
    0.552520000000E+005    0.264500185798E+000
    0.553020000000E+005    0.264786843480E+000
    0.553520000000E+005    0.265073388948E+000
    0.554020000000E+005    0.265359821930E+000
    0.554520000000E+005    0.265646142158E+000
    0.555020000000E+005    0.265932349361E+000
    0.555520000000E+005    0.266218443272E+000
    0.556020000000E+005    0.266504423623E+000
    0.556520000000E+005    0.266790290146E+000
    0.557020000000E+005    0.267076042574E+000
    0.557520000000E+005    0.267361680643E+000
    0.558020000000E+005    0.267647204086E+000
    0.558520000000E+005    0.267932612638E+000
    0.559020000000E+005    0.268217906037E+000
    0.559520000000E+005    0.268503084017E+000
    0.560020000000E+005    0.268788146317E+000
    0.560520000000E+005    0.269073092675E+000
    0.561020000000E+005    0.269357922828E+000
    0.561520000000E+005    0.269642636515E+000
    0.562020000000E+005    0.269927233478E+000
    0.562520000000E+005    0.270211713454E+000
    0.563020000000E+005    0.270496076187E+000
    0.563520000000E+005    0.270780321416E+000
    0.564020000000E+005    0.271064448885E+000
    0.564520000000E+005    0.271348458336E+000
    0.565020000000E+005    0.271632349513E+000
    0.565520000000E+005    0.271916122158E+000
    0.566020000000E+005    0.272199776018E+000
    0.566520000000E+005    0.272483310837E+000
    0.567020000000E+005    0.272766726362E+000
    0.567520000000E+005    0.273050022337E+000
    0.568020000000E+005    0.273333198512E+000
    0.568520000000E+005    0.273616254633E+000
    0.569020000000E+005    0.273899190448E+000
    0.569520000000E+005    0.274182005707E+000
    0.570020000000E+005    0.274464700159E+000
    0.570520000000E+005    0.274747273554E+000
    0.571020000000E+005    0.275029725643E+000
    0.571520000000E+005    0.275312056176E+000
    0.572020000000E+005    0.275594264907E+000
    0.572520000000E+005    0.275876351587E+000
    0.573020000000E+005    0.276158315970E+000
    0.573520000000E+005    0.276440157810E+000
    0.574020000000E+005    0.276721876860E+000
    0.574520000000E+005    0.277003472875E+000
    0.575020000000E+005    0.277284945612E+000
    0.575520000000E+005    0.277566294825E+000
    0.576020000000E+005    0.277847520273E+000
    0.576520000000E+005    0.278128621712E+000
    0.577020000000E+005    0.278409598900E+000
    0.577520000000E+005    0.278690451595E+000
    0.578020000000E+005    0.278971179557E+000
    0.578520000000E+005    0.279251782545E+000
    0.579020000000E+005    0.279532260320E+000
    0.579520000000E+005    0.279812612642E+000
    0.580020000000E+005    0.280092839274E+000
    0.580520000000E+005    0.280372939975E+000
    0.581020000000E+005    0.280652914511E+000
    0.581520000000E+005    0.280932762643E+000
    0.582020000000E+005    0.281212484135E+000
    0.582520000000E+005    0.281492078752E+000
    0.583020000000E+005    0.281771546259E+000
    0.583520000000E+005    0.282050886421E+000
    0.584020000000E+005    0.282330099004E+000
    0.584520000000E+005    0.282609183776E+000
    0.585020000000E+005    0.282888140502E+000
    0.585520000000E+005    0.283166968952E+000
    0.586020000000E+005    0.283445668894E+000
    0.586520000000E+005    0.283724240095E+000
    0.587020000000E+005    0.284002682327E+000
    0.587520000000E+005    0.284280995360E+000
    0.588020000000E+005    0.284559178963E+000
    0.588520000000E+005    0.284837232908E+000
    0.589020000000E+005    0.285115156968E+000
    0.589520000000E+005    0.285392950914E+000
    0.590020000000E+005    0.285670614520E+000
    0.590520000000E+005    0.285948147559E+000
    0.591020000000E+005    0.286225549805E+000
    0.591520000000E+005    0.286502821033E+000
    0.592020000000E+005    0.286779961018E+000
    0.592520000000E+005    0.287056969537E+000
    0.593020000000E+005    0.287333846365E+000
    0.593520000000E+005    0.287610591279E+000
    0.594020000000E+005    0.287887204058E+000
    0.594520000000E+005    0.288163684479E+000
    0.595020000000E+005    0.288440032320E+000
    0.595520000000E+005    0.288716247362E+000
    0.596020000000E+005    0.288992329383E+000
    0.596520000000E+005    0.289268278164E+000
    0.597020000000E+005    0.289544093486E+000
    0.597520000000E+005    0.289819775131E+000
    0.598020000000E+005    0.290095322881E+000
    0.598520000000E+005    0.290370736517E+000
    0.599020000000E+005    0.290646015823E+000
    0.599520000000E+005    0.290921160584E+000
    0.600020000000E+005    0.291196170582E+000
    0.600520000000E+005    0.291471045603E+000
    0.601020000000E+005    0.291745785433E+000
    0.601520000000E+005    0.292020389856E+000
    0.602020000000E+005    0.292294858660E+000
    0.602520000000E+005    0.292569191631E+000
    0.603020000000E+005    0.292843388558E+000
    0.603520000000E+005    0.293117449227E+000
    0.604020000000E+005    0.293391373428E+000
    0.604520000000E+005    0.293665160950E+000
    0.605020000000E+005    0.293938811582E+000
    0.605520000000E+005    0.294212325115E+000
    0.606020000000E+005    0.294485701340E+000
    0.606520000000E+005    0.294758940047E+000
    0.607020000000E+005    0.295032041029E+000
    0.607520000000E+005    0.295305004079E+000
    0.608020000000E+005    0.295577828988E+000
    0.608520000000E+005    0.295850515552E+000
    0.609020000000E+005    0.296123063562E+000
    0.609520000000E+005    0.296395472816E+000
    0.610020000000E+005    0.296667743106E+000
    0.610520000000E+005    0.296939874229E+000
    0.611020000000E+005    0.297211865982E+000
    0.611520000000E+005    0.297483718160E+000
    0.612020000000E+005    0.297755430562E+000
    0.612520000000E+005    0.298027002984E+000
    0.613020000000E+005    0.298298435225E+000
    0.613520000000E+005    0.298569727085E+000
    0.614020000000E+005    0.298840878361E+000
    0.614520000000E+005    0.299111888855E+000
    0.615020000000E+005    0.299382758367E+000
    0.615520000000E+005    0.299653486697E+000
    0.616020000000E+005    0.299924073647E+000
    0.616520000000E+005    0.300194519019E+000
    0.617020000000E+005    0.300464822616E+000
    0.617520000000E+005    0.300734984241E+000
    0.618020000000E+005    0.301005003696E+000
    0.618520000000E+005    0.301274880787E+000
    0.619020000000E+005    0.301544615318E+000
    0.619520000000E+005    0.301814207093E+000
    0.620020000000E+005    0.302083655920E+000
    0.620520000000E+005    0.302352961603E+000
    0.621020000000E+005    0.302622123949E+000
    0.621520000000E+005    0.302891142767E+000
    0.622020000000E+005    0.303160017862E+000
    0.622520000000E+005    0.303428749044E+000
    0.623020000000E+005    0.303697336122E+000
    0.623520000000E+005    0.303965778904E+000
    0.624020000000E+005    0.304234077201E+000
    0.624520000000E+005    0.304502230823E+000
    0.625020000000E+005    0.304770239579E+000
    0.625520000000E+005    0.305038103283E+000
    0.626020000000E+005    0.305305821746E+000
    0.626520000000E+005    0.305573394779E+000
    0.627020000000E+005    0.305840822196E+000
    0.627520000000E+005    0.306108103810E+000
    0.628020000000E+005    0.306375239435E+000
    0.628520000000E+005    0.306642228886E+000
    0.629020000000E+005    0.306909071977E+000
    0.629520000000E+005    0.307175768523E+000
    0.630020000000E+005    0.307442318341E+000
    0.630520000000E+005    0.307708721246E+000
    0.631020000000E+005    0.307974977057E+000
    0.631520000000E+005    0.308241085589E+000
    0.632020000000E+005    0.308507046661E+000
    0.632520000000E+005    0.308772860092E+000
    0.633020000000E+005    0.309038525699E+000
    0.633520000000E+005    0.309304043304E+000
    0.634020000000E+005    0.309569412724E+000
    0.634520000000E+005    0.309834633782E+000
    0.635020000000E+005    0.310099706297E+000
    0.635520000000E+005    0.310364630091E+000
    0.636020000000E+005    0.310629404986E+000
    0.636520000000E+005    0.310894030805E+000
    0.637020000000E+005    0.311158507369E+000
    0.637520000000E+005    0.311422834503E+000
    0.638020000000E+005    0.311687012030E+000
    0.638520000000E+005    0.311951039774E+000
    0.639020000000E+005    0.312214917561E+000
    0.639520000000E+005    0.312478645215E+000
    0.640020000000E+005    0.312742222563E+000
    0.640520000000E+005    0.313005649431E+000
    0.641020000000E+005    0.313268925644E+000
    0.641520000000E+005    0.313532051032E+000
    0.642020000000E+005    0.313795025421E+000
    0.642520000000E+005    0.314057848639E+000
    0.643020000000E+005    0.314320520516E+000
    0.643520000000E+005    0.314583040880E+000
    0.644020000000E+005    0.314845409561E+000
    0.644520000000E+005    0.315107626390E+000
    0.645020000000E+005    0.315369691196E+000
    0.645520000000E+005    0.315631603812E+000
    0.646020000000E+005    0.315893364068E+000
    0.646520000000E+005    0.316154971796E+000
    0.647020000000E+005    0.316416426830E+000
    0.647520000000E+005    0.316677729002E+000
    0.648020000000E+005    0.316938878145E+000
    0.648520000000E+005    0.317199874094E+000
    0.649020000000E+005    0.317460716684E+000
    0.649520000000E+005    0.317721405748E+000
    0.650020000000E+005    0.317981941122E+000
    0.650520000000E+005    0.318242322643E+000
    0.651020000000E+005    0.318502550146E+000
    0.651520000000E+005    0.318762623468E+000
    0.652020000000E+005    0.319022542447E+000
    0.652520000000E+005    0.319282306921E+000
    0.653020000000E+005    0.319541916727E+000
    0.653520000000E+005    0.319801371704E+000
    0.654020000000E+005    0.320060671691E+000
    0.654520000000E+005    0.320319816529E+000
    0.655020000000E+005    0.320578806057E+000
    0.655520000000E+005    0.320837640115E+000
    0.656020000000E+005    0.321096318545E+000
    0.656520000000E+005    0.321354841188E+000
    0.657020000000E+005    0.321613207886E+000
    0.657520000000E+005    0.321871418481E+000
    0.658020000000E+005    0.322129472817E+000
    0.658520000000E+005    0.322387370736E+000
    0.659020000000E+005    0.322645112083E+000
    0.659520000000E+005    0.322902696701E+000
    0.660020000000E+005    0.323160124435E+000
    0.660520000000E+005    0.323417395131E+000
    0.661020000000E+005    0.323674508634E+000
    0.661520000000E+005    0.323931464791E+000
    0.662020000000E+005    0.324188263447E+000
    0.662520000000E+005    0.324444904449E+000
    0.663020000000E+005    0.324701387646E+000
    0.663520000000E+005    0.324957712884E+000
    0.664020000000E+005    0.325213880013E+000
    0.664520000000E+005    0.325469888881E+000
    0.665020000000E+005    0.325725739338E+000
    0.665520000000E+005    0.325981431232E+000
    0.666020000000E+005    0.326236964415E+000
    0.666520000000E+005    0.326492338737E+000
    0.667020000000E+005    0.326747554048E+000
    0.667520000000E+005    0.327002610201E+000
    0.668020000000E+005    0.327257507047E+000
    0.668520000000E+005    0.327512244438E+000
    0.669020000000E+005    0.327766822228E+000
    0.669520000000E+005    0.328021240270E+000
    0.670020000000E+005    0.328275498418E+000
    0.670520000000E+005    0.328529596525E+000
    0.671020000000E+005    0.328783534446E+000
    0.671520000000E+005    0.329037312037E+000
    0.672020000000E+005    0.329290929152E+000
    0.672520000000E+005    0.329544385649E+000
    0.673020000000E+005    0.329797681382E+000
    0.673520000000E+005    0.330050816210E+000
    0.674020000000E+005    0.330303789988E+000
    0.674520000000E+005    0.330556602576E+000
    0.675020000000E+005    0.330809253830E+000
    0.675520000000E+005    0.331061743611E+000
    0.676020000000E+005    0.331314071776E+000
    0.676520000000E+005    0.331566238184E+000
    0.677020000000E+005    0.331818242697E+000
    0.677520000000E+005    0.332070085174E+000
    0.678020000000E+005    0.332321765477E+000
    0.678520000000E+005    0.332573283465E+000
    0.679020000000E+005    0.332824639001E+000
    0.679520000000E+005    0.333075831947E+000
    0.680020000000E+005    0.333326862165E+000
    0.680520000000E+005    0.333577729519E+000
    0.681020000000E+005    0.333828433871E+000
    0.681520000000E+005    0.334078975085E+000
    0.682020000000E+005    0.334329353026E+000
    0.682520000000E+005    0.334579567557E+000
    0.683020000000E+005    0.334829618545E+000
    0.683520000000E+005    0.335079505855E+000
    0.684020000000E+005    0.335329229352E+000
    0.684520000000E+005    0.335578788903E+000
    0.685020000000E+005    0.335828184375E+000
    0.685520000000E+005    0.336077415634E+000
    0.686020000000E+005    0.336326482549E+000
    0.686520000000E+005    0.336575384987E+000
    0.687020000000E+005    0.336824122817E+000
    0.687520000000E+005    0.337072695907E+000
    0.688020000000E+005    0.337321104128E+000
    0.688520000000E+005    0.337569347348E+000
    0.689020000000E+005    0.337817425438E+000
    0.689520000000E+005    0.338065338268E+000
    0.690020000000E+005    0.338313085709E+000
    0.690520000000E+005    0.338560667633E+000
    0.691020000000E+005    0.338808083912E+000
    0.691520000000E+005    0.339055334417E+000
    0.692020000000E+005    0.339302419021E+000
    0.692520000000E+005    0.339549337597E+000
    0.693020000000E+005    0.339796090019E+000
    0.693520000000E+005    0.340042676161E+000
    0.694020000000E+005    0.340289095897E+000
    0.694520000000E+005    0.340535349101E+000
    0.695020000000E+005    0.340781435648E+000
    0.695520000000E+005    0.341027355415E+000
    0.696020000000E+005    0.341273108277E+000
    0.696520000000E+005    0.341518694110E+000
    0.697020000000E+005    0.341764112791E+000
    0.697520000000E+005    0.342009364198E+000
    0.698020000000E+005    0.342254448207E+000
    0.698520000000E+005    0.342499364697E+000
    0.699020000000E+005    0.342744113546E+000
    0.699520000000E+005    0.342988694632E+000
    0.700020000000E+005    0.343233107836E+000
    0.700520000000E+005    0.343477353037E+000
    0.701020000000E+005    0.343721430114E+000
    0.701520000000E+005    0.343965338948E+000
    0.702020000000E+005    0.344209079420E+000
    0.702520000000E+005    0.344452651410E+000
    0.703020000000E+005    0.344696054801E+000
    0.703520000000E+005    0.344939289475E+000
    0.704020000000E+005    0.345182355314E+000
    0.704520000000E+005    0.345425252200E+000
    0.705020000000E+005    0.345667980017E+000
    0.705520000000E+005    0.345910538649E+000
    0.706020000000E+005    0.346152927979E+000
    0.706520000000E+005    0.346395147892E+000
    0.707020000000E+005    0.346637198272E+000
    0.707520000000E+005    0.346879079005E+000
    0.708020000000E+005    0.347120789977E+000
    0.708520000000E+005    0.347362331073E+000
    0.709020000000E+005    0.347603702179E+000
    0.709520000000E+005    0.347844903183E+000
    0.710020000000E+005    0.348085933971E+000
    0.710520000000E+005    0.348326794432E+000
    0.711020000000E+005    0.348567484452E+000
    0.711520000000E+005    0.348808003921E+000
    0.712020000000E+005    0.349048352726E+000
    0.712520000000E+005    0.349288530758E+000
    0.713020000000E+005    0.349528537905E+000
    0.713520000000E+005    0.349768374057E+000
    0.714020000000E+005    0.350008039106E+000
    0.714520000000E+005    0.350247532940E+000
    0.715020000000E+005    0.350486855452E+000
    0.715520000000E+005    0.350726006533E+000
    0.716020000000E+005    0.350964986074E+000
    0.716520000000E+005    0.351203793968E+000
    0.717020000000E+005    0.351442430107E+000
    0.717520000000E+005    0.351680894384E+000
    0.718020000000E+005    0.351919186693E+000
    0.718520000000E+005    0.352157306927E+000
    0.719020000000E+005    0.352395254981E+000
    0.719520000000E+005    0.352633030748E+000
    0.720020000000E+005    0.352870634124E+000
    0.720520000000E+005    0.353108065004E+000
    0.721020000000E+005    0.353345323284E+000
    0.721520000000E+005    0.353582408859E+000
    0.722020000000E+005    0.353819321626E+000
    0.722520000000E+005    0.354056061482E+000
    0.723020000000E+005    0.354292628324E+000
    0.723520000000E+005    0.354529022049E+000
    0.724020000000E+005    0.354765242555E+000
    0.724520000000E+005    0.355001289740E+000
    0.725020000000E+005    0.355237163504E+000
    0.725520000000E+005    0.355472863744E+000
    0.726020000000E+005    0.355708390361E+000
    0.726520000000E+005    0.355943743255E+000
    0.727020000000E+005    0.356178922324E+000
    0.727520000000E+005    0.356413927470E+000
    0.728020000000E+005    0.356648758594E+000
    0.728520000000E+005    0.356883415597E+000
    0.729020000000E+005    0.357117898380E+000
    0.729520000000E+005    0.357352206846E+000
    0.730020000000E+005    0.357586340896E+000
    0.730520000000E+005    0.357820300434E+000
    0.731020000000E+005    0.358054085363E+000
    0.731520000000E+005    0.358287695585E+000
    0.732020000000E+005    0.358521131005E+000
    0.732520000000E+005    0.358754391528E+000
    0.733020000000E+005    0.358987477056E+000
    0.733520000000E+005    0.359220387496E+000
    0.734020000000E+005    0.359453122753E+000
    0.734520000000E+005    0.359685682732E+000
    0.735020000000E+005    0.359918067340E+000
    0.735520000000E+005    0.360150276482E+000
    0.736020000000E+005    0.360382310065E+000
    0.736520000000E+005    0.360614167997E+000
    0.737020000000E+005    0.360845850184E+000
    0.737520000000E+005    0.361077356535E+000
    0.738020000000E+005    0.361308686958E+000
    0.738520000000E+005    0.361539841362E+000
    0.739020000000E+005    0.361770819654E+000
    0.739520000000E+005    0.362001621745E+000
    0.740020000000E+005    0.362232247544E+000
    0.740520000000E+005    0.362462696961E+000
    0.741020000000E+005    0.362692969906E+000
    0.741520000000E+005    0.362923066290E+000
    0.742020000000E+005    0.363152986024E+000
    0.742520000000E+005    0.363382729019E+000
    0.743020000000E+005    0.363612295187E+000
    0.743520000000E+005    0.363841684440E+000
    0.744020000000E+005    0.364070896691E+000
    0.744520000000E+005    0.364299931852E+000
    0.745020000000E+005    0.364528789836E+000
    0.745520000000E+005    0.364757470557E+000
    0.746020000000E+005    0.364985973929E+000
    0.746520000000E+005    0.365214299865E+000
    0.747020000000E+005    0.365442448281E+000
    0.747520000000E+005    0.365670419091E+000
    0.748020000000E+005    0.365898212211E+000
    0.748520000000E+005    0.366125827556E+000
    0.749020000000E+005    0.366353265041E+000
    0.749520000000E+005    0.366580524584E+000
    0.750020000000E+005    0.366807606101E+000
    0.750520000000E+005    0.367034509508E+000
    0.751020000000E+005    0.367261234723E+000
    0.751520000000E+005    0.367487781664E+000
    0.752020000000E+005    0.367714150249E+000
    0.752520000000E+005    0.367940340396E+000
    0.753020000000E+005    0.368166352024E+000
    0.753520000000E+005    0.368392185051E+000
    0.754020000000E+005    0.368617839397E+000
    0.754520000000E+005    0.368843314983E+000
    0.755020000000E+005    0.369068611727E+000
    0.755520000000E+005    0.369293729550E+000
    0.756020000000E+005    0.369518668373E+000
    0.756520000000E+005    0.369743428117E+000
    0.757020000000E+005    0.369968008703E+000
    0.757520000000E+005    0.370192410054E+000
    0.758020000000E+005    0.370416632090E+000
    0.758520000000E+005    0.370640674735E+000
    0.759020000000E+005    0.370864537912E+000
    0.759520000000E+005    0.371088221543E+000
    0.760020000000E+005    0.371311725551E+000
    0.760520000000E+005    0.371535049861E+000
    0.761020000000E+005    0.371758194397E+000
    0.761520000000E+005    0.371981159083E+000
    0.762020000000E+005    0.372203943844E+000
    0.762520000000E+005    0.372426548604E+000
    0.763020000000E+005    0.372648973290E+000
    0.763520000000E+005    0.372871217827E+000
    0.764020000000E+005    0.373093282140E+000
    0.764520000000E+005    0.373315166158E+000
    0.765020000000E+005    0.373536869805E+000
    0.765520000000E+005    0.373758393010E+000
    0.766020000000E+005    0.373979735700E+000
    0.766520000000E+005    0.374200897802E+000
    0.767020000000E+005    0.374421879245E+000
    0.767520000000E+005    0.374642679956E+000
    0.768020000000E+005    0.374863299865E+000
    0.768520000000E+005    0.375083738901E+000
    0.769020000000E+005    0.375303996992E+000
    0.769520000000E+005    0.375524074069E+000
    0.770020000000E+005    0.375743970062E+000
    0.770520000000E+005    0.375963684901E+000
    0.771020000000E+005    0.376183218516E+000
    0.771520000000E+005    0.376402570839E+000
    0.772020000000E+005    0.376621741800E+000
    0.772520000000E+005    0.376840731333E+000
    0.773020000000E+005    0.377059539367E+000
    0.773520000000E+005    0.377278165837E+000
    0.774020000000E+005    0.377496610674E+000
    0.774520000000E+005    0.377714873810E+000
    0.775020000000E+005    0.377932955181E+000
    0.775520000000E+005    0.378150854718E+000
    0.776020000000E+005    0.378368572356E+000
    0.776520000000E+005    0.378586108029E+000
    0.777020000000E+005    0.378803461672E+000
    0.777520000000E+005    0.379020633219E+000
    0.778020000000E+005    0.379237622605E+000
    0.778520000000E+005    0.379454429767E+000
    0.779020000000E+005    0.379671054639E+000
    0.779520000000E+005    0.379887497157E+000
    0.780020000000E+005    0.380103757259E+000
    0.780520000000E+005    0.380319834881E+000
    0.781020000000E+005    0.380535729959E+000
    0.781520000000E+005    0.380751442432E+000
    0.782020000000E+005    0.380966972237E+000
    0.782520000000E+005    0.381182319311E+000
    0.783020000000E+005    0.381397483593E+000
    0.783520000000E+005    0.381612465022E+000
    0.784020000000E+005    0.381827263537E+000
    0.784520000000E+005    0.382041879076E+000
    0.785020000000E+005    0.382256311580E+000
    0.785520000000E+005    0.382470560987E+000
    0.786020000000E+005    0.382684627239E+000
    0.786520000000E+005    0.382898510275E+000
    0.787020000000E+005    0.383112210037E+000
    0.787520000000E+005    0.383325726465E+000
    0.788020000000E+005    0.383539059501E+000
    0.788520000000E+005    0.383752209086E+000
    0.789020000000E+005    0.383965175163E+000
    0.789520000000E+005    0.384177957673E+000
    0.790020000000E+005    0.384390556560E+000
    0.790520000000E+005    0.384602971765E+000
    0.791020000000E+005    0.384815203233E+000
    0.791520000000E+005    0.385027250907E+000
    0.792020000000E+005    0.385239114730E+000
    0.792520000000E+005    0.385450794647E+000
    0.793020000000E+005    0.385662290603E+000
    0.793520000000E+005    0.385873602540E+000
    0.794020000000E+005    0.386084730406E+000
    0.794520000000E+005    0.386295674145E+000
    0.795020000000E+005    0.386506433702E+000
    0.795520000000E+005    0.386717009024E+000
    0.796020000000E+005    0.386927400057E+000
    0.796520000000E+005    0.387137606747E+000
    0.797020000000E+005    0.387347629041E+000
    0.797520000000E+005    0.387557466886E+000
    0.798020000000E+005    0.387767120229E+000
    0.798520000000E+005    0.387976589019E+000
    0.799020000000E+005    0.388185873203E+000
    0.799520000000E+005    0.388394972730E+000
    0.800020000000E+005    0.388603887547E+000
    0.800520000000E+005    0.388812617604E+000
    0.801020000000E+005    0.389021162851E+000
    0.801520000000E+005    0.389229523236E+000
    0.802020000000E+005    0.389437698709E+000
    0.802520000000E+005    0.389645689220E+000
    0.803020000000E+005    0.389853494720E+000
    0.803520000000E+005    0.390061115159E+000
    0.804020000000E+005    0.390268550488E+000
    0.804520000000E+005    0.390475800659E+000
    0.805020000000E+005    0.390682865623E+000
    0.805520000000E+005    0.390889745331E+000
    0.806020000000E+005    0.391096439735E+000
    0.806520000000E+005    0.391302948789E+000
    0.807020000000E+005    0.391509272445E+000
    0.807520000000E+005    0.391715410655E+000
    0.808020000000E+005    0.391921363373E+000
    0.808520000000E+005    0.392127130552E+000
    0.809020000000E+005    0.392332712147E+000
    0.809520000000E+005    0.392538108110E+000
    0.810020000000E+005    0.392743318398E+000
    0.810520000000E+005    0.392948342963E+000
    0.811020000000E+005    0.393153181762E+000
    0.811520000000E+005    0.393357834750E+000
    0.812020000000E+005    0.393562301881E+000
    0.812520000000E+005    0.393766583112E+000
    0.813020000000E+005    0.393970678399E+000
    0.813520000000E+005    0.394174587698E+000
    0.814020000000E+005    0.394378310966E+000
    0.814520000000E+005    0.394581848159E+000
    0.815020000000E+005    0.394785199236E+000
    0.815520000000E+005    0.394988364153E+000
    0.816020000000E+005    0.395191342868E+000
    0.816520000000E+005    0.395394135339E+000
    0.817020000000E+005    0.395596741525E+000
    0.817520000000E+005    0.395799161385E+000
    0.818020000000E+005    0.396001394876E+000
    0.818520000000E+005    0.396203441958E+000
    0.819020000000E+005    0.396405302591E+000
    0.819520000000E+005    0.396606976735E+000
    0.820020000000E+005    0.396808464348E+000
    0.820520000000E+005    0.397009765393E+000
    0.821020000000E+005    0.397210879828E+000
    0.821520000000E+005    0.397411807616E+000
    0.822020000000E+005    0.397612548716E+000
    0.822520000000E+005    0.397813103091E+000
    0.823020000000E+005    0.398013470702E+000
    0.823520000000E+005    0.398213651511E+000
    0.824020000000E+005    0.398413645480E+000
    0.824520000000E+005    0.398613452572E+000
    0.825020000000E+005    0.398813072749E+000
    0.825520000000E+005    0.399012505975E+000
    0.826020000000E+005    0.399211752212E+000
    0.826520000000E+005    0.399410811424E+000
    0.827020000000E+005    0.399609683576E+000
    0.827520000000E+005    0.399808368630E+000
    0.828020000000E+005    0.400006866552E+000
    0.828520000000E+005    0.400205177306E+000
    0.829020000000E+005    0.400403300857E+000
    0.829520000000E+005    0.400601237170E+000
    0.830020000000E+005    0.400798986210E+000
    0.830520000000E+005    0.400996547944E+000
    0.831020000000E+005    0.401193922337E+000
    0.831520000000E+005    0.401391109356E+000
    0.832020000000E+005    0.401588108966E+000
    0.832520000000E+005    0.401784921135E+000
    0.833020000000E+005    0.401981545830E+000
    0.833520000000E+005    0.402177983018E+000
    0.834020000000E+005    0.402374232666E+000
    0.834520000000E+005    0.402570294743E+000
    0.835020000000E+005    0.402766169217E+000
    0.835520000000E+005    0.402961856055E+000
    0.836020000000E+005    0.403157355226E+000
    0.836520000000E+005    0.403352666700E+000
    0.837020000000E+005    0.403547790446E+000
    0.837520000000E+005    0.403742726432E+000
    0.838020000000E+005    0.403937474629E+000
    0.838520000000E+005    0.404132035006E+000
    0.839020000000E+005    0.404326407534E+000
    0.839520000000E+005    0.404520592183E+000
    0.840020000000E+005    0.404714588924E+000
    0.840520000000E+005    0.404908397727E+000
    0.841020000000E+005    0.405102018564E+000
    0.841520000000E+005    0.405295451407E+000
    0.842020000000E+005    0.405488696227E+000
    0.842520000000E+005    0.405681752996E+000
    0.843020000000E+005    0.405874621686E+000
    0.843520000000E+005    0.406067302270E+000
    0.844020000000E+005    0.406259794720E+000
    0.844520000000E+005    0.406452099011E+000
    0.845020000000E+005    0.406644215114E+000
    0.845520000000E+005    0.406836143004E+000
    0.846020000000E+005    0.407027882653E+000
    0.846520000000E+005    0.407219434037E+000
    0.847020000000E+005    0.407410797130E+000
    0.847520000000E+005    0.407601971905E+000
    0.848020000000E+005    0.407792958339E+000
    0.848520000000E+005    0.407983756405E+000
    0.849020000000E+005    0.408174366079E+000
    0.849520000000E+005    0.408364787337E+000
    0.850020000000E+005    0.408555020155E+000
    0.850520000000E+005    0.408745064508E+000
    0.851020000000E+005    0.408934920373E+000
    0.851520000000E+005    0.409124587726E+000
    0.852020000000E+005    0.409314066545E+000
    0.852520000000E+005    0.409503356805E+000
    0.853020000000E+005    0.409692458486E+000
    0.853520000000E+005    0.409881371563E+000
    0.854020000000E+005    0.410070096015E+000
    0.854520000000E+005    0.410258631820E+000
    0.855020000000E+005    0.410446978956E+000
    0.855520000000E+005    0.410635137402E+000
    0.856020000000E+005    0.410823107137E+000
    0.856520000000E+005    0.411010888139E+000
    0.857020000000E+005    0.411198480387E+000
    0.857520000000E+005    0.411385883862E+000
    0.858020000000E+005    0.411573098543E+000
    0.858520000000E+005    0.411760124410E+000
    0.859020000000E+005    0.411946961444E+000
    0.859520000000E+005    0.412133609624E+000
    0.860020000000E+005    0.412320068931E+000
    0.860520000000E+005    0.412506339347E+000
    0.861020000000E+005    0.412692420853E+000
    0.861520000000E+005    0.412878313430E+000
    0.862020000000E+005    0.413064017059E+000
    0.862520000000E+005    0.413249531724E+000
    0.863020000000E+005    0.413434857405E+000
    0.863520000000E+005    0.413619994086E+000
    0.864020000000E+005    0.413804941749E+000
    0.864520000000E+005    0.413989700377E+000
    0.865020000000E+005    0.414174269953E+000
    0.865520000000E+005    0.414358650460E+000
    0.866020000000E+005    0.414542841882E+000
    0.866520000000E+005    0.414726844204E+000
    0.867020000000E+005    0.414910657408E+000
    0.867520000000E+005    0.415094281480E+000
    0.868020000000E+005    0.415277716403E+000
    0.868520000000E+005    0.415460962163E+000
    0.869020000000E+005    0.415644018745E+000
    0.869520000000E+005    0.415826886134E+000
    0.870020000000E+005    0.416009564316E+000
    0.870520000000E+005    0.416192053276E+000
    0.871020000000E+005    0.416374353000E+000
    0.871520000000E+005    0.416556463474E+000
    0.872020000000E+005    0.416738384686E+000
    0.872520000000E+005    0.416920116620E+000
    0.873020000000E+005    0.417101659266E+000
    0.873520000000E+005    0.417283012609E+000
    0.874020000000E+005    0.417464176637E+000
    0.874520000000E+005    0.417645151337E+000
    0.875020000000E+005    0.417825936698E+000
    0.875520000000E+005    0.418006532708E+000
    0.876020000000E+005    0.418186939354E+000
    0.876520000000E+005    0.418367156625E+000
    0.877020000000E+005    0.418547184511E+000
    0.877520000000E+005    0.418727023000E+000
    0.878020000000E+005    0.418906672081E+000
    0.878520000000E+005    0.419086131743E+000
    0.879020000000E+005    0.419265401977E+000
    0.879520000000E+005    0.419444482773E+000
    0.880020000000E+005    0.419623374119E+000
    0.880520000000E+005    0.419802076008E+000
    0.881020000000E+005    0.419980588429E+000
    0.881520000000E+005    0.420158911373E+000
    0.882020000000E+005    0.420337044831E+000
    0.882520000000E+005    0.420514988795E+000
    0.883020000000E+005    0.420692743255E+000
    0.883520000000E+005    0.420870308205E+000
    0.884020000000E+005    0.421047683634E+000
    0.884520000000E+005    0.421224869537E+000
    0.885020000000E+005    0.421401865905E+000
    0.885520000000E+005    0.421578672730E+000
    0.886020000000E+005    0.421755290006E+000
    0.886520000000E+005    0.421931717726E+000
    0.887020000000E+005    0.422107955882E+000
    0.887520000000E+005    0.422284004469E+000
    0.888020000000E+005    0.422459863480E+000
    0.888520000000E+005    0.422635532908E+000
    0.889020000000E+005    0.422811012749E+000
    0.889520000000E+005    0.422986302997E+000
    0.890020000000E+005    0.423161403646E+000
    0.890520000000E+005    0.423336314691E+000
    0.891020000000E+005    0.423511036126E+000
    0.891520000000E+005    0.423685567948E+000
    0.892020000000E+005    0.423859910152E+000
    0.892520000000E+005    0.424034062733E+000
    0.893020000000E+005    0.424208025688E+000
    0.893520000000E+005    0.424381799012E+000
    0.894020000000E+005    0.424555382701E+000
    0.894520000000E+005    0.424728776753E+000
    0.895020000000E+005    0.424901981165E+000
    0.895520000000E+005    0.425074995932E+000
    0.896020000000E+005    0.425247821053E+000
    0.896520000000E+005    0.425420456524E+000
    0.897020000000E+005    0.425592902344E+000
    0.897520000000E+005    0.425765158511E+000
    0.898020000000E+005    0.425937225021E+000
    0.898520000000E+005    0.426109101875E+000
    0.899020000000E+005    0.426280789069E+000
    0.899520000000E+005    0.426452286603E+000
    0.900020000000E+005    0.426623594476E+000
    0.900520000000E+005    0.426794712687E+000
    0.901020000000E+005    0.426965641235E+000
    0.901520000000E+005    0.427136380120E+000
    0.902020000000E+005    0.427306929341E+000
    0.902520000000E+005    0.427477288899E+000
    0.903020000000E+005    0.427647458794E+000
    0.903520000000E+005    0.427817439025E+000
    0.904020000000E+005    0.427987229595E+000
    0.904520000000E+005    0.428156830503E+000
    0.905020000000E+005    0.428326241751E+000
    0.905520000000E+005    0.428495463340E+000
    0.906020000000E+005    0.428664495270E+000
    0.906520000000E+005    0.428833337545E+000
    0.907020000000E+005    0.429001990166E+000
    0.907520000000E+005    0.429170453134E+000
    0.908020000000E+005    0.429338726453E+000
    0.908520000000E+005    0.429506810124E+000
    0.909020000000E+005    0.429674704151E+000
    0.909520000000E+005    0.429842408536E+000
    0.910020000000E+005    0.430009923282E+000
    0.910520000000E+005    0.430177248393E+000
    0.911020000000E+005    0.430344383872E+000
    0.911520000000E+005    0.430511329723E+000
    0.912020000000E+005    0.430678085950E+000
    0.912520000000E+005    0.430844652556E+000
    0.913020000000E+005    0.431011029547E+000
    0.913520000000E+005    0.431177216927E+000
    0.914020000000E+005    0.431343214700E+000
    0.914520000000E+005    0.431509022872E+000
    0.915020000000E+005    0.431674641448E+000
    0.915520000000E+005    0.431840070432E+000
    0.916020000000E+005    0.432005309831E+000
    0.916520000000E+005    0.432170359650E+000
    0.917020000000E+005    0.432335219895E+000
    0.917520000000E+005    0.432499890573E+000
    0.918020000000E+005    0.432664371690E+000
    0.918520000000E+005    0.432828663251E+000
    0.919020000000E+005    0.432992765265E+000
    0.919520000000E+005    0.433156677738E+000
    0.920020000000E+005    0.433320400677E+000
    0.920520000000E+005    0.433483934089E+000
    0.921020000000E+005    0.433647277982E+000
    0.921520000000E+005    0.433810432364E+000
    0.922020000000E+005    0.433973397243E+000
    0.922520000000E+005    0.434136172626E+000
    0.923020000000E+005    0.434298758523E+000
    0.923520000000E+005    0.434461154941E+000
    0.924020000000E+005    0.434623361890E+000
    0.924520000000E+005    0.434785379378E+000
    0.925020000000E+005    0.434947207415E+000
    0.925520000000E+005    0.435108846009E+000
    0.926020000000E+005    0.435270295171E+000
    0.926520000000E+005    0.435431554910E+000
    0.927020000000E+005    0.435592625235E+000
    0.927520000000E+005    0.435753506158E+000
    0.928020000000E+005    0.435914197687E+000
    0.928520000000E+005    0.436074699835E+000
    0.929020000000E+005    0.436235012611E+000
    0.929520000000E+005    0.436395136026E+000
    0.930020000000E+005    0.436555070091E+000
    0.930520000000E+005    0.436714814818E+000
    0.931020000000E+005    0.436874370219E+000
    0.931520000000E+005    0.437033736303E+000
    0.932020000000E+005    0.437192913085E+000
    0.932520000000E+005    0.437351900574E+000
    0.933020000000E+005    0.437510698785E+000
    0.933520000000E+005    0.437669307728E+000
    0.934020000000E+005    0.437827727417E+000
    0.934520000000E+005    0.437985957865E+000
    0.935020000000E+005    0.438143999084E+000
    0.935520000000E+005    0.438301851087E+000
    0.936020000000E+005    0.438459513889E+000
    0.936520000000E+005    0.438616987502E+000
    0.937020000000E+005    0.438774271940E+000
    0.937520000000E+005    0.438931367217E+000
    0.938020000000E+005    0.439088273347E+000
    0.938520000000E+005    0.439244990345E+000
    0.939020000000E+005    0.439401518224E+000
    0.939520000000E+005    0.439557857000E+000
    0.940020000000E+005    0.439714006687E+000
    0.940520000000E+005    0.439869967301E+000
    0.941020000000E+005    0.440025738856E+000
    0.941520000000E+005    0.440181321369E+000
    0.942020000000E+005    0.440336714853E+000
    0.942520000000E+005    0.440491919326E+000
    0.943020000000E+005    0.440646934804E+000
    0.943520000000E+005    0.440801761301E+000
    0.944020000000E+005    0.440956398836E+000
    0.944520000000E+005    0.441110847423E+000
    0.945020000000E+005    0.441265107081E+000
    0.945520000000E+005    0.441419177825E+000
    0.946020000000E+005    0.441573059673E+000
    0.946520000000E+005    0.441726752641E+000
    0.947020000000E+005    0.441880256749E+000
    0.947520000000E+005    0.442033572012E+000
    0.948020000000E+005    0.442186698449E+000
    0.948520000000E+005    0.442339636077E+000
    0.949020000000E+005    0.442492384915E+000
    0.949520000000E+005    0.442644944982E+000
    0.950020000000E+005    0.442797316295E+000
    0.950520000000E+005    0.442949498873E+000
    0.951020000000E+005    0.443101492735E+000
    0.951520000000E+005    0.443253297901E+000
    0.952020000000E+005    0.443404914389E+000
    0.952520000000E+005    0.443556342218E+000
    0.953020000000E+005    0.443707581409E+000
    0.953520000000E+005    0.443858631980E+000
    0.954020000000E+005    0.444009493953E+000
    0.954520000000E+005    0.444160167346E+000
    0.955020000000E+005    0.444310652181E+000
    0.955520000000E+005    0.444460948477E+000
    0.956020000000E+005    0.444611056256E+000
    0.956520000000E+005    0.444760975538E+000
    0.957020000000E+005    0.444910706344E+000
    0.957520000000E+005    0.445060248695E+000
    0.958020000000E+005    0.445209602612E+000
    0.958520000000E+005    0.445358768118E+000
    0.959020000000E+005    0.445507745233E+000
    0.959520000000E+005    0.445656533980E+000
    0.960020000000E+005    0.445805134380E+000
    0.960520000000E+005    0.445953546456E+000
    0.961020000000E+005    0.446101770230E+000
    0.961520000000E+005    0.446249805724E+000
    0.962020000000E+005    0.446397652962E+000
    0.962520000000E+005    0.446545311966E+000
    0.963020000000E+005    0.446692782759E+000
    0.963520000000E+005    0.446840065365E+000
    0.964020000000E+005    0.446987159806E+000
    0.964520000000E+005    0.447134066107E+000
    0.965020000000E+005    0.447280784291E+000
    0.965520000000E+005    0.447427314382E+000
    0.966020000000E+005    0.447573656404E+000
    0.966520000000E+005    0.447719810381E+000
    0.967020000000E+005    0.447865776338E+000
    0.967520000000E+005    0.448011554299E+000
    0.968020000000E+005    0.448157144289E+000
    0.968520000000E+005    0.448302546334E+000
    0.969020000000E+005    0.448447760457E+000
    0.969520000000E+005    0.448592786684E+000
    0.970020000000E+005    0.448737625041E+000
    0.970520000000E+005    0.448882275554E+000
    0.971020000000E+005    0.449026738247E+000
    0.971520000000E+005    0.449171013148E+000
    0.972020000000E+005    0.449315100281E+000
    0.972520000000E+005    0.449458999674E+000
    0.973020000000E+005    0.449602711352E+000
    0.973520000000E+005    0.449746235343E+000
    0.974020000000E+005    0.449889571672E+000
    0.974520000000E+005    0.450032720368E+000
    0.975020000000E+005    0.450175681457E+000
    0.975520000000E+005    0.450318454965E+000
    0.976020000000E+005    0.450461040922E+000
    0.976520000000E+005    0.450603439354E+000
    0.977020000000E+005    0.450745650288E+000
    0.977520000000E+005    0.450887673754E+000
    0.978020000000E+005    0.451029509778E+000
    0.978520000000E+005    0.451171158389E+000
    0.979020000000E+005    0.451312619616E+000
    0.979520000000E+005    0.451453893487E+000
    0.980020000000E+005    0.451594980031E+000
    0.980520000000E+005    0.451735879276E+000
    0.981020000000E+005    0.451876591252E+000
    0.981520000000E+005    0.452017115988E+000
    0.982020000000E+005    0.452157453513E+000
    0.982520000000E+005    0.452297603856E+000
    0.983020000000E+005    0.452437567048E+000
    0.983520000000E+005    0.452577343118E+000
    0.984020000000E+005    0.452716932096E+000
    0.984520000000E+005    0.452856334013E+000
    0.985020000000E+005    0.452995548898E+000
    0.985520000000E+005    0.453134576782E+000
    0.986020000000E+005    0.453273417696E+000
    0.986520000000E+005    0.453412071670E+000
    0.987020000000E+005    0.453550538736E+000
    0.987520000000E+005    0.453688818924E+000
    0.988020000000E+005    0.453826912266E+000
    0.988520000000E+005    0.453964818793E+000
    0.989020000000E+005    0.454102538537E+000
    0.989520000000E+005    0.454240071529E+000
    0.990020000000E+005    0.454377417802E+000
    0.990520000000E+005    0.454514577387E+000
    0.991020000000E+005    0.454651550316E+000
    0.991520000000E+005    0.454788336623E+000
    0.992020000000E+005    0.454924936338E+000
    0.992520000000E+005    0.455061349496E+000
    0.993020000000E+005    0.455197576129E+000
    0.993520000000E+005    0.455333616269E+000
    0.994020000000E+005    0.455469469951E+000
    0.994520000000E+005    0.455605137206E+000
    0.995020000000E+005    0.455740618069E+000
    0.995520000000E+005    0.455875912574E+000
    0.996020000000E+005    0.456011020753E+000
    0.996520000000E+005    0.456145942641E+000
    0.997020000000E+005    0.456280678272E+000
    0.997520000000E+005    0.456415227680E+000
    0.998020000000E+005    0.456549590899E+000
    0.998520000000E+005    0.456683767964E+000
    0.999020000000E+005    0.456817758909E+000
    0.999520000000E+005    0.456951563770E+000
