TITLE = "0D Field KB"
VARIABLES = N ,"KB_Ha10Rem1Re10000"
ZONE DATAPACKING = POINT
    0.200000000000E+001    0.799992000074E-009
    0.520000000000E+002    0.540520789835E-006
    0.102000000000E+003    0.207820822010E-005
    0.152000000000E+003    0.460902849582E-005
    0.202000000000E+003    0.812453237414E-005
    0.252000000000E+003    0.126142084610E-004
    0.302000000000E+003    0.180666838819E-004
    0.352000000000E+003    0.244703429576E-004
    0.402000000000E+003    0.318136290487E-004
    0.452000000000E+003    0.400851894119E-004
    0.502000000000E+003    0.492739415122E-004
    0.552000000000E+003    0.593690991679E-004
    0.602000000000E+003    0.703601778670E-004
    0.652000000000E+003    0.822369893136E-004
    0.702000000000E+003    0.949896305836E-004
    0.752000000000E+003    0.108608470813E-003
    0.802000000000E+003    0.123084137025E-003
    0.852000000000E+003    0.138407499976E-003
    0.902000000000E+003    0.154569660482E-003
    0.952000000000E+003    0.171561936464E-003
    0.100200000000E+004    0.189375850806E-003
    0.105200000000E+004    0.208003120058E-003
    0.110200000000E+004    0.227435643962E-003
    0.115200000000E+004    0.247665495759E-003
    0.120200000000E+004    0.268684913228E-003
    0.125200000000E+004    0.290486290404E-003
    0.130200000000E+004    0.313062169915E-003
    0.135200000000E+004    0.336405235890E-003
    0.140200000000E+004    0.360508307389E-003
    0.145200000000E+004    0.385364332303E-003
    0.150200000000E+004    0.410966381684E-003
    0.155200000000E+004    0.437307644478E-003
    0.160200000000E+004    0.464381422607E-003
    0.165200000000E+004    0.492181126380E-003
    0.170200000000E+004    0.520700270215E-003
    0.175200000000E+004    0.549932468619E-003
    0.180200000000E+004    0.579871432432E-003
    0.185200000000E+004    0.610510965295E-003
    0.190200000000E+004    0.641844960334E-003
    0.195200000000E+004    0.673867397035E-003
    0.200200000000E+004    0.706572338304E-003
    0.205200000000E+004    0.739953927687E-003
    0.210200000000E+004    0.774006386751E-003
    0.215200000000E+004    0.808724012600E-003
    0.220200000000E+004    0.844101175527E-003
    0.225200000000E+004    0.880132316789E-003
    0.230200000000E+004    0.916811946489E-003
    0.235200000000E+004    0.954134641573E-003
    0.240200000000E+004    0.992095043921E-003
    0.245200000000E+004    0.103068785853E-002
    0.250200000000E+004    0.106990785178E-002
    0.255200000000E+004    0.110974984978E-002
    0.260200000000E+004    0.115020873683E-002
    0.265200000000E+004    0.119127945385E-002
    0.270200000000E+004    0.123295699699E-002
    0.275200000000E+004    0.127523641626E-002
    0.280200000000E+004    0.131811281418E-002
    0.285200000000E+004    0.136158134453E-002
    0.290200000000E+004    0.140563721116E-002
    0.295200000000E+004    0.145027566681E-002
    0.300200000000E+004    0.149549201198E-002
    0.305200000000E+004    0.154128159390E-002
    0.310200000000E+004    0.158763980546E-002
    0.315200000000E+004    0.163456208426E-002
    0.320200000000E+004    0.168204391161E-002
    0.325200000000E+004    0.173008081164E-002
    0.330200000000E+004    0.177866835042E-002
    0.335200000000E+004    0.182780213508E-002
    0.340200000000E+004    0.187747781303E-002
    0.345200000000E+004    0.192769107111E-002
    0.350200000000E+004    0.197843763486E-002
    0.355200000000E+004    0.202971326778E-002
    0.360200000000E+004    0.208151377060E-002
    0.365200000000E+004    0.213383498056E-002
    0.370200000000E+004    0.218667277081E-002
    0.375200000000E+004    0.224002304970E-002
    0.380200000000E+004    0.229388176016E-002
    0.385200000000E+004    0.234824487911E-002
    0.390200000000E+004    0.240310841687E-002
    0.395200000000E+004    0.245846841656E-002
    0.400200000000E+004    0.251432095356E-002
    0.405200000000E+004    0.257066213499E-002
    0.410200000000E+004    0.262748809916E-002
    0.415200000000E+004    0.268479501506E-002
    0.420200000000E+004    0.274257908189E-002
    0.425200000000E+004    0.280083652856E-002
    0.430200000000E+004    0.285956361325E-002
    0.435200000000E+004    0.291875662289E-002
    0.440200000000E+004    0.297841187283E-002
    0.445200000000E+004    0.303852570628E-002
    0.450200000000E+004    0.309909449401E-002
    0.455200000000E+004    0.316011463386E-002
    0.460200000000E+004    0.322158255040E-002
    0.465200000000E+004    0.328349469449E-002
    0.470200000000E+004    0.334584754295E-002
    0.475200000000E+004    0.340863759817E-002
    0.480200000000E+004    0.347186138777E-002
    0.485200000000E+004    0.353551546421E-002
    0.490200000000E+004    0.359959640450E-002
    0.495200000000E+004    0.366410080986E-002
    0.500200000000E+004    0.372902530534E-002
    0.505200000000E+004    0.379436653958E-002
    0.510200000000E+004    0.386012118445E-002
    0.515200000000E+004    0.392628593478E-002
    0.520200000000E+004    0.399285750803E-002
    0.525200000000E+004    0.405983264403E-002
    0.530200000000E+004    0.412720810470E-002
    0.535200000000E+004    0.419498067374E-002
    0.540200000000E+004    0.426314715641E-002
    0.545200000000E+004    0.433170437922E-002
    0.550200000000E+004    0.440064918971E-002
    0.555200000000E+004    0.446997845617E-002
    0.560200000000E+004    0.453968906742E-002
    0.565200000000E+004    0.460977793254E-002
    0.570200000000E+004    0.468024198065E-002
    0.575200000000E+004    0.475107816069E-002
    0.580200000000E+004    0.482228344114E-002
    0.585200000000E+004    0.489385480990E-002
    0.590200000000E+004    0.496578927394E-002
    0.595200000000E+004    0.503808385922E-002
    0.600200000000E+004    0.511073561037E-002
    0.605200000000E+004    0.518374159057E-002
    0.610200000000E+004    0.525709888128E-002
    0.615200000000E+004    0.533080458210E-002
    0.620200000000E+004    0.540485581055E-002
    0.625200000000E+004    0.547924970189E-002
    0.630200000000E+004    0.555398340890E-002
    0.635200000000E+004    0.562905410175E-002
    0.640200000000E+004    0.570445896781E-002
    0.645200000000E+004    0.578019521144E-002
    0.650200000000E+004    0.585626005386E-002
    0.655200000000E+004    0.593265073294E-002
    0.660200000000E+004    0.600936450308E-002
    0.665200000000E+004    0.608639863501E-002
    0.670200000000E+004    0.616375041566E-002
    0.675200000000E+004    0.624141714798E-002
    0.680200000000E+004    0.631939615078E-002
    0.685200000000E+004    0.639768475861E-002
    0.690200000000E+004    0.647628032160E-002
    0.695200000000E+004    0.655518020530E-002
    0.700200000000E+004    0.663438179053E-002
    0.705200000000E+004    0.671388247328E-002
    0.710200000000E+004    0.679367966454E-002
    0.715200000000E+004    0.687377079015E-002
    0.720200000000E+004    0.695415329070E-002
    0.725200000000E+004    0.703482462139E-002
    0.730200000000E+004    0.711578225188E-002
    0.735200000000E+004    0.719702366619E-002
    0.740200000000E+004    0.727854636256E-002
    0.745200000000E+004    0.736034785332E-002
    0.750200000000E+004    0.744242566478E-002
    0.755200000000E+004    0.752477733712E-002
    0.760200000000E+004    0.760740042425E-002
    0.765200000000E+004    0.769029249371E-002
    0.770200000000E+004    0.777345112656E-002
    0.775200000000E+004    0.785687391725E-002
    0.780200000000E+004    0.794055847353E-002
    0.785200000000E+004    0.802450241632E-002
    0.790200000000E+004    0.810870337964E-002
    0.795200000000E+004    0.819315901045E-002
    0.800200000000E+004    0.827786696861E-002
    0.805200000000E+004    0.836282492673E-002
    0.810200000000E+004    0.844803057009E-002
    0.815200000000E+004    0.853348159654E-002
    0.820200000000E+004    0.861917571639E-002
    0.825200000000E+004    0.870511065234E-002
    0.830200000000E+004    0.879128413937E-002
    0.835200000000E+004    0.887769392464E-002
    0.840200000000E+004    0.896433776741E-002
    0.845200000000E+004    0.905121343895E-002
    0.850200000000E+004    0.913831872244E-002
    0.855200000000E+004    0.922565141291E-002
    0.860200000000E+004    0.931320931710E-002
    0.865200000000E+004    0.940099025344E-002
    0.870200000000E+004    0.948899205192E-002
    0.875200000000E+004    0.957721255402E-002
    0.880200000000E+004    0.966564961265E-002
    0.885200000000E+004    0.975430109202E-002
    0.890200000000E+004    0.984316486762E-002
    0.895200000000E+004    0.993223882609E-002
    0.900200000000E+004    0.100215208652E-001
    0.905200000000E+004    0.101110088937E-001
    0.910200000000E+004    0.102007008312E-001
    0.915200000000E+004    0.102905946085E-001
    0.920200000000E+004    0.103806881668E-001
    0.925200000000E+004    0.104709794582E-001
    0.930200000000E+004    0.105614664456E-001
    0.935200000000E+004    0.106521471022E-001
    0.940200000000E+004    0.107430194119E-001
    0.945200000000E+004    0.108340813690E-001
    0.950200000000E+004    0.109253309782E-001
    0.955200000000E+004    0.110167662544E-001
    0.960200000000E+004    0.111083852230E-001
    0.965200000000E+004    0.112001859193E-001
    0.970200000000E+004    0.112921663889E-001
    0.975200000000E+004    0.113843246873E-001
    0.980200000000E+004    0.114766588801E-001
    0.985200000000E+004    0.115691670429E-001
    0.990200000000E+004    0.116618472609E-001
    0.995200000000E+004    0.117546976295E-001
    0.100020000000E+005    0.118477162535E-001
    0.100520000000E+005    0.119409012475E-001
    0.101020000000E+005    0.120342507358E-001
    0.101520000000E+005    0.121277628521E-001
    0.102020000000E+005    0.122214357400E-001
    0.102520000000E+005    0.123152675521E-001
    0.103020000000E+005    0.124092564506E-001
    0.103520000000E+005    0.125034006071E-001
    0.104020000000E+005    0.125976982025E-001
    0.104520000000E+005    0.126921474268E-001
    0.105020000000E+005    0.127867464793E-001
    0.105520000000E+005    0.128814935685E-001
    0.106020000000E+005    0.129763869117E-001
    0.106520000000E+005    0.130714247356E-001
    0.107020000000E+005    0.131666052757E-001
    0.107520000000E+005    0.132619267764E-001
    0.108020000000E+005    0.133573874910E-001
    0.108520000000E+005    0.134529856817E-001
    0.109020000000E+005    0.135487196194E-001
    0.109520000000E+005    0.136445875839E-001
    0.110020000000E+005    0.137405878634E-001
    0.110520000000E+005    0.138367187550E-001
    0.111020000000E+005    0.139329785643E-001
    0.111520000000E+005    0.140293656054E-001
    0.112020000000E+005    0.141258782011E-001
    0.112520000000E+005    0.142225146824E-001
    0.113020000000E+005    0.143192733888E-001
    0.113520000000E+005    0.144161526682E-001
    0.114020000000E+005    0.145131508769E-001
    0.114520000000E+005    0.146102663794E-001
    0.115020000000E+005    0.147074975483E-001
    0.115520000000E+005    0.148048427647E-001
    0.116020000000E+005    0.149023004176E-001
    0.116520000000E+005    0.149998689042E-001
    0.117020000000E+005    0.150975466298E-001
    0.117520000000E+005    0.151953320077E-001
    0.118020000000E+005    0.152932234591E-001
    0.118520000000E+005    0.153912194134E-001
    0.119020000000E+005    0.154893183076E-001
    0.119520000000E+005    0.155875185868E-001
    0.120020000000E+005    0.156858187037E-001
    0.120520000000E+005    0.157842171192E-001
    0.121020000000E+005    0.158827123014E-001
    0.121520000000E+005    0.159813027266E-001
    0.122020000000E+005    0.160799868784E-001
    0.122520000000E+005    0.161787632484E-001
    0.123020000000E+005    0.162776303355E-001
    0.123520000000E+005    0.163765866463E-001
    0.124020000000E+005    0.164756306949E-001
    0.124520000000E+005    0.165747610029E-001
    0.125020000000E+005    0.166739760994E-001
    0.125520000000E+005    0.167732745209E-001
    0.126020000000E+005    0.168726548111E-001
    0.126520000000E+005    0.169721155214E-001
    0.127020000000E+005    0.170716552102E-001
    0.127520000000E+005    0.171712724433E-001
    0.128020000000E+005    0.172709657938E-001
    0.128520000000E+005    0.173707338420E-001
    0.129020000000E+005    0.174705751753E-001
    0.129520000000E+005    0.175704883883E-001
    0.130020000000E+005    0.176704720826E-001
    0.130520000000E+005    0.177705248672E-001
    0.131020000000E+005    0.178706453577E-001
    0.131520000000E+005    0.179708321770E-001
    0.132020000000E+005    0.180710839550E-001
    0.132520000000E+005    0.181713993284E-001
    0.133020000000E+005    0.182717769410E-001
    0.133520000000E+005    0.183722154432E-001
    0.134020000000E+005    0.184727134925E-001
    0.134520000000E+005    0.185732697531E-001
    0.135020000000E+005    0.186738828962E-001
    0.135520000000E+005    0.187745515995E-001
    0.136020000000E+005    0.188752745475E-001
    0.136520000000E+005    0.189760504316E-001
    0.137020000000E+005    0.190768779495E-001
    0.137520000000E+005    0.191777558060E-001
    0.138020000000E+005    0.192786827120E-001
    0.138520000000E+005    0.193796573855E-001
    0.139020000000E+005    0.194806785507E-001
    0.139520000000E+005    0.195817449384E-001
    0.140020000000E+005    0.196828552860E-001
    0.140520000000E+005    0.197840083373E-001
    0.141020000000E+005    0.198852028425E-001
    0.141520000000E+005    0.199864375582E-001
    0.142020000000E+005    0.200877112475E-001
    0.142520000000E+005    0.201890226798E-001
    0.143020000000E+005    0.202903706307E-001
    0.143520000000E+005    0.203917538824E-001
    0.144020000000E+005    0.204931712230E-001
    0.144520000000E+005    0.205946214472E-001
    0.145020000000E+005    0.206961033556E-001
    0.145520000000E+005    0.207976157552E-001
    0.146020000000E+005    0.208991574591E-001
    0.146520000000E+005    0.210007272866E-001
    0.147020000000E+005    0.211023240631E-001
    0.147520000000E+005    0.212039466198E-001
    0.148020000000E+005    0.213055937945E-001
    0.148520000000E+005    0.214072644305E-001
    0.149020000000E+005    0.215089573774E-001
    0.149520000000E+005    0.216106714909E-001
    0.150020000000E+005    0.217124056322E-001
    0.150520000000E+005    0.218141586690E-001
    0.151020000000E+005    0.219159294744E-001
    0.151520000000E+005    0.220177169277E-001
    0.152020000000E+005    0.221195199139E-001
    0.152520000000E+005    0.222213373239E-001
    0.153020000000E+005    0.223231680545E-001
    0.153520000000E+005    0.224250110081E-001
    0.154020000000E+005    0.225268650929E-001
    0.154520000000E+005    0.226287292228E-001
    0.155020000000E+005    0.227306023177E-001
    0.155520000000E+005    0.228324833028E-001
    0.156020000000E+005    0.229343711092E-001
    0.156520000000E+005    0.230362646735E-001
    0.157020000000E+005    0.231381629380E-001
    0.157520000000E+005    0.232400648506E-001
    0.158020000000E+005    0.233419693646E-001
    0.158520000000E+005    0.234438754392E-001
    0.159020000000E+005    0.235457820387E-001
    0.159520000000E+005    0.236476881333E-001
    0.160020000000E+005    0.237495926983E-001
    0.160520000000E+005    0.238514947146E-001
    0.161020000000E+005    0.239533931687E-001
    0.161520000000E+005    0.240552870523E-001
    0.162020000000E+005    0.241571753625E-001
    0.162520000000E+005    0.242590571019E-001
    0.163020000000E+005    0.243609312783E-001
    0.163520000000E+005    0.244627969048E-001
    0.164020000000E+005    0.245646529999E-001
    0.164520000000E+005    0.246664985874E-001
    0.165020000000E+005    0.247683326962E-001
    0.165520000000E+005    0.248701543606E-001
    0.166020000000E+005    0.249719626199E-001
    0.166520000000E+005    0.250737565188E-001
    0.167020000000E+005    0.251755351071E-001
    0.167520000000E+005    0.252772974396E-001
    0.168020000000E+005    0.253790425765E-001
    0.168520000000E+005    0.254807695828E-001
    0.169020000000E+005    0.255824775289E-001
    0.169520000000E+005    0.256841654899E-001
    0.170020000000E+005    0.257858325462E-001
    0.170520000000E+005    0.258874777831E-001
    0.171020000000E+005    0.259891002911E-001
    0.171520000000E+005    0.260906991653E-001
    0.172020000000E+005    0.261922735061E-001
    0.172520000000E+005    0.262938224187E-001
    0.173020000000E+005    0.263953450132E-001
    0.173520000000E+005    0.264968404046E-001
    0.174020000000E+005    0.265983077129E-001
    0.174520000000E+005    0.266997460627E-001
    0.175020000000E+005    0.268011545837E-001
    0.175520000000E+005    0.269025324102E-001
    0.176020000000E+005    0.270038786815E-001
    0.176520000000E+005    0.271051925415E-001
    0.177020000000E+005    0.272064731390E-001
    0.177520000000E+005    0.273077196275E-001
    0.178020000000E+005    0.274089311650E-001
    0.178520000000E+005    0.275101069146E-001
    0.179020000000E+005    0.276112460437E-001
    0.179520000000E+005    0.277123477246E-001
    0.180020000000E+005    0.278134111342E-001
    0.180520000000E+005    0.279144354539E-001
    0.181020000000E+005    0.280154198698E-001
    0.181520000000E+005    0.281163635725E-001
    0.182020000000E+005    0.282172657574E-001
    0.182520000000E+005    0.283181256243E-001
    0.183020000000E+005    0.284189423773E-001
    0.183520000000E+005    0.285197152253E-001
    0.184020000000E+005    0.286204433817E-001
    0.184520000000E+005    0.287211260641E-001
    0.185020000000E+005    0.288217624950E-001
    0.185520000000E+005    0.289223519008E-001
    0.186020000000E+005    0.290228935127E-001
    0.186520000000E+005    0.291233865662E-001
    0.187020000000E+005    0.292238303012E-001
    0.187520000000E+005    0.293242239618E-001
    0.188020000000E+005    0.294245667966E-001
    0.188520000000E+005    0.295248580586E-001
    0.189020000000E+005    0.296250970049E-001
    0.189520000000E+005    0.297252828971E-001
    0.190020000000E+005    0.298254150009E-001
    0.190520000000E+005    0.299254925864E-001
    0.191020000000E+005    0.300255149277E-001
    0.191520000000E+005    0.301254813035E-001
    0.192020000000E+005    0.302253909964E-001
    0.192520000000E+005    0.303252432932E-001
    0.193020000000E+005    0.304250374851E-001
    0.193520000000E+005    0.305247728672E-001
    0.194020000000E+005    0.306244487389E-001
    0.194520000000E+005    0.307240644036E-001
    0.195020000000E+005    0.308236191689E-001
    0.195520000000E+005    0.309231123464E-001
    0.196020000000E+005    0.310225432518E-001
    0.196520000000E+005    0.311219112049E-001
    0.197020000000E+005    0.312212155295E-001
    0.197520000000E+005    0.313204555534E-001
    0.198020000000E+005    0.314196306084E-001
    0.198520000000E+005    0.315187400303E-001
    0.199020000000E+005    0.316177831589E-001
    0.199520000000E+005    0.317167593378E-001
    0.200020000000E+005    0.318156679148E-001
    0.200520000000E+005    0.319145082413E-001
    0.201020000000E+005    0.320132796729E-001
    0.201520000000E+005    0.321119815690E-001
    0.202020000000E+005    0.322106132926E-001
    0.202520000000E+005    0.323091742110E-001
    0.203020000000E+005    0.324076636950E-001
    0.203520000000E+005    0.325060811195E-001
    0.204020000000E+005    0.326044258628E-001
    0.204520000000E+005    0.327026973074E-001
    0.205020000000E+005    0.328008948394E-001
    0.205520000000E+005    0.328990178487E-001
    0.206020000000E+005    0.329970657288E-001
    0.206520000000E+005    0.330950378772E-001
    0.207020000000E+005    0.331929336948E-001
    0.207520000000E+005    0.332907525864E-001
    0.208020000000E+005    0.333884939606E-001
    0.208520000000E+005    0.334861572293E-001
    0.209020000000E+005    0.335837418083E-001
    0.209520000000E+005    0.336812471170E-001
    0.210020000000E+005    0.337786725784E-001
    0.210520000000E+005    0.338760176192E-001
    0.211020000000E+005    0.339732816695E-001
    0.211520000000E+005    0.340704641632E-001
    0.212020000000E+005    0.341675645375E-001
    0.212520000000E+005    0.342645822334E-001
    0.213020000000E+005    0.343615166952E-001
    0.213520000000E+005    0.344583673710E-001
    0.214020000000E+005    0.345551337121E-001
    0.214520000000E+005    0.346518151735E-001
    0.215020000000E+005    0.347484112136E-001
    0.215520000000E+005    0.348449212942E-001
    0.216020000000E+005    0.349413448807E-001
    0.216520000000E+005    0.350376814416E-001
    0.217020000000E+005    0.351339304493E-001
    0.217520000000E+005    0.352300913793E-001
    0.218020000000E+005    0.353261637104E-001
    0.218520000000E+005    0.354221469249E-001
    0.219020000000E+005    0.355180405086E-001
    0.219520000000E+005    0.356138439504E-001
    0.220020000000E+005    0.357095567426E-001
    0.220520000000E+005    0.358051783809E-001
    0.221020000000E+005    0.359007083643E-001
    0.221520000000E+005    0.359961461949E-001
    0.222020000000E+005    0.360914913783E-001
    0.222520000000E+005    0.361867434232E-001
    0.223020000000E+005    0.362819018417E-001
    0.223520000000E+005    0.363769661489E-001
    0.224020000000E+005    0.364719358634E-001
    0.224520000000E+005    0.365668105068E-001
    0.225020000000E+005    0.366615896040E-001
    0.225520000000E+005    0.367562726829E-001
    0.226020000000E+005    0.368508592749E-001
    0.226520000000E+005    0.369453489142E-001
    0.227020000000E+005    0.370397411384E-001
    0.227520000000E+005    0.371340354879E-001
    0.228020000000E+005    0.372282315067E-001
    0.228520000000E+005    0.373223287414E-001
    0.229020000000E+005    0.374163267420E-001
    0.229520000000E+005    0.375102250615E-001
    0.230020000000E+005    0.376040232558E-001
    0.230520000000E+005    0.376977208841E-001
    0.231020000000E+005    0.377913175085E-001
    0.231520000000E+005    0.378848126941E-001
    0.232020000000E+005    0.379782060090E-001
    0.232520000000E+005    0.380714970244E-001
    0.233020000000E+005    0.381646853144E-001
    0.233520000000E+005    0.382577704560E-001
    0.234020000000E+005    0.383507520292E-001
    0.234520000000E+005    0.384436296171E-001
    0.235020000000E+005    0.385364028056E-001
    0.235520000000E+005    0.386290711835E-001
    0.236020000000E+005    0.387216343424E-001
    0.236520000000E+005    0.388140918771E-001
    0.237020000000E+005    0.389064433849E-001
    0.237520000000E+005    0.389986884664E-001
    0.238020000000E+005    0.390908267246E-001
    0.238520000000E+005    0.391828577657E-001
    0.239020000000E+005    0.392747811986E-001
    0.239520000000E+005    0.393665966349E-001
    0.240020000000E+005    0.394583036892E-001
    0.240520000000E+005    0.395499019788E-001
    0.241020000000E+005    0.396413911238E-001
    0.241520000000E+005    0.397327707470E-001
    0.242020000000E+005    0.398240404741E-001
    0.242520000000E+005    0.399151999335E-001
    0.243020000000E+005    0.400062487562E-001
    0.243520000000E+005    0.400971865760E-001
    0.244020000000E+005    0.401880130296E-001
    0.244520000000E+005    0.402787277561E-001
    0.245020000000E+005    0.403693303975E-001
    0.245520000000E+005    0.404598205983E-001
    0.246020000000E+005    0.405501980059E-001
    0.246520000000E+005    0.406404622701E-001
    0.247020000000E+005    0.407306130434E-001
    0.247520000000E+005    0.408206499812E-001
    0.248020000000E+005    0.409105727410E-001
    0.248520000000E+005    0.410003809835E-001
    0.249020000000E+005    0.410900743715E-001
    0.249520000000E+005    0.411796525707E-001
    0.250020000000E+005    0.412691152492E-001
    0.250520000000E+005    0.413584620778E-001
    0.251020000000E+005    0.414476927296E-001
    0.251520000000E+005    0.415368068805E-001
    0.252020000000E+005    0.416258042089E-001
    0.252520000000E+005    0.417146843955E-001
    0.253020000000E+005    0.418034471238E-001
    0.253520000000E+005    0.418920920796E-001
    0.254020000000E+005    0.419806189512E-001
    0.254520000000E+005    0.420690274295E-001
    0.255020000000E+005    0.421573172076E-001
    0.255520000000E+005    0.422454879814E-001
    0.256020000000E+005    0.423335394489E-001
    0.256520000000E+005    0.424214713108E-001
    0.257020000000E+005    0.425092832700E-001
    0.257520000000E+005    0.425969750320E-001
    0.258020000000E+005    0.426845463046E-001
    0.258520000000E+005    0.427719967980E-001
    0.259020000000E+005    0.428593262247E-001
    0.259520000000E+005    0.429465342998E-001
    0.260020000000E+005    0.430336207404E-001
    0.260520000000E+005    0.431205852662E-001
    0.261020000000E+005    0.432074275992E-001
    0.261520000000E+005    0.432941474637E-001
    0.262020000000E+005    0.433807445863E-001
    0.262520000000E+005    0.434672186960E-001
    0.263020000000E+005    0.435535695238E-001
    0.263520000000E+005    0.436397968033E-001
    0.264020000000E+005    0.437259002703E-001
    0.264520000000E+005    0.438118796628E-001
    0.265020000000E+005    0.438977347210E-001
    0.265520000000E+005    0.439834651875E-001
    0.266020000000E+005    0.440690708070E-001
    0.266520000000E+005    0.441545513264E-001
    0.267020000000E+005    0.442399064951E-001
    0.267520000000E+005    0.443251360643E-001
    0.268020000000E+005    0.444102397877E-001
    0.268520000000E+005    0.444952174209E-001
    0.269020000000E+005    0.445800687219E-001
    0.269520000000E+005    0.446647934509E-001
    0.270020000000E+005    0.447493913701E-001
    0.270520000000E+005    0.448338622438E-001
    0.271020000000E+005    0.449182058386E-001
    0.271520000000E+005    0.450024219231E-001
    0.272020000000E+005    0.450865102681E-001
    0.272520000000E+005    0.451704706465E-001
    0.273020000000E+005    0.452543028333E-001
    0.273520000000E+005    0.453380066054E-001
    0.274020000000E+005    0.454215817421E-001
    0.274520000000E+005    0.455050280245E-001
    0.275020000000E+005    0.455883452358E-001
    0.275520000000E+005    0.456715331614E-001
    0.276020000000E+005    0.457545915887E-001
    0.276520000000E+005    0.458375203069E-001
    0.277020000000E+005    0.459203191075E-001
    0.277520000000E+005    0.460029877840E-001
    0.278020000000E+005    0.460855261316E-001
    0.278520000000E+005    0.461679339478E-001
    0.279020000000E+005    0.462502110320E-001
    0.279520000000E+005    0.463323571855E-001
    0.280020000000E+005    0.464143722117E-001
    0.280520000000E+005    0.464962559159E-001
    0.281020000000E+005    0.465780081053E-001
    0.281520000000E+005    0.466596285890E-001
    0.282020000000E+005    0.467411171782E-001
    0.282520000000E+005    0.468224736859E-001
    0.283020000000E+005    0.469036979270E-001
    0.283520000000E+005    0.469847897184E-001
    0.284020000000E+005    0.470657488788E-001
    0.284520000000E+005    0.471465752288E-001
    0.285020000000E+005    0.472272685909E-001
    0.285520000000E+005    0.473078287896E-001
    0.286020000000E+005    0.473882556510E-001
    0.286520000000E+005    0.474685490032E-001
    0.287020000000E+005    0.475487086762E-001
    0.287520000000E+005    0.476287345017E-001
    0.288020000000E+005    0.477086263133E-001
    0.288520000000E+005    0.477883839463E-001
    0.289020000000E+005    0.478680072382E-001
    0.289520000000E+005    0.479474960277E-001
    0.290020000000E+005    0.480268501558E-001
    0.290520000000E+005    0.481060694651E-001
    0.291020000000E+005    0.481851537998E-001
    0.291520000000E+005    0.482641030063E-001
    0.292020000000E+005    0.483429169323E-001
    0.292520000000E+005    0.484215954275E-001
    0.293020000000E+005    0.485001383433E-001
    0.293520000000E+005    0.485785455329E-001
    0.294020000000E+005    0.486568168511E-001
    0.294520000000E+005    0.487349521545E-001
    0.295020000000E+005    0.488129513013E-001
    0.295520000000E+005    0.488908141516E-001
    0.296020000000E+005    0.489685405670E-001
    0.296520000000E+005    0.490461304110E-001
    0.297020000000E+005    0.491235835485E-001
    0.297520000000E+005    0.492008998464E-001
    0.298020000000E+005    0.492780791729E-001
    0.298520000000E+005    0.493551213982E-001
    0.299020000000E+005    0.494320263939E-001
    0.299520000000E+005    0.495087940334E-001
    0.300020000000E+005    0.495854241916E-001
    0.300520000000E+005    0.496619167451E-001
    0.301020000000E+005    0.497382715722E-001
    0.301520000000E+005    0.498144885526E-001
    0.302020000000E+005    0.498905675678E-001
    0.302520000000E+005    0.499665085007E-001
    0.303020000000E+005    0.500423112361E-001
    0.303520000000E+005    0.501179756600E-001
    0.304020000000E+005    0.501935016602E-001
    0.304520000000E+005    0.502688891261E-001
    0.305020000000E+005    0.503441379484E-001
    0.305520000000E+005    0.504192480197E-001
    0.306020000000E+005    0.504942192339E-001
    0.306520000000E+005    0.505690514865E-001
    0.307020000000E+005    0.506437446745E-001
    0.307520000000E+005    0.507182986965E-001
    0.308020000000E+005    0.507927134525E-001
    0.308520000000E+005    0.508669888440E-001
    0.309020000000E+005    0.509411247743E-001
    0.309520000000E+005    0.510151211477E-001
    0.310020000000E+005    0.510889778704E-001
    0.310520000000E+005    0.511626948499E-001
    0.311020000000E+005    0.512362719951E-001
    0.311520000000E+005    0.513097092165E-001
    0.312020000000E+005    0.513830064261E-001
    0.312520000000E+005    0.514561635370E-001
    0.313020000000E+005    0.515291804643E-001
    0.313520000000E+005    0.516020571240E-001
    0.314020000000E+005    0.516747934339E-001
    0.314520000000E+005    0.517473893130E-001
    0.315020000000E+005    0.518198446818E-001
    0.315520000000E+005    0.518921594623E-001
    0.316020000000E+005    0.519643335776E-001
    0.316520000000E+005    0.520363669526E-001
    0.317020000000E+005    0.521082595132E-001
    0.317520000000E+005    0.521800111871E-001
    0.318020000000E+005    0.522516219029E-001
    0.318520000000E+005    0.523230915909E-001
    0.319020000000E+005    0.523944201827E-001
    0.319520000000E+005    0.524656076111E-001
    0.320020000000E+005    0.525366538105E-001
    0.320520000000E+005    0.526075587164E-001
    0.321020000000E+005    0.526783222658E-001
    0.321520000000E+005    0.527489443969E-001
    0.322020000000E+005    0.528194250494E-001
    0.322520000000E+005    0.528897641640E-001
    0.323020000000E+005    0.529599616831E-001
    0.323520000000E+005    0.530300175502E-001
    0.324020000000E+005    0.530999317100E-001
    0.324520000000E+005    0.531697041086E-001
    0.325020000000E+005    0.532393346934E-001
    0.325520000000E+005    0.533088234131E-001
    0.326020000000E+005    0.533781702175E-001
    0.326520000000E+005    0.534473750579E-001
    0.327020000000E+005    0.535164378867E-001
    0.327520000000E+005    0.535853586576E-001
    0.328020000000E+005    0.536541373255E-001
    0.328520000000E+005    0.537227738465E-001
    0.329020000000E+005    0.537912681782E-001
    0.329520000000E+005    0.538596202792E-001
    0.330020000000E+005    0.539278301092E-001
    0.330520000000E+005    0.539958976293E-001
    0.331020000000E+005    0.540638228019E-001
    0.331520000000E+005    0.541316055903E-001
    0.332020000000E+005    0.541992459594E-001
    0.332520000000E+005    0.542667438748E-001
    0.333020000000E+005    0.543340993038E-001
    0.333520000000E+005    0.544013122144E-001
    0.334020000000E+005    0.544683825762E-001
    0.334520000000E+005    0.545353103596E-001
    0.335020000000E+005    0.546020955364E-001
    0.335520000000E+005    0.546687380794E-001
    0.336020000000E+005    0.547352379627E-001
    0.336520000000E+005    0.548015951615E-001
    0.337020000000E+005    0.548678096520E-001
    0.337520000000E+005    0.549338814117E-001
    0.338020000000E+005    0.549998104192E-001
    0.338520000000E+005    0.550655966541E-001
    0.339020000000E+005    0.551312400973E-001
    0.339520000000E+005    0.551967407306E-001
    0.340020000000E+005    0.552620985370E-001
    0.340520000000E+005    0.553273135007E-001
    0.341020000000E+005    0.553923856069E-001
    0.341520000000E+005    0.554573148418E-001
    0.342020000000E+005    0.555221011928E-001
    0.342520000000E+005    0.555867446484E-001
    0.343020000000E+005    0.556512451980E-001
    0.343520000000E+005    0.557156028322E-001
    0.344020000000E+005    0.557798175427E-001
    0.344520000000E+005    0.558438893222E-001
    0.345020000000E+005    0.559078181643E-001
    0.345520000000E+005    0.559716040639E-001
    0.346020000000E+005    0.560352470168E-001
    0.346520000000E+005    0.560987470197E-001
    0.347020000000E+005    0.561621040707E-001
    0.347520000000E+005    0.562253181686E-001
    0.348020000000E+005    0.562883893132E-001
    0.348520000000E+005    0.563513175056E-001
    0.349020000000E+005    0.564141027476E-001
    0.349520000000E+005    0.564767450422E-001
    0.350020000000E+005    0.565392443933E-001
    0.350520000000E+005    0.566016008057E-001
    0.351020000000E+005    0.566638142855E-001
    0.351520000000E+005    0.567258848394E-001
    0.352020000000E+005    0.567878124754E-001
    0.352520000000E+005    0.568495972022E-001
    0.353020000000E+005    0.569112390296E-001
    0.353520000000E+005    0.569727379683E-001
    0.354020000000E+005    0.570340940301E-001
    0.354520000000E+005    0.570953072277E-001
    0.355020000000E+005    0.571563775745E-001
    0.355520000000E+005    0.572173050852E-001
    0.356020000000E+005    0.572780897751E-001
    0.356520000000E+005    0.573387316607E-001
    0.357020000000E+005    0.573992307593E-001
    0.357520000000E+005    0.574595870892E-001
    0.358020000000E+005    0.575198006694E-001
    0.358520000000E+005    0.575798715201E-001
    0.359020000000E+005    0.576397996622E-001
    0.359520000000E+005    0.576995851176E-001
    0.360020000000E+005    0.577592279091E-001
    0.360520000000E+005    0.578187280602E-001
    0.361020000000E+005    0.578780855956E-001
    0.361520000000E+005    0.579373005407E-001
    0.362020000000E+005    0.579963729217E-001
    0.362520000000E+005    0.580553027658E-001
    0.363020000000E+005    0.581140901011E-001
    0.363520000000E+005    0.581727349565E-001
    0.364020000000E+005    0.582312373617E-001
    0.364520000000E+005    0.582895973473E-001
    0.365020000000E+005    0.583478149448E-001
    0.365520000000E+005    0.584058901865E-001
    0.366020000000E+005    0.584638231055E-001
    0.366520000000E+005    0.585216137358E-001
    0.367020000000E+005    0.585792621123E-001
    0.367520000000E+005    0.586367682705E-001
    0.368020000000E+005    0.586941322469E-001
    0.368520000000E+005    0.587513540787E-001
    0.369020000000E+005    0.588084338042E-001
    0.369520000000E+005    0.588653714621E-001
    0.370020000000E+005    0.589221670921E-001
    0.370520000000E+005    0.589788207348E-001
    0.371020000000E+005    0.590353324314E-001
    0.371520000000E+005    0.590917022241E-001
    0.372020000000E+005    0.591479301556E-001
    0.372520000000E+005    0.592040162697E-001
    0.373020000000E+005    0.592599606108E-001
    0.373520000000E+005    0.593157632240E-001
    0.374020000000E+005    0.593714241553E-001
    0.374520000000E+005    0.594269434515E-001
    0.375020000000E+005    0.594823211601E-001
    0.375520000000E+005    0.595375573293E-001
    0.376020000000E+005    0.595926520082E-001
    0.376520000000E+005    0.596476052464E-001
    0.377020000000E+005    0.597024170945E-001
    0.377520000000E+005    0.597570876036E-001
    0.378020000000E+005    0.598116168259E-001
    0.378520000000E+005    0.598660048140E-001
    0.379020000000E+005    0.599202516212E-001
    0.379520000000E+005    0.599743573018E-001
    0.380020000000E+005    0.600283219107E-001
    0.380520000000E+005    0.600821455034E-001
    0.381020000000E+005    0.601358281362E-001
    0.381520000000E+005    0.601893698662E-001
    0.382020000000E+005    0.602427707510E-001
    0.382520000000E+005    0.602960308491E-001
    0.383020000000E+005    0.603491502195E-001
    0.383520000000E+005    0.604021289221E-001
    0.384020000000E+005    0.604549670173E-001
    0.384520000000E+005    0.605076645663E-001
    0.385020000000E+005    0.605602216310E-001
    0.385520000000E+005    0.606126382739E-001
    0.386020000000E+005    0.606649145581E-001
    0.386520000000E+005    0.607170505476E-001
    0.387020000000E+005    0.607690463068E-001
    0.387520000000E+005    0.608209019009E-001
    0.388020000000E+005    0.608726173959E-001
    0.388520000000E+005    0.609241928581E-001
    0.389020000000E+005    0.609756283548E-001
    0.389520000000E+005    0.610269239537E-001
    0.390020000000E+005    0.610780797232E-001
    0.390520000000E+005    0.611290957325E-001
    0.391020000000E+005    0.611799720512E-001
    0.391520000000E+005    0.612307087497E-001
    0.392020000000E+005    0.612813058989E-001
    0.392520000000E+005    0.613317635704E-001
    0.393020000000E+005    0.613820818364E-001
    0.393520000000E+005    0.614322607697E-001
    0.394020000000E+005    0.614823004439E-001
    0.394520000000E+005    0.615322009328E-001
    0.395020000000E+005    0.615819623112E-001
    0.395520000000E+005    0.616315846543E-001
    0.396020000000E+005    0.616810680379E-001
    0.396520000000E+005    0.617304125386E-001
    0.397020000000E+005    0.617796182332E-001
    0.397520000000E+005    0.618286851995E-001
    0.398020000000E+005    0.618776135156E-001
    0.398520000000E+005    0.619264032604E-001
    0.399020000000E+005    0.619750545132E-001
    0.399520000000E+005    0.620235673538E-001
    0.400020000000E+005    0.620719418629E-001
    0.400520000000E+005    0.621201781215E-001
    0.401020000000E+005    0.621682762112E-001
    0.401520000000E+005    0.622162362143E-001
    0.402020000000E+005    0.622640582134E-001
    0.402520000000E+005    0.623117422919E-001
    0.403020000000E+005    0.623592885336E-001
    0.403520000000E+005    0.624066970229E-001
    0.404020000000E+005    0.624539678449E-001
    0.404520000000E+005    0.625011010848E-001
    0.405020000000E+005    0.625480968289E-001
    0.405520000000E+005    0.625949551636E-001
    0.406020000000E+005    0.626416761760E-001
    0.406520000000E+005    0.626882599537E-001
    0.407020000000E+005    0.627347065849E-001
    0.407520000000E+005    0.627810161582E-001
    0.408020000000E+005    0.628271887627E-001
    0.408520000000E+005    0.628732244882E-001
    0.409020000000E+005    0.629191234249E-001
    0.409520000000E+005    0.629648856635E-001
    0.410020000000E+005    0.630105112951E-001
    0.410520000000E+005    0.630560004115E-001
    0.411020000000E+005    0.631013531049E-001
    0.411520000000E+005    0.631465694680E-001
    0.412020000000E+005    0.631916495940E-001
    0.412520000000E+005    0.632365935765E-001
    0.413020000000E+005    0.632814015098E-001
    0.413520000000E+005    0.633260734885E-001
    0.414020000000E+005    0.633706096077E-001
    0.414520000000E+005    0.634150099630E-001
    0.415020000000E+005    0.634592746505E-001
    0.415520000000E+005    0.635034037668E-001
    0.416020000000E+005    0.635473974089E-001
    0.416520000000E+005    0.635912556743E-001
    0.417020000000E+005    0.636349786608E-001
    0.417520000000E+005    0.636785664670E-001
    0.418020000000E+005    0.637220191917E-001
    0.418520000000E+005    0.637653369342E-001
    0.419020000000E+005    0.638085197943E-001
    0.419520000000E+005    0.638515678721E-001
    0.420020000000E+005    0.638944812684E-001
    0.420520000000E+005    0.639372600842E-001
    0.421020000000E+005    0.639799044210E-001
    0.421520000000E+005    0.640224143809E-001
    0.422020000000E+005    0.640647900662E-001
    0.422520000000E+005    0.641070315798E-001
    0.423020000000E+005    0.641491390250E-001
    0.423520000000E+005    0.641911125053E-001
    0.424020000000E+005    0.642329521250E-001
    0.424520000000E+005    0.642746579885E-001
    0.425020000000E+005    0.643162302009E-001
    0.425520000000E+005    0.643576688673E-001
    0.426020000000E+005    0.643989740937E-001
    0.426520000000E+005    0.644401459862E-001
    0.427020000000E+005    0.644811846513E-001
    0.427520000000E+005    0.645220901961E-001
    0.428020000000E+005    0.645628627278E-001
    0.428520000000E+005    0.646035023544E-001
    0.429020000000E+005    0.646440091840E-001
    0.429520000000E+005    0.646843833250E-001
    0.430020000000E+005    0.647246248866E-001
    0.430520000000E+005    0.647647339779E-001
    0.431020000000E+005    0.648047107088E-001
    0.431520000000E+005    0.648445551893E-001
    0.432020000000E+005    0.648842675300E-001
    0.432520000000E+005    0.649238478416E-001
    0.433020000000E+005    0.649632962354E-001
    0.433520000000E+005    0.650026128230E-001
    0.434020000000E+005    0.650417977164E-001
    0.434520000000E+005    0.650808510279E-001
    0.435020000000E+005    0.651197728701E-001
    0.435520000000E+005    0.651585633562E-001
    0.436020000000E+005    0.651972225996E-001
    0.436520000000E+005    0.652357507140E-001
    0.437020000000E+005    0.652741478136E-001
    0.437520000000E+005    0.653124140128E-001
    0.438020000000E+005    0.653505494264E-001
    0.438520000000E+005    0.653885541697E-001
    0.439020000000E+005    0.654264283580E-001
    0.439520000000E+005    0.654641721074E-001
    0.440020000000E+005    0.655017855339E-001
    0.440520000000E+005    0.655392687541E-001
    0.441020000000E+005    0.655766218848E-001
    0.441520000000E+005    0.656138450433E-001
    0.442020000000E+005    0.656509383470E-001
    0.442520000000E+005    0.656879019137E-001
    0.443020000000E+005    0.657247358618E-001
    0.443520000000E+005    0.657614403096E-001
    0.444020000000E+005    0.657980153759E-001
    0.444520000000E+005    0.658344611799E-001
    0.445020000000E+005    0.658707778410E-001
    0.445520000000E+005    0.659069654789E-001
    0.446020000000E+005    0.659430242138E-001
    0.446520000000E+005    0.659789541659E-001
    0.447020000000E+005    0.660147554560E-001
    0.447520000000E+005    0.660504282050E-001
    0.448020000000E+005    0.660859725342E-001
    0.448520000000E+005    0.661213885652E-001
    0.449020000000E+005    0.661566764199E-001
    0.449520000000E+005    0.661918362203E-001
    0.450020000000E+005    0.662268680891E-001
    0.450520000000E+005    0.662617721488E-001
    0.451020000000E+005    0.662965485226E-001
    0.451520000000E+005    0.663311973337E-001
    0.452020000000E+005    0.663657187058E-001
    0.452520000000E+005    0.664001127627E-001
    0.453020000000E+005    0.664343796286E-001
    0.453520000000E+005    0.664685194280E-001
    0.454020000000E+005    0.665025322855E-001
    0.454520000000E+005    0.665364183261E-001
    0.455020000000E+005    0.665701776751E-001
    0.455520000000E+005    0.666038104581E-001
    0.456020000000E+005    0.666373168006E-001
    0.456520000000E+005    0.666706968289E-001
    0.457020000000E+005    0.667039506693E-001
    0.457520000000E+005    0.667370784482E-001
    0.458020000000E+005    0.667700802926E-001
    0.458520000000E+005    0.668029563295E-001
    0.459020000000E+005    0.668357066863E-001
    0.459520000000E+005    0.668683314905E-001
    0.460020000000E+005    0.669008308700E-001
    0.460520000000E+005    0.669332049528E-001
    0.461020000000E+005    0.669654538673E-001
    0.461520000000E+005    0.669975777421E-001
    0.462020000000E+005    0.670295767059E-001
    0.462520000000E+005    0.670614508878E-001
    0.463020000000E+005    0.670932004172E-001
    0.463520000000E+005    0.671248254234E-001
    0.464020000000E+005    0.671563260364E-001
    0.464520000000E+005    0.671877023860E-001
    0.465020000000E+005    0.672189546025E-001
    0.465520000000E+005    0.672500828163E-001
    0.466020000000E+005    0.672810871581E-001
    0.466520000000E+005    0.673119677588E-001
    0.467020000000E+005    0.673427247495E-001
    0.467520000000E+005    0.673733582616E-001
    0.468020000000E+005    0.674038684265E-001
    0.468520000000E+005    0.674342553761E-001
    0.469020000000E+005    0.674645192423E-001
    0.469520000000E+005    0.674946601573E-001
    0.470020000000E+005    0.675246782536E-001
    0.470520000000E+005    0.675545736637E-001
    0.471020000000E+005    0.675843465205E-001
    0.471520000000E+005    0.676139969569E-001
    0.472020000000E+005    0.676435251062E-001
    0.472520000000E+005    0.676729311019E-001
    0.473020000000E+005    0.677022150775E-001
    0.473520000000E+005    0.677313771669E-001
    0.474020000000E+005    0.677604175041E-001
    0.474520000000E+005    0.677893362233E-001
    0.475020000000E+005    0.678181334589E-001
    0.475520000000E+005    0.678468093455E-001
    0.476020000000E+005    0.678753640180E-001
    0.476520000000E+005    0.679037976111E-001
    0.477020000000E+005    0.679321102602E-001
    0.477520000000E+005    0.679603021005E-001
    0.478020000000E+005    0.679883732676E-001
    0.478520000000E+005    0.680163238971E-001
    0.479020000000E+005    0.680441541250E-001
    0.479520000000E+005    0.680718640873E-001
    0.480020000000E+005    0.680994539202E-001
    0.480520000000E+005    0.681269237601E-001
    0.481020000000E+005    0.681542737437E-001
    0.481520000000E+005    0.681815040075E-001
    0.482020000000E+005    0.682086146886E-001
    0.482520000000E+005    0.682356059240E-001
    0.483020000000E+005    0.682624778510E-001
    0.483520000000E+005    0.682892306070E-001
    0.484020000000E+005    0.683158643294E-001
    0.484520000000E+005    0.683423791562E-001
    0.485020000000E+005    0.683687752250E-001
    0.485520000000E+005    0.683950526740E-001
    0.486020000000E+005    0.684212116414E-001
    0.486520000000E+005    0.684472522655E-001
    0.487020000000E+005    0.684731746848E-001
    0.487520000000E+005    0.684989790379E-001
    0.488020000000E+005    0.685246654637E-001
    0.488520000000E+005    0.685502341011E-001
    0.489020000000E+005    0.685756850892E-001
    0.489520000000E+005    0.686010185672E-001
    0.490020000000E+005    0.686262346744E-001
    0.490520000000E+005    0.686513335505E-001
    0.491020000000E+005    0.686763153350E-001
    0.491520000000E+005    0.687011801678E-001
    0.492020000000E+005    0.687259281887E-001
    0.492520000000E+005    0.687505595379E-001
    0.493020000000E+005    0.687750743555E-001
    0.493520000000E+005    0.687994727819E-001
    0.494020000000E+005    0.688237549574E-001
    0.494520000000E+005    0.688479210228E-001
    0.495020000000E+005    0.688719711186E-001
    0.495520000000E+005    0.688959053858E-001
    0.496020000000E+005    0.689197239654E-001
    0.496520000000E+005    0.689434269982E-001
    0.497020000000E+005    0.689670146257E-001
    0.497520000000E+005    0.689904869891E-001
    0.498020000000E+005    0.690138442299E-001
    0.498520000000E+005    0.690370864896E-001
    0.499020000000E+005    0.690602139098E-001
    0.499520000000E+005    0.690832266325E-001
    0.500020000000E+005    0.691061247994E-001
    0.500520000000E+005    0.691289085527E-001
    0.501020000000E+005    0.691515780343E-001
    0.501520000000E+005    0.691741333866E-001
    0.502020000000E+005    0.691965747519E-001
    0.502520000000E+005    0.692189022726E-001
    0.503020000000E+005    0.692411160913E-001
    0.503520000000E+005    0.692632163506E-001
    0.504020000000E+005    0.692852031933E-001
    0.504520000000E+005    0.693070767622E-001
    0.505020000000E+005    0.693288372003E-001
    0.505520000000E+005    0.693504846506E-001
    0.506020000000E+005    0.693720192563E-001
    0.506520000000E+005    0.693934411606E-001
    0.507020000000E+005    0.694147505068E-001
    0.507520000000E+005    0.694359474384E-001
    0.508020000000E+005    0.694570320988E-001
    0.508520000000E+005    0.694780046318E-001
    0.509020000000E+005    0.694988651809E-001
    0.509520000000E+005    0.695196138900E-001
    0.510020000000E+005    0.695402509029E-001
    0.510520000000E+005    0.695607763636E-001
    0.511020000000E+005    0.695811904160E-001
    0.511520000000E+005    0.696014932044E-001
    0.512020000000E+005    0.696216848729E-001
    0.512520000000E+005    0.696417655657E-001
    0.513020000000E+005    0.696617354273E-001
    0.513520000000E+005    0.696815946021E-001
    0.514020000000E+005    0.697013432345E-001
    0.514520000000E+005    0.697209814691E-001
    0.515020000000E+005    0.697405094506E-001
    0.515520000000E+005    0.697599273238E-001
    0.516020000000E+005    0.697792352333E-001
    0.516520000000E+005    0.697984333241E-001
    0.517020000000E+005    0.698175217412E-001
    0.517520000000E+005    0.698365006294E-001
    0.518020000000E+005    0.698553701338E-001
    0.518520000000E+005    0.698741303997E-001
    0.519020000000E+005    0.698927815721E-001
    0.519520000000E+005    0.699113237964E-001
    0.520020000000E+005    0.699297572178E-001
    0.520520000000E+005    0.699480819817E-001
    0.521020000000E+005    0.699662982336E-001
    0.521520000000E+005    0.699844061189E-001
    0.522020000000E+005    0.700024057833E-001
    0.522520000000E+005    0.700202973722E-001
    0.523020000000E+005    0.700380810313E-001
    0.523520000000E+005    0.700557569064E-001
    0.524020000000E+005    0.700733251433E-001
    0.524520000000E+005    0.700907858876E-001
    0.525020000000E+005    0.701081392854E-001
    0.525520000000E+005    0.701253854824E-001
    0.526020000000E+005    0.701425246247E-001
    0.526520000000E+005    0.701595568583E-001
    0.527020000000E+005    0.701764823292E-001
    0.527520000000E+005    0.701933011835E-001
    0.528020000000E+005    0.702100135673E-001
    0.528520000000E+005    0.702266196269E-001
    0.529020000000E+005    0.702431195084E-001
    0.529520000000E+005    0.702595133580E-001
    0.530020000000E+005    0.702758013222E-001
    0.530520000000E+005    0.702919835472E-001
    0.531020000000E+005    0.703080601794E-001
    0.531520000000E+005    0.703240313653E-001
    0.532020000000E+005    0.703398972511E-001
    0.532520000000E+005    0.703556579835E-001
    0.533020000000E+005    0.703713137089E-001
    0.533520000000E+005    0.703868645739E-001
    0.534020000000E+005    0.704023107251E-001
    0.534520000000E+005    0.704176523089E-001
    0.535020000000E+005    0.704328894722E-001
    0.535520000000E+005    0.704480223614E-001
    0.536020000000E+005    0.704630511234E-001
    0.536520000000E+005    0.704779759048E-001
    0.537020000000E+005    0.704927968523E-001
    0.537520000000E+005    0.705075141127E-001
    0.538020000000E+005    0.705221278328E-001
    0.538520000000E+005    0.705366381594E-001
    0.539020000000E+005    0.705510452392E-001
    0.539520000000E+005    0.705653492192E-001
    0.540020000000E+005    0.705795502462E-001
    0.540520000000E+005    0.705936484670E-001
    0.541020000000E+005    0.706076440285E-001
    0.541520000000E+005    0.706215370778E-001
    0.542020000000E+005    0.706353277616E-001
    0.542520000000E+005    0.706490162269E-001
    0.543020000000E+005    0.706626026207E-001
    0.543520000000E+005    0.706760870899E-001
    0.544020000000E+005    0.706894697814E-001
    0.544520000000E+005    0.707027508424E-001
    0.545020000000E+005    0.707159304197E-001
    0.545520000000E+005    0.707290086604E-001
    0.546020000000E+005    0.707419857114E-001
    0.546520000000E+005    0.707548617199E-001
    0.547020000000E+005    0.707676368327E-001
    0.547520000000E+005    0.707803111969E-001
    0.548020000000E+005    0.707928849596E-001
    0.548520000000E+005    0.708053582677E-001
    0.549020000000E+005    0.708177312684E-001
    0.549520000000E+005    0.708300041086E-001
    0.550020000000E+005    0.708421769353E-001
    0.550520000000E+005    0.708542498956E-001
    0.551020000000E+005    0.708662231366E-001
    0.551520000000E+005    0.708780968052E-001
    0.552020000000E+005    0.708898710485E-001
    0.552520000000E+005    0.709015460135E-001
    0.553020000000E+005    0.709131218473E-001
    0.553520000000E+005    0.709245986967E-001
    0.554020000000E+005    0.709359767089E-001
    0.554520000000E+005    0.709472560307E-001
    0.555020000000E+005    0.709584368093E-001
    0.555520000000E+005    0.709695191916E-001
    0.556020000000E+005    0.709805033245E-001
    0.556520000000E+005    0.709913893551E-001
    0.557020000000E+005    0.710021774302E-001
    0.557520000000E+005    0.710128676968E-001
    0.558020000000E+005    0.710234603018E-001
    0.558520000000E+005    0.710339553921E-001
    0.559020000000E+005    0.710443531147E-001
    0.559520000000E+005    0.710546536163E-001
    0.560020000000E+005    0.710648570439E-001
    0.560520000000E+005    0.710749635442E-001
    0.561020000000E+005    0.710849732642E-001
    0.561520000000E+005    0.710948863506E-001
    0.562020000000E+005    0.711047029502E-001
    0.562520000000E+005    0.711144232098E-001
    0.563020000000E+005    0.711240472761E-001
    0.563520000000E+005    0.711335752958E-001
    0.564020000000E+005    0.711430074157E-001
    0.564520000000E+005    0.711523437824E-001
    0.565020000000E+005    0.711615845426E-001
    0.565520000000E+005    0.711707298428E-001
    0.566020000000E+005    0.711797798298E-001
    0.566520000000E+005    0.711887346501E-001
    0.567020000000E+005    0.711975944502E-001
    0.567520000000E+005    0.712063593767E-001
    0.568020000000E+005    0.712150295761E-001
    0.568520000000E+005    0.712236051947E-001
    0.569020000000E+005    0.712320863791E-001
    0.569520000000E+005    0.712404732757E-001
    0.570020000000E+005    0.712487660308E-001
    0.570520000000E+005    0.712569647908E-001
    0.571020000000E+005    0.712650697020E-001
    0.571520000000E+005    0.712730809107E-001
    0.572020000000E+005    0.712809985630E-001
    0.572520000000E+005    0.712888228053E-001
    0.573020000000E+005    0.712965537837E-001
    0.573520000000E+005    0.713041916442E-001
    0.574020000000E+005    0.713117365331E-001
    0.574520000000E+005    0.713191885964E-001
    0.575020000000E+005    0.713265479801E-001
    0.575520000000E+005    0.713338148302E-001
    0.576020000000E+005    0.713409892926E-001
    0.576520000000E+005    0.713480715132E-001
    0.577020000000E+005    0.713550616380E-001
    0.577520000000E+005    0.713619598127E-001
    0.578020000000E+005    0.713687661831E-001
    0.578520000000E+005    0.713754808949E-001
    0.579020000000E+005    0.713821040939E-001
    0.579520000000E+005    0.713886359257E-001
    0.580020000000E+005    0.713950765358E-001
    0.580520000000E+005    0.714014260699E-001
    0.581020000000E+005    0.714076846735E-001
    0.581520000000E+005    0.714138524920E-001
    0.582020000000E+005    0.714199296709E-001
    0.582520000000E+005    0.714259163555E-001
    0.583020000000E+005    0.714318126912E-001
    0.583520000000E+005    0.714376188232E-001
    0.584020000000E+005    0.714433348967E-001
    0.584520000000E+005    0.714489610570E-001
    0.585020000000E+005    0.714544974492E-001
    0.585520000000E+005    0.714599442182E-001
    0.586020000000E+005    0.714653015093E-001
    0.586520000000E+005    0.714705694672E-001
    0.587020000000E+005    0.714757482370E-001
    0.587520000000E+005    0.714808379634E-001
    0.588020000000E+005    0.714858387914E-001
    0.588520000000E+005    0.714907508656E-001
    0.589020000000E+005    0.714955743308E-001
    0.589520000000E+005    0.715003093316E-001
    0.590020000000E+005    0.715049560125E-001
    0.590520000000E+005    0.715095145181E-001
    0.591020000000E+005    0.715139849929E-001
    0.591520000000E+005    0.715183675813E-001
    0.592020000000E+005    0.715226624276E-001
    0.592520000000E+005    0.715268696761E-001
    0.593020000000E+005    0.715309894711E-001
    0.593520000000E+005    0.715350219567E-001
    0.594020000000E+005    0.715389672770E-001
    0.594520000000E+005    0.715428255761E-001
    0.595020000000E+005    0.715465969980E-001
    0.595520000000E+005    0.715502816865E-001
    0.596020000000E+005    0.715538797856E-001
    0.596520000000E+005    0.715573914390E-001
    0.597020000000E+005    0.715608167905E-001
    0.597520000000E+005    0.715641559837E-001
    0.598020000000E+005    0.715674091622E-001
    0.598520000000E+005    0.715705764697E-001
    0.599020000000E+005    0.715736580494E-001
    0.599520000000E+005    0.715766540449E-001
    0.600020000000E+005    0.715795645995E-001
    0.600520000000E+005    0.715823898564E-001
    0.601020000000E+005    0.715851299588E-001
    0.601520000000E+005    0.715877850499E-001
    0.602020000000E+005    0.715903552727E-001
    0.602520000000E+005    0.715928407702E-001
    0.603020000000E+005    0.715952416853E-001
    0.603520000000E+005    0.715975581609E-001
    0.604020000000E+005    0.715997903398E-001
    0.604520000000E+005    0.716019383645E-001
    0.605020000000E+005    0.716040023779E-001
    0.605520000000E+005    0.716059825224E-001
    0.606020000000E+005    0.716078789405E-001
    0.606520000000E+005    0.716096917747E-001
    0.607020000000E+005    0.716114211672E-001
    0.607520000000E+005    0.716130672603E-001
    0.608020000000E+005    0.716146301963E-001
    0.608520000000E+005    0.716161101172E-001
    0.609020000000E+005    0.716175071650E-001
    0.609520000000E+005    0.716188214817E-001
    0.610020000000E+005    0.716200532093E-001
    0.610520000000E+005    0.716212024894E-001
    0.611020000000E+005    0.716222694638E-001
    0.611520000000E+005    0.716232542742E-001
    0.612020000000E+005    0.716241570622E-001
    0.612520000000E+005    0.716249779691E-001
    0.613020000000E+005    0.716257171365E-001
    0.613520000000E+005    0.716263747056E-001
    0.614020000000E+005    0.716269508177E-001
    0.614520000000E+005    0.716274456140E-001
    0.615020000000E+005    0.716278592356E-001
    0.615520000000E+005    0.716281918233E-001
    0.616020000000E+005    0.716284435183E-001
    0.616520000000E+005    0.716286144613E-001
    0.617020000000E+005    0.716287047930E-001
    0.617520000000E+005    0.716287146541E-001
    0.618020000000E+005    0.716286441853E-001
    0.618520000000E+005    0.716284935269E-001
    0.619020000000E+005    0.716282628195E-001
    0.619520000000E+005    0.716279522034E-001
    0.620020000000E+005    0.716275618188E-001
    0.620520000000E+005    0.716270918058E-001
    0.621020000000E+005    0.716265423046E-001
    0.621520000000E+005    0.716259134550E-001
    0.622020000000E+005    0.716252053972E-001
    0.622520000000E+005    0.716244182707E-001
    0.623020000000E+005    0.716235522154E-001
    0.623520000000E+005    0.716226073709E-001
    0.624020000000E+005    0.716215838767E-001
    0.624520000000E+005    0.716204818723E-001
    0.625020000000E+005    0.716193014971E-001
    0.625520000000E+005    0.716180428903E-001
    0.626020000000E+005    0.716167061912E-001
    0.626520000000E+005    0.716152915387E-001
    0.627020000000E+005    0.716137990720E-001
    0.627520000000E+005    0.716122289298E-001
    0.628020000000E+005    0.716105812512E-001
    0.628520000000E+005    0.716088561747E-001
    0.629020000000E+005    0.716070538391E-001
    0.629520000000E+005    0.716051743828E-001
    0.630020000000E+005    0.716032179443E-001
    0.630520000000E+005    0.716011846620E-001
    0.631020000000E+005    0.715990746741E-001
    0.631520000000E+005    0.715968881188E-001
    0.632020000000E+005    0.715946251341E-001
    0.632520000000E+005    0.715922858582E-001
    0.633020000000E+005    0.715898704287E-001
    0.633520000000E+005    0.715873789836E-001
    0.634020000000E+005    0.715848116605E-001
    0.634520000000E+005    0.715821685970E-001
    0.635020000000E+005    0.715794499306E-001
    0.635520000000E+005    0.715766557987E-001
    0.636020000000E+005    0.715737863386E-001
    0.636520000000E+005    0.715708416875E-001
    0.637020000000E+005    0.715678219826E-001
    0.637520000000E+005    0.715647273607E-001
    0.638020000000E+005    0.715615579590E-001
    0.638520000000E+005    0.715583139140E-001
    0.639020000000E+005    0.715549953627E-001
    0.639520000000E+005    0.715516024415E-001
    0.640020000000E+005    0.715481352870E-001
    0.640520000000E+005    0.715445940356E-001
    0.641020000000E+005    0.715409788236E-001
    0.641520000000E+005    0.715372897873E-001
    0.642020000000E+005    0.715335270627E-001
    0.642520000000E+005    0.715296907858E-001
    0.643020000000E+005    0.715257810926E-001
    0.643520000000E+005    0.715217981189E-001
    0.644020000000E+005    0.715177420003E-001
    0.644520000000E+005    0.715136128725E-001
    0.645020000000E+005    0.715094108709E-001
    0.645520000000E+005    0.715051361310E-001
    0.646020000000E+005    0.715007887881E-001
    0.646520000000E+005    0.714963689772E-001
    0.647020000000E+005    0.714918768336E-001
    0.647520000000E+005    0.714873124921E-001
    0.648020000000E+005    0.714826760878E-001
    0.648520000000E+005    0.714779677552E-001
    0.649020000000E+005    0.714731876291E-001
    0.649520000000E+005    0.714683358441E-001
    0.650020000000E+005    0.714634125346E-001
    0.650520000000E+005    0.714584178349E-001
    0.651020000000E+005    0.714533518794E-001
    0.651520000000E+005    0.714482148020E-001
    0.652020000000E+005    0.714430067369E-001
    0.652520000000E+005    0.714377278179E-001
    0.653020000000E+005    0.714323781789E-001
    0.653520000000E+005    0.714269579536E-001
    0.654020000000E+005    0.714214672756E-001
    0.654520000000E+005    0.714159062783E-001
    0.655020000000E+005    0.714102750951E-001
    0.655520000000E+005    0.714045738594E-001
    0.656020000000E+005    0.713988027042E-001
    0.656520000000E+005    0.713929617627E-001
    0.657020000000E+005    0.713870511677E-001
    0.657520000000E+005    0.713810710522E-001
    0.658020000000E+005    0.713750215487E-001
    0.658520000000E+005    0.713689027900E-001
    0.659020000000E+005    0.713627149085E-001
    0.659520000000E+005    0.713564580367E-001
    0.660020000000E+005    0.713501323067E-001
    0.660520000000E+005    0.713437378509E-001
    0.661020000000E+005    0.713372748012E-001
    0.661520000000E+005    0.713307432896E-001
    0.662020000000E+005    0.713241434479E-001
    0.662520000000E+005    0.713174754079E-001
    0.663020000000E+005    0.713107393011E-001
    0.663520000000E+005    0.713039352591E-001
    0.664020000000E+005    0.712970634132E-001
    0.664520000000E+005    0.712901238948E-001
    0.665020000000E+005    0.712831168349E-001
    0.665520000000E+005    0.712760423647E-001
    0.666020000000E+005    0.712689006150E-001
    0.666520000000E+005    0.712616917167E-001
    0.667020000000E+005    0.712544158005E-001
    0.667520000000E+005    0.712470729970E-001
    0.668020000000E+005    0.712396634366E-001
    0.668520000000E+005    0.712321872498E-001
    0.669020000000E+005    0.712246445667E-001
    0.669520000000E+005    0.712170355175E-001
    0.670020000000E+005    0.712093602322E-001
    0.670520000000E+005    0.712016188408E-001
    0.671020000000E+005    0.711938114729E-001
    0.671520000000E+005    0.711859382584E-001
    0.672020000000E+005    0.711779993266E-001
    0.672520000000E+005    0.711699948072E-001
    0.673020000000E+005    0.711619248293E-001
    0.673520000000E+005    0.711537895222E-001
    0.674020000000E+005    0.711455890150E-001
    0.674520000000E+005    0.711373234366E-001
    0.675020000000E+005    0.711289929160E-001
    0.675520000000E+005    0.711205975818E-001
    0.676020000000E+005    0.711121375627E-001
    0.676520000000E+005    0.711036129871E-001
    0.677020000000E+005    0.710950239835E-001
    0.677520000000E+005    0.710863706802E-001
    0.678020000000E+005    0.710776532051E-001
    0.678520000000E+005    0.710688716865E-001
    0.679020000000E+005    0.710600262522E-001
    0.679520000000E+005    0.710511170300E-001
    0.680020000000E+005    0.710421441476E-001
    0.680520000000E+005    0.710331077324E-001
    0.681020000000E+005    0.710240079121E-001
    0.681520000000E+005    0.710148448138E-001
    0.682020000000E+005    0.710056185648E-001
    0.682520000000E+005    0.709963292921E-001
    0.683020000000E+005    0.709869771227E-001
    0.683520000000E+005    0.709775621835E-001
    0.684020000000E+005    0.709680846011E-001
    0.684520000000E+005    0.709585445022E-001
    0.685020000000E+005    0.709489420132E-001
    0.685520000000E+005    0.709392772604E-001
    0.686020000000E+005    0.709295503702E-001
    0.686520000000E+005    0.709197614686E-001
    0.687020000000E+005    0.709099106816E-001
    0.687520000000E+005    0.708999981350E-001
    0.688020000000E+005    0.708900239547E-001
    0.688520000000E+005    0.708799882662E-001
    0.689020000000E+005    0.708698911951E-001
    0.689520000000E+005    0.708597328668E-001
    0.690020000000E+005    0.708495134064E-001
    0.690520000000E+005    0.708392329391E-001
    0.691020000000E+005    0.708288915900E-001
    0.691520000000E+005    0.708184894840E-001
    0.692020000000E+005    0.708080267457E-001
    0.692520000000E+005    0.707975034999E-001
    0.693020000000E+005    0.707869198711E-001
    0.693520000000E+005    0.707762759837E-001
    0.694020000000E+005    0.707655719619E-001
    0.694520000000E+005    0.707548079300E-001
    0.695020000000E+005    0.707439840119E-001
    0.695520000000E+005    0.707331003315E-001
    0.696020000000E+005    0.707221570127E-001
    0.696520000000E+005    0.707111541791E-001
    0.697020000000E+005    0.707000919542E-001
    0.697520000000E+005    0.706889704615E-001
    0.698020000000E+005    0.706777898242E-001
    0.698520000000E+005    0.706665501655E-001
    0.699020000000E+005    0.706552516085E-001
    0.699520000000E+005    0.706438942760E-001
    0.700020000000E+005    0.706324782908E-001
    0.700520000000E+005    0.706210037756E-001
    0.701020000000E+005    0.706094708530E-001
    0.701520000000E+005    0.705978796454E-001
    0.702020000000E+005    0.705862302750E-001
    0.702520000000E+005    0.705745228640E-001
    0.703020000000E+005    0.705627575344E-001
    0.703520000000E+005    0.705509344083E-001
    0.704020000000E+005    0.705390536072E-001
    0.704520000000E+005    0.705271152530E-001
    0.705020000000E+005    0.705151194672E-001
    0.705520000000E+005    0.705030663711E-001
    0.706020000000E+005    0.704909560861E-001
    0.706520000000E+005    0.704787887333E-001
    0.707020000000E+005    0.704665644337E-001
    0.707520000000E+005    0.704542833082E-001
    0.708020000000E+005    0.704419454777E-001
    0.708520000000E+005    0.704295510628E-001
    0.709020000000E+005    0.704171001839E-001
    0.709520000000E+005    0.704045929616E-001
    0.710020000000E+005    0.703920295160E-001
    0.710520000000E+005    0.703794099674E-001
    0.711020000000E+005    0.703667344357E-001
    0.711520000000E+005    0.703540030408E-001
    0.712020000000E+005    0.703412159025E-001
    0.712520000000E+005    0.703283731404E-001
    0.713020000000E+005    0.703154748741E-001
    0.713520000000E+005    0.703025212229E-001
    0.714020000000E+005    0.702895123061E-001
    0.714520000000E+005    0.702764482428E-001
    0.715020000000E+005    0.702633291520E-001
    0.715520000000E+005    0.702501551526E-001
    0.716020000000E+005    0.702369263633E-001
    0.716520000000E+005    0.702236429028E-001
    0.717020000000E+005    0.702103048894E-001
    0.717520000000E+005    0.701969124417E-001
    0.718020000000E+005    0.701834656777E-001
    0.718520000000E+005    0.701699647157E-001
    0.719020000000E+005    0.701564096736E-001
    0.719520000000E+005    0.701428006692E-001
    0.720020000000E+005    0.701291378203E-001
    0.720520000000E+005    0.701154212444E-001
    0.721020000000E+005    0.701016510590E-001
    0.721520000000E+005    0.700878273815E-001
    0.722020000000E+005    0.700739503290E-001
    0.722520000000E+005    0.700600200186E-001
    0.723020000000E+005    0.700460365673E-001
    0.723520000000E+005    0.700320000919E-001
    0.724020000000E+005    0.700179107090E-001
    0.724520000000E+005    0.700037685353E-001
    0.725020000000E+005    0.699895736871E-001
    0.725520000000E+005    0.699753262808E-001
    0.726020000000E+005    0.699610264325E-001
    0.726520000000E+005    0.699466742583E-001
    0.727020000000E+005    0.699322698740E-001
    0.727520000000E+005    0.699178133956E-001
    0.728020000000E+005    0.699033049385E-001
    0.728520000000E+005    0.698887446184E-001
    0.729020000000E+005    0.698741325506E-001
    0.729520000000E+005    0.698594688504E-001
    0.730020000000E+005    0.698447536329E-001
    0.730520000000E+005    0.698299870132E-001
    0.731020000000E+005    0.698151691061E-001
    0.731520000000E+005    0.698003000263E-001
    0.732020000000E+005    0.697853798886E-001
    0.732520000000E+005    0.697704088072E-001
    0.733020000000E+005    0.697553868967E-001
    0.733520000000E+005    0.697403142713E-001
    0.734020000000E+005    0.697251910449E-001
    0.734520000000E+005    0.697100173317E-001
    0.735020000000E+005    0.696947932454E-001
    0.735520000000E+005    0.696795188997E-001
    0.736020000000E+005    0.696641944082E-001
    0.736520000000E+005    0.696488198844E-001
    0.737020000000E+005    0.696333954416E-001
    0.737520000000E+005    0.696179211929E-001
    0.738020000000E+005    0.696023972514E-001
    0.738520000000E+005    0.695868237300E-001
    0.739020000000E+005    0.695712007415E-001
    0.739520000000E+005    0.695555283986E-001
    0.740020000000E+005    0.695398068138E-001
    0.740520000000E+005    0.695240360995E-001
    0.741020000000E+005    0.695082163680E-001
    0.741520000000E+005    0.694923477314E-001
    0.742020000000E+005    0.694764303017E-001
    0.742520000000E+005    0.694604641908E-001
    0.743020000000E+005    0.694444495105E-001
    0.743520000000E+005    0.694283863723E-001
    0.744020000000E+005    0.694122748877E-001
    0.744520000000E+005    0.693961151681E-001
    0.745020000000E+005    0.693799073248E-001
    0.745520000000E+005    0.693636514687E-001
    0.746020000000E+005    0.693473477109E-001
    0.746520000000E+005    0.693309961622E-001
    0.747020000000E+005    0.693145969332E-001
    0.747520000000E+005    0.692981501347E-001
    0.748020000000E+005    0.692816558769E-001
    0.748520000000E+005    0.692651142702E-001
    0.749020000000E+005    0.692485254248E-001
    0.749520000000E+005    0.692318894507E-001
    0.750020000000E+005    0.692152064578E-001
    0.750520000000E+005    0.691984765560E-001
    0.751020000000E+005    0.691816998547E-001
    0.751520000000E+005    0.691648764637E-001
    0.752020000000E+005    0.691480064922E-001
    0.752520000000E+005    0.691310900495E-001
    0.753020000000E+005    0.691141272448E-001
    0.753520000000E+005    0.690971181870E-001
    0.754020000000E+005    0.690800629849E-001
    0.754520000000E+005    0.690629617474E-001
    0.755020000000E+005    0.690458145831E-001
    0.755520000000E+005    0.690286216003E-001
    0.756020000000E+005    0.690113829074E-001
    0.756520000000E+005    0.689940986127E-001
    0.757020000000E+005    0.689767688241E-001
    0.757520000000E+005    0.689593936497E-001
    0.758020000000E+005    0.689419731973E-001
    0.758520000000E+005    0.689245075745E-001
    0.759020000000E+005    0.689069968888E-001
    0.759520000000E+005    0.688894412478E-001
    0.760020000000E+005    0.688718407586E-001
    0.760520000000E+005    0.688541955285E-001
    0.761020000000E+005    0.688365056645E-001
    0.761520000000E+005    0.688187712734E-001
    0.762020000000E+005    0.688009924620E-001
    0.762520000000E+005    0.687831693369E-001
    0.763020000000E+005    0.687653020047E-001
    0.763520000000E+005    0.687473905717E-001
    0.764020000000E+005    0.687294351441E-001
    0.764520000000E+005    0.687114358281E-001
    0.765020000000E+005    0.686933927295E-001
    0.765520000000E+005    0.686753059543E-001
    0.766020000000E+005    0.686571756082E-001
    0.766520000000E+005    0.686390017967E-001
    0.767020000000E+005    0.686207846253E-001
    0.767520000000E+005    0.686025241993E-001
    0.768020000000E+005    0.685842206238E-001
    0.768520000000E+005    0.685658740040E-001
    0.769020000000E+005    0.685474844447E-001
    0.769520000000E+005    0.685290520508E-001
    0.770020000000E+005    0.685105769268E-001
    0.770520000000E+005    0.684920591774E-001
    0.771020000000E+005    0.684734989069E-001
    0.771520000000E+005    0.684548962196E-001
    0.772020000000E+005    0.684362512195E-001
    0.772520000000E+005    0.684175640108E-001
    0.773020000000E+005    0.683988346973E-001
    0.773520000000E+005    0.683800633827E-001
    0.774020000000E+005    0.683612501706E-001
    0.774520000000E+005    0.683423951646E-001
    0.775020000000E+005    0.683234984679E-001
    0.775520000000E+005    0.683045601837E-001
    0.776020000000E+005    0.682855804152E-001
    0.776520000000E+005    0.682665592653E-001
    0.777020000000E+005    0.682474968367E-001
    0.777520000000E+005    0.682283932323E-001
    0.778020000000E+005    0.682092485546E-001
    0.778520000000E+005    0.681900629060E-001
    0.779020000000E+005    0.681708363887E-001
    0.779520000000E+005    0.681515691050E-001
    0.780020000000E+005    0.681322611568E-001
    0.780520000000E+005    0.681129126462E-001
    0.781020000000E+005    0.680935236748E-001
    0.781520000000E+005    0.680740943443E-001
    0.782020000000E+005    0.680546247562E-001
    0.782520000000E+005    0.680351150119E-001
    0.783020000000E+005    0.680155652126E-001
    0.783520000000E+005    0.679959754595E-001
    0.784020000000E+005    0.679763458535E-001
    0.784520000000E+005    0.679566764955E-001
    0.785020000000E+005    0.679369674863E-001
    0.785520000000E+005    0.679172189263E-001
    0.786020000000E+005    0.678974309161E-001
    0.786520000000E+005    0.678776035560E-001
    0.787020000000E+005    0.678577369462E-001
    0.787520000000E+005    0.678378311868E-001
    0.788020000000E+005    0.678178863777E-001
    0.788520000000E+005    0.677979026188E-001
    0.789020000000E+005    0.677778800096E-001
    0.789520000000E+005    0.677578186498E-001
    0.790020000000E+005    0.677377186388E-001
    0.790520000000E+005    0.677175800758E-001
    0.791020000000E+005    0.676974030601E-001
    0.791520000000E+005    0.676771876906E-001
    0.792020000000E+005    0.676569340663E-001
    0.792520000000E+005    0.676366422858E-001
    0.793020000000E+005    0.676163124479E-001
    0.793520000000E+005    0.675959446511E-001
    0.794020000000E+005    0.675755389936E-001
    0.794520000000E+005    0.675550955739E-001
    0.795020000000E+005    0.675346144899E-001
    0.795520000000E+005    0.675140958397E-001
    0.796020000000E+005    0.674935397211E-001
    0.796520000000E+005    0.674729462319E-001
    0.797020000000E+005    0.674523154696E-001
    0.797520000000E+005    0.674316475318E-001
    0.798020000000E+005    0.674109425156E-001
    0.798520000000E+005    0.673902005185E-001
    0.799020000000E+005    0.673694216373E-001
    0.799520000000E+005    0.673486059691E-001
    0.800020000000E+005    0.673277536107E-001
    0.800520000000E+005    0.673068646588E-001
    0.801020000000E+005    0.672859392099E-001
    0.801520000000E+005    0.672649773605E-001
    0.802020000000E+005    0.672439792068E-001
    0.802520000000E+005    0.672229448451E-001
    0.803020000000E+005    0.672018743713E-001
    0.803520000000E+005    0.671807678813E-001
    0.804020000000E+005    0.671596254710E-001
    0.804520000000E+005    0.671384472361E-001
    0.805020000000E+005    0.671172332719E-001
    0.805520000000E+005    0.670959836739E-001
    0.806020000000E+005    0.670746985374E-001
    0.806520000000E+005    0.670533779575E-001
    0.807020000000E+005    0.670320220293E-001
    0.807520000000E+005    0.670106308475E-001
    0.808020000000E+005    0.669892045069E-001
    0.808520000000E+005    0.669677431022E-001
    0.809020000000E+005    0.669462467278E-001
    0.809520000000E+005    0.669247154781E-001
    0.810020000000E+005    0.669031494473E-001
    0.810520000000E+005    0.668815487296E-001
    0.811020000000E+005    0.668599134188E-001
    0.811520000000E+005    0.668382436089E-001
    0.812020000000E+005    0.668165393936E-001
    0.812520000000E+005    0.667948008664E-001
    0.813020000000E+005    0.667730281208E-001
    0.813520000000E+005    0.667512212501E-001
    0.814020000000E+005    0.667293803475E-001
    0.814520000000E+005    0.667075055062E-001
    0.815020000000E+005    0.666855968190E-001
    0.815520000000E+005    0.666636543788E-001
    0.816020000000E+005    0.666416782783E-001
    0.816520000000E+005    0.666196686099E-001
    0.817020000000E+005    0.665976254662E-001
    0.817520000000E+005    0.665755489395E-001
    0.818020000000E+005    0.665534391219E-001
    0.818520000000E+005    0.665312961055E-001
    0.819020000000E+005    0.665091199822E-001
    0.819520000000E+005    0.664869108437E-001
    0.820020000000E+005    0.664646687819E-001
    0.820520000000E+005    0.664423938881E-001
    0.821020000000E+005    0.664200862538E-001
    0.821520000000E+005    0.663977459704E-001
    0.822020000000E+005    0.663753731288E-001
    0.822520000000E+005    0.663529678203E-001
    0.823020000000E+005    0.663305301356E-001
    0.823520000000E+005    0.663080601655E-001
    0.824020000000E+005    0.662855580008E-001
    0.824520000000E+005    0.662630237318E-001
    0.825020000000E+005    0.662404574491E-001
    0.825520000000E+005    0.662178592428E-001
    0.826020000000E+005    0.661952292031E-001
    0.826520000000E+005    0.661725674200E-001
    0.827020000000E+005    0.661498739835E-001
    0.827520000000E+005    0.661271489831E-001
    0.828020000000E+005    0.661043925087E-001
    0.828520000000E+005    0.660816046497E-001
    0.829020000000E+005    0.660587854954E-001
    0.829520000000E+005    0.660359351351E-001
    0.830020000000E+005    0.660130536579E-001
    0.830520000000E+005    0.659901411529E-001
    0.831020000000E+005    0.659671977089E-001
    0.831520000000E+005    0.659442234147E-001
    0.832020000000E+005    0.659212183588E-001
    0.832520000000E+005    0.658981826298E-001
    0.833020000000E+005    0.658751163160E-001
    0.833520000000E+005    0.658520195057E-001
    0.834020000000E+005    0.658288922870E-001
    0.834520000000E+005    0.658057347478E-001
    0.835020000000E+005    0.657825469761E-001
    0.835520000000E+005    0.657593290595E-001
    0.836020000000E+005    0.657360810857E-001
    0.836520000000E+005    0.657128031422E-001
    0.837020000000E+005    0.656894953164E-001
    0.837520000000E+005    0.656661576954E-001
    0.838020000000E+005    0.656427903663E-001
    0.838520000000E+005    0.656193934163E-001
    0.839020000000E+005    0.655959669320E-001
    0.839520000000E+005    0.655725110003E-001
    0.840020000000E+005    0.655490257078E-001
    0.840520000000E+005    0.655255111409E-001
    0.841020000000E+005    0.655019673860E-001
    0.841520000000E+005    0.654783945294E-001
    0.842020000000E+005    0.654547926571E-001
    0.842520000000E+005    0.654311618552E-001
    0.843020000000E+005    0.654075022094E-001
    0.843520000000E+005    0.653838138056E-001
    0.844020000000E+005    0.653600967293E-001
    0.844520000000E+005    0.653363510660E-001
    0.845020000000E+005    0.653125769011E-001
    0.845520000000E+005    0.652887743199E-001
    0.846020000000E+005    0.652649434074E-001
    0.846520000000E+005    0.652410842486E-001
    0.847020000000E+005    0.652171969285E-001
    0.847520000000E+005    0.651932815316E-001
    0.848020000000E+005    0.651693381428E-001
    0.848520000000E+005    0.651453668463E-001
    0.849020000000E+005    0.651213677267E-001
    0.849520000000E+005    0.650973408682E-001
    0.850020000000E+005    0.650732863549E-001
    0.850520000000E+005    0.650492042707E-001
    0.851020000000E+005    0.650250946996E-001
    0.851520000000E+005    0.650009577254E-001
    0.852020000000E+005    0.649767934316E-001
    0.852520000000E+005    0.649526019017E-001
    0.853020000000E+005    0.649283832192E-001
    0.853520000000E+005    0.649041374673E-001
    0.854020000000E+005    0.648798647292E-001
    0.854520000000E+005    0.648555650877E-001
    0.855020000000E+005    0.648312386260E-001
    0.855520000000E+005    0.648068854266E-001
    0.856020000000E+005    0.647825055723E-001
    0.856520000000E+005    0.647580991456E-001
    0.857020000000E+005    0.647336662289E-001
    0.857520000000E+005    0.647092069045E-001
    0.858020000000E+005    0.646847212545E-001
    0.858520000000E+005    0.646602093609E-001
    0.859020000000E+005    0.646356713057E-001
    0.859520000000E+005    0.646111071707E-001
    0.860020000000E+005    0.645865170375E-001
    0.860520000000E+005    0.645619009877E-001
    0.861020000000E+005    0.645372591027E-001
    0.861520000000E+005    0.645125914638E-001
    0.862020000000E+005    0.644878981521E-001
    0.862520000000E+005    0.644631792489E-001
    0.863020000000E+005    0.644384348349E-001
    0.863520000000E+005    0.644136649910E-001
    0.864020000000E+005    0.643888697979E-001
    0.864520000000E+005    0.643640493362E-001
    0.865020000000E+005    0.643392036864E-001
    0.865520000000E+005    0.643143329287E-001
    0.866020000000E+005    0.642894371434E-001
    0.866520000000E+005    0.642645164105E-001
    0.867020000000E+005    0.642395708101E-001
    0.867520000000E+005    0.642146004219E-001
    0.868020000000E+005    0.641896053258E-001
    0.868520000000E+005    0.641645856013E-001
    0.869020000000E+005    0.641395413279E-001
    0.869520000000E+005    0.641144725850E-001
    0.870020000000E+005    0.640893794519E-001
    0.870520000000E+005    0.640642620076E-001
    0.871020000000E+005    0.640391203311E-001
    0.871520000000E+005    0.640139545014E-001
    0.872020000000E+005    0.639887645972E-001
    0.872520000000E+005    0.639635506972E-001
    0.873020000000E+005    0.639383128799E-001
    0.873520000000E+005    0.639130512237E-001
    0.874020000000E+005    0.638877658068E-001
    0.874520000000E+005    0.638624567076E-001
    0.875020000000E+005    0.638371240039E-001
    0.875520000000E+005    0.638117677738E-001
    0.876020000000E+005    0.637863880950E-001
    0.876520000000E+005    0.637609850453E-001
    0.877020000000E+005    0.637355587022E-001
    0.877520000000E+005    0.637101091432E-001
    0.878020000000E+005    0.636846364456E-001
    0.878520000000E+005    0.636591406866E-001
    0.879020000000E+005    0.636336219433E-001
    0.879520000000E+005    0.636080802928E-001
    0.880020000000E+005    0.635825158118E-001
    0.880520000000E+005    0.635569285771E-001
    0.881020000000E+005    0.635313186654E-001
    0.881520000000E+005    0.635056861531E-001
    0.882020000000E+005    0.634800311166E-001
    0.882520000000E+005    0.634543536323E-001
    0.883020000000E+005    0.634286537761E-001
    0.883520000000E+005    0.634029316243E-001
    0.884020000000E+005    0.633771872527E-001
    0.884520000000E+005    0.633514207371E-001
    0.885020000000E+005    0.633256321532E-001
    0.885520000000E+005    0.632998215765E-001
    0.886020000000E+005    0.632739890826E-001
    0.886520000000E+005    0.632481347466E-001
    0.887020000000E+005    0.632222586440E-001
    0.887520000000E+005    0.631963608496E-001
    0.888020000000E+005    0.631704414386E-001
    0.888520000000E+005    0.631445004857E-001
    0.889020000000E+005    0.631185380658E-001
    0.889520000000E+005    0.630925542534E-001
    0.890020000000E+005    0.630665491232E-001
    0.890520000000E+005    0.630405227493E-001
    0.891020000000E+005    0.630144752062E-001
    0.891520000000E+005    0.629884065680E-001
    0.892020000000E+005    0.629623169088E-001
    0.892520000000E+005    0.629362063024E-001
    0.893020000000E+005    0.629100748228E-001
    0.893520000000E+005    0.628839225435E-001
    0.894020000000E+005    0.628577495382E-001
    0.894520000000E+005    0.628315558804E-001
    0.895020000000E+005    0.628053416434E-001
    0.895520000000E+005    0.627791069004E-001
    0.896020000000E+005    0.627528517245E-001
    0.896520000000E+005    0.627265761888E-001
    0.897020000000E+005    0.627002803662E-001
    0.897520000000E+005    0.626739643293E-001
    0.898020000000E+005    0.626476281510E-001
    0.898520000000E+005    0.626212719037E-001
    0.899020000000E+005    0.625948956598E-001
    0.899520000000E+005    0.625684994918E-001
    0.900020000000E+005    0.625420834717E-001
    0.900520000000E+005    0.625156476716E-001
    0.901020000000E+005    0.624891921636E-001
    0.901520000000E+005    0.624627170195E-001
    0.902020000000E+005    0.624362223110E-001
    0.902520000000E+005    0.624097081097E-001
    0.903020000000E+005    0.623831744873E-001
    0.903520000000E+005    0.623566215150E-001
    0.904020000000E+005    0.623300492641E-001
    0.904520000000E+005    0.623034578060E-001
    0.905020000000E+005    0.622768472115E-001
    0.905520000000E+005    0.622502175516E-001
    0.906020000000E+005    0.622235688972E-001
    0.906520000000E+005    0.621969013190E-001
    0.907020000000E+005    0.621702148876E-001
    0.907520000000E+005    0.621435096735E-001
    0.908020000000E+005    0.621167857471E-001
    0.908520000000E+005    0.620900431786E-001
    0.909020000000E+005    0.620632820382E-001
    0.909520000000E+005    0.620365023959E-001
    0.910020000000E+005    0.620097043216E-001
    0.910520000000E+005    0.619828878853E-001
    0.911020000000E+005    0.619560531565E-001
    0.911520000000E+005    0.619292002049E-001
    0.912020000000E+005    0.619023290999E-001
    0.912520000000E+005    0.618754399110E-001
    0.913020000000E+005    0.618485327073E-001
    0.913520000000E+005    0.618216075580E-001
    0.914020000000E+005    0.617946645322E-001
    0.914520000000E+005    0.617677036987E-001
    0.915020000000E+005    0.617407251263E-001
    0.915520000000E+005    0.617137288839E-001
    0.916020000000E+005    0.616867150398E-001
    0.916520000000E+005    0.616596836627E-001
    0.917020000000E+005    0.616326348209E-001
    0.917520000000E+005    0.616055685826E-001
    0.918020000000E+005    0.615784850159E-001
    0.918520000000E+005    0.615513841889E-001
    0.919020000000E+005    0.615242661696E-001
    0.919520000000E+005    0.614971310257E-001
    0.920020000000E+005    0.614699788248E-001
    0.920520000000E+005    0.614428096347E-001
    0.921020000000E+005    0.614156235227E-001
    0.921520000000E+005    0.613884205563E-001
    0.922020000000E+005    0.613612008027E-001
    0.922520000000E+005    0.613339643290E-001
    0.923020000000E+005    0.613067112022E-001
    0.923520000000E+005    0.612794414894E-001
    0.924020000000E+005    0.612521552572E-001
    0.924520000000E+005    0.612248525725E-001
    0.925020000000E+005    0.611975335018E-001
    0.925520000000E+005    0.611701981115E-001
    0.926020000000E+005    0.611428464681E-001
    0.926520000000E+005    0.611154786379E-001
    0.927020000000E+005    0.610880946869E-001
    0.927520000000E+005    0.610606946813E-001
    0.928020000000E+005    0.610332786869E-001
    0.928520000000E+005    0.610058467697E-001
    0.929020000000E+005    0.609783989953E-001
    0.929520000000E+005    0.609509354293E-001
    0.930020000000E+005    0.609234561372E-001
    0.930520000000E+005    0.608959611845E-001
    0.931020000000E+005    0.608684506364E-001
    0.931520000000E+005    0.608409245581E-001
    0.932020000000E+005    0.608133830147E-001
    0.932520000000E+005    0.607858260712E-001
    0.933020000000E+005    0.607582537923E-001
    0.933520000000E+005    0.607306662429E-001
    0.934020000000E+005    0.607030634875E-001
    0.934520000000E+005    0.606754455907E-001
    0.935020000000E+005    0.606478126170E-001
    0.935520000000E+005    0.606201646306E-001
    0.936020000000E+005    0.605925016958E-001
    0.936520000000E+005    0.605648238767E-001
    0.937020000000E+005    0.605371312372E-001
    0.937520000000E+005    0.605094238412E-001
    0.938020000000E+005    0.604817017526E-001
    0.938520000000E+005    0.604539650349E-001
    0.939020000000E+005    0.604262137518E-001
    0.939520000000E+005    0.603984479668E-001
    0.940020000000E+005    0.603706677431E-001
    0.940520000000E+005    0.603428731440E-001
    0.941020000000E+005    0.603150642327E-001
    0.941520000000E+005    0.602872410722E-001
    0.942020000000E+005    0.602594037255E-001
    0.942520000000E+005    0.602315522553E-001
    0.943020000000E+005    0.602036867243E-001
    0.943520000000E+005    0.601758071952E-001
    0.944020000000E+005    0.601479137306E-001
    0.944520000000E+005    0.601200063927E-001
    0.945020000000E+005    0.600920852439E-001
    0.945520000000E+005    0.600641503463E-001
    0.946020000000E+005    0.600362017621E-001
    0.946520000000E+005    0.600082395533E-001
    0.947020000000E+005    0.599802637816E-001
    0.947520000000E+005    0.599522745089E-001
    0.948020000000E+005    0.599242717969E-001
    0.948520000000E+005    0.598962557071E-001
    0.949020000000E+005    0.598682263009E-001
    0.949520000000E+005    0.598401836397E-001
    0.950020000000E+005    0.598121277848E-001
    0.950520000000E+005    0.597840587972E-001
    0.951020000000E+005    0.597559767381E-001
    0.951520000000E+005    0.597278816684E-001
    0.952020000000E+005    0.596997736488E-001
    0.952520000000E+005    0.596716527401E-001
    0.953020000000E+005    0.596435190030E-001
    0.953520000000E+005    0.596153724980E-001
    0.954020000000E+005    0.595872132854E-001
    0.954520000000E+005    0.595590414256E-001
    0.955020000000E+005    0.595308569788E-001
    0.955520000000E+005    0.595026600051E-001
    0.956020000000E+005    0.594744505644E-001
    0.956520000000E+005    0.594462287168E-001
    0.957020000000E+005    0.594179945220E-001
    0.957520000000E+005    0.593897480396E-001
    0.958020000000E+005    0.593614893293E-001
    0.958520000000E+005    0.593332184506E-001
    0.959020000000E+005    0.593049354628E-001
    0.959520000000E+005    0.592766404252E-001
    0.960020000000E+005    0.592483333970E-001
    0.960520000000E+005    0.592200144374E-001
    0.961020000000E+005    0.591916836051E-001
    0.961520000000E+005    0.591633409592E-001
    0.962020000000E+005    0.591349865585E-001
    0.962520000000E+005    0.591066204615E-001
    0.963020000000E+005    0.590782427268E-001
    0.963520000000E+005    0.590498534129E-001
    0.964020000000E+005    0.590214525783E-001
    0.964520000000E+005    0.589930402810E-001
    0.965020000000E+005    0.589646165794E-001
    0.965520000000E+005    0.589361815315E-001
    0.966020000000E+005    0.589077351951E-001
    0.966520000000E+005    0.588792776283E-001
    0.967020000000E+005    0.588508088887E-001
    0.967520000000E+005    0.588223290340E-001
    0.968020000000E+005    0.587938381218E-001
    0.968520000000E+005    0.587653362095E-001
    0.969020000000E+005    0.587368233545E-001
    0.969520000000E+005    0.587082996140E-001
    0.970020000000E+005    0.586797650452E-001
    0.970520000000E+005    0.586512197052E-001
    0.971020000000E+005    0.586226636509E-001
    0.971520000000E+005    0.585940969392E-001
    0.972020000000E+005    0.585655196268E-001
    0.972520000000E+005    0.585369317703E-001
    0.973020000000E+005    0.585083334264E-001
    0.973520000000E+005    0.584797246516E-001
    0.974020000000E+005    0.584511055020E-001
    0.974520000000E+005    0.584224760341E-001
    0.975020000000E+005    0.583938363040E-001
    0.975520000000E+005    0.583651863678E-001
    0.976020000000E+005    0.583365262813E-001
    0.976520000000E+005    0.583078561005E-001
    0.977020000000E+005    0.582791758812E-001
    0.977520000000E+005    0.582504856790E-001
    0.978020000000E+005    0.582217855494E-001
    0.978520000000E+005    0.581930755481E-001
    0.979020000000E+005    0.581643557302E-001
    0.979520000000E+005    0.581356261512E-001
    0.980020000000E+005    0.581068868661E-001
    0.980520000000E+005    0.580781379301E-001
    0.981020000000E+005    0.580493793981E-001
    0.981520000000E+005    0.580206113251E-001
    0.982020000000E+005    0.579918337657E-001
    0.982520000000E+005    0.579630467748E-001
    0.983020000000E+005    0.579342504069E-001
    0.983520000000E+005    0.579054447164E-001
    0.984020000000E+005    0.578766297578E-001
    0.984520000000E+005    0.578478055854E-001
    0.985020000000E+005    0.578189722534E-001
    0.985520000000E+005    0.577901298159E-001
    0.986020000000E+005    0.577612783269E-001
    0.986520000000E+005    0.577324178403E-001
    0.987020000000E+005    0.577035484100E-001
    0.987520000000E+005    0.576746700896E-001
    0.988020000000E+005    0.576457829328E-001
    0.988520000000E+005    0.576168869930E-001
    0.989020000000E+005    0.575879823239E-001
    0.989520000000E+005    0.575590689786E-001
    0.990020000000E+005    0.575301470104E-001
    0.990520000000E+005    0.575012164724E-001
    0.991020000000E+005    0.574722774178E-001
    0.991520000000E+005    0.574433298995E-001
    0.992020000000E+005    0.574143739702E-001
    0.992520000000E+005    0.573854096829E-001
    0.993020000000E+005    0.573564370900E-001
    0.993520000000E+005    0.573274562444E-001
    0.994020000000E+005    0.572984671983E-001
    0.994520000000E+005    0.572694700042E-001
    0.995020000000E+005    0.572404647143E-001
    0.995520000000E+005    0.572114513810E-001
    0.996020000000E+005    0.571824300562E-001
    0.996520000000E+005    0.571534007919E-001
    0.997020000000E+005    0.571243636402E-001
    0.997520000000E+005    0.570953186527E-001
    0.998020000000E+005    0.570662658812E-001
    0.998520000000E+005    0.570372053774E-001
    0.999020000000E+005    0.570081371928E-001
    0.999520000000E+005    0.569790613787E-001
