TITLE = "0D Field KB"
VARIABLES = N ,"KB_Ha100Rem1Re1000"
ZONE DATAPACKING = POINT
    0.200000000000E+001    0.799992000074E-009
    0.520000000000E+002    0.540520789107E-006
    0.102000000000E+003    0.207820799790E-005
    0.152000000000E+003    0.460902495802E-005
    0.202000000000E+003    0.812451156195E-005
    0.252000000000E+003    0.126141332440E-004
    0.302000000000E+003    0.180664794939E-004
    0.352000000000E+003    0.244698817000E-004
    0.402000000000E+003    0.318127148378E-004
    0.452000000000E+003    0.400835424962E-004
    0.502000000000E+003    0.492711835095E-004
    0.552000000000E+003    0.593647384817E-004
    0.602000000000E+003    0.703535954917E-004
    0.652000000000E+003    0.822274250229E-004
    0.702000000000E+003    0.949761695021E-004
    0.752000000000E+003    0.108590030355E-003
    0.802000000000E+003    0.123059454188E-003
    0.852000000000E+003    0.138375118968E-003
    0.902000000000E+003    0.154527920684E-003
    0.952000000000E+003    0.171508960706E-003
    0.100200000000E+004    0.189309533956E-003
    0.105200000000E+004    0.207921117888E-003
    0.110200000000E+004    0.227335362301E-003
    0.115200000000E+004    0.247544079933E-003
    0.120200000000E+004    0.268539237784E-003
    0.125200000000E+004    0.290312949091E-003
    0.130200000000E+004    0.312857465935E-003
    0.135200000000E+004    0.336165172404E-003
    0.140200000000E+004    0.360228578270E-003
    0.145200000000E+004    0.385040313121E-003
    0.150200000000E+004    0.410593120914E-003
    0.155200000000E+004    0.436879854936E-003
    0.160200000000E+004    0.463893473123E-003
    0.165200000000E+004    0.491627033698E-003
    0.170200000000E+004    0.520073691095E-003
    0.175200000000E+004    0.549226692160E-003
    0.180200000000E+004    0.579079372599E-003
    0.185200000000E+004    0.609625153643E-003
    0.190200000000E+004    0.640857538904E-003
    0.195200000000E+004    0.672770111428E-003
    0.200200000000E+004    0.705356530953E-003
    0.205200000000E+004    0.738610531321E-003
    0.210200000000E+004    0.772525918031E-003
    0.215200000000E+004    0.807096565936E-003
    0.220200000000E+004    0.842316417063E-003
    0.225200000000E+004    0.878179478552E-003
    0.230200000000E+004    0.914679820692E-003
    0.235200000000E+004    0.951811575050E-003
    0.240200000000E+004    0.989568932707E-003
    0.245200000000E+004    0.102794614261E-002
    0.250200000000E+004    0.106693751002E-002
    0.255200000000E+004    0.110653739495E-002
    0.260200000000E+004    0.114674021079E-002
    0.265200000000E+004    0.118754042292E-002
    0.270200000000E+004    0.122893254741E-002
    0.275200000000E+004    0.127091114973E-002
    0.280200000000E+004    0.131347084358E-002
    0.285200000000E+004    0.135660628973E-002
    0.290200000000E+004    0.140031219497E-002
    0.295200000000E+004    0.144458331107E-002
    0.300200000000E+004    0.148941443378E-002
    0.305200000000E+004    0.153480040188E-002
    0.310200000000E+004    0.158073609628E-002
    0.315200000000E+004    0.162721643910E-002
    0.320200000000E+004    0.167423639283E-002
    0.325200000000E+004    0.172179095947E-002
    0.330200000000E+004    0.176987517981E-002
    0.335200000000E+004    0.181848413265E-002
    0.340200000000E+004    0.186761293413E-002
    0.345200000000E+004    0.191725673700E-002
    0.350200000000E+004    0.196741072995E-002
    0.355200000000E+004    0.201807013700E-002
    0.360200000000E+004    0.206923021678E-002
    0.365200000000E+004    0.212088626201E-002
    0.370200000000E+004    0.217303359880E-002
    0.375200000000E+004    0.222566758621E-002
    0.380200000000E+004    0.227878361566E-002
    0.385200000000E+004    0.233237711042E-002
    0.390200000000E+004    0.238644352514E-002
    0.395200000000E+004    0.244097834530E-002
    0.400200000000E+004    0.249597708677E-002
    0.405200000000E+004    0.255143529531E-002
    0.410200000000E+004    0.260734854609E-002
    0.415200000000E+004    0.266371244330E-002
    0.420200000000E+004    0.272052261971E-002
    0.425200000000E+004    0.277777473632E-002
    0.430200000000E+004    0.283546448194E-002
    0.435200000000E+004    0.289358757281E-002
    0.440200000000E+004    0.295213975223E-002
    0.445200000000E+004    0.301111679018E-002
    0.450200000000E+004    0.307051448295E-002
    0.455200000000E+004    0.313032865277E-002
    0.460200000000E+004    0.319055514750E-002
    0.465200000000E+004    0.325118984037E-002
    0.470200000000E+004    0.331222862960E-002
    0.475200000000E+004    0.337366743819E-002
    0.480200000000E+004    0.343550221352E-002
    0.485200000000E+004    0.349772892712E-002
    0.490200000000E+004    0.356034357437E-002
    0.495200000000E+004    0.362334217414E-002
    0.500200000000E+004    0.368672076857E-002
    0.505200000000E+004    0.375047542286E-002
    0.510200000000E+004    0.381460222496E-002
    0.515200000000E+004    0.387909728540E-002
    0.520200000000E+004    0.394395673699E-002
    0.525200000000E+004    0.400917673464E-002
    0.530200000000E+004    0.407475345505E-002
    0.535200000000E+004    0.414068309651E-002
    0.540200000000E+004    0.420696187864E-002
    0.545200000000E+004    0.427358604219E-002
    0.550200000000E+004    0.434055184887E-002
    0.555200000000E+004    0.440785558116E-002
    0.560200000000E+004    0.447549354210E-002
    0.565200000000E+004    0.454346205510E-002
    0.570200000000E+004    0.461175746373E-002
    0.575200000000E+004    0.468037613155E-002
    0.580200000000E+004    0.474931444184E-002
    0.585200000000E+004    0.481856879750E-002
    0.590200000000E+004    0.488813562081E-002
    0.595200000000E+004    0.495801135335E-002
    0.600200000000E+004    0.502819245582E-002
    0.605200000000E+004    0.509867540787E-002
    0.610200000000E+004    0.516945670795E-002
    0.615200000000E+004    0.524053287313E-002
    0.620200000000E+004    0.531190043894E-002
    0.625200000000E+004    0.538355595917E-002
    0.630200000000E+004    0.545549600577E-002
    0.635200000000E+004    0.552771716869E-002
    0.640200000000E+004    0.560021605581E-002
    0.645200000000E+004    0.567298929275E-002
    0.650200000000E+004    0.574603352281E-002
    0.655200000000E+004    0.581934540676E-002
    0.660200000000E+004    0.589292162271E-002
    0.665200000000E+004    0.596675886599E-002
    0.670200000000E+004    0.604085384898E-002
    0.675200000000E+004    0.611520330102E-002
    0.680200000000E+004    0.618980396833E-002
    0.685200000000E+004    0.626465261388E-002
    0.690200000000E+004    0.633974601732E-002
    0.695200000000E+004    0.641508097483E-002
    0.700200000000E+004    0.649065429899E-002
    0.705200000000E+004    0.656646281869E-002
    0.710200000000E+004    0.664250337898E-002
    0.715200000000E+004    0.671877284096E-002
    0.720200000000E+004    0.679526808170E-002
    0.725200000000E+004    0.687198599421E-002
    0.730200000000E+004    0.694892348730E-002
    0.735200000000E+004    0.702607748550E-002
    0.740200000000E+004    0.710344492898E-002
    0.745200000000E+004    0.718102277342E-002
    0.750200000000E+004    0.725880798989E-002
    0.755200000000E+004    0.733679756477E-002
    0.760200000000E+004    0.741498849966E-002
    0.765200000000E+004    0.749337781132E-002
    0.770200000000E+004    0.757196253162E-002
    0.775200000000E+004    0.765073970745E-002
    0.780200000000E+004    0.772970640067E-002
    0.785200000000E+004    0.780885968795E-002
    0.790200000000E+004    0.788819666076E-002
    0.795200000000E+004    0.796771442518E-002
    0.800200000000E+004    0.804741010191E-002
    0.805200000000E+004    0.812728082616E-002
    0.810200000000E+004    0.820732374762E-002
    0.815200000000E+004    0.828753603040E-002
    0.820200000000E+004    0.836791485298E-002
    0.825200000000E+004    0.844845740814E-002
    0.830200000000E+004    0.852916090282E-002
    0.835200000000E+004    0.861002255812E-002
    0.840200000000E+004    0.869103960914E-002
    0.845200000000E+004    0.877220930497E-002
    0.850200000000E+004    0.885352890866E-002
    0.855200000000E+004    0.893499569712E-002
    0.860200000000E+004    0.901660696115E-002
    0.865200000000E+004    0.909836000534E-002
    0.870200000000E+004    0.918025214800E-002
    0.875200000000E+004    0.926228072110E-002
    0.880200000000E+004    0.934444307016E-002
    0.885200000000E+004    0.942673655423E-002
    0.890200000000E+004    0.950915854584E-002
    0.895200000000E+004    0.959170643095E-002
    0.900200000000E+004    0.967437760893E-002
    0.905200000000E+004    0.975716949254E-002
    0.910200000000E+004    0.984007950785E-002
    0.915200000000E+004    0.992310509416E-002
    0.920200000000E+004    0.100062437040E-001
    0.925200000000E+004    0.100894928029E-001
    0.930200000000E+004    0.101728498696E-001
    0.935200000000E+004    0.102563123959E-001
    0.940200000000E+004    0.103398778864E-001
    0.945200000000E+004    0.104235438589E-001
    0.950200000000E+004    0.105073078442E-001
    0.955200000000E+004    0.105911673857E-001
    0.960200000000E+004    0.106751200401E-001
    0.965200000000E+004    0.107591633765E-001
    0.970200000000E+004    0.108432949768E-001
    0.975200000000E+004    0.109275124357E-001
    0.980200000000E+004    0.110118133606E-001
    0.985200000000E+004    0.110961953714E-001
    0.990200000000E+004    0.111806561007E-001
    0.995200000000E+004    0.112651931939E-001
    0.100020000000E+005    0.113498043086E-001
    0.100520000000E+005    0.114344871152E-001
    0.101020000000E+005    0.115192392962E-001
    0.101520000000E+005    0.116040585469E-001
    0.102020000000E+005    0.116889425746E-001
    0.102520000000E+005    0.117738890992E-001
    0.103020000000E+005    0.118588958529E-001
    0.103520000000E+005    0.119439605802E-001
    0.104020000000E+005    0.120290810378E-001
    0.104520000000E+005    0.121142549948E-001
    0.105020000000E+005    0.121994802324E-001
    0.105520000000E+005    0.122847545438E-001
    0.106020000000E+005    0.123700757345E-001
    0.106520000000E+005    0.124554416221E-001
    0.107020000000E+005    0.125408500361E-001
    0.107520000000E+005    0.126262988183E-001
    0.108020000000E+005    0.127117858223E-001
    0.108520000000E+005    0.127973089139E-001
    0.109020000000E+005    0.128828659708E-001
    0.109520000000E+005    0.129684548825E-001
    0.110020000000E+005    0.130540735505E-001
    0.110520000000E+005    0.131397198880E-001
    0.111020000000E+005    0.132253918203E-001
    0.111520000000E+005    0.133110872844E-001
    0.112020000000E+005    0.133968042289E-001
    0.112520000000E+005    0.134825406146E-001
    0.113020000000E+005    0.135682944137E-001
    0.113520000000E+005    0.136540636102E-001
    0.114020000000E+005    0.137398462000E-001
    0.114520000000E+005    0.138256401902E-001
    0.115020000000E+005    0.139114435998E-001
    0.115520000000E+005    0.139972544595E-001
    0.116020000000E+005    0.140830708112E-001
    0.116520000000E+005    0.141688907088E-001
    0.117020000000E+005    0.142547122177E-001
    0.117520000000E+005    0.143405334145E-001
    0.118020000000E+005    0.144263523875E-001
    0.118520000000E+005    0.145121672365E-001
    0.119020000000E+005    0.145979760726E-001
    0.119520000000E+005    0.146837770183E-001
    0.120020000000E+005    0.147695682074E-001
    0.120520000000E+005    0.148553477853E-001
    0.121020000000E+005    0.149411139087E-001
    0.121520000000E+005    0.150268647455E-001
    0.122020000000E+005    0.151125984751E-001
    0.122520000000E+005    0.151983132878E-001
    0.123020000000E+005    0.152840073856E-001
    0.123520000000E+005    0.153696789812E-001
    0.124020000000E+005    0.154553262988E-001
    0.124520000000E+005    0.155409475738E-001
    0.125020000000E+005    0.156265410526E-001
    0.125520000000E+005    0.157121049930E-001
    0.126020000000E+005    0.157976376635E-001
    0.126520000000E+005    0.158831373441E-001
    0.127020000000E+005    0.159686023257E-001
    0.127520000000E+005    0.160540309099E-001
    0.128020000000E+005    0.161394214098E-001
    0.128520000000E+005    0.162247721491E-001
    0.129020000000E+005    0.163100814626E-001
    0.129520000000E+005    0.163953476963E-001
    0.130020000000E+005    0.164805692068E-001
    0.130520000000E+005    0.165657443617E-001
    0.131020000000E+005    0.166508715394E-001
    0.131520000000E+005    0.167359491294E-001
    0.132020000000E+005    0.168209755316E-001
    0.132520000000E+005    0.169059491569E-001
    0.133020000000E+005    0.169908684271E-001
    0.133520000000E+005    0.170757317745E-001
    0.134020000000E+005    0.171605376424E-001
    0.134520000000E+005    0.172452844847E-001
    0.135020000000E+005    0.173299707660E-001
    0.135520000000E+005    0.174145949614E-001
    0.136020000000E+005    0.174991555569E-001
    0.136520000000E+005    0.175836510489E-001
    0.137020000000E+005    0.176680799443E-001
    0.137520000000E+005    0.177524407607E-001
    0.138020000000E+005    0.178367320264E-001
    0.138520000000E+005    0.179209522799E-001
    0.139020000000E+005    0.180051000706E-001
    0.139520000000E+005    0.180891739580E-001
    0.140020000000E+005    0.181731725121E-001
    0.140520000000E+005    0.182570943134E-001
    0.141020000000E+005    0.183409379528E-001
    0.141520000000E+005    0.184247020313E-001
    0.142020000000E+005    0.185083851606E-001
    0.142520000000E+005    0.185919859626E-001
    0.143020000000E+005    0.186755030694E-001
    0.143520000000E+005    0.187589351236E-001
    0.144020000000E+005    0.188422807778E-001
    0.144520000000E+005    0.189255386950E-001
    0.145020000000E+005    0.190087075480E-001
    0.145520000000E+005    0.190917860202E-001
    0.146020000000E+005    0.191747728049E-001
    0.146520000000E+005    0.192576666057E-001
    0.147020000000E+005    0.193404661361E-001
    0.147520000000E+005    0.194231701198E-001
    0.148020000000E+005    0.195057772905E-001
    0.148520000000E+005    0.195882863919E-001
    0.149020000000E+005    0.196706961777E-001
    0.149520000000E+005    0.197530054113E-001
    0.150020000000E+005    0.198352128664E-001
    0.150520000000E+005    0.199173173264E-001
    0.151020000000E+005    0.199993175846E-001
    0.151520000000E+005    0.200812124442E-001
    0.152020000000E+005    0.201630007182E-001
    0.152520000000E+005    0.202446812295E-001
    0.153020000000E+005    0.203262528106E-001
    0.153520000000E+005    0.204077143037E-001
    0.154020000000E+005    0.204890645608E-001
    0.154520000000E+005    0.205703024435E-001
    0.155020000000E+005    0.206514268233E-001
    0.155520000000E+005    0.207324365809E-001
    0.156020000000E+005    0.208133306072E-001
    0.156520000000E+005    0.208941078021E-001
    0.157020000000E+005    0.209747670754E-001
    0.157520000000E+005    0.210553073463E-001
    0.158020000000E+005    0.211357275432E-001
    0.158520000000E+005    0.212160266044E-001
    0.159020000000E+005    0.212962034773E-001
    0.159520000000E+005    0.213762571189E-001
    0.160020000000E+005    0.214561864956E-001
    0.160520000000E+005    0.215359905830E-001
    0.161020000000E+005    0.216156683660E-001
    0.161520000000E+005    0.216952188389E-001
    0.162020000000E+005    0.217746410051E-001
    0.162520000000E+005    0.218539338772E-001
    0.163020000000E+005    0.219330964772E-001
    0.163520000000E+005    0.220121278360E-001
    0.164020000000E+005    0.220910269939E-001
    0.164520000000E+005    0.221697930001E-001
    0.165020000000E+005    0.222484249130E-001
    0.165520000000E+005    0.223269217999E-001
    0.166020000000E+005    0.224052827371E-001
    0.166520000000E+005    0.224835068101E-001
    0.167020000000E+005    0.225615931131E-001
    0.167520000000E+005    0.226395407491E-001
    0.168020000000E+005    0.227173488304E-001
    0.168520000000E+005    0.227950164778E-001
    0.169020000000E+005    0.228725428211E-001
    0.169520000000E+005    0.229499269989E-001
    0.170020000000E+005    0.230271681585E-001
    0.170520000000E+005    0.231042654557E-001
    0.171020000000E+005    0.231812180553E-001
    0.171520000000E+005    0.232580251306E-001
    0.172020000000E+005    0.233346858636E-001
    0.172520000000E+005    0.234111994449E-001
    0.173020000000E+005    0.234875650735E-001
    0.173520000000E+005    0.235637819572E-001
    0.174020000000E+005    0.236398493121E-001
    0.174520000000E+005    0.237157663629E-001
    0.175020000000E+005    0.237915323426E-001
    0.175520000000E+005    0.238671464925E-001
    0.176020000000E+005    0.239426080624E-001
    0.176520000000E+005    0.240179163106E-001
    0.177020000000E+005    0.240930705034E-001
    0.177520000000E+005    0.241680699156E-001
    0.178020000000E+005    0.242429138301E-001
    0.178520000000E+005    0.243176015380E-001
    0.179020000000E+005    0.243921323387E-001
    0.179520000000E+005    0.244665055395E-001
    0.180020000000E+005    0.245407204558E-001
    0.180520000000E+005    0.246147764114E-001
    0.181020000000E+005    0.246886727377E-001
    0.181520000000E+005    0.247624087744E-001
    0.182020000000E+005    0.248359838691E-001
    0.182520000000E+005    0.249093973773E-001
    0.183020000000E+005    0.249826486624E-001
    0.183520000000E+005    0.250557370956E-001
    0.184020000000E+005    0.251286620558E-001
    0.184520000000E+005    0.252014229300E-001
    0.185020000000E+005    0.252740191128E-001
    0.185520000000E+005    0.253464500064E-001
    0.186020000000E+005    0.254187150210E-001
    0.186520000000E+005    0.254908135742E-001
    0.187020000000E+005    0.255627450912E-001
    0.187520000000E+005    0.256345090050E-001
    0.188020000000E+005    0.257061047559E-001
    0.188520000000E+005    0.257775317918E-001
    0.189020000000E+005    0.258487895680E-001
    0.189520000000E+005    0.259198775474E-001
    0.190020000000E+005    0.259907952004E-001
    0.190520000000E+005    0.260615420044E-001
    0.191020000000E+005    0.261321174444E-001
    0.191520000000E+005    0.262025210127E-001
    0.192020000000E+005    0.262727522089E-001
    0.192520000000E+005    0.263428105395E-001
    0.193020000000E+005    0.264126955185E-001
    0.193520000000E+005    0.264824066670E-001
    0.194020000000E+005    0.265519435132E-001
    0.194520000000E+005    0.266213055925E-001
    0.195020000000E+005    0.266904924472E-001
    0.195520000000E+005    0.267595036268E-001
    0.196020000000E+005    0.268283386875E-001
    0.196520000000E+005    0.268969971926E-001
    0.197020000000E+005    0.269654787124E-001
    0.197520000000E+005    0.270337828238E-001
    0.198020000000E+005    0.271019091109E-001
    0.198520000000E+005    0.271698571644E-001
    0.199020000000E+005    0.272376265818E-001
    0.199520000000E+005    0.273052169674E-001
    0.200020000000E+005    0.273726279321E-001
    0.200520000000E+005    0.274398590934E-001
    0.201020000000E+005    0.275069100756E-001
    0.201520000000E+005    0.275737805094E-001
    0.202020000000E+005    0.276404700323E-001
    0.202520000000E+005    0.277069782881E-001
    0.203020000000E+005    0.277733049271E-001
    0.203520000000E+005    0.278394496062E-001
    0.204020000000E+005    0.279054119887E-001
    0.204520000000E+005    0.279711917441E-001
    0.205020000000E+005    0.280367885484E-001
    0.205520000000E+005    0.281022020838E-001
    0.206020000000E+005    0.281674320387E-001
    0.206520000000E+005    0.282324781079E-001
    0.207020000000E+005    0.282973399924E-001
    0.207520000000E+005    0.283620173993E-001
    0.208020000000E+005    0.284265100419E-001
    0.208520000000E+005    0.284908176394E-001
    0.209020000000E+005    0.285549399172E-001
    0.209520000000E+005    0.286188766067E-001
    0.210020000000E+005    0.286826274453E-001
    0.210520000000E+005    0.287461921763E-001
    0.211020000000E+005    0.288095705489E-001
    0.211520000000E+005    0.288727623183E-001
    0.212020000000E+005    0.289357672454E-001
    0.212520000000E+005    0.289985850971E-001
    0.213020000000E+005    0.290612156458E-001
    0.213520000000E+005    0.291236586698E-001
    0.214020000000E+005    0.291859139531E-001
    0.214520000000E+005    0.292479812853E-001
    0.215020000000E+005    0.293098604616E-001
    0.215520000000E+005    0.293715512830E-001
    0.216020000000E+005    0.294330535559E-001
    0.216520000000E+005    0.294943670922E-001
    0.217020000000E+005    0.295554917095E-001
    0.217520000000E+005    0.296164272305E-001
    0.218020000000E+005    0.296771734836E-001
    0.218520000000E+005    0.297377303025E-001
    0.219020000000E+005    0.297980975262E-001
    0.219520000000E+005    0.298582749991E-001
    0.220020000000E+005    0.299182625709E-001
    0.220520000000E+005    0.299780600964E-001
    0.221020000000E+005    0.300376674358E-001
    0.221520000000E+005    0.300970844543E-001
    0.222020000000E+005    0.301563110225E-001
    0.222520000000E+005    0.302153470157E-001
    0.223020000000E+005    0.302741923146E-001
    0.223520000000E+005    0.303328468048E-001
    0.224020000000E+005    0.303913103770E-001
    0.224520000000E+005    0.304495829268E-001
    0.225020000000E+005    0.305076643548E-001
    0.225520000000E+005    0.305655545664E-001
    0.226020000000E+005    0.306232534721E-001
    0.226520000000E+005    0.306807609868E-001
    0.227020000000E+005    0.307380770307E-001
    0.227520000000E+005    0.307952015283E-001
    0.228020000000E+005    0.308521344093E-001
    0.228520000000E+005    0.309088756076E-001
    0.229020000000E+005    0.309654250623E-001
    0.229520000000E+005    0.310217827167E-001
    0.230020000000E+005    0.310779485189E-001
    0.230520000000E+005    0.311339224216E-001
    0.231020000000E+005    0.311897043819E-001
    0.231520000000E+005    0.312452943614E-001
    0.232020000000E+005    0.313006923263E-001
    0.232520000000E+005    0.313558982471E-001
    0.233020000000E+005    0.314109120989E-001
    0.233520000000E+005    0.314657338608E-001
    0.234020000000E+005    0.315203635168E-001
    0.234520000000E+005    0.315748010546E-001
    0.235020000000E+005    0.316290464665E-001
    0.235520000000E+005    0.316830997490E-001
    0.236020000000E+005    0.317369609027E-001
    0.236520000000E+005    0.317906299325E-001
    0.237020000000E+005    0.318441068475E-001
    0.237520000000E+005    0.318973916606E-001
    0.238020000000E+005    0.319504843892E-001
    0.238520000000E+005    0.320033850544E-001
    0.239020000000E+005    0.320560936814E-001
    0.239520000000E+005    0.321086102995E-001
    0.240020000000E+005    0.321609349419E-001
    0.240520000000E+005    0.322130676455E-001
    0.241020000000E+005    0.322650084515E-001
    0.241520000000E+005    0.323167574045E-001
    0.242020000000E+005    0.323683145533E-001
    0.242520000000E+005    0.324196799503E-001
    0.243020000000E+005    0.324708536518E-001
    0.243520000000E+005    0.325218357176E-001
    0.244020000000E+005    0.325726262115E-001
    0.244520000000E+005    0.326232252006E-001
    0.245020000000E+005    0.326736327559E-001
    0.245520000000E+005    0.327238489520E-001
    0.246020000000E+005    0.327738738670E-001
    0.246520000000E+005    0.328237075827E-001
    0.247020000000E+005    0.328733501842E-001
    0.247520000000E+005    0.329228017602E-001
    0.248020000000E+005    0.329720624028E-001
    0.248520000000E+005    0.330211322077E-001
    0.249020000000E+005    0.330700112737E-001
    0.249520000000E+005    0.331186997031E-001
    0.250020000000E+005    0.331671976018E-001
    0.250520000000E+005    0.332155050786E-001
    0.251020000000E+005    0.332636222459E-001
    0.251520000000E+005    0.333115492192E-001
    0.252020000000E+005    0.333592861172E-001
    0.252520000000E+005    0.334068330618E-001
    0.253020000000E+005    0.334541901781E-001
    0.253520000000E+005    0.335013575944E-001
    0.254020000000E+005    0.335483354419E-001
    0.254520000000E+005    0.335951238552E-001
    0.255020000000E+005    0.336417229717E-001
    0.255520000000E+005    0.336881329318E-001
    0.256020000000E+005    0.337343538791E-001
    0.256520000000E+005    0.337803859600E-001
    0.257020000000E+005    0.338262293239E-001
    0.257520000000E+005    0.338718841231E-001
    0.258020000000E+005    0.339173505127E-001
    0.258520000000E+005    0.339626286508E-001
    0.259020000000E+005    0.340077186983E-001
    0.259520000000E+005    0.340526208188E-001
    0.260020000000E+005    0.340973351788E-001
    0.260520000000E+005    0.341418619474E-001
    0.261020000000E+005    0.341862012966E-001
    0.261520000000E+005    0.342303534009E-001
    0.262020000000E+005    0.342743184375E-001
    0.262520000000E+005    0.343180965864E-001
    0.263020000000E+005    0.343616880301E-001
    0.263520000000E+005    0.344050929537E-001
    0.264020000000E+005    0.344483115448E-001
    0.264520000000E+005    0.344913439937E-001
    0.265020000000E+005    0.345341904930E-001
    0.265520000000E+005    0.345768512379E-001
    0.266020000000E+005    0.346193264260E-001
    0.266520000000E+005    0.346616162573E-001
    0.267020000000E+005    0.347037209344E-001
    0.267520000000E+005    0.347456406621E-001
    0.268020000000E+005    0.347873756476E-001
    0.268520000000E+005    0.348289261004E-001
    0.269020000000E+005    0.348702922325E-001
    0.269520000000E+005    0.349114742578E-001
    0.270020000000E+005    0.349524723927E-001
    0.270520000000E+005    0.349932868559E-001
    0.271020000000E+005    0.350339178681E-001
    0.271520000000E+005    0.350743656524E-001
    0.272020000000E+005    0.351146304338E-001
    0.272520000000E+005    0.351547124398E-001
    0.273020000000E+005    0.351946118995E-001
    0.273520000000E+005    0.352343290446E-001
    0.274020000000E+005    0.352738641085E-001
    0.274520000000E+005    0.353132173268E-001
    0.275020000000E+005    0.353523889371E-001
    0.275520000000E+005    0.353913791790E-001
    0.276020000000E+005    0.354301882939E-001
    0.276520000000E+005    0.354688165255E-001
    0.277020000000E+005    0.355072641190E-001
    0.277520000000E+005    0.355455313218E-001
    0.278020000000E+005    0.355836183831E-001
    0.278520000000E+005    0.356215255539E-001
    0.279020000000E+005    0.356592530871E-001
    0.279520000000E+005    0.356968012373E-001
    0.280020000000E+005    0.357341702609E-001
    0.280520000000E+005    0.357713604163E-001
    0.281020000000E+005    0.358083719634E-001
    0.281520000000E+005    0.358452051638E-001
    0.282020000000E+005    0.358818602809E-001
    0.282520000000E+005    0.359183375798E-001
    0.283020000000E+005    0.359546373272E-001
    0.283520000000E+005    0.359907597915E-001
    0.284020000000E+005    0.360267052425E-001
    0.284520000000E+005    0.360624739518E-001
    0.285020000000E+005    0.360980661926E-001
    0.285520000000E+005    0.361334822395E-001
    0.286020000000E+005    0.361687223688E-001
    0.286520000000E+005    0.362037868580E-001
    0.287020000000E+005    0.362386759865E-001
    0.287520000000E+005    0.362733900347E-001
    0.288020000000E+005    0.363079292850E-001
    0.288520000000E+005    0.363422940206E-001
    0.289020000000E+005    0.363764845267E-001
    0.289520000000E+005    0.364105010896E-001
    0.290020000000E+005    0.364443439968E-001
    0.290520000000E+005    0.364780135375E-001
    0.291020000000E+005    0.365115100020E-001
    0.291520000000E+005    0.365448336820E-001
    0.292020000000E+005    0.365779848703E-001
    0.292520000000E+005    0.366109638614E-001
    0.293020000000E+005    0.366437709505E-001
    0.293520000000E+005    0.366764064344E-001
    0.294020000000E+005    0.367088706111E-001
    0.294520000000E+005    0.367411637797E-001
    0.295020000000E+005    0.367732862404E-001
    0.295520000000E+005    0.368052382947E-001
    0.296020000000E+005    0.368370202452E-001
    0.296520000000E+005    0.368686323955E-001
    0.297020000000E+005    0.369000750504E-001
    0.297520000000E+005    0.369313485160E-001
    0.298020000000E+005    0.369624530990E-001
    0.298520000000E+005    0.369933891075E-001
    0.299020000000E+005    0.370241568505E-001
    0.299520000000E+005    0.370547566382E-001
    0.300020000000E+005    0.370851887814E-001
    0.300520000000E+005    0.371154535923E-001
    0.301020000000E+005    0.371455513838E-001
    0.301520000000E+005    0.371754824697E-001
    0.302020000000E+005    0.372052471651E-001
    0.302520000000E+005    0.372348457856E-001
    0.303020000000E+005    0.372642786479E-001
    0.303520000000E+005    0.372935460695E-001
    0.304020000000E+005    0.373226483688E-001
    0.304520000000E+005    0.373515858651E-001
    0.305020000000E+005    0.373803588784E-001
    0.305520000000E+005    0.374089677295E-001
    0.306020000000E+005    0.374374127401E-001
    0.306520000000E+005    0.374656942328E-001
    0.307020000000E+005    0.374938125306E-001
    0.307520000000E+005    0.375217679576E-001
    0.308020000000E+005    0.375495608385E-001
    0.308520000000E+005    0.375771914986E-001
    0.309020000000E+005    0.376046602641E-001
    0.309520000000E+005    0.376319674617E-001
    0.310020000000E+005    0.376591134190E-001
    0.310520000000E+005    0.376860984640E-001
    0.311020000000E+005    0.377129229255E-001
    0.311520000000E+005    0.377395871330E-001
    0.312020000000E+005    0.377660914164E-001
    0.312520000000E+005    0.377924361064E-001
    0.313020000000E+005    0.378186215340E-001
    0.313520000000E+005    0.378446480311E-001
    0.314020000000E+005    0.378705159299E-001
    0.314520000000E+005    0.378962255634E-001
    0.315020000000E+005    0.379217772648E-001
    0.315520000000E+005    0.379471713681E-001
    0.316020000000E+005    0.379724082077E-001
    0.316520000000E+005    0.379974881184E-001
    0.317020000000E+005    0.380224114356E-001
    0.317520000000E+005    0.380471784950E-001
    0.318020000000E+005    0.380717896329E-001
    0.318520000000E+005    0.380962451859E-001
    0.319020000000E+005    0.381205454913E-001
    0.319520000000E+005    0.381446908863E-001
    0.320020000000E+005    0.381686817090E-001
    0.320520000000E+005    0.381925182976E-001
    0.321020000000E+005    0.382162009907E-001
    0.321520000000E+005    0.382397301273E-001
    0.322020000000E+005    0.382631060467E-001
    0.322520000000E+005    0.382863290885E-001
    0.323020000000E+005    0.383093995928E-001
    0.323520000000E+005    0.383323178998E-001
    0.324020000000E+005    0.383550843500E-001
    0.324520000000E+005    0.383776992844E-001
    0.325020000000E+005    0.384001630439E-001
    0.325520000000E+005    0.384224759700E-001
    0.326020000000E+005    0.384446384042E-001
    0.326520000000E+005    0.384666506885E-001
    0.327020000000E+005    0.384885131647E-001
    0.327520000000E+005    0.385102261753E-001
    0.328020000000E+005    0.385317900626E-001
    0.328520000000E+005    0.385532051694E-001
    0.329020000000E+005    0.385744718384E-001
    0.329520000000E+005    0.385955904126E-001
    0.330020000000E+005    0.386165612352E-001
    0.330520000000E+005    0.386373846494E-001
    0.331020000000E+005    0.386580609987E-001
    0.331520000000E+005    0.386785906265E-001
    0.332020000000E+005    0.386989738766E-001
    0.332520000000E+005    0.387192110926E-001
    0.333020000000E+005    0.387393026184E-001
    0.333520000000E+005    0.387592487979E-001
    0.334020000000E+005    0.387790499751E-001
    0.334520000000E+005    0.387987064940E-001
    0.335020000000E+005    0.388182186986E-001
    0.335520000000E+005    0.388375869332E-001
    0.336020000000E+005    0.388568115417E-001
    0.336520000000E+005    0.388758928685E-001
    0.337020000000E+005    0.388948312577E-001
    0.337520000000E+005    0.389136270534E-001
    0.338020000000E+005    0.389322805999E-001
    0.338520000000E+005    0.389507922412E-001
    0.339020000000E+005    0.389691623215E-001
    0.339520000000E+005    0.389873911848E-001
    0.340020000000E+005    0.390054791752E-001
    0.340520000000E+005    0.390234266366E-001
    0.341020000000E+005    0.390412339129E-001
    0.341520000000E+005    0.390589013480E-001
    0.342020000000E+005    0.390764292857E-001
    0.342520000000E+005    0.390938180695E-001
    0.343020000000E+005    0.391110680430E-001
    0.343520000000E+005    0.391281795497E-001
    0.344020000000E+005    0.391451529329E-001
    0.344520000000E+005    0.391619885357E-001
    0.345020000000E+005    0.391786867013E-001
    0.345520000000E+005    0.391952477726E-001
    0.346020000000E+005    0.392116720923E-001
    0.346520000000E+005    0.392279600030E-001
    0.347020000000E+005    0.392441118473E-001
    0.347520000000E+005    0.392601279673E-001
    0.348020000000E+005    0.392760087051E-001
    0.348520000000E+005    0.392917544027E-001
    0.349020000000E+005    0.393073654017E-001
    0.349520000000E+005    0.393228420436E-001
    0.350020000000E+005    0.393381846697E-001
    0.350520000000E+005    0.393533936212E-001
    0.351020000000E+005    0.393684692387E-001
    0.351520000000E+005    0.393834118628E-001
    0.352020000000E+005    0.393982218341E-001
    0.352520000000E+005    0.394128994924E-001
    0.353020000000E+005    0.394274451778E-001
    0.353520000000E+005    0.394418592297E-001
    0.354020000000E+005    0.394561419875E-001
    0.354520000000E+005    0.394702937902E-001
    0.355020000000E+005    0.394843149765E-001
    0.355520000000E+005    0.394982058850E-001
    0.356020000000E+005    0.395119668538E-001
    0.356520000000E+005    0.395255982208E-001
    0.357020000000E+005    0.395391003234E-001
    0.357520000000E+005    0.395524734989E-001
    0.358020000000E+005    0.395657180843E-001
    0.358520000000E+005    0.395788344161E-001
    0.359020000000E+005    0.395918228306E-001
    0.359520000000E+005    0.396046836637E-001
    0.360020000000E+005    0.396174172508E-001
    0.360520000000E+005    0.396300239274E-001
    0.361020000000E+005    0.396425040281E-001
    0.361520000000E+005    0.396548578874E-001
    0.362020000000E+005    0.396670858395E-001
    0.362520000000E+005    0.396791882182E-001
    0.363020000000E+005    0.396911653567E-001
    0.363520000000E+005    0.397030175880E-001
    0.364020000000E+005    0.397147452448E-001
    0.364520000000E+005    0.397263486591E-001
    0.365020000000E+005    0.397378281628E-001
    0.365520000000E+005    0.397491840872E-001
    0.366020000000E+005    0.397604167632E-001
    0.366520000000E+005    0.397715265215E-001
    0.367020000000E+005    0.397825136920E-001
    0.367520000000E+005    0.397933786046E-001
    0.368020000000E+005    0.398041215884E-001
    0.368520000000E+005    0.398147429723E-001
    0.369020000000E+005    0.398252430845E-001
    0.369520000000E+005    0.398356222531E-001
    0.370020000000E+005    0.398458808055E-001
    0.370520000000E+005    0.398560190686E-001
    0.371020000000E+005    0.398660373691E-001
    0.371520000000E+005    0.398759360331E-001
    0.372020000000E+005    0.398857153860E-001
    0.372520000000E+005    0.398953757532E-001
    0.373020000000E+005    0.399049174591E-001
    0.373520000000E+005    0.399143408281E-001
    0.374020000000E+005    0.399236461837E-001
    0.374520000000E+005    0.399328338492E-001
    0.375020000000E+005    0.399419041472E-001
    0.375520000000E+005    0.399508574000E-001
    0.376020000000E+005    0.399596939292E-001
    0.376520000000E+005    0.399684140561E-001
    0.377020000000E+005    0.399770181013E-001
    0.377520000000E+005    0.399855063850E-001
    0.378020000000E+005    0.399938792268E-001
    0.378520000000E+005    0.400021369458E-001
    0.379020000000E+005    0.400102798607E-001
    0.379520000000E+005    0.400183082894E-001
    0.380020000000E+005    0.400262225495E-001
    0.380520000000E+005    0.400340229581E-001
    0.381020000000E+005    0.400417098315E-001
    0.381520000000E+005    0.400492834857E-001
    0.382020000000E+005    0.400567442361E-001
    0.382520000000E+005    0.400640923974E-001
    0.383020000000E+005    0.400713282839E-001
    0.383520000000E+005    0.400784522093E-001
    0.384020000000E+005    0.400854644868E-001
    0.384520000000E+005    0.400923654290E-001
    0.385020000000E+005    0.400991553478E-001
    0.385520000000E+005    0.401058345548E-001
    0.386020000000E+005    0.401124033609E-001
    0.386520000000E+005    0.401188620762E-001
    0.387020000000E+005    0.401252110106E-001
    0.387520000000E+005    0.401314504733E-001
    0.388020000000E+005    0.401375807727E-001
    0.388520000000E+005    0.401436022170E-001
    0.389020000000E+005    0.401495151135E-001
    0.389520000000E+005    0.401553197689E-001
    0.390020000000E+005    0.401610164897E-001
    0.390520000000E+005    0.401666055813E-001
    0.391020000000E+005    0.401720873488E-001
    0.391520000000E+005    0.401774620967E-001
    0.392020000000E+005    0.401827301288E-001
    0.392520000000E+005    0.401878917483E-001
    0.393020000000E+005    0.401929472579E-001
    0.393520000000E+005    0.401978969596E-001
    0.394020000000E+005    0.402027411548E-001
    0.394520000000E+005    0.402074801443E-001
    0.395020000000E+005    0.402121142282E-001
    0.395520000000E+005    0.402166437063E-001
    0.396020000000E+005    0.402210688774E-001
    0.396520000000E+005    0.402253900399E-001
    0.397020000000E+005    0.402296074915E-001
    0.397520000000E+005    0.402337215293E-001
    0.398020000000E+005    0.402377324498E-001
    0.398520000000E+005    0.402416405489E-001
    0.399020000000E+005    0.402454461217E-001
    0.399520000000E+005    0.402491494628E-001
    0.400020000000E+005    0.402527508663E-001
    0.400520000000E+005    0.402562506254E-001
    0.401020000000E+005    0.402596490328E-001
    0.401520000000E+005    0.402629463807E-001
    0.402020000000E+005    0.402661429605E-001
    0.402520000000E+005    0.402692390628E-001
    0.403020000000E+005    0.402722349780E-001
    0.403520000000E+005    0.402751309955E-001
    0.404020000000E+005    0.402779274042E-001
    0.404520000000E+005    0.402806244923E-001
    0.405020000000E+005    0.402832225474E-001
    0.405520000000E+005    0.402857218565E-001
    0.406020000000E+005    0.402881227058E-001
    0.406520000000E+005    0.402904253810E-001
    0.407020000000E+005    0.402926301672E-001
    0.407520000000E+005    0.402947373486E-001
    0.408020000000E+005    0.402967472090E-001
    0.408520000000E+005    0.402986600314E-001
    0.409020000000E+005    0.403004760983E-001
    0.409520000000E+005    0.403021956913E-001
    0.410020000000E+005    0.403038190916E-001
    0.410520000000E+005    0.403053465797E-001
    0.411020000000E+005    0.403067784354E-001
    0.411520000000E+005    0.403081149377E-001
    0.412020000000E+005    0.403093563652E-001
    0.412520000000E+005    0.403105029956E-001
    0.413020000000E+005    0.403115551063E-001
    0.413520000000E+005    0.403125129736E-001
    0.414020000000E+005    0.403133768734E-001
    0.414520000000E+005    0.403141470810E-001
    0.415020000000E+005    0.403148238708E-001
    0.415520000000E+005    0.403154075169E-001
    0.416020000000E+005    0.403158982923E-001
    0.416520000000E+005    0.403162964696E-001
    0.417020000000E+005    0.403166023208E-001
    0.417520000000E+005    0.403168161170E-001
    0.418020000000E+005    0.403169381290E-001
    0.418520000000E+005    0.403169686265E-001
    0.419020000000E+005    0.403169078789E-001
    0.419520000000E+005    0.403167561548E-001
    0.420020000000E+005    0.403165137220E-001
    0.420520000000E+005    0.403161808479E-001
    0.421020000000E+005    0.403157577991E-001
    0.421520000000E+005    0.403152448415E-001
    0.422020000000E+005    0.403146422405E-001
    0.422520000000E+005    0.403139502606E-001
    0.423020000000E+005    0.403131691659E-001
    0.423520000000E+005    0.403122992196E-001
    0.424020000000E+005    0.403113406844E-001
    0.424520000000E+005    0.403102938222E-001
    0.425020000000E+005    0.403091588945E-001
    0.425520000000E+005    0.403079361619E-001
    0.426020000000E+005    0.403066258843E-001
    0.426520000000E+005    0.403052283211E-001
    0.427020000000E+005    0.403037437310E-001
    0.427520000000E+005    0.403021723721E-001
    0.428020000000E+005    0.403005145016E-001
    0.428520000000E+005    0.402987703763E-001
    0.429020000000E+005    0.402969402523E-001
    0.429520000000E+005    0.402950243849E-001
    0.430020000000E+005    0.402930230289E-001
    0.430520000000E+005    0.402909364382E-001
    0.431020000000E+005    0.402887648664E-001
    0.431520000000E+005    0.402865085662E-001
    0.432020000000E+005    0.402841677897E-001
    0.432520000000E+005    0.402817427884E-001
    0.433020000000E+005    0.402792338130E-001
    0.433520000000E+005    0.402766411136E-001
    0.434020000000E+005    0.402739649398E-001
    0.434520000000E+005    0.402712055404E-001
    0.435020000000E+005    0.402683631635E-001
    0.435520000000E+005    0.402654380567E-001
    0.436020000000E+005    0.402624304668E-001
    0.436520000000E+005    0.402593406401E-001
    0.437020000000E+005    0.402561688222E-001
    0.437520000000E+005    0.402529152578E-001
    0.438020000000E+005    0.402495801914E-001
    0.438520000000E+005    0.402461638666E-001
    0.439020000000E+005    0.402426665262E-001
    0.439520000000E+005    0.402390884127E-001
    0.440020000000E+005    0.402354297677E-001
    0.440520000000E+005    0.402316908323E-001
    0.441020000000E+005    0.402278718469E-001
    0.441520000000E+005    0.402239730511E-001
    0.442020000000E+005    0.402199946842E-001
    0.442520000000E+005    0.402159369846E-001
    0.443020000000E+005    0.402118001901E-001
    0.443520000000E+005    0.402075845378E-001
    0.444020000000E+005    0.402032902645E-001
    0.444520000000E+005    0.401989176058E-001
    0.445020000000E+005    0.401944667973E-001
    0.445520000000E+005    0.401899380734E-001
    0.446020000000E+005    0.401853316681E-001
    0.446520000000E+005    0.401806478150E-001
    0.447020000000E+005    0.401758867466E-001
    0.447520000000E+005    0.401710486951E-001
    0.448020000000E+005    0.401661338920E-001
    0.448520000000E+005    0.401611425681E-001
    0.449020000000E+005    0.401560749537E-001
    0.449520000000E+005    0.401509312783E-001
    0.450020000000E+005    0.401457117709E-001
    0.450520000000E+005    0.401404166598E-001
    0.451020000000E+005    0.401350461728E-001
    0.451520000000E+005    0.401296005370E-001
    0.452020000000E+005    0.401240799788E-001
    0.452520000000E+005    0.401184847242E-001
    0.453020000000E+005    0.401128149982E-001
    0.453520000000E+005    0.401070710256E-001
    0.454020000000E+005    0.401012530304E-001
    0.454520000000E+005    0.400953612360E-001
    0.455020000000E+005    0.400893958650E-001
    0.455520000000E+005    0.400833571398E-001
    0.456020000000E+005    0.400772452818E-001
    0.456520000000E+005    0.400710605120E-001
    0.457020000000E+005    0.400648030507E-001
    0.457520000000E+005    0.400584731177E-001
    0.458020000000E+005    0.400520709320E-001
    0.458520000000E+005    0.400455967123E-001
    0.459020000000E+005    0.400390506764E-001
    0.459520000000E+005    0.400324330416E-001
    0.460020000000E+005    0.400257440246E-001
    0.460520000000E+005    0.400189838417E-001
    0.461020000000E+005    0.400121527082E-001
    0.461520000000E+005    0.400052508391E-001
    0.462020000000E+005    0.399982784487E-001
    0.462520000000E+005    0.399912357508E-001
    0.463020000000E+005    0.399841229586E-001
    0.463520000000E+005    0.399769402845E-001
    0.464020000000E+005    0.399696879405E-001
    0.464520000000E+005    0.399623661381E-001
    0.465020000000E+005    0.399549750880E-001
    0.465520000000E+005    0.399475150004E-001
    0.466020000000E+005    0.399399860850E-001
    0.466520000000E+005    0.399323885507E-001
    0.467020000000E+005    0.399247226062E-001
    0.467520000000E+005    0.399169884591E-001
    0.468020000000E+005    0.399091863170E-001
    0.468520000000E+005    0.399013163865E-001
    0.469020000000E+005    0.398933788737E-001
    0.469520000000E+005    0.398853739843E-001
    0.470020000000E+005    0.398773019234E-001
    0.470520000000E+005    0.398691628952E-001
    0.471020000000E+005    0.398609571038E-001
    0.471520000000E+005    0.398526847525E-001
    0.472020000000E+005    0.398443460440E-001
    0.472520000000E+005    0.398359411805E-001
    0.473020000000E+005    0.398274703636E-001
    0.473520000000E+005    0.398189337945E-001
    0.474020000000E+005    0.398103316737E-001
    0.474520000000E+005    0.398016642011E-001
    0.475020000000E+005    0.397929315761E-001
    0.475520000000E+005    0.397841339976E-001
    0.476020000000E+005    0.397752716639E-001
    0.476520000000E+005    0.397663447727E-001
    0.477020000000E+005    0.397573535214E-001
    0.477520000000E+005    0.397482981064E-001
    0.478020000000E+005    0.397391787241E-001
    0.478520000000E+005    0.397299955699E-001
    0.479020000000E+005    0.397207488388E-001
    0.479520000000E+005    0.397114387255E-001
    0.480020000000E+005    0.397020654238E-001
    0.480520000000E+005    0.396926291272E-001
    0.481020000000E+005    0.396831300286E-001
    0.481520000000E+005    0.396735683202E-001
    0.482020000000E+005    0.396639441941E-001
    0.482520000000E+005    0.396542578414E-001
    0.483020000000E+005    0.396445094530E-001
    0.483520000000E+005    0.396346992191E-001
    0.484020000000E+005    0.396248273294E-001
    0.484520000000E+005    0.396148939731E-001
    0.485020000000E+005    0.396048993389E-001
    0.485520000000E+005    0.395948436150E-001
    0.486020000000E+005    0.395847269891E-001
    0.486520000000E+005    0.395745496482E-001
    0.487020000000E+005    0.395643117790E-001
    0.487520000000E+005    0.395540135675E-001
    0.488020000000E+005    0.395436551995E-001
    0.488520000000E+005    0.395332368600E-001
    0.489020000000E+005    0.395227587336E-001
    0.489520000000E+005    0.395122210043E-001
    0.490020000000E+005    0.395016238557E-001
    0.490520000000E+005    0.394909674710E-001
    0.491020000000E+005    0.394802520327E-001
    0.491520000000E+005    0.394694777228E-001
    0.492020000000E+005    0.394586447230E-001
    0.492520000000E+005    0.394477532144E-001
    0.493020000000E+005    0.394368033775E-001
    0.493520000000E+005    0.394257953924E-001
    0.494020000000E+005    0.394147294389E-001
    0.494520000000E+005    0.394036056959E-001
    0.495020000000E+005    0.393924243422E-001
    0.495520000000E+005    0.393811855560E-001
    0.496020000000E+005    0.393698895148E-001
    0.496520000000E+005    0.393585363960E-001
    0.497020000000E+005    0.393471263762E-001
    0.497520000000E+005    0.393356596317E-001
    0.498020000000E+005    0.393241363383E-001
    0.498520000000E+005    0.393125566712E-001
    0.499020000000E+005    0.393009208052E-001
    0.499520000000E+005    0.392892289149E-001
    0.500020000000E+005    0.392774811740E-001
    0.500520000000E+005    0.392656777559E-001
    0.501020000000E+005    0.392538188337E-001
    0.501520000000E+005    0.392419045798E-001
    0.502020000000E+005    0.392299351663E-001
    0.502520000000E+005    0.392179107647E-001
    0.503020000000E+005    0.392058315462E-001
    0.503520000000E+005    0.391936976815E-001
    0.504020000000E+005    0.391815093407E-001
    0.504520000000E+005    0.391692666936E-001
    0.505020000000E+005    0.391569699096E-001
    0.505520000000E+005    0.391446191575E-001
    0.506020000000E+005    0.391322146057E-001
    0.506520000000E+005    0.391197564222E-001
    0.507020000000E+005    0.391072447745E-001
    0.507520000000E+005    0.390946798297E-001
    0.508020000000E+005    0.390820617545E-001
    0.508520000000E+005    0.390693907150E-001
    0.509020000000E+005    0.390566668771E-001
    0.509520000000E+005    0.390438904061E-001
    0.510020000000E+005    0.390310614669E-001
    0.510520000000E+005    0.390181802240E-001
    0.511020000000E+005    0.390052468414E-001
    0.511520000000E+005    0.389922614828E-001
    0.512020000000E+005    0.389792243113E-001
    0.512520000000E+005    0.389661354897E-001
    0.513020000000E+005    0.389529951804E-001
    0.513520000000E+005    0.389398035453E-001
    0.514020000000E+005    0.389265607459E-001
    0.514520000000E+005    0.389132669433E-001
    0.515020000000E+005    0.388999222982E-001
    0.515520000000E+005    0.388865269708E-001
    0.516020000000E+005    0.388730811210E-001
    0.516520000000E+005    0.388595849083E-001
    0.517020000000E+005    0.388460384916E-001
    0.517520000000E+005    0.388324420297E-001
    0.518020000000E+005    0.388187956806E-001
    0.518520000000E+005    0.388050996023E-001
    0.519020000000E+005    0.387913539521E-001
    0.519520000000E+005    0.387775588871E-001
    0.520020000000E+005    0.387637145639E-001
    0.520520000000E+005    0.387498211387E-001
    0.521020000000E+005    0.387358787674E-001
    0.521520000000E+005    0.387218876053E-001
    0.522020000000E+005    0.387078478075E-001
    0.522520000000E+005    0.386937595286E-001
    0.523020000000E+005    0.386796229230E-001
    0.523520000000E+005    0.386654381445E-001
    0.524020000000E+005    0.386512053466E-001
    0.524520000000E+005    0.386369246823E-001
    0.525020000000E+005    0.386225963045E-001
    0.525520000000E+005    0.386082203655E-001
    0.526020000000E+005    0.385937970171E-001
    0.526520000000E+005    0.385793264111E-001
    0.527020000000E+005    0.385648086986E-001
    0.527520000000E+005    0.385502440305E-001
    0.528020000000E+005    0.385356325572E-001
    0.528520000000E+005    0.385209744289E-001
    0.529020000000E+005    0.385062697952E-001
    0.529520000000E+005    0.384915188056E-001
    0.530020000000E+005    0.384767216089E-001
    0.530520000000E+005    0.384618783540E-001
    0.531020000000E+005    0.384469891889E-001
    0.531520000000E+005    0.384320542617E-001
    0.532020000000E+005    0.384170737199E-001
    0.532520000000E+005    0.384020477106E-001
    0.533020000000E+005    0.383869763807E-001
    0.533520000000E+005    0.383718598768E-001
    0.534020000000E+005    0.383566983448E-001
    0.534520000000E+005    0.383414919306E-001
    0.535020000000E+005    0.383262407797E-001
    0.535520000000E+005    0.383109450370E-001
    0.536020000000E+005    0.382956048474E-001
    0.536520000000E+005    0.382802203551E-001
    0.537020000000E+005    0.382647917044E-001
    0.537520000000E+005    0.382493190387E-001
    0.538020000000E+005    0.382338025016E-001
    0.538520000000E+005    0.382182422360E-001
    0.539020000000E+005    0.382026383846E-001
    0.539520000000E+005    0.381869910898E-001
    0.540020000000E+005    0.381713004935E-001
    0.540520000000E+005    0.381555667375E-001
    0.541020000000E+005    0.381397899631E-001
    0.541520000000E+005    0.381239703112E-001
    0.542020000000E+005    0.381081079227E-001
    0.542520000000E+005    0.380922029378E-001
    0.543020000000E+005    0.380762554966E-001
    0.543520000000E+005    0.380602657388E-001
    0.544020000000E+005    0.380442338037E-001
    0.544520000000E+005    0.380281598305E-001
    0.545020000000E+005    0.380120439579E-001
    0.545520000000E+005    0.379958863243E-001
    0.546020000000E+005    0.379796870679E-001
    0.546520000000E+005    0.379634463263E-001
    0.547020000000E+005    0.379471642371E-001
    0.547520000000E+005    0.379308409375E-001
    0.548020000000E+005    0.379144765643E-001
    0.548520000000E+005    0.378980712541E-001
    0.549020000000E+005    0.378816251431E-001
    0.549520000000E+005    0.378651383672E-001
    0.550020000000E+005    0.378486110620E-001
    0.550520000000E+005    0.378320433629E-001
    0.551020000000E+005    0.378154354049E-001
    0.551520000000E+005    0.377987873227E-001
    0.552020000000E+005    0.377820992507E-001
    0.552520000000E+005    0.377653713230E-001
    0.553020000000E+005    0.377486036734E-001
    0.553520000000E+005    0.377317964355E-001
    0.554020000000E+005    0.377149497425E-001
    0.554520000000E+005    0.376980637272E-001
    0.555020000000E+005    0.376811385225E-001
    0.555520000000E+005    0.376641742605E-001
    0.556020000000E+005    0.376471710734E-001
    0.556520000000E+005    0.376301290929E-001
    0.557020000000E+005    0.376130484505E-001
    0.557520000000E+005    0.375959292774E-001
    0.558020000000E+005    0.375787717045E-001
    0.558520000000E+005    0.375615758625E-001
    0.559020000000E+005    0.375443418816E-001
    0.559520000000E+005    0.375270698921E-001
    0.560020000000E+005    0.375097600235E-001
    0.560520000000E+005    0.374924124055E-001
    0.561020000000E+005    0.374750271673E-001
    0.561520000000E+005    0.374576044379E-001
    0.562020000000E+005    0.374401443458E-001
    0.562520000000E+005    0.374226470196E-001
    0.563020000000E+005    0.374051125873E-001
    0.563520000000E+005    0.373875411769E-001
    0.564020000000E+005    0.373699329159E-001
    0.564520000000E+005    0.373522879317E-001
    0.565020000000E+005    0.373346063513E-001
    0.565520000000E+005    0.373168883015E-001
    0.566020000000E+005    0.372991339088E-001
    0.566520000000E+005    0.372813432996E-001
    0.567020000000E+005    0.372635165997E-001
    0.567520000000E+005    0.372456539350E-001
    0.568020000000E+005    0.372277554310E-001
    0.568520000000E+005    0.372098212128E-001
    0.569020000000E+005    0.371918514055E-001
    0.569520000000E+005    0.371738461336E-001
    0.570020000000E+005    0.371558055218E-001
    0.570520000000E+005    0.371377296942E-001
    0.571020000000E+005    0.371196187747E-001
    0.571520000000E+005    0.371014728871E-001
    0.572020000000E+005    0.370832921547E-001
    0.572520000000E+005    0.370650767009E-001
    0.573020000000E+005    0.370468266484E-001
    0.573520000000E+005    0.370285421201E-001
    0.574020000000E+005    0.370102232383E-001
    0.574520000000E+005    0.369918701254E-001
    0.575020000000E+005    0.369734829031E-001
    0.575520000000E+005    0.369550616934E-001
    0.576020000000E+005    0.369366066175E-001
    0.576520000000E+005    0.369181177969E-001
    0.577020000000E+005    0.368995953524E-001
    0.577520000000E+005    0.368810394048E-001
    0.578020000000E+005    0.368624500747E-001
    0.578520000000E+005    0.368438274823E-001
    0.579020000000E+005    0.368251717477E-001
    0.579520000000E+005    0.368064829906E-001
    0.580020000000E+005    0.367877613308E-001
    0.580520000000E+005    0.367690068874E-001
    0.581020000000E+005    0.367502197796E-001
    0.581520000000E+005    0.367314001264E-001
    0.582020000000E+005    0.367125480463E-001
    0.582520000000E+005    0.366936636577E-001
    0.583020000000E+005    0.366747470789E-001
    0.583520000000E+005    0.366557984279E-001
    0.584020000000E+005    0.366368178223E-001
    0.584520000000E+005    0.366178053797E-001
    0.585020000000E+005    0.365987612174E-001
    0.585520000000E+005    0.365796854524E-001
    0.586020000000E+005    0.365605782017E-001
    0.586520000000E+005    0.365414395817E-001
    0.587020000000E+005    0.365222697090E-001
    0.587520000000E+005    0.365030686997E-001
    0.588020000000E+005    0.364838366698E-001
    0.588520000000E+005    0.364645737351E-001
    0.589020000000E+005    0.364452800109E-001
    0.589520000000E+005    0.364259556128E-001
    0.590020000000E+005    0.364066006558E-001
    0.590520000000E+005    0.363872152547E-001
    0.591020000000E+005    0.363677995243E-001
    0.591520000000E+005    0.363483535789E-001
    0.592020000000E+005    0.363288775330E-001
    0.592520000000E+005    0.363093715004E-001
    0.593020000000E+005    0.362898355951E-001
    0.593520000000E+005    0.362702699307E-001
    0.594020000000E+005    0.362506746205E-001
    0.594520000000E+005    0.362310497778E-001
    0.595020000000E+005    0.362113955156E-001
    0.595520000000E+005    0.361917119466E-001
    0.596020000000E+005    0.361719991836E-001
    0.596520000000E+005    0.361522573388E-001
    0.597020000000E+005    0.361324865244E-001
    0.597520000000E+005    0.361126868524E-001
    0.598020000000E+005    0.360928584347E-001
    0.598520000000E+005    0.360730013827E-001
    0.599020000000E+005    0.360531158079E-001
    0.599520000000E+005    0.360332018214E-001
    0.600020000000E+005    0.360132595343E-001
    0.600520000000E+005    0.359932890572E-001
    0.601020000000E+005    0.359732905009E-001
    0.601520000000E+005    0.359532639756E-001
    0.602020000000E+005    0.359332095917E-001
    0.602520000000E+005    0.359131274590E-001
    0.603020000000E+005    0.358930176874E-001
    0.603520000000E+005    0.358728803865E-001
    0.604020000000E+005    0.358527156658E-001
    0.604520000000E+005    0.358325236344E-001
    0.605020000000E+005    0.358123044014E-001
    0.605520000000E+005    0.357920580757E-001
    0.606020000000E+005    0.357717847659E-001
    0.606520000000E+005    0.357514845805E-001
    0.607020000000E+005    0.357311576277E-001
    0.607520000000E+005    0.357108040157E-001
    0.608020000000E+005    0.356904238524E-001
    0.608520000000E+005    0.356700172455E-001
    0.609020000000E+005    0.356495843025E-001
    0.609520000000E+005    0.356291251308E-001
    0.610020000000E+005    0.356086398376E-001
    0.610520000000E+005    0.355881285298E-001
    0.611020000000E+005    0.355675913142E-001
    0.611520000000E+005    0.355470282975E-001
    0.612020000000E+005    0.355264395861E-001
    0.612520000000E+005    0.355058252863E-001
    0.613020000000E+005    0.354851855041E-001
    0.613520000000E+005    0.354645203454E-001
    0.614020000000E+005    0.354438299160E-001
    0.614520000000E+005    0.354231143214E-001
    0.615020000000E+005    0.354023736669E-001
    0.615520000000E+005    0.353816080578E-001
    0.616020000000E+005    0.353608175990E-001
    0.616520000000E+005    0.353400023954E-001
    0.617020000000E+005    0.353191625517E-001
    0.617520000000E+005    0.352982981722E-001
    0.618020000000E+005    0.352774093614E-001
    0.618520000000E+005    0.352564962234E-001
    0.619020000000E+005    0.352355588620E-001
    0.619520000000E+005    0.352145973812E-001
    0.620020000000E+005    0.351936118845E-001
    0.620520000000E+005    0.351726024754E-001
    0.621020000000E+005    0.351515692571E-001
    0.621520000000E+005    0.351305123328E-001
    0.622020000000E+005    0.351094318053E-001
    0.622520000000E+005    0.350883277775E-001
    0.623020000000E+005    0.350672003520E-001
    0.623520000000E+005    0.350460496311E-001
    0.624020000000E+005    0.350248757171E-001
    0.624520000000E+005    0.350036787121E-001
    0.625020000000E+005    0.349824587180E-001
    0.625520000000E+005    0.349612158367E-001
    0.626020000000E+005    0.349399501696E-001
    0.626520000000E+005    0.349186618183E-001
    0.627020000000E+005    0.348973508839E-001
    0.627520000000E+005    0.348760174676E-001
    0.628020000000E+005    0.348546616703E-001
    0.628520000000E+005    0.348332835928E-001
    0.629020000000E+005    0.348118833356E-001
    0.629520000000E+005    0.347904609993E-001
    0.630020000000E+005    0.347690166841E-001
    0.630520000000E+005    0.347475504901E-001
    0.631020000000E+005    0.347260625173E-001
    0.631520000000E+005    0.347045528655E-001
    0.632020000000E+005    0.346830216343E-001
    0.632520000000E+005    0.346614689232E-001
    0.633020000000E+005    0.346398948315E-001
    0.633520000000E+005    0.346182994584E-001
    0.634020000000E+005    0.345966829029E-001
    0.634520000000E+005    0.345750452638E-001
    0.635020000000E+005    0.345533866398E-001
    0.635520000000E+005    0.345317071294E-001
    0.636020000000E+005    0.345100068310E-001
    0.636520000000E+005    0.344882858429E-001
    0.637020000000E+005    0.344665442630E-001
    0.637520000000E+005    0.344447821893E-001
    0.638020000000E+005    0.344229997195E-001
    0.638520000000E+005    0.344011969513E-001
    0.639020000000E+005    0.343793739819E-001
    0.639520000000E+005    0.343575309088E-001
    0.640020000000E+005    0.343356678291E-001
    0.640520000000E+005    0.343137848397E-001
    0.641020000000E+005    0.342918820374E-001
    0.641520000000E+005    0.342699595190E-001
    0.642020000000E+005    0.342480173808E-001
    0.642520000000E+005    0.342260557194E-001
    0.643020000000E+005    0.342040746309E-001
    0.643520000000E+005    0.341820742114E-001
    0.644020000000E+005    0.341600545567E-001
    0.644520000000E+005    0.341380157627E-001
    0.645020000000E+005    0.341159579249E-001
    0.645520000000E+005    0.340938811388E-001
    0.646020000000E+005    0.340717854997E-001
    0.646520000000E+005    0.340496711028E-001
    0.647020000000E+005    0.340275380430E-001
    0.647520000000E+005    0.340053864153E-001
    0.648020000000E+005    0.339832163143E-001
    0.648520000000E+005    0.339610278345E-001
    0.649020000000E+005    0.339388210705E-001
    0.649520000000E+005    0.339165961165E-001
    0.650020000000E+005    0.338943530666E-001
    0.650520000000E+005    0.338720920147E-001
    0.651020000000E+005    0.338498130547E-001
    0.651520000000E+005    0.338275162803E-001
    0.652020000000E+005    0.338052017850E-001
    0.652520000000E+005    0.337828696622E-001
    0.653020000000E+005    0.337605200051E-001
    0.653520000000E+005    0.337381529067E-001
    0.654020000000E+005    0.337157684602E-001
    0.654520000000E+005    0.336933667582E-001
    0.655020000000E+005    0.336709478934E-001
    0.655520000000E+005    0.336485119584E-001
    0.656020000000E+005    0.336260590454E-001
    0.656520000000E+005    0.336035892468E-001
    0.657020000000E+005    0.335811026545E-001
    0.657520000000E+005    0.335585993607E-001
    0.658020000000E+005    0.335360794569E-001
    0.658520000000E+005    0.335135430349E-001
    0.659020000000E+005    0.334909901862E-001
    0.659520000000E+005    0.334684210022E-001
    0.660020000000E+005    0.334458355740E-001
    0.660520000000E+005    0.334232339928E-001
    0.661020000000E+005    0.334006163494E-001
    0.661520000000E+005    0.333779827348E-001
    0.662020000000E+005    0.333553332394E-001
    0.662520000000E+005    0.333326679540E-001
    0.663020000000E+005    0.333099869687E-001
    0.663520000000E+005    0.332872903739E-001
    0.664020000000E+005    0.332645782596E-001
    0.664520000000E+005    0.332418507158E-001
    0.665020000000E+005    0.332191078323E-001
    0.665520000000E+005    0.331963496987E-001
    0.666020000000E+005    0.331735764046E-001
    0.666520000000E+005    0.331507880394E-001
    0.667020000000E+005    0.331279846923E-001
    0.667520000000E+005    0.331051664523E-001
    0.668020000000E+005    0.330823334086E-001
    0.668520000000E+005    0.330594856499E-001
    0.669020000000E+005    0.330366232649E-001
    0.669520000000E+005    0.330137463421E-001
    0.670020000000E+005    0.329908549699E-001
    0.670520000000E+005    0.329679492367E-001
    0.671020000000E+005    0.329450292306E-001
    0.671520000000E+005    0.329220950395E-001
    0.672020000000E+005    0.328991467513E-001
    0.672520000000E+005    0.328761844537E-001
    0.673020000000E+005    0.328532082344E-001
    0.673520000000E+005    0.328302181806E-001
    0.674020000000E+005    0.328072143799E-001
    0.674520000000E+005    0.327841969192E-001
    0.675020000000E+005    0.327611658857E-001
    0.675520000000E+005    0.327381213662E-001
    0.676020000000E+005    0.327150634475E-001
    0.676520000000E+005    0.326919922162E-001
    0.677020000000E+005    0.326689077588E-001
    0.677520000000E+005    0.326458101616E-001
    0.678020000000E+005    0.326226995109E-001
    0.678520000000E+005    0.325995758927E-001
    0.679020000000E+005    0.325764393928E-001
    0.679520000000E+005    0.325532900973E-001
    0.680020000000E+005    0.325301280916E-001
    0.680520000000E+005    0.325069534613E-001
    0.681020000000E+005    0.324837662918E-001
    0.681520000000E+005    0.324605666684E-001
    0.682020000000E+005    0.324373546762E-001
    0.682520000000E+005    0.324141304001E-001
    0.683020000000E+005    0.323908939250E-001
    0.683520000000E+005    0.323676453356E-001
    0.684020000000E+005    0.323443847165E-001
    0.684520000000E+005    0.323211121521E-001
    0.685020000000E+005    0.322978277267E-001
    0.685520000000E+005    0.322745315245E-001
    0.686020000000E+005    0.322512236295E-001
    0.686520000000E+005    0.322279041256E-001
    0.687020000000E+005    0.322045730965E-001
    0.687520000000E+005    0.321812306260E-001
    0.688020000000E+005    0.321578767974E-001
    0.688520000000E+005    0.321345116942E-001
    0.689020000000E+005    0.321111353996E-001
    0.689520000000E+005    0.320877479966E-001
    0.690020000000E+005    0.320643495682E-001
    0.690520000000E+005    0.320409401972E-001
    0.691020000000E+005    0.320175199663E-001
    0.691520000000E+005    0.319940889581E-001
    0.692020000000E+005    0.319706472549E-001
    0.692520000000E+005    0.319471949391E-001
    0.693020000000E+005    0.319237320927E-001
    0.693520000000E+005    0.319002587979E-001
    0.694020000000E+005    0.318767751364E-001
    0.694520000000E+005    0.318532811901E-001
    0.695020000000E+005    0.318297770404E-001
    0.695520000000E+005    0.318062627690E-001
    0.696020000000E+005    0.317827384571E-001
    0.696520000000E+005    0.317592041859E-001
    0.697020000000E+005    0.317356600365E-001
    0.697520000000E+005    0.317121060899E-001
    0.698020000000E+005    0.316885424269E-001
    0.698520000000E+005    0.316649691280E-001
    0.699020000000E+005    0.316413862740E-001
    0.699520000000E+005    0.316177939451E-001
    0.700020000000E+005    0.315941922216E-001
    0.700520000000E+005    0.315705811837E-001
    0.701020000000E+005    0.315469609113E-001
    0.701520000000E+005    0.315233314844E-001
    0.702020000000E+005    0.314996929827E-001
    0.702520000000E+005    0.314760454857E-001
    0.703020000000E+005    0.314523890729E-001
    0.703520000000E+005    0.314287238238E-001
    0.704020000000E+005    0.314050498173E-001
    0.704520000000E+005    0.313813671327E-001
    0.705020000000E+005    0.313576758489E-001
    0.705520000000E+005    0.313339760447E-001
    0.706020000000E+005    0.313102677986E-001
    0.706520000000E+005    0.312865511893E-001
    0.707020000000E+005    0.312628262952E-001
    0.707520000000E+005    0.312390931945E-001
    0.708020000000E+005    0.312153519653E-001
    0.708520000000E+005    0.311916026857E-001
    0.709020000000E+005    0.311678454335E-001
    0.709520000000E+005    0.311440802864E-001
    0.710020000000E+005    0.311203073221E-001
    0.710520000000E+005    0.310965266179E-001
    0.711020000000E+005    0.310727382513E-001
    0.711520000000E+005    0.310489422994E-001
    0.712020000000E+005    0.310251388393E-001
    0.712520000000E+005    0.310013279480E-001
    0.713020000000E+005    0.309775097021E-001
    0.713520000000E+005    0.309536841784E-001
    0.714020000000E+005    0.309298514534E-001
    0.714520000000E+005    0.309060116036E-001
    0.715020000000E+005    0.308821647050E-001
    0.715520000000E+005    0.308583108340E-001
    0.716020000000E+005    0.308344500665E-001
    0.716520000000E+005    0.308105824783E-001
    0.717020000000E+005    0.307867081452E-001
    0.717520000000E+005    0.307628271428E-001
    0.718020000000E+005    0.307389395465E-001
    0.718520000000E+005    0.307150454316E-001
    0.719020000000E+005    0.306911448734E-001
    0.719520000000E+005    0.306672379470E-001
    0.720020000000E+005    0.306433247271E-001
    0.720520000000E+005    0.306194052887E-001
    0.721020000000E+005    0.305954797064E-001
    0.721520000000E+005    0.305715480547E-001
    0.722020000000E+005    0.305476104081E-001
    0.722520000000E+005    0.305236668407E-001
    0.723020000000E+005    0.304997174267E-001
    0.723520000000E+005    0.304757622400E-001
    0.724020000000E+005    0.304518013547E-001
    0.724520000000E+005    0.304278348443E-001
    0.725020000000E+005    0.304038627824E-001
    0.725520000000E+005    0.303798852426E-001
    0.726020000000E+005    0.303559022981E-001
    0.726520000000E+005    0.303319140221E-001
    0.727020000000E+005    0.303079204877E-001
    0.727520000000E+005    0.302839217679E-001
    0.728020000000E+005    0.302599179353E-001
    0.728520000000E+005    0.302359090626E-001
    0.729020000000E+005    0.302118952224E-001
    0.729520000000E+005    0.301878764871E-001
    0.730020000000E+005    0.301638529288E-001
    0.730520000000E+005    0.301398246198E-001
    0.731020000000E+005    0.301157916319E-001
    0.731520000000E+005    0.300917540371E-001
    0.732020000000E+005    0.300677119071E-001
    0.732520000000E+005    0.300436653134E-001
    0.733020000000E+005    0.300196143275E-001
    0.733520000000E+005    0.299955590206E-001
    0.734020000000E+005    0.299714994641E-001
    0.734520000000E+005    0.299474357289E-001
    0.735020000000E+005    0.299233678859E-001
    0.735520000000E+005    0.298992960059E-001
    0.736020000000E+005    0.298752201596E-001
    0.736520000000E+005    0.298511404174E-001
    0.737020000000E+005    0.298270568498E-001
    0.737520000000E+005    0.298029695269E-001
    0.738020000000E+005    0.297788785189E-001
    0.738520000000E+005    0.297547838957E-001
    0.739020000000E+005    0.297306857272E-001
    0.739520000000E+005    0.297065840830E-001
    0.740020000000E+005    0.296824790328E-001
    0.740520000000E+005    0.296583706460E-001
    0.741020000000E+005    0.296342589918E-001
    0.741520000000E+005    0.296101441394E-001
    0.742020000000E+005    0.295860261579E-001
    0.742520000000E+005    0.295619051161E-001
    0.743020000000E+005    0.295377810828E-001
    0.743520000000E+005    0.295136541266E-001
    0.744020000000E+005    0.294895243160E-001
    0.744520000000E+005    0.294653917194E-001
    0.745020000000E+005    0.294412564050E-001
    0.745520000000E+005    0.294171184408E-001
    0.746020000000E+005    0.293929778948E-001
    0.746520000000E+005    0.293688348348E-001
    0.747020000000E+005    0.293446893285E-001
    0.747520000000E+005    0.293205414435E-001
    0.748020000000E+005    0.292963912470E-001
    0.748520000000E+005    0.292722388065E-001
    0.749020000000E+005    0.292480841891E-001
    0.749520000000E+005    0.292239274617E-001
    0.750020000000E+005    0.291997686912E-001
    0.750520000000E+005    0.291756079443E-001
    0.751020000000E+005    0.291514452877E-001
    0.751520000000E+005    0.291272807878E-001
    0.752020000000E+005    0.291031145109E-001
    0.752520000000E+005    0.290789465232E-001
    0.753020000000E+005    0.290547768908E-001
    0.753520000000E+005    0.290306056796E-001
    0.754020000000E+005    0.290064329553E-001
    0.754520000000E+005    0.289822587837E-001
    0.755020000000E+005    0.289580832302E-001
    0.755520000000E+005    0.289339063602E-001
    0.756020000000E+005    0.289097282389E-001
    0.756520000000E+005    0.288855489314E-001
    0.757020000000E+005    0.288613685028E-001
    0.757520000000E+005    0.288371870179E-001
    0.758020000000E+005    0.288130045412E-001
    0.758520000000E+005    0.287888211375E-001
    0.759020000000E+005    0.287646368711E-001
    0.759520000000E+005    0.287404518063E-001
    0.760020000000E+005    0.287162660073E-001
    0.760520000000E+005    0.286920795381E-001
    0.761020000000E+005    0.286678924626E-001
    0.761520000000E+005    0.286437048444E-001
    0.762020000000E+005    0.286195167473E-001
    0.762520000000E+005    0.285953282347E-001
    0.763020000000E+005    0.285711393700E-001
    0.763520000000E+005    0.285469502162E-001
    0.764020000000E+005    0.285227608366E-001
    0.764520000000E+005    0.284985712940E-001
    0.765020000000E+005    0.284743816512E-001
    0.765520000000E+005    0.284501919709E-001
    0.766020000000E+005    0.284260023156E-001
    0.766520000000E+005    0.284018127477E-001
    0.767020000000E+005    0.283776233295E-001
    0.767520000000E+005    0.283534341229E-001
    0.768020000000E+005    0.283292451901E-001
    0.768520000000E+005    0.283050565928E-001
    0.769020000000E+005    0.282808683928E-001
    0.769520000000E+005    0.282566806516E-001
    0.770020000000E+005    0.282324934307E-001
    0.770520000000E+005    0.282083067913E-001
    0.771020000000E+005    0.281841207946E-001
    0.771520000000E+005    0.281599355016E-001
    0.772020000000E+005    0.281357509732E-001
    0.772520000000E+005    0.281115672702E-001
    0.773020000000E+005    0.280873844531E-001
    0.773520000000E+005    0.280632025824E-001
    0.774020000000E+005    0.280390217185E-001
    0.774520000000E+005    0.280148419216E-001
    0.775020000000E+005    0.279906632517E-001
    0.775520000000E+005    0.279664857688E-001
    0.776020000000E+005    0.279423095326E-001
    0.776520000000E+005    0.279181346028E-001
    0.777020000000E+005    0.278939610389E-001
    0.777520000000E+005    0.278697889002E-001
    0.778020000000E+005    0.278456182462E-001
    0.778520000000E+005    0.278214491357E-001
    0.779020000000E+005    0.277972816279E-001
    0.779520000000E+005    0.277731157815E-001
    0.780020000000E+005    0.277489516552E-001
    0.780520000000E+005    0.277247893076E-001
    0.781020000000E+005    0.277006287972E-001
    0.781520000000E+005    0.276764701821E-001
    0.782020000000E+005    0.276523135206E-001
    0.782520000000E+005    0.276281588706E-001
    0.783020000000E+005    0.276040062900E-001
    0.783520000000E+005    0.275798558366E-001
    0.784020000000E+005    0.275557075680E-001
    0.784520000000E+005    0.275315615416E-001
    0.785020000000E+005    0.275074178147E-001
    0.785520000000E+005    0.274832764446E-001
    0.786020000000E+005    0.274591374882E-001
    0.786520000000E+005    0.274350010026E-001
    0.787020000000E+005    0.274108670444E-001
    0.787520000000E+005    0.273867356704E-001
    0.788020000000E+005    0.273626069370E-001
    0.788520000000E+005    0.273384809006E-001
    0.789020000000E+005    0.273143576174E-001
    0.789520000000E+005    0.272902371435E-001
    0.790020000000E+005    0.272661195348E-001
    0.790520000000E+005    0.272420048473E-001
    0.791020000000E+005    0.272178931365E-001
    0.791520000000E+005    0.271937844581E-001
    0.792020000000E+005    0.271696788673E-001
    0.792520000000E+005    0.271455764195E-001
    0.793020000000E+005    0.271214771699E-001
    0.793520000000E+005    0.270973811734E-001
    0.794020000000E+005    0.270732884848E-001
    0.794520000000E+005    0.270491991590E-001
    0.795020000000E+005    0.270251132504E-001
    0.795520000000E+005    0.270010308135E-001
    0.796020000000E+005    0.269769519027E-001
    0.796520000000E+005    0.269528765721E-001
    0.797020000000E+005    0.269288048758E-001
    0.797520000000E+005    0.269047368676E-001
    0.798020000000E+005    0.268806726013E-001
    0.798520000000E+005    0.268566121306E-001
    0.799020000000E+005    0.268325555089E-001
    0.799520000000E+005    0.268085027895E-001
    0.800020000000E+005    0.267844540258E-001
    0.800520000000E+005    0.267604092707E-001
    0.801020000000E+005    0.267363685772E-001
    0.801520000000E+005    0.267123319982E-001
    0.802020000000E+005    0.266882995862E-001
    0.802520000000E+005    0.266642713939E-001
    0.803020000000E+005    0.266402474736E-001
    0.803520000000E+005    0.266162278775E-001
    0.804020000000E+005    0.265922126578E-001
    0.804520000000E+005    0.265682018665E-001
    0.805020000000E+005    0.265441955554E-001
    0.805520000000E+005    0.265201937762E-001
    0.806020000000E+005    0.264961965805E-001
    0.806520000000E+005    0.264722040198E-001
    0.807020000000E+005    0.264482161452E-001
    0.807520000000E+005    0.264242330081E-001
    0.808020000000E+005    0.264002546594E-001
    0.808520000000E+005    0.263762811500E-001
    0.809020000000E+005    0.263523125307E-001
    0.809520000000E+005    0.263283488520E-001
    0.810020000000E+005    0.263043901645E-001
    0.810520000000E+005    0.262804365185E-001
    0.811020000000E+005    0.262564879642E-001
    0.811520000000E+005    0.262325445517E-001
    0.812020000000E+005    0.262086063309E-001
    0.812520000000E+005    0.261846733516E-001
    0.813020000000E+005    0.261607456635E-001
    0.813520000000E+005    0.261368233161E-001
    0.814020000000E+005    0.261129063587E-001
    0.814520000000E+005    0.260889948407E-001
    0.815020000000E+005    0.260650888111E-001
    0.815520000000E+005    0.260411883190E-001
    0.816020000000E+005    0.260172934131E-001
    0.816520000000E+005    0.259934041422E-001
    0.817020000000E+005    0.259695205549E-001
    0.817520000000E+005    0.259456426995E-001
    0.818020000000E+005    0.259217706244E-001
    0.818520000000E+005    0.258979043778E-001
    0.819020000000E+005    0.258740440077E-001
    0.819520000000E+005    0.258501895619E-001
    0.820020000000E+005    0.258263410882E-001
    0.820520000000E+005    0.258024986343E-001
    0.821020000000E+005    0.257786622476E-001
    0.821520000000E+005    0.257548319754E-001
    0.822020000000E+005    0.257310078651E-001
    0.822520000000E+005    0.257071899636E-001
    0.823020000000E+005    0.256833783179E-001
    0.823520000000E+005    0.256595729748E-001
    0.824020000000E+005    0.256357739810E-001
    0.824520000000E+005    0.256119813830E-001
    0.825020000000E+005    0.255881952273E-001
    0.825520000000E+005    0.255644155600E-001
    0.826020000000E+005    0.255406424272E-001
    0.826520000000E+005    0.255168758751E-001
    0.827020000000E+005    0.254931159495E-001
    0.827520000000E+005    0.254693626960E-001
    0.828020000000E+005    0.254456161603E-001
    0.828520000000E+005    0.254218763878E-001
    0.829020000000E+005    0.253981434239E-001
    0.829520000000E+005    0.253744173136E-001
    0.830020000000E+005    0.253506981022E-001
    0.830520000000E+005    0.253269858344E-001
    0.831020000000E+005    0.253032805551E-001
    0.831520000000E+005    0.252795823089E-001
    0.832020000000E+005    0.252558911403E-001
    0.832520000000E+005    0.252322070937E-001
    0.833020000000E+005    0.252085302134E-001
    0.833520000000E+005    0.251848605433E-001
    0.834020000000E+005    0.251611981276E-001
    0.834520000000E+005    0.251375430101E-001
    0.835020000000E+005    0.251138952344E-001
    0.835520000000E+005    0.250902548441E-001
    0.836020000000E+005    0.250666218826E-001
    0.836520000000E+005    0.250429963934E-001
    0.837020000000E+005    0.250193784195E-001
    0.837520000000E+005    0.249957680039E-001
    0.838020000000E+005    0.249721651896E-001
    0.838520000000E+005    0.249485700193E-001
    0.839020000000E+005    0.249249825357E-001
    0.839520000000E+005    0.249014027812E-001
    0.840020000000E+005    0.248778307983E-001
    0.840520000000E+005    0.248542666291E-001
    0.841020000000E+005    0.248307103158E-001
    0.841520000000E+005    0.248071619004E-001
    0.842020000000E+005    0.247836214245E-001
    0.842520000000E+005    0.247600889301E-001
    0.843020000000E+005    0.247365644585E-001
    0.843520000000E+005    0.247130480514E-001
    0.844020000000E+005    0.246895397499E-001
    0.844520000000E+005    0.246660395952E-001
    0.845020000000E+005    0.246425476284E-001
    0.845520000000E+005    0.246190638903E-001
    0.846020000000E+005    0.245955884218E-001
    0.846520000000E+005    0.245721212635E-001
    0.847020000000E+005    0.245486624558E-001
    0.847520000000E+005    0.245252120393E-001
    0.848020000000E+005    0.245017700540E-001
    0.848520000000E+005    0.244783365401E-001
    0.849020000000E+005    0.244549115376E-001
    0.849520000000E+005    0.244314950864E-001
    0.850020000000E+005    0.244080872261E-001
    0.850520000000E+005    0.243846879963E-001
    0.851020000000E+005    0.243612974366E-001
    0.851520000000E+005    0.243379155861E-001
    0.852020000000E+005    0.243145424841E-001
    0.852520000000E+005    0.242911781697E-001
    0.853020000000E+005    0.242678226817E-001
    0.853520000000E+005    0.242444760591E-001
    0.854020000000E+005    0.242211383403E-001
    0.854520000000E+005    0.241978095640E-001
    0.855020000000E+005    0.241744897686E-001
    0.855520000000E+005    0.241511789924E-001
    0.856020000000E+005    0.241278772734E-001
    0.856520000000E+005    0.241045846497E-001
    0.857020000000E+005    0.240813011592E-001
    0.857520000000E+005    0.240580268396E-001
    0.858020000000E+005    0.240347617285E-001
    0.858520000000E+005    0.240115058635E-001
    0.859020000000E+005    0.239882592819E-001
    0.859520000000E+005    0.239650220209E-001
    0.860020000000E+005    0.239417941177E-001
    0.860520000000E+005    0.239185756091E-001
    0.861020000000E+005    0.238953665321E-001
    0.861520000000E+005    0.238721669233E-001
    0.862020000000E+005    0.238489768193E-001
    0.862520000000E+005    0.238257962567E-001
    0.863020000000E+005    0.238026252716E-001
    0.863520000000E+005    0.237794639004E-001
    0.864020000000E+005    0.237563121790E-001
    0.864520000000E+005    0.237331701434E-001
    0.865020000000E+005    0.237100378295E-001
    0.865520000000E+005    0.236869152729E-001
    0.866020000000E+005    0.236638025091E-001
    0.866520000000E+005    0.236406995736E-001
    0.867020000000E+005    0.236176065017E-001
    0.867520000000E+005    0.235945233285E-001
    0.868020000000E+005    0.235714500891E-001
    0.868520000000E+005    0.235483868184E-001
    0.869020000000E+005    0.235253335512E-001
    0.869520000000E+005    0.235022903222E-001
    0.870020000000E+005    0.234792571658E-001
    0.870520000000E+005    0.234562341165E-001
    0.871020000000E+005    0.234332212085E-001
    0.871520000000E+005    0.234102184761E-001
    0.872020000000E+005    0.233872259531E-001
    0.872520000000E+005    0.233642436736E-001
    0.873020000000E+005    0.233412716713E-001
    0.873520000000E+005    0.233183099799E-001
    0.874020000000E+005    0.232953586327E-001
    0.874520000000E+005    0.232724176633E-001
    0.875020000000E+005    0.232494871050E-001
    0.875520000000E+005    0.232265669907E-001
    0.876020000000E+005    0.232036573536E-001
    0.876520000000E+005    0.231807582266E-001
    0.877020000000E+005    0.231578696423E-001
    0.877520000000E+005    0.231349916335E-001
    0.878020000000E+005    0.231121242327E-001
    0.878520000000E+005    0.230892674722E-001
    0.879020000000E+005    0.230664213842E-001
    0.879520000000E+005    0.230435860011E-001
    0.880020000000E+005    0.230207613546E-001
    0.880520000000E+005    0.229979474768E-001
    0.881020000000E+005    0.229751443994E-001
    0.881520000000E+005    0.229523521540E-001
    0.882020000000E+005    0.229295707721E-001
    0.882520000000E+005    0.229068002852E-001
    0.883020000000E+005    0.228840407244E-001
    0.883520000000E+005    0.228612921211E-001
    0.884020000000E+005    0.228385545060E-001
    0.884520000000E+005    0.228158279103E-001
    0.885020000000E+005    0.227931123645E-001
    0.885520000000E+005    0.227704078994E-001
    0.886020000000E+005    0.227477145455E-001
    0.886520000000E+005    0.227250323333E-001
    0.887020000000E+005    0.227023612929E-001
    0.887520000000E+005    0.226797014545E-001
    0.888020000000E+005    0.226570528483E-001
    0.888520000000E+005    0.226344155040E-001
    0.889020000000E+005    0.226117894515E-001
    0.889520000000E+005    0.225891747204E-001
    0.890020000000E+005    0.225665713403E-001
    0.890520000000E+005    0.225439793407E-001
    0.891020000000E+005    0.225213987508E-001
    0.891520000000E+005    0.224988295998E-001
    0.892020000000E+005    0.224762719168E-001
    0.892520000000E+005    0.224537257307E-001
    0.893020000000E+005    0.224311910703E-001
    0.893520000000E+005    0.224086679643E-001
    0.894020000000E+005    0.223861564414E-001
    0.894520000000E+005    0.223636565299E-001
    0.895020000000E+005    0.223411682582E-001
    0.895520000000E+005    0.223186916546E-001
    0.896020000000E+005    0.222962267471E-001
    0.896520000000E+005    0.222737735637E-001
    0.897020000000E+005    0.222513321322E-001
    0.897520000000E+005    0.222289024805E-001
    0.898020000000E+005    0.222064846361E-001
    0.898520000000E+005    0.221840786265E-001
    0.899020000000E+005    0.221616844791E-001
    0.899520000000E+005    0.221393022211E-001
    0.900020000000E+005    0.221169318798E-001
    0.900520000000E+005    0.220945734821E-001
    0.901020000000E+005    0.220722270550E-001
    0.901520000000E+005    0.220498926252E-001
    0.902020000000E+005    0.220275702195E-001
    0.902520000000E+005    0.220052598643E-001
    0.903020000000E+005    0.219829615861E-001
    0.903520000000E+005    0.219606754112E-001
    0.904020000000E+005    0.219384013659E-001
    0.904520000000E+005    0.219161394761E-001
    0.905020000000E+005    0.218938897680E-001
    0.905520000000E+005    0.218716522673E-001
    0.906020000000E+005    0.218494269997E-001
    0.906520000000E+005    0.218272139910E-001
    0.907020000000E+005    0.218050132665E-001
    0.907520000000E+005    0.217828248517E-001
    0.908020000000E+005    0.217606487719E-001
    0.908520000000E+005    0.217384850521E-001
    0.909020000000E+005    0.217163337175E-001
    0.909520000000E+005    0.216941947930E-001
    0.910020000000E+005    0.216720683033E-001
    0.910520000000E+005    0.216499542733E-001
    0.911020000000E+005    0.216278527273E-001
    0.911520000000E+005    0.216057636900E-001
    0.912020000000E+005    0.215836871857E-001
    0.912520000000E+005    0.215616232385E-001
    0.913020000000E+005    0.215395718727E-001
    0.913520000000E+005    0.215175331122E-001
    0.914020000000E+005    0.214955069809E-001
    0.914520000000E+005    0.214734935027E-001
    0.915020000000E+005    0.214514927011E-001
    0.915520000000E+005    0.214295045997E-001
    0.916020000000E+005    0.214075292221E-001
    0.916520000000E+005    0.213855665914E-001
    0.917020000000E+005    0.213636167309E-001
    0.917520000000E+005    0.213416796638E-001
    0.918020000000E+005    0.213197554129E-001
    0.918520000000E+005    0.212978440013E-001
    0.919020000000E+005    0.212759454516E-001
    0.919520000000E+005    0.212540597865E-001
    0.920020000000E+005    0.212321870286E-001
    0.920520000000E+005    0.212103272003E-001
    0.921020000000E+005    0.211884803239E-001
    0.921520000000E+005    0.211666464216E-001
    0.922020000000E+005    0.211448255155E-001
    0.922520000000E+005    0.211230176276E-001
    0.923020000000E+005    0.211012227799E-001
    0.923520000000E+005    0.210794409939E-001
    0.924020000000E+005    0.210576722915E-001
    0.924520000000E+005    0.210359166942E-001
    0.925020000000E+005    0.210141742234E-001
    0.925520000000E+005    0.209924449004E-001
    0.926020000000E+005    0.209707287464E-001
    0.926520000000E+005    0.209490257827E-001
    0.927020000000E+005    0.209273360301E-001
    0.927520000000E+005    0.209056595095E-001
    0.928020000000E+005    0.208839962419E-001
    0.928520000000E+005    0.208623462477E-001
    0.929020000000E+005    0.208407095476E-001
    0.929520000000E+005    0.208190861621E-001
    0.930020000000E+005    0.207974761115E-001
    0.930520000000E+005    0.207758794161E-001
    0.931020000000E+005    0.207542960959E-001
    0.931520000000E+005    0.207327261711E-001
    0.932020000000E+005    0.207111696615E-001
    0.932520000000E+005    0.206896265870E-001
    0.933020000000E+005    0.206680969673E-001
    0.933520000000E+005    0.206465808220E-001
    0.934020000000E+005    0.206250781705E-001
    0.934520000000E+005    0.206035890323E-001
    0.935020000000E+005    0.205821134267E-001
    0.935520000000E+005    0.205606513729E-001
    0.936020000000E+005    0.205392028898E-001
    0.936520000000E+005    0.205177679966E-001
    0.937020000000E+005    0.204963467120E-001
    0.937520000000E+005    0.204749390548E-001
    0.938020000000E+005    0.204535450437E-001
    0.938520000000E+005    0.204321646972E-001
    0.939020000000E+005    0.204107980339E-001
    0.939520000000E+005    0.203894450719E-001
    0.940020000000E+005    0.203681058296E-001
    0.940520000000E+005    0.203467803251E-001
    0.941020000000E+005    0.203254685765E-001
    0.941520000000E+005    0.203041706016E-001
    0.942020000000E+005    0.202828864183E-001
    0.942520000000E+005    0.202616160443E-001
    0.943020000000E+005    0.202403594973E-001
    0.943520000000E+005    0.202191167947E-001
    0.944020000000E+005    0.201978879541E-001
    0.944520000000E+005    0.201766729926E-001
    0.945020000000E+005    0.201554719275E-001
    0.945520000000E+005    0.201342847760E-001
    0.946020000000E+005    0.201131115549E-001
    0.946520000000E+005    0.200919522814E-001
    0.947020000000E+005    0.200708069721E-001
    0.947520000000E+005    0.200496756437E-001
    0.948020000000E+005    0.200285583130E-001
    0.948520000000E+005    0.200074549963E-001
    0.949020000000E+005    0.199863657101E-001
    0.949520000000E+005    0.199652904707E-001
    0.950020000000E+005    0.199442292944E-001
    0.950520000000E+005    0.199231821971E-001
    0.951020000000E+005    0.199021491950E-001
    0.951520000000E+005    0.198811303039E-001
    0.952020000000E+005    0.198601255397E-001
    0.952520000000E+005    0.198391349180E-001
    0.953020000000E+005    0.198181584545E-001
    0.953520000000E+005    0.197971961647E-001
    0.954020000000E+005    0.197762480641E-001
    0.954520000000E+005    0.197553141679E-001
    0.955020000000E+005    0.197343944913E-001
    0.955520000000E+005    0.197134890495E-001
    0.956020000000E+005    0.196925978576E-001
    0.956520000000E+005    0.196717209304E-001
    0.957020000000E+005    0.196508582828E-001
    0.957520000000E+005    0.196300099295E-001
    0.958020000000E+005    0.196091758852E-001
    0.958520000000E+005    0.195883561644E-001
    0.959020000000E+005    0.195675507816E-001
    0.959520000000E+005    0.195467597511E-001
    0.960020000000E+005    0.195259830872E-001
    0.960520000000E+005    0.195052208040E-001
    0.961020000000E+005    0.194844729157E-001
    0.961520000000E+005    0.194637394361E-001
    0.962020000000E+005    0.194430203793E-001
    0.962520000000E+005    0.194223157588E-001
    0.963020000000E+005    0.194016255886E-001
    0.963520000000E+005    0.193809498821E-001
    0.964020000000E+005    0.193602886528E-001
    0.964520000000E+005    0.193396419142E-001
    0.965020000000E+005    0.193190096796E-001
    0.965520000000E+005    0.192983919621E-001
    0.966020000000E+005    0.192777887751E-001
    0.966520000000E+005    0.192572001314E-001
    0.967020000000E+005    0.192366260440E-001
    0.967520000000E+005    0.192160665257E-001
    0.968020000000E+005    0.191955215895E-001
    0.968520000000E+005    0.191749912478E-001
    0.969020000000E+005    0.191544755133E-001
    0.969520000000E+005    0.191339743984E-001
    0.970020000000E+005    0.191134879157E-001
    0.970520000000E+005    0.190930160773E-001
    0.971020000000E+005    0.190725588955E-001
    0.971520000000E+005    0.190521163824E-001
    0.972020000000E+005    0.190316885500E-001
    0.972520000000E+005    0.190112754103E-001
    0.973020000000E+005    0.189908769752E-001
    0.973520000000E+005    0.189704932563E-001
    0.974020000000E+005    0.189501242655E-001
    0.974520000000E+005    0.189297700141E-001
    0.975020000000E+005    0.189094305139E-001
    0.975520000000E+005    0.188891057761E-001
    0.976020000000E+005    0.188687958120E-001
    0.976520000000E+005    0.188485006330E-001
    0.977020000000E+005    0.188282202501E-001
    0.977520000000E+005    0.188079546745E-001
    0.978020000000E+005    0.187877039170E-001
    0.978520000000E+005    0.187674679885E-001
    0.979020000000E+005    0.187472468999E-001
    0.979520000000E+005    0.187270406618E-001
    0.980020000000E+005    0.187068492849E-001
    0.980520000000E+005    0.186866727797E-001
    0.981020000000E+005    0.186665111566E-001
    0.981520000000E+005    0.186463644260E-001
    0.982020000000E+005    0.186262325982E-001
    0.982520000000E+005    0.186061156833E-001
    0.983020000000E+005    0.185860136914E-001
    0.983520000000E+005    0.185659266327E-001
    0.984020000000E+005    0.185458545169E-001
    0.984520000000E+005    0.185257973539E-001
    0.985020000000E+005    0.185057551536E-001
    0.985520000000E+005    0.184857279255E-001
    0.986020000000E+005    0.184657156793E-001
    0.986520000000E+005    0.184457184245E-001
    0.987020000000E+005    0.184257361705E-001
    0.987520000000E+005    0.184057689266E-001
    0.988020000000E+005    0.183858167021E-001
    0.988520000000E+005    0.183658795062E-001
    0.989020000000E+005    0.183459573479E-001
    0.989520000000E+005    0.183260502363E-001
    0.990020000000E+005    0.183061581803E-001
    0.990520000000E+005    0.182862811888E-001
    0.991020000000E+005    0.182664192704E-001
    0.991520000000E+005    0.182465724339E-001
    0.992020000000E+005    0.182267406879E-001
    0.992520000000E+005    0.182069240408E-001
    0.993020000000E+005    0.181871225012E-001
    0.993520000000E+005    0.181673360774E-001
    0.994020000000E+005    0.181475647776E-001
    0.994520000000E+005    0.181278086100E-001
    0.995020000000E+005    0.181080675828E-001
    0.995520000000E+005    0.180883417040E-001
    0.996020000000E+005    0.180686309815E-001
    0.996520000000E+005    0.180489354233E-001
    0.997020000000E+005    0.180292550370E-001
    0.997520000000E+005    0.180095898304E-001
    0.998020000000E+005    0.179899398112E-001
    0.998520000000E+005    0.179703049869E-001
    0.999020000000E+005    0.179506853650E-001
    0.999520000000E+005    0.179310809528E-001
