TITLE = "0D Field KB"
VARIABLES = N ,"KB_Ha100Rem10Re1000"
ZONE DATAPACKING = POINT
    0.200000000000E+001    0.799992000074E-009
    0.520000000000E+002    0.540524274496E-006
    0.102000000000E+003    0.207869963314E-005
    0.152000000000E+003    0.461382874297E-005
    0.202000000000E+003    0.814441596940E-005
    0.252000000000E+003    0.126689669798E-004
    0.302000000000E+003    0.181859873532E-004
    0.352000000000E+003    0.246939794742E-004
    0.402000000000E+003    0.321914375159E-004
    0.452000000000E+003    0.406768409683E-004
    0.502000000000E+003    0.501486475327E-004
    0.552000000000E+003    0.606052861998E-004
    0.602000000000E+003    0.720451511121E-004
    0.652000000000E+003    0.844665965478E-004
    0.702000000000E+003    0.978679331368E-004
    0.752000000000E+003    0.112247425268E-003
    0.802000000000E+003    0.127603289566E-003
    0.852000000000E+003    0.143933694260E-003
    0.902000000000E+003    0.161236759302E-003
    0.952000000000E+003    0.179510557039E-003
    0.100200000000E+004    0.198753113336E-003
    0.105200000000E+004    0.218962409007E-003
    0.110200000000E+004    0.240136381469E-003
    0.115200000000E+004    0.262272926550E-003
    0.120200000000E+004    0.285369900366E-003
    0.125200000000E+004    0.309425121255E-003
    0.130200000000E+004    0.334436371702E-003
    0.135200000000E+004    0.360401400249E-003
    0.140200000000E+004    0.387317923361E-003
    0.145200000000E+004    0.415183627241E-003
    0.150200000000E+004    0.443996169576E-003
    0.155200000000E+004    0.473753181223E-003
    0.160200000000E+004    0.504452267814E-003
    0.165200000000E+004    0.536091011294E-003
    0.170200000000E+004    0.568666971383E-003
    0.175200000000E+004    0.602177686964E-003
    0.180200000000E+004    0.636620677404E-003
    0.185200000000E+004    0.671993443807E-003
    0.190200000000E+004    0.708293470198E-003
    0.195200000000E+004    0.745518224647E-003
    0.200200000000E+004    0.783665160333E-003
    0.205200000000E+004    0.822731716554E-003
    0.210200000000E+004    0.862715319677E-003
    0.215200000000E+004    0.903613384044E-003
    0.220200000000E+004    0.945423312827E-003
    0.225200000000E+004    0.988142498837E-003
    0.230200000000E+004    0.103176832529E-002
    0.235200000000E+004    0.107629816655E-002
    0.240200000000E+004    0.112172938878E-002
    0.245200000000E+004    0.116805935063E-002
    0.250200000000E+004    0.121528540388E-002
    0.255200000000E+004    0.126340489394E-002
    0.260200000000E+004    0.131241516052E-002
    0.265200000000E+004    0.136231353807E-002
    0.270200000000E+004    0.141309735633E-002
    0.275200000000E+004    0.146476394082E-002
    0.280200000000E+004    0.151731061324E-002
    0.285200000000E+004    0.157073469197E-002
    0.290200000000E+004    0.162503349244E-002
    0.295200000000E+004    0.168020432753E-002
    0.300200000000E+004    0.173624450795E-002
    0.305200000000E+004    0.179315134261E-002
    0.310200000000E+004    0.185092213891E-002
    0.315200000000E+004    0.190955420313E-002
    0.320200000000E+004    0.196904484068E-002
    0.325200000000E+004    0.202939135643E-002
    0.330200000000E+004    0.209059105497E-002
    0.335200000000E+004    0.215264124090E-002
    0.340200000000E+004    0.221553921905E-002
    0.345200000000E+004    0.227928229476E-002
    0.350200000000E+004    0.234386777407E-002
    0.355200000000E+004    0.240929296401E-002
    0.360200000000E+004    0.247555517274E-002
    0.365200000000E+004    0.254265170977E-002
    0.370200000000E+004    0.261057988619E-002
    0.375200000000E+004    0.267933701482E-002
    0.380200000000E+004    0.274892041038E-002
    0.385200000000E+004    0.281932738970E-002
    0.390200000000E+004    0.289055527183E-002
    0.395200000000E+004    0.296260137823E-002
    0.400200000000E+004    0.303546303290E-002
    0.405200000000E+004    0.310913756251E-002
    0.410200000000E+004    0.318362229657E-002
    0.415200000000E+004    0.325891456752E-002
    0.420200000000E+004    0.333501171088E-002
    0.425200000000E+004    0.341191106534E-002
    0.430200000000E+004    0.348960997290E-002
    0.435200000000E+004    0.356810577895E-002
    0.440200000000E+004    0.364739583238E-002
    0.445200000000E+004    0.372747748571E-002
    0.450200000000E+004    0.380834809511E-002
    0.455200000000E+004    0.389000502057E-002
    0.460200000000E+004    0.397244562592E-002
    0.465200000000E+004    0.405566727895E-002
    0.470200000000E+004    0.413966735148E-002
    0.475200000000E+004    0.422444321941E-002
    0.480200000000E+004    0.430999226281E-002
    0.485200000000E+004    0.439631186600E-002
    0.490200000000E+004    0.448339941757E-002
    0.495200000000E+004    0.457125231049E-002
    0.500200000000E+004    0.465986794213E-002
    0.505200000000E+004    0.474924371434E-002
    0.510200000000E+004    0.483937703349E-002
    0.515200000000E+004    0.493026531050E-002
    0.520200000000E+004    0.502190596095E-002
    0.525200000000E+004    0.511429640503E-002
    0.530200000000E+004    0.520743406769E-002
    0.535200000000E+004    0.530131637859E-002
    0.540200000000E+004    0.539594077217E-002
    0.545200000000E+004    0.549130468771E-002
    0.550200000000E+004    0.558740556935E-002
    0.555200000000E+004    0.568424086608E-002
    0.560200000000E+004    0.578180803185E-002
    0.565200000000E+004    0.588010452553E-002
    0.570200000000E+004    0.597912781097E-002
    0.575200000000E+004    0.607887535702E-002
    0.580200000000E+004    0.617934463755E-002
    0.585200000000E+004    0.628053313149E-002
    0.590200000000E+004    0.638243832283E-002
    0.595200000000E+004    0.648505770064E-002
    0.600200000000E+004    0.658838875910E-002
    0.605200000000E+004    0.669242899752E-002
    0.610200000000E+004    0.679717592036E-002
    0.615200000000E+004    0.690262703721E-002
    0.620200000000E+004    0.700877986286E-002
    0.625200000000E+004    0.711563191725E-002
    0.630200000000E+004    0.722318072555E-002
    0.635200000000E+004    0.733142381811E-002
    0.640200000000E+004    0.744035873052E-002
    0.645200000000E+004    0.754998300357E-002
    0.650200000000E+004    0.766029418330E-002
    0.655200000000E+004    0.777128982100E-002
    0.660200000000E+004    0.788296747319E-002
    0.665200000000E+004    0.799532470166E-002
    0.670200000000E+004    0.810835907345E-002
    0.675200000000E+004    0.822206816088E-002
    0.680200000000E+004    0.833644954152E-002
    0.685200000000E+004    0.845150079822E-002
    0.690200000000E+004    0.856721951912E-002
    0.695200000000E+004    0.868360329762E-002
    0.700200000000E+004    0.880064973240E-002
    0.705200000000E+004    0.891835642743E-002
    0.710200000000E+004    0.903672099196E-002
    0.715200000000E+004    0.915574104051E-002
    0.720200000000E+004    0.927541419289E-002
    0.725200000000E+004    0.939573807418E-002
    0.730200000000E+004    0.951671031475E-002
    0.735200000000E+004    0.963832855024E-002
    0.740200000000E+004    0.976059042158E-002
    0.745200000000E+004    0.988349357493E-002
    0.750200000000E+004    0.100070356618E-001
    0.755200000000E+004    0.101312143388E-001
    0.760200000000E+004    0.102560272680E-001
    0.765200000000E+004    0.103814721167E-001
    0.770200000000E+004    0.105075465573E-001
    0.775200000000E+004    0.106342482676E-001
    0.780200000000E+004    0.107615749305E-001
    0.785200000000E+004    0.108895242344E-001
    0.790200000000E+004    0.110180938726E-001
    0.795200000000E+004    0.111472815438E-001
    0.800200000000E+004    0.112770849521E-001
    0.805200000000E+004    0.114075018064E-001
    0.810200000000E+004    0.115385298212E-001
    0.815200000000E+004    0.116701667161E-001
    0.820200000000E+004    0.118024102157E-001
    0.825200000000E+004    0.119352580500E-001
    0.830200000000E+004    0.120687079541E-001
    0.835200000000E+004    0.122027576683E-001
    0.840200000000E+004    0.123374049382E-001
    0.845200000000E+004    0.124726475143E-001
    0.850200000000E+004    0.126084831524E-001
    0.855200000000E+004    0.127449096135E-001
    0.860200000000E+004    0.128819246637E-001
    0.865200000000E+004    0.130195260741E-001
    0.870200000000E+004    0.131577116210E-001
    0.875200000000E+004    0.132964790861E-001
    0.880200000000E+004    0.134358262557E-001
    0.885200000000E+004    0.135757509215E-001
    0.890200000000E+004    0.137162508804E-001
    0.895200000000E+004    0.138573239340E-001
    0.900200000000E+004    0.139989678894E-001
    0.905200000000E+004    0.141411805585E-001
    0.910200000000E+004    0.142839597583E-001
    0.915200000000E+004    0.144273033109E-001
    0.920200000000E+004    0.145712090433E-001
    0.925200000000E+004    0.147156747878E-001
    0.930200000000E+004    0.148606983815E-001
    0.935200000000E+004    0.150062776665E-001
    0.940200000000E+004    0.151524104900E-001
    0.945200000000E+004    0.152990947043E-001
    0.950200000000E+004    0.154463281663E-001
    0.955200000000E+004    0.155941087384E-001
    0.960200000000E+004    0.157424342875E-001
    0.965200000000E+004    0.158913026857E-001
    0.970200000000E+004    0.160407118100E-001
    0.975200000000E+004    0.161906595423E-001
    0.980200000000E+004    0.163411437695E-001
    0.985200000000E+004    0.164921623834E-001
    0.990200000000E+004    0.166437132807E-001
    0.995200000000E+004    0.167957943629E-001
    0.100020000000E+005    0.169484035366E-001
    0.100520000000E+005    0.171015387131E-001
    0.101020000000E+005    0.172551978087E-001
    0.101520000000E+005    0.174093787444E-001
    0.102020000000E+005    0.175640794462E-001
    0.102520000000E+005    0.177192978449E-001
    0.103020000000E+005    0.178750318762E-001
    0.103520000000E+005    0.180312794806E-001
    0.104020000000E+005    0.181880386032E-001
    0.104520000000E+005    0.183453071942E-001
    0.105020000000E+005    0.185030832084E-001
    0.105520000000E+005    0.186613646056E-001
    0.106020000000E+005    0.188201493502E-001
    0.106520000000E+005    0.189794354114E-001
    0.107020000000E+005    0.191392207633E-001
    0.107520000000E+005    0.192995033844E-001
    0.108020000000E+005    0.194602812584E-001
    0.108520000000E+005    0.196215523733E-001
    0.109020000000E+005    0.197833147222E-001
    0.109520000000E+005    0.199455663027E-001
    0.110020000000E+005    0.201083051172E-001
    0.110520000000E+005    0.202715291726E-001
    0.111020000000E+005    0.204352364807E-001
    0.111520000000E+005    0.205994250580E-001
    0.112020000000E+005    0.207640929254E-001
    0.112520000000E+005    0.209292381088E-001
    0.113020000000E+005    0.210948586385E-001
    0.113520000000E+005    0.212609525495E-001
    0.114020000000E+005    0.214275178815E-001
    0.114520000000E+005    0.215945526788E-001
    0.115020000000E+005    0.217620549902E-001
    0.115520000000E+005    0.219300228693E-001
    0.116020000000E+005    0.220984543741E-001
    0.116520000000E+005    0.222673475674E-001
    0.117020000000E+005    0.224367005163E-001
    0.117520000000E+005    0.226065112927E-001
    0.118020000000E+005    0.227767779729E-001
    0.118520000000E+005    0.229474986379E-001
    0.119020000000E+005    0.231186713732E-001
    0.119520000000E+005    0.232902942687E-001
    0.120020000000E+005    0.234623654191E-001
    0.120520000000E+005    0.236348829232E-001
    0.121020000000E+005    0.238078448847E-001
    0.121520000000E+005    0.239812494116E-001
    0.122020000000E+005    0.241550946165E-001
    0.122520000000E+005    0.243293786163E-001
    0.123020000000E+005    0.245040995326E-001
    0.123520000000E+005    0.246792554912E-001
    0.124020000000E+005    0.248548446226E-001
    0.124520000000E+005    0.250308650616E-001
    0.125020000000E+005    0.252073149475E-001
    0.125520000000E+005    0.253841924240E-001
    0.126020000000E+005    0.255614956392E-001
    0.126520000000E+005    0.257392227457E-001
    0.127020000000E+005    0.259173719003E-001
    0.127520000000E+005    0.260959412645E-001
    0.128020000000E+005    0.262749290040E-001
    0.128520000000E+005    0.264543332887E-001
    0.129020000000E+005    0.266341522933E-001
    0.129520000000E+005    0.268143841965E-001
    0.130020000000E+005    0.269950271814E-001
    0.130520000000E+005    0.271760794357E-001
    0.131020000000E+005    0.273575391511E-001
    0.131520000000E+005    0.275394045239E-001
    0.132020000000E+005    0.277216737545E-001
    0.132520000000E+005    0.279043450477E-001
    0.133020000000E+005    0.280874166127E-001
    0.133520000000E+005    0.282708866628E-001
    0.134020000000E+005    0.284547534157E-001
    0.134520000000E+005    0.286390150935E-001
    0.135020000000E+005    0.288236699222E-001
    0.135520000000E+005    0.290087161325E-001
    0.136020000000E+005    0.291941519590E-001
    0.136520000000E+005    0.293799756408E-001
    0.137020000000E+005    0.295661854211E-001
    0.137520000000E+005    0.297527795474E-001
    0.138020000000E+005    0.299397562712E-001
    0.138520000000E+005    0.301271138486E-001
    0.139020000000E+005    0.303148505396E-001
    0.139520000000E+005    0.305029646086E-001
    0.140020000000E+005    0.306914543239E-001
    0.140520000000E+005    0.308803179582E-001
    0.141020000000E+005    0.310695537885E-001
    0.141520000000E+005    0.312591600957E-001
    0.142020000000E+005    0.314491351649E-001
    0.142520000000E+005    0.316394772855E-001
    0.143020000000E+005    0.318301847509E-001
    0.143520000000E+005    0.320212558587E-001
    0.144020000000E+005    0.322126889107E-001
    0.144520000000E+005    0.324044822127E-001
    0.145020000000E+005    0.325966340745E-001
    0.145520000000E+005    0.327891428103E-001
    0.146020000000E+005    0.329820067382E-001
    0.146520000000E+005    0.331752241805E-001
    0.147020000000E+005    0.333687934634E-001
    0.147520000000E+005    0.335627129173E-001
    0.148020000000E+005    0.337569808767E-001
    0.148520000000E+005    0.339515956802E-001
    0.149020000000E+005    0.341465556702E-001
    0.149520000000E+005    0.343418591933E-001
    0.150020000000E+005    0.345375046003E-001
    0.150520000000E+005    0.347334902458E-001
    0.151020000000E+005    0.349298144884E-001
    0.151520000000E+005    0.351264756909E-001
    0.152020000000E+005    0.353234722200E-001
    0.152520000000E+005    0.355208024464E-001
    0.153020000000E+005    0.357184647447E-001
    0.153520000000E+005    0.359164574937E-001
    0.154020000000E+005    0.361147790760E-001
    0.154520000000E+005    0.363134278783E-001
    0.155020000000E+005    0.365124022911E-001
    0.155520000000E+005    0.367117007090E-001
    0.156020000000E+005    0.369113215304E-001
    0.156520000000E+005    0.371112631579E-001
    0.157020000000E+005    0.373115239977E-001
    0.157520000000E+005    0.375121024601E-001
    0.158020000000E+005    0.377129969594E-001
    0.158520000000E+005    0.379142059136E-001
    0.159020000000E+005    0.381157277448E-001
    0.159520000000E+005    0.383175608789E-001
    0.160020000000E+005    0.385197037458E-001
    0.160520000000E+005    0.387221547790E-001
    0.161020000000E+005    0.389249124161E-001
    0.161520000000E+005    0.391279750987E-001
    0.162020000000E+005    0.393313412719E-001
    0.162520000000E+005    0.395350093850E-001
    0.163020000000E+005    0.397389778908E-001
    0.163520000000E+005    0.399432452463E-001
    0.164020000000E+005    0.401478099122E-001
    0.164520000000E+005    0.403526703528E-001
    0.165020000000E+005    0.405578250366E-001
    0.165520000000E+005    0.407632724356E-001
    0.166020000000E+005    0.409690110257E-001
    0.166520000000E+005    0.411750392868E-001
    0.167020000000E+005    0.413813557023E-001
    0.167520000000E+005    0.415879587594E-001
    0.168020000000E+005    0.417948469494E-001
    0.168520000000E+005    0.420020187670E-001
    0.169020000000E+005    0.422094727109E-001
    0.169520000000E+005    0.424172072834E-001
    0.170020000000E+005    0.426252209906E-001
    0.170520000000E+005    0.428335123424E-001
    0.171020000000E+005    0.430420798525E-001
    0.171520000000E+005    0.432509220380E-001
    0.172020000000E+005    0.434600374202E-001
    0.172520000000E+005    0.436694245237E-001
    0.173020000000E+005    0.438790818770E-001
    0.173520000000E+005    0.440890080123E-001
    0.174020000000E+005    0.442992014655E-001
    0.174520000000E+005    0.445096607761E-001
    0.175020000000E+005    0.447203844875E-001
    0.175520000000E+005    0.449313711464E-001
    0.176020000000E+005    0.451426193035E-001
    0.176520000000E+005    0.453541275131E-001
    0.177020000000E+005    0.455658943330E-001
    0.177520000000E+005    0.457779183248E-001
    0.178020000000E+005    0.459901980537E-001
    0.178520000000E+005    0.462027320886E-001
    0.179020000000E+005    0.464155190019E-001
    0.179520000000E+005    0.466285573697E-001
    0.180020000000E+005    0.468418457717E-001
    0.180520000000E+005    0.470553827913E-001
    0.181020000000E+005    0.472691670152E-001
    0.181520000000E+005    0.474831970341E-001
    0.182020000000E+005    0.476974714420E-001
    0.182520000000E+005    0.479119888367E-001
    0.183020000000E+005    0.481267478194E-001
    0.183520000000E+005    0.483417469949E-001
    0.184020000000E+005    0.485569849716E-001
    0.184520000000E+005    0.487724603615E-001
    0.185020000000E+005    0.489881717801E-001
    0.185520000000E+005    0.492041178464E-001
    0.186020000000E+005    0.494202971831E-001
    0.186520000000E+005    0.496367084162E-001
    0.187020000000E+005    0.498533501754E-001
    0.187520000000E+005    0.500702210938E-001
    0.188020000000E+005    0.502873198083E-001
    0.188520000000E+005    0.505046449588E-001
    0.189020000000E+005    0.507221951892E-001
    0.189520000000E+005    0.509399691465E-001
    0.190020000000E+005    0.511579654815E-001
    0.190520000000E+005    0.513761828484E-001
    0.191020000000E+005    0.515946199046E-001
    0.191520000000E+005    0.518132753114E-001
    0.192020000000E+005    0.520321477333E-001
    0.192520000000E+005    0.522512358383E-001
    0.193020000000E+005    0.524705382978E-001
    0.193520000000E+005    0.526900537868E-001
    0.194020000000E+005    0.529097809837E-001
    0.194520000000E+005    0.531297185700E-001
    0.195020000000E+005    0.533498652312E-001
    0.195520000000E+005    0.535702196558E-001
    0.196020000000E+005    0.537907805358E-001
    0.196520000000E+005    0.540115465667E-001
    0.197020000000E+005    0.542325164473E-001
    0.197520000000E+005    0.544536888799E-001
    0.198020000000E+005    0.546750625700E-001
    0.198520000000E+005    0.548966362267E-001
    0.199020000000E+005    0.551184085624E-001
    0.199520000000E+005    0.553403782927E-001
    0.200020000000E+005    0.555625441370E-001
    0.200520000000E+005    0.557849048175E-001
    0.201020000000E+005    0.560074590601E-001
    0.201520000000E+005    0.562302055941E-001
    0.202020000000E+005    0.564531431518E-001
    0.202520000000E+005    0.566762704693E-001
    0.203020000000E+005    0.568995862855E-001
    0.203520000000E+005    0.571230893432E-001
    0.204020000000E+005    0.573467783879E-001
    0.204520000000E+005    0.575706521690E-001
    0.205020000000E+005    0.577947094388E-001
    0.205520000000E+005    0.580189489530E-001
    0.206020000000E+005    0.582433694707E-001
    0.206520000000E+005    0.584679697542E-001
    0.207020000000E+005    0.586927485691E-001
    0.207520000000E+005    0.589177046842E-001
    0.208020000000E+005    0.591428368716E-001
    0.208520000000E+005    0.593681439069E-001
    0.209020000000E+005    0.595936245686E-001
    0.209520000000E+005    0.598192776386E-001
    0.210020000000E+005    0.600451019021E-001
    0.210520000000E+005    0.602710961475E-001
    0.211020000000E+005    0.604972591665E-001
    0.211520000000E+005    0.607235897539E-001
    0.212020000000E+005    0.609500867077E-001
    0.212520000000E+005    0.611767488293E-001
    0.213020000000E+005    0.614035749232E-001
    0.213520000000E+005    0.616305637972E-001
    0.214020000000E+005    0.618577142621E-001
    0.214520000000E+005    0.620850251321E-001
    0.215020000000E+005    0.623124952244E-001
    0.215520000000E+005    0.625401233596E-001
    0.216020000000E+005    0.627679083614E-001
    0.216520000000E+005    0.629958490566E-001
    0.217020000000E+005    0.632239442751E-001
    0.217520000000E+005    0.634521928503E-001
    0.218020000000E+005    0.636805936184E-001
    0.218520000000E+005    0.639091454188E-001
    0.219020000000E+005    0.641378470943E-001
    0.219520000000E+005    0.643666974906E-001
    0.220020000000E+005    0.645956954566E-001
    0.220520000000E+005    0.648248398444E-001
    0.221020000000E+005    0.650541295090E-001
    0.221520000000E+005    0.652835633088E-001
    0.222020000000E+005    0.655131401052E-001
    0.222520000000E+005    0.657428587626E-001
    0.223020000000E+005    0.659727181487E-001
    0.223520000000E+005    0.662027171341E-001
    0.224020000000E+005    0.664328545927E-001
    0.224520000000E+005    0.666631294013E-001
    0.225020000000E+005    0.668935404399E-001
    0.225520000000E+005    0.671240865915E-001
    0.226020000000E+005    0.673547667422E-001
    0.226520000000E+005    0.675855797813E-001
    0.227020000000E+005    0.678165246008E-001
    0.227520000000E+005    0.680476000961E-001
    0.228020000000E+005    0.682788051656E-001
    0.228520000000E+005    0.685101387106E-001
    0.229020000000E+005    0.687415996356E-001
    0.229520000000E+005    0.689731868479E-001
    0.230020000000E+005    0.692048992582E-001
    0.230520000000E+005    0.694367357798E-001
    0.231020000000E+005    0.696686953294E-001
    0.231520000000E+005    0.699007768264E-001
    0.232020000000E+005    0.701329791935E-001
    0.232520000000E+005    0.703653013562E-001
    0.233020000000E+005    0.705977422430E-001
    0.233520000000E+005    0.708303007855E-001
    0.234020000000E+005    0.710629759183E-001
    0.234520000000E+005    0.712957665788E-001
    0.235020000000E+005    0.715286717076E-001
    0.235520000000E+005    0.717616902482E-001
    0.236020000000E+005    0.719948211470E-001
    0.236520000000E+005    0.722280633534E-001
    0.237020000000E+005    0.724614158198E-001
    0.237520000000E+005    0.726948775015E-001
    0.238020000000E+005    0.729284473569E-001
    0.238520000000E+005    0.731621243471E-001
    0.239020000000E+005    0.733959074364E-001
    0.239520000000E+005    0.736297955917E-001
    0.240020000000E+005    0.738637877833E-001
    0.240520000000E+005    0.740978829839E-001
    0.241020000000E+005    0.743320801696E-001
    0.241520000000E+005    0.745663783190E-001
    0.242020000000E+005    0.748007764140E-001
    0.242520000000E+005    0.750352734392E-001
    0.243020000000E+005    0.752698683820E-001
    0.243520000000E+005    0.755045602330E-001
    0.244020000000E+005    0.757393479854E-001
    0.244520000000E+005    0.759742306354E-001
    0.245020000000E+005    0.762092071821E-001
    0.245520000000E+005    0.764442766275E-001
    0.246020000000E+005    0.766794379765E-001
    0.246520000000E+005    0.769146902367E-001
    0.247020000000E+005    0.771500324188E-001
    0.247520000000E+005    0.773854635361E-001
    0.248020000000E+005    0.776209826051E-001
    0.248520000000E+005    0.778565886449E-001
    0.249020000000E+005    0.780922806773E-001
    0.249520000000E+005    0.783280577274E-001
    0.250020000000E+005    0.785639188228E-001
    0.250520000000E+005    0.787998629941E-001
    0.251020000000E+005    0.790358892744E-001
    0.251520000000E+005    0.792719967002E-001
    0.252020000000E+005    0.795081843102E-001
    0.252520000000E+005    0.797444511465E-001
    0.253020000000E+005    0.799807962535E-001
    0.253520000000E+005    0.802172186787E-001
    0.254020000000E+005    0.804537174725E-001
    0.254520000000E+005    0.806902916877E-001
    0.255020000000E+005    0.809269403802E-001
    0.255520000000E+005    0.811636626087E-001
    0.256020000000E+005    0.814004574346E-001
    0.256520000000E+005    0.816373239220E-001
    0.257020000000E+005    0.818742611379E-001
    0.257520000000E+005    0.821112681521E-001
    0.258020000000E+005    0.823483440371E-001
    0.258520000000E+005    0.825854878681E-001
    0.259020000000E+005    0.828226987232E-001
    0.259520000000E+005    0.830599756831E-001
    0.260020000000E+005    0.832973178314E-001
    0.260520000000E+005    0.835347242544E-001
    0.261020000000E+005    0.837721940411E-001
    0.261520000000E+005    0.840097262832E-001
    0.262020000000E+005    0.842473200753E-001
    0.262520000000E+005    0.844849745145E-001
    0.263020000000E+005    0.847226887009E-001
    0.263520000000E+005    0.849604617371E-001
    0.264020000000E+005    0.851982927284E-001
    0.264520000000E+005    0.854361807830E-001
    0.265020000000E+005    0.856741250117E-001
    0.265520000000E+005    0.859121245279E-001
    0.266020000000E+005    0.861501784479E-001
    0.266520000000E+005    0.863882858906E-001
    0.267020000000E+005    0.866264459775E-001
    0.267520000000E+005    0.868646578330E-001
    0.268020000000E+005    0.871029205839E-001
    0.268520000000E+005    0.873412333599E-001
    0.269020000000E+005    0.875795952933E-001
    0.269520000000E+005    0.878180055190E-001
    0.270020000000E+005    0.880564631747E-001
    0.270520000000E+005    0.882949674007E-001
    0.271020000000E+005    0.885335173398E-001
    0.271520000000E+005    0.887721121378E-001
    0.272020000000E+005    0.890107509428E-001
    0.272520000000E+005    0.892494329056E-001
    0.273020000000E+005    0.894881571798E-001
    0.273520000000E+005    0.897269229216E-001
    0.274020000000E+005    0.899657292896E-001
    0.274520000000E+005    0.902045754453E-001
    0.275020000000E+005    0.904434605527E-001
    0.275520000000E+005    0.906823837783E-001
    0.276020000000E+005    0.909213442915E-001
    0.276520000000E+005    0.911603412640E-001
    0.277020000000E+005    0.913993738702E-001
    0.277520000000E+005    0.916384412872E-001
    0.278020000000E+005    0.918775426946E-001
    0.278520000000E+005    0.921166772745E-001
    0.279020000000E+005    0.923558442118E-001
    0.279520000000E+005    0.925950426938E-001
    0.280020000000E+005    0.928342719103E-001
    0.280520000000E+005    0.930735310539E-001
    0.281020000000E+005    0.933128193197E-001
    0.281520000000E+005    0.935521359051E-001
    0.282020000000E+005    0.937914800104E-001
    0.282520000000E+005    0.940308508382E-001
    0.283020000000E+005    0.942702475939E-001
    0.283520000000E+005    0.945096694850E-001
    0.284020000000E+005    0.947491157221E-001
    0.284520000000E+005    0.949885855177E-001
    0.285020000000E+005    0.952280780874E-001
    0.285520000000E+005    0.954675926490E-001
    0.286020000000E+005    0.957071284228E-001
    0.286520000000E+005    0.959466846318E-001
    0.287020000000E+005    0.961862605013E-001
    0.287520000000E+005    0.964258552591E-001
    0.288020000000E+005    0.966654681357E-001
    0.288520000000E+005    0.969050983638E-001
    0.289020000000E+005    0.971447451789E-001
    0.289520000000E+005    0.973844078187E-001
    0.290020000000E+005    0.976240855235E-001
    0.290520000000E+005    0.978637775360E-001
    0.291020000000E+005    0.981034831014E-001
    0.291520000000E+005    0.983432014674E-001
    0.292020000000E+005    0.985829318840E-001
    0.292520000000E+005    0.988226736038E-001
    0.293020000000E+005    0.990624258817E-001
    0.293520000000E+005    0.993021879752E-001
    0.294020000000E+005    0.995419591441E-001
    0.294520000000E+005    0.997817386506E-001
    0.295020000000E+005    0.100021525759E+000
    0.295520000000E+005    0.100261319737E+000
    0.296020000000E+005    0.100501119854E+000
    0.296520000000E+005    0.100740925382E+000
    0.297020000000E+005    0.100980735594E+000
    0.297520000000E+005    0.101220549768E+000
    0.298020000000E+005    0.101460367183E+000
    0.298520000000E+005    0.101700187120E+000
    0.299020000000E+005    0.101940008862E+000
    0.299520000000E+005    0.102179831696E+000
    0.300020000000E+005    0.102419654911E+000
    0.300520000000E+005    0.102659477797E+000
    0.301020000000E+005    0.102899299647E+000
    0.301520000000E+005    0.103139119757E+000
    0.302020000000E+005    0.103378937425E+000
    0.302520000000E+005    0.103618751950E+000
    0.303020000000E+005    0.103858562636E+000
    0.303520000000E+005    0.104098368787E+000
    0.304020000000E+005    0.104338169711E+000
    0.304520000000E+005    0.104577964716E+000
    0.305020000000E+005    0.104817753114E+000
    0.305520000000E+005    0.105057534220E+000
    0.306020000000E+005    0.105297307349E+000
    0.306520000000E+005    0.105537071820E+000
    0.307020000000E+005    0.105776826955E+000
    0.307520000000E+005    0.106016572075E+000
    0.308020000000E+005    0.106256306507E+000
    0.308520000000E+005    0.106496029578E+000
    0.309020000000E+005    0.106735740617E+000
    0.309520000000E+005    0.106975438957E+000
    0.310020000000E+005    0.107215123933E+000
    0.310520000000E+005    0.107454794880E+000
    0.311020000000E+005    0.107694451138E+000
    0.311520000000E+005    0.107934092046E+000
    0.312020000000E+005    0.108173716949E+000
    0.312520000000E+005    0.108413325192E+000
    0.313020000000E+005    0.108652916123E+000
    0.313520000000E+005    0.108892489090E+000
    0.314020000000E+005    0.109132043446E+000
    0.314520000000E+005    0.109371578545E+000
    0.315020000000E+005    0.109611093743E+000
    0.315520000000E+005    0.109850588399E+000
    0.316020000000E+005    0.110090061873E+000
    0.316520000000E+005    0.110329513528E+000
    0.317020000000E+005    0.110568942728E+000
    0.317520000000E+005    0.110808348840E+000
    0.318020000000E+005    0.111047731234E+000
    0.318520000000E+005    0.111287089281E+000
    0.319020000000E+005    0.111526422354E+000
    0.319520000000E+005    0.111765729828E+000
    0.320020000000E+005    0.112005011081E+000
    0.320520000000E+005    0.112244265492E+000
    0.321020000000E+005    0.112483492443E+000
    0.321520000000E+005    0.112722691317E+000
    0.322020000000E+005    0.112961861501E+000
    0.322520000000E+005    0.113201002383E+000
    0.323020000000E+005    0.113440113351E+000
    0.323520000000E+005    0.113679193798E+000
    0.324020000000E+005    0.113918243119E+000
    0.324520000000E+005    0.114157260708E+000
    0.325020000000E+005    0.114396245965E+000
    0.325520000000E+005    0.114635198288E+000
    0.326020000000E+005    0.114874117081E+000
    0.326520000000E+005    0.115113001746E+000
    0.327020000000E+005    0.115351851691E+000
    0.327520000000E+005    0.115590666323E+000
    0.328020000000E+005    0.115829445052E+000
    0.328520000000E+005    0.116068187290E+000
    0.329020000000E+005    0.116306892451E+000
    0.329520000000E+005    0.116545559951E+000
    0.330020000000E+005    0.116784189208E+000
    0.330520000000E+005    0.117022779642E+000
    0.331020000000E+005    0.117261330674E+000
    0.331520000000E+005    0.117499841727E+000
    0.332020000000E+005    0.117738312229E+000
    0.332520000000E+005    0.117976741605E+000
    0.333020000000E+005    0.118215129287E+000
    0.333520000000E+005    0.118453474703E+000
    0.334020000000E+005    0.118691777289E+000
    0.334520000000E+005    0.118930036479E+000
    0.335020000000E+005    0.119168251711E+000
    0.335520000000E+005    0.119406422422E+000
    0.336020000000E+005    0.119644548054E+000
    0.336520000000E+005    0.119882628049E+000
    0.337020000000E+005    0.120120661852E+000
    0.337520000000E+005    0.120358648909E+000
    0.338020000000E+005    0.120596588668E+000
    0.338520000000E+005    0.120834480579E+000
    0.339020000000E+005    0.121072324094E+000
    0.339520000000E+005    0.121310118666E+000
    0.340020000000E+005    0.121547863752E+000
    0.340520000000E+005    0.121785558807E+000
    0.341020000000E+005    0.122023203292E+000
    0.341520000000E+005    0.122260796667E+000
    0.342020000000E+005    0.122498338394E+000
    0.342520000000E+005    0.122735827938E+000
    0.343020000000E+005    0.122973264765E+000
    0.343520000000E+005    0.123210648344E+000
    0.344020000000E+005    0.123447978142E+000
    0.344520000000E+005    0.123685253634E+000
    0.345020000000E+005    0.123922474290E+000
    0.345520000000E+005    0.124159639586E+000
    0.346020000000E+005    0.124396749000E+000
    0.346520000000E+005    0.124633802008E+000
    0.347020000000E+005    0.124870798092E+000
    0.347520000000E+005    0.125107736733E+000
    0.348020000000E+005    0.125344617415E+000
    0.348520000000E+005    0.125581439622E+000
    0.349020000000E+005    0.125818202842E+000
    0.349520000000E+005    0.126054906564E+000
    0.350020000000E+005    0.126291550277E+000
    0.350520000000E+005    0.126528133474E+000
    0.351020000000E+005    0.126764655647E+000
    0.351520000000E+005    0.127001116294E+000
    0.352020000000E+005    0.127237514909E+000
    0.352520000000E+005    0.127473850993E+000
    0.353020000000E+005    0.127710124045E+000
    0.353520000000E+005    0.127946333567E+000
    0.354020000000E+005    0.128182479062E+000
    0.354520000000E+005    0.128418560036E+000
    0.355020000000E+005    0.128654575996E+000
    0.355520000000E+005    0.128890526450E+000
    0.356020000000E+005    0.129126410907E+000
    0.356520000000E+005    0.129362228880E+000
    0.357020000000E+005    0.129597979882E+000
    0.357520000000E+005    0.129833663427E+000
    0.358020000000E+005    0.130069279032E+000
    0.358520000000E+005    0.130304826214E+000
    0.359020000000E+005    0.130540304494E+000
    0.359520000000E+005    0.130775713392E+000
    0.360020000000E+005    0.131011052431E+000
    0.360520000000E+005    0.131246321136E+000
    0.361020000000E+005    0.131481519031E+000
    0.361520000000E+005    0.131716645645E+000
    0.362020000000E+005    0.131951700506E+000
    0.362520000000E+005    0.132186683145E+000
    0.363020000000E+005    0.132421593093E+000
    0.363520000000E+005    0.132656429884E+000
    0.364020000000E+005    0.132891193053E+000
    0.364520000000E+005    0.133125882137E+000
    0.365020000000E+005    0.133360496674E+000
    0.365520000000E+005    0.133595036202E+000
    0.366020000000E+005    0.133829500264E+000
    0.366520000000E+005    0.134063888401E+000
    0.367020000000E+005    0.134298200159E+000
    0.367520000000E+005    0.134532435081E+000
    0.368020000000E+005    0.134766592716E+000
    0.368520000000E+005    0.135000672611E+000
    0.369020000000E+005    0.135234674317E+000
    0.369520000000E+005    0.135468597386E+000
    0.370020000000E+005    0.135702441369E+000
    0.370520000000E+005    0.135936205822E+000
    0.371020000000E+005    0.136169890300E+000
    0.371520000000E+005    0.136403494360E+000
    0.372020000000E+005    0.136637017562E+000
    0.372520000000E+005    0.136870459466E+000
    0.373020000000E+005    0.137103819632E+000
    0.373520000000E+005    0.137337097624E+000
    0.374020000000E+005    0.137570293007E+000
    0.374520000000E+005    0.137803405347E+000
    0.375020000000E+005    0.138036434210E+000
    0.375520000000E+005    0.138269379165E+000
    0.376020000000E+005    0.138502239784E+000
    0.376520000000E+005    0.138735015637E+000
    0.377020000000E+005    0.138967706297E+000
    0.377520000000E+005    0.139200311338E+000
    0.378020000000E+005    0.139432830337E+000
    0.378520000000E+005    0.139665262871E+000
    0.379020000000E+005    0.139897608518E+000
    0.379520000000E+005    0.140129866858E+000
    0.380020000000E+005    0.140362037473E+000
    0.380520000000E+005    0.140594119945E+000
    0.381020000000E+005    0.140826113858E+000
    0.381520000000E+005    0.141058018799E+000
    0.382020000000E+005    0.141289834353E+000
    0.382520000000E+005    0.141521560109E+000
    0.383020000000E+005    0.141753195656E+000
    0.383520000000E+005    0.141984740586E+000
    0.384020000000E+005    0.142216194491E+000
    0.384520000000E+005    0.142447556965E+000
    0.385020000000E+005    0.142678827602E+000
    0.385520000000E+005    0.142910005999E+000
    0.386020000000E+005    0.143141091753E+000
    0.386520000000E+005    0.143372084465E+000
    0.387020000000E+005    0.143602983733E+000
    0.387520000000E+005    0.143833789160E+000
    0.388020000000E+005    0.144064500349E+000
    0.388520000000E+005    0.144295116904E+000
    0.389020000000E+005    0.144525638431E+000
    0.389520000000E+005    0.144756064538E+000
    0.390020000000E+005    0.144986394831E+000
    0.390520000000E+005    0.145216628922E+000
    0.391020000000E+005    0.145446766421E+000
    0.391520000000E+005    0.145676806940E+000
    0.392020000000E+005    0.145906750093E+000
    0.392520000000E+005    0.146136595496E+000
    0.393020000000E+005    0.146366342763E+000
    0.393520000000E+005    0.146595991513E+000
    0.394020000000E+005    0.146825541364E+000
    0.394520000000E+005    0.147054991938E+000
    0.395020000000E+005    0.147284342854E+000
    0.395520000000E+005    0.147513593736E+000
    0.396020000000E+005    0.147742744208E+000
    0.396520000000E+005    0.147971793895E+000
    0.397020000000E+005    0.148200742424E+000
    0.397520000000E+005    0.148429589423E+000
    0.398020000000E+005    0.148658334520E+000
    0.398520000000E+005    0.148886977346E+000
    0.399020000000E+005    0.149115517533E+000
    0.399520000000E+005    0.149343954713E+000
    0.400020000000E+005    0.149572288522E+000
    0.400520000000E+005    0.149800518594E+000
    0.401020000000E+005    0.150028644567E+000
    0.401520000000E+005    0.150256666078E+000
    0.402020000000E+005    0.150484582766E+000
    0.402520000000E+005    0.150712394272E+000
    0.403020000000E+005    0.150940100239E+000
    0.403520000000E+005    0.151167700308E+000
    0.404020000000E+005    0.151395194125E+000
    0.404520000000E+005    0.151622581335E+000
    0.405020000000E+005    0.151849861584E+000
    0.405520000000E+005    0.152077034521E+000
    0.406020000000E+005    0.152304099795E+000
    0.406520000000E+005    0.152531057057E+000
    0.407020000000E+005    0.152757905958E+000
    0.407520000000E+005    0.152984646151E+000
    0.408020000000E+005    0.153211277291E+000
    0.408520000000E+005    0.153437799034E+000
    0.409020000000E+005    0.153664211035E+000
    0.409520000000E+005    0.153890512953E+000
    0.410020000000E+005    0.154116704447E+000
    0.410520000000E+005    0.154342785178E+000
    0.411020000000E+005    0.154568754807E+000
    0.411520000000E+005    0.154794612997E+000
    0.412020000000E+005    0.155020359412E+000
    0.412520000000E+005    0.155245993717E+000
    0.413020000000E+005    0.155471515579E+000
    0.413520000000E+005    0.155696924666E+000
    0.414020000000E+005    0.155922220647E+000
    0.414520000000E+005    0.156147403191E+000
    0.415020000000E+005    0.156372471971E+000
    0.415520000000E+005    0.156597426659E+000
    0.416020000000E+005    0.156822266928E+000
    0.416520000000E+005    0.157046992454E+000
    0.417020000000E+005    0.157271602912E+000
    0.417520000000E+005    0.157496097981E+000
    0.418020000000E+005    0.157720477339E+000
    0.418520000000E+005    0.157944740666E+000
    0.419020000000E+005    0.158168887642E+000
    0.419520000000E+005    0.158392917950E+000
    0.420020000000E+005    0.158616831274E+000
    0.420520000000E+005    0.158840627298E+000
    0.421020000000E+005    0.159064305708E+000
    0.421520000000E+005    0.159287866190E+000
    0.422020000000E+005    0.159511308434E+000
    0.422520000000E+005    0.159734632128E+000
    0.423020000000E+005    0.159957836963E+000
    0.423520000000E+005    0.160180922630E+000
    0.424020000000E+005    0.160403888824E+000
    0.424520000000E+005    0.160626735237E+000
    0.425020000000E+005    0.160849461565E+000
    0.425520000000E+005    0.161072067505E+000
    0.426020000000E+005    0.161294552754E+000
    0.426520000000E+005    0.161516917011E+000
    0.427020000000E+005    0.161739159976E+000
    0.427520000000E+005    0.161961281350E+000
    0.428020000000E+005    0.162183280836E+000
    0.428520000000E+005    0.162405158137E+000
    0.429020000000E+005    0.162626912958E+000
    0.429520000000E+005    0.162848545005E+000
    0.430020000000E+005    0.163070053984E+000
    0.430520000000E+005    0.163291439604E+000
    0.431020000000E+005    0.163512701575E+000
    0.431520000000E+005    0.163733839606E+000
    0.432020000000E+005    0.163954853410E+000
    0.432520000000E+005    0.164175742699E+000
    0.433020000000E+005    0.164396507188E+000
    0.433520000000E+005    0.164617146591E+000
    0.434020000000E+005    0.164837660625E+000
    0.434520000000E+005    0.165058049008E+000
    0.435020000000E+005    0.165278311457E+000
    0.435520000000E+005    0.165498447694E+000
    0.436020000000E+005    0.165718457438E+000
    0.436520000000E+005    0.165938340412E+000
    0.437020000000E+005    0.166158096339E+000
    0.437520000000E+005    0.166377724943E+000
    0.438020000000E+005    0.166597225951E+000
    0.438520000000E+005    0.166816599088E+000
    0.439020000000E+005    0.167035844083E+000
    0.439520000000E+005    0.167254960664E+000
    0.440020000000E+005    0.167473948562E+000
    0.440520000000E+005    0.167692807508E+000
    0.441020000000E+005    0.167911537234E+000
    0.441520000000E+005    0.168130137474E+000
    0.442020000000E+005    0.168348607962E+000
    0.442520000000E+005    0.168566948435E+000
    0.443020000000E+005    0.168785158629E+000
    0.443520000000E+005    0.169003238282E+000
    0.444020000000E+005    0.169221187134E+000
    0.444520000000E+005    0.169439004925E+000
    0.445020000000E+005    0.169656691396E+000
    0.445520000000E+005    0.169874246289E+000
    0.446020000000E+005    0.170091669350E+000
    0.446520000000E+005    0.170308960322E+000
    0.447020000000E+005    0.170526118951E+000
    0.447520000000E+005    0.170743144985E+000
    0.448020000000E+005    0.170960038172E+000
    0.448520000000E+005    0.171176798261E+000
    0.449020000000E+005    0.171393425002E+000
    0.449520000000E+005    0.171609918148E+000
    0.450020000000E+005    0.171826277450E+000
    0.450520000000E+005    0.172042502663E+000
    0.451020000000E+005    0.172258593542E+000
    0.451520000000E+005    0.172474549842E+000
    0.452020000000E+005    0.172690371321E+000
    0.452520000000E+005    0.172906057738E+000
    0.453020000000E+005    0.173121608850E+000
    0.453520000000E+005    0.173337024420E+000
    0.454020000000E+005    0.173552304208E+000
    0.454520000000E+005    0.173767447978E+000
    0.455020000000E+005    0.173982455492E+000
    0.455520000000E+005    0.174197326517E+000
    0.456020000000E+005    0.174412060817E+000
    0.456520000000E+005    0.174626658161E+000
    0.457020000000E+005    0.174841118316E+000
    0.457520000000E+005    0.175055441051E+000
    0.458020000000E+005    0.175269626138E+000
    0.458520000000E+005    0.175483673347E+000
    0.459020000000E+005    0.175697582452E+000
    0.459520000000E+005    0.175911353225E+000
    0.460020000000E+005    0.176124985443E+000
    0.460520000000E+005    0.176338478879E+000
    0.461020000000E+005    0.176551833313E+000
    0.461520000000E+005    0.176765048521E+000
    0.462020000000E+005    0.176978124283E+000
    0.462520000000E+005    0.177191060379E+000
    0.463020000000E+005    0.177403856590E+000
    0.463520000000E+005    0.177616512699E+000
    0.464020000000E+005    0.177829028490E+000
    0.464520000000E+005    0.178041403747E+000
    0.465020000000E+005    0.178253638255E+000
    0.465520000000E+005    0.178465731801E+000
    0.466020000000E+005    0.178677684174E+000
    0.466520000000E+005    0.178889495162E+000
    0.467020000000E+005    0.179101164555E+000
    0.467520000000E+005    0.179312692144E+000
    0.468020000000E+005    0.179524077721E+000
    0.468520000000E+005    0.179735321080E+000
    0.469020000000E+005    0.179946422015E+000
    0.469520000000E+005    0.180157380320E+000
    0.470020000000E+005    0.180368195793E+000
    0.470520000000E+005    0.180578868231E+000
    0.471020000000E+005    0.180789397433E+000
    0.471520000000E+005    0.180999783197E+000
    0.472020000000E+005    0.181210025326E+000
    0.472520000000E+005    0.181420123620E+000
    0.473020000000E+005    0.181630077882E+000
    0.473520000000E+005    0.181839887916E+000
    0.474020000000E+005    0.182049553528E+000
    0.474520000000E+005    0.182259074522E+000
    0.475020000000E+005    0.182468450706E+000
    0.475520000000E+005    0.182677681889E+000
    0.476020000000E+005    0.182886767879E+000
    0.476520000000E+005    0.183095708486E+000
    0.477020000000E+005    0.183304503522E+000
    0.477520000000E+005    0.183513152798E+000
    0.478020000000E+005    0.183721656129E+000
    0.478520000000E+005    0.183930013328E+000
    0.479020000000E+005    0.184138224211E+000
    0.479520000000E+005    0.184346288595E+000
    0.480020000000E+005    0.184554206297E+000
    0.480520000000E+005    0.184761977135E+000
    0.481020000000E+005    0.184969600928E+000
    0.481520000000E+005    0.185177077499E+000
    0.482020000000E+005    0.185384406667E+000
    0.482520000000E+005    0.185591588257E+000
    0.483020000000E+005    0.185798622091E+000
    0.483520000000E+005    0.186005507994E+000
    0.484020000000E+005    0.186212245792E+000
    0.484520000000E+005    0.186418835312E+000
    0.485020000000E+005    0.186625276381E+000
    0.485520000000E+005    0.186831568829E+000
    0.486020000000E+005    0.187037712485E+000
    0.486520000000E+005    0.187243707180E+000
    0.487020000000E+005    0.187449552746E+000
    0.487520000000E+005    0.187655249016E+000
    0.488020000000E+005    0.187860795824E+000
    0.488520000000E+005    0.188066193004E+000
    0.489020000000E+005    0.188271440393E+000
    0.489520000000E+005    0.188476537827E+000
    0.490020000000E+005    0.188681485145E+000
    0.490520000000E+005    0.188886282186E+000
    0.491020000000E+005    0.189090928789E+000
    0.491520000000E+005    0.189295424795E+000
    0.492020000000E+005    0.189499770047E+000
    0.492520000000E+005    0.189703964387E+000
    0.493020000000E+005    0.189908007660E+000
    0.493520000000E+005    0.190111899709E+000
    0.494020000000E+005    0.190315640382E+000
    0.494520000000E+005    0.190519229525E+000
    0.495020000000E+005    0.190722666987E+000
    0.495520000000E+005    0.190925952615E+000
    0.496020000000E+005    0.191129086260E+000
    0.496520000000E+005    0.191332067773E+000
    0.497020000000E+005    0.191534897006E+000
    0.497520000000E+005    0.191737573811E+000
    0.498020000000E+005    0.191940098043E+000
    0.498520000000E+005    0.192142469556E+000
    0.499020000000E+005    0.192344688206E+000
    0.499520000000E+005    0.192546753849E+000
    0.500020000000E+005    0.192748666344E+000
    0.500520000000E+005    0.192950425550E+000
    0.501020000000E+005    0.193152031325E+000
    0.501520000000E+005    0.193353483531E+000
    0.502020000000E+005    0.193554782029E+000
    0.502520000000E+005    0.193755926681E+000
    0.503020000000E+005    0.193956917351E+000
    0.503520000000E+005    0.194157753905E+000
    0.504020000000E+005    0.194358436206E+000
    0.504520000000E+005    0.194558964121E+000
    0.505020000000E+005    0.194759337519E+000
    0.505520000000E+005    0.194959556266E+000
    0.506020000000E+005    0.195159620233E+000
    0.506520000000E+005    0.195359529289E+000
    0.507020000000E+005    0.195559283305E+000
    0.507520000000E+005    0.195758882154E+000
    0.508020000000E+005    0.195958325709E+000
    0.508520000000E+005    0.196157613842E+000
    0.509020000000E+005    0.196356746431E+000
    0.509520000000E+005    0.196555723349E+000
    0.510020000000E+005    0.196754544473E+000
    0.510520000000E+005    0.196953209683E+000
    0.511020000000E+005    0.197151718855E+000
    0.511520000000E+005    0.197350071869E+000
    0.512020000000E+005    0.197548268606E+000
    0.512520000000E+005    0.197746308947E+000
    0.513020000000E+005    0.197944192774E+000
    0.513520000000E+005    0.198141919971E+000
    0.514020000000E+005    0.198339490421E+000
    0.514520000000E+005    0.198536904009E+000
    0.515020000000E+005    0.198734160622E+000
    0.515520000000E+005    0.198931260145E+000
    0.516020000000E+005    0.199128202467E+000
    0.516520000000E+005    0.199324987476E+000
    0.517020000000E+005    0.199521615061E+000
    0.517520000000E+005    0.199718085114E+000
    0.518020000000E+005    0.199914397524E+000
    0.518520000000E+005    0.200110552184E+000
    0.519020000000E+005    0.200306548987E+000
    0.519520000000E+005    0.200502387827E+000
    0.520020000000E+005    0.200698068598E+000
    0.520520000000E+005    0.200893591197E+000
    0.521020000000E+005    0.201088955519E+000
    0.521520000000E+005    0.201284161462E+000
    0.522020000000E+005    0.201479208925E+000
    0.522520000000E+005    0.201674097805E+000
    0.523020000000E+005    0.201868828004E+000
    0.523520000000E+005    0.202063399421E+000
    0.524020000000E+005    0.202257811959E+000
    0.524520000000E+005    0.202452065520E+000
    0.525020000000E+005    0.202646160007E+000
    0.525520000000E+005    0.202840095325E+000
    0.526020000000E+005    0.203033871378E+000
    0.526520000000E+005    0.203227488073E+000
    0.527020000000E+005    0.203420945315E+000
    0.527520000000E+005    0.203614243014E+000
    0.528020000000E+005    0.203807381076E+000
    0.528520000000E+005    0.204000359411E+000
    0.529020000000E+005    0.204193177929E+000
    0.529520000000E+005    0.204385836541E+000
    0.530020000000E+005    0.204578335159E+000
    0.530520000000E+005    0.204770673695E+000
    0.531020000000E+005    0.204962852062E+000
    0.531520000000E+005    0.205154870174E+000
    0.532020000000E+005    0.205346727947E+000
    0.532520000000E+005    0.205538425295E+000
    0.533020000000E+005    0.205729962136E+000
    0.533520000000E+005    0.205921338387E+000
    0.534020000000E+005    0.206112553965E+000
    0.534520000000E+005    0.206303608790E+000
    0.535020000000E+005    0.206494502781E+000
    0.535520000000E+005    0.206685235859E+000
    0.536020000000E+005    0.206875807945E+000
    0.536520000000E+005    0.207066218961E+000
    0.537020000000E+005    0.207256468829E+000
    0.537520000000E+005    0.207446557474E+000
    0.538020000000E+005    0.207636484819E+000
    0.538520000000E+005    0.207826250789E+000
    0.539020000000E+005    0.208015855311E+000
    0.539520000000E+005    0.208205298311E+000
    0.540020000000E+005    0.208394579716E+000
    0.540520000000E+005    0.208583699454E+000
    0.541020000000E+005    0.208772657454E+000
    0.541520000000E+005    0.208961453646E+000
    0.542020000000E+005    0.209150087960E+000
    0.542520000000E+005    0.209338560327E+000
    0.543020000000E+005    0.209526870679E+000
    0.543520000000E+005    0.209715018948E+000
    0.544020000000E+005    0.209903005068E+000
    0.544520000000E+005    0.210090828971E+000
    0.545020000000E+005    0.210278490594E+000
    0.545520000000E+005    0.210465989872E+000
    0.546020000000E+005    0.210653326739E+000
    0.546520000000E+005    0.210840501134E+000
    0.547020000000E+005    0.211027512994E+000
    0.547520000000E+005    0.211214362257E+000
    0.548020000000E+005    0.211401048861E+000
    0.548520000000E+005    0.211587572747E+000
    0.549020000000E+005    0.211773933854E+000
    0.549520000000E+005    0.211960132124E+000
    0.550020000000E+005    0.212146167498E+000
    0.550520000000E+005    0.212332039919E+000
    0.551020000000E+005    0.212517749329E+000
    0.551520000000E+005    0.212703295672E+000
    0.552020000000E+005    0.212888678892E+000
    0.552520000000E+005    0.213073898935E+000
    0.553020000000E+005    0.213258955745E+000
    0.553520000000E+005    0.213443849270E+000
    0.554020000000E+005    0.213628579455E+000
    0.554520000000E+005    0.213813146250E+000
    0.555020000000E+005    0.213997549601E+000
    0.555520000000E+005    0.214181789458E+000
    0.556020000000E+005    0.214365865770E+000
    0.556520000000E+005    0.214549778487E+000
    0.557020000000E+005    0.214733527560E+000
    0.557520000000E+005    0.214917112941E+000
    0.558020000000E+005    0.215100534581E+000
    0.558520000000E+005    0.215283792433E+000
    0.559020000000E+005    0.215466886450E+000
    0.559520000000E+005    0.215649816586E+000
    0.560020000000E+005    0.215832582795E+000
    0.560520000000E+005    0.216015185032E+000
    0.561020000000E+005    0.216197623253E+000
    0.561520000000E+005    0.216379897415E+000
    0.562020000000E+005    0.216562007473E+000
    0.562520000000E+005    0.216743953385E+000
    0.563020000000E+005    0.216925735109E+000
    0.563520000000E+005    0.217107352604E+000
    0.564020000000E+005    0.217288805829E+000
    0.564520000000E+005    0.217470094743E+000
    0.565020000000E+005    0.217651219307E+000
    0.565520000000E+005    0.217832179480E+000
    0.566020000000E+005    0.218012975226E+000
    0.566520000000E+005    0.218193606505E+000
    0.567020000000E+005    0.218374073279E+000
    0.567520000000E+005    0.218554375513E+000
    0.568020000000E+005    0.218734513169E+000
    0.568520000000E+005    0.218914486211E+000
    0.569020000000E+005    0.219094294604E+000
    0.569520000000E+005    0.219273938312E+000
    0.570020000000E+005    0.219453417303E+000
    0.570520000000E+005    0.219632731541E+000
    0.571020000000E+005    0.219811880993E+000
    0.571520000000E+005    0.219990865626E+000
    0.572020000000E+005    0.220169685409E+000
    0.572520000000E+005    0.220348340309E+000
    0.573020000000E+005    0.220526830294E+000
    0.573520000000E+005    0.220705155334E+000
    0.574020000000E+005    0.220883315399E+000
    0.574520000000E+005    0.221061310459E+000
    0.575020000000E+005    0.221239140483E+000
    0.575520000000E+005    0.221416805444E+000
    0.576020000000E+005    0.221594305313E+000
    0.576520000000E+005    0.221771640061E+000
    0.577020000000E+005    0.221948809661E+000
    0.577520000000E+005    0.222125814087E+000
    0.578020000000E+005    0.222302653311E+000
    0.578520000000E+005    0.222479327307E+000
    0.579020000000E+005    0.222655836050E+000
    0.579520000000E+005    0.222832179514E+000
    0.580020000000E+005    0.223008357675E+000
    0.580520000000E+005    0.223184370507E+000
    0.581020000000E+005    0.223360217988E+000
    0.581520000000E+005    0.223535900092E+000
    0.582020000000E+005    0.223711416799E+000
    0.582520000000E+005    0.223886768083E+000
    0.583020000000E+005    0.224061953924E+000
    0.583520000000E+005    0.224236974299E+000
    0.584020000000E+005    0.224411829188E+000
    0.584520000000E+005    0.224586518568E+000
    0.585020000000E+005    0.224761042419E+000
    0.585520000000E+005    0.224935400720E+000
    0.586020000000E+005    0.225109593453E+000
    0.586520000000E+005    0.225283620597E+000
    0.587020000000E+005    0.225457482133E+000
    0.587520000000E+005    0.225631178043E+000
    0.588020000000E+005    0.225804708308E+000
    0.588520000000E+005    0.225978072909E+000
    0.589020000000E+005    0.226151271831E+000
    0.589520000000E+005    0.226324305054E+000
    0.590020000000E+005    0.226497172562E+000
    0.590520000000E+005    0.226669874339E+000
    0.591020000000E+005    0.226842410369E+000
    0.591520000000E+005    0.227014780635E+000
    0.592020000000E+005    0.227186985122E+000
    0.592520000000E+005    0.227359023814E+000
    0.593020000000E+005    0.227530896698E+000
    0.593520000000E+005    0.227702603758E+000
    0.594020000000E+005    0.227874144980E+000
    0.594520000000E+005    0.228045520350E+000
    0.595020000000E+005    0.228216729855E+000
    0.595520000000E+005    0.228387773482E+000
    0.596020000000E+005    0.228558651217E+000
    0.596520000000E+005    0.228729363047E+000
    0.597020000000E+005    0.228899908962E+000
    0.597520000000E+005    0.229070288948E+000
    0.598020000000E+005    0.229240502994E+000
    0.598520000000E+005    0.229410551088E+000
    0.599020000000E+005    0.229580433220E+000
    0.599520000000E+005    0.229750149378E+000
    0.600020000000E+005    0.229919699552E+000
    0.600520000000E+005    0.230089083731E+000
    0.601020000000E+005    0.230258301906E+000
    0.601520000000E+005    0.230427354066E+000
    0.602020000000E+005    0.230596240203E+000
    0.602520000000E+005    0.230764960307E+000
    0.603020000000E+005    0.230933514369E+000
    0.603520000000E+005    0.231101902381E+000
    0.604020000000E+005    0.231270124333E+000
    0.604520000000E+005    0.231438180218E+000
    0.605020000000E+005    0.231606070028E+000
    0.605520000000E+005    0.231773793756E+000
    0.606020000000E+005    0.231941351392E+000
    0.606520000000E+005    0.232108742932E+000
    0.607020000000E+005    0.232275968366E+000
    0.607520000000E+005    0.232443027690E+000
    0.608020000000E+005    0.232609920895E+000
    0.608520000000E+005    0.232776647977E+000
    0.609020000000E+005    0.232943208928E+000
    0.609520000000E+005    0.233109603743E+000
    0.610020000000E+005    0.233275832416E+000
    0.610520000000E+005    0.233441894942E+000
    0.611020000000E+005    0.233607791315E+000
    0.611520000000E+005    0.233773521531E+000
    0.612020000000E+005    0.233939085585E+000
    0.612520000000E+005    0.234104483471E+000
    0.613020000000E+005    0.234269715186E+000
    0.613520000000E+005    0.234434780725E+000
    0.614020000000E+005    0.234599680085E+000
    0.614520000000E+005    0.234764413260E+000
    0.615020000000E+005    0.234928980249E+000
    0.615520000000E+005    0.235093381046E+000
    0.616020000000E+005    0.235257615649E+000
    0.616520000000E+005    0.235421684055E+000
    0.617020000000E+005    0.235585586260E+000
    0.617520000000E+005    0.235749322262E+000
    0.618020000000E+005    0.235912892059E+000
    0.618520000000E+005    0.236076295646E+000
    0.619020000000E+005    0.236239533024E+000
    0.619520000000E+005    0.236402604188E+000
    0.620020000000E+005    0.236565509137E+000
    0.620520000000E+005    0.236728247869E+000
    0.621020000000E+005    0.236890820383E+000
    0.621520000000E+005    0.237053226676E+000
    0.622020000000E+005    0.237215466748E+000
    0.622520000000E+005    0.237377540598E+000
    0.623020000000E+005    0.237539448223E+000
    0.623520000000E+005    0.237701189623E+000
    0.624020000000E+005    0.237862764797E+000
    0.624520000000E+005    0.238024173744E+000
    0.625020000000E+005    0.238185416464E+000
    0.625520000000E+005    0.238346492956E+000
    0.626020000000E+005    0.238507403220E+000
    0.626520000000E+005    0.238668147256E+000
    0.627020000000E+005    0.238828725062E+000
    0.627520000000E+005    0.238989136641E+000
    0.628020000000E+005    0.239149381990E+000
    0.628520000000E+005    0.239309461112E+000
    0.629020000000E+005    0.239469374005E+000
    0.629520000000E+005    0.239629120671E+000
    0.630020000000E+005    0.239788701110E+000
    0.630520000000E+005    0.239948115323E+000
    0.631020000000E+005    0.240107363310E+000
    0.631520000000E+005    0.240266445072E+000
    0.632020000000E+005    0.240425360611E+000
    0.632520000000E+005    0.240584109926E+000
    0.633020000000E+005    0.240742693020E+000
    0.633520000000E+005    0.240901109894E+000
    0.634020000000E+005    0.241059360548E+000
    0.634520000000E+005    0.241217444985E+000
    0.635020000000E+005    0.241375363206E+000
    0.635520000000E+005    0.241533115212E+000
    0.636020000000E+005    0.241690701005E+000
    0.636520000000E+005    0.241848120587E+000
    0.637020000000E+005    0.242005373960E+000
    0.637520000000E+005    0.242162461125E+000
    0.638020000000E+005    0.242319382085E+000
    0.638520000000E+005    0.242476136842E+000
    0.639020000000E+005    0.242632725397E+000
    0.639520000000E+005    0.242789147753E+000
    0.640020000000E+005    0.242945403913E+000
    0.640520000000E+005    0.243101493878E+000
    0.641020000000E+005    0.243257417652E+000
    0.641520000000E+005    0.243413175236E+000
    0.642020000000E+005    0.243568766633E+000
    0.642520000000E+005    0.243724191845E+000
    0.643020000000E+005    0.243879450877E+000
    0.643520000000E+005    0.244034543729E+000
    0.644020000000E+005    0.244189470406E+000
    0.644520000000E+005    0.244344230909E+000
    0.645020000000E+005    0.244498825242E+000
    0.645520000000E+005    0.244653253408E+000
    0.646020000000E+005    0.244807515410E+000
    0.646520000000E+005    0.244961611251E+000
    0.647020000000E+005    0.245115540933E+000
    0.647520000000E+005    0.245269304461E+000
    0.648020000000E+005    0.245422901838E+000
    0.648520000000E+005    0.245576333067E+000
    0.649020000000E+005    0.245729598151E+000
    0.649520000000E+005    0.245882697093E+000
    0.650020000000E+005    0.246035629898E+000
    0.650520000000E+005    0.246188396568E+000
    0.651020000000E+005    0.246340997108E+000
    0.651520000000E+005    0.246493431520E+000
    0.652020000000E+005    0.246645699809E+000
    0.652520000000E+005    0.246797801978E+000
    0.653020000000E+005    0.246949738031E+000
    0.653520000000E+005    0.247101507972E+000
    0.654020000000E+005    0.247253111804E+000
    0.654520000000E+005    0.247404549532E+000
    0.655020000000E+005    0.247555821159E+000
    0.655520000000E+005    0.247706926690E+000
    0.656020000000E+005    0.247857866128E+000
    0.656520000000E+005    0.248008639477E+000
    0.657020000000E+005    0.248159246742E+000
    0.657520000000E+005    0.248309687926E+000
    0.658020000000E+005    0.248459963035E+000
    0.658520000000E+005    0.248610072071E+000
    0.659020000000E+005    0.248760015039E+000
    0.659520000000E+005    0.248909791944E+000
    0.660020000000E+005    0.249059402790E+000
    0.660520000000E+005    0.249208847581E+000
    0.661020000000E+005    0.249358126322E+000
    0.661520000000E+005    0.249507239017E+000
    0.662020000000E+005    0.249656185671E+000
    0.662520000000E+005    0.249804966288E+000
    0.663020000000E+005    0.249953580872E+000
    0.663520000000E+005    0.250102029429E+000
    0.664020000000E+005    0.250250311963E+000
    0.664520000000E+005    0.250398428479E+000
    0.665020000000E+005    0.250546378981E+000
    0.665520000000E+005    0.250694163474E+000
    0.666020000000E+005    0.250841781963E+000
    0.666520000000E+005    0.250989234452E+000
    0.667020000000E+005    0.251136520948E+000
    0.667520000000E+005    0.251283641454E+000
    0.668020000000E+005    0.251430595976E+000
    0.668520000000E+005    0.251577384518E+000
    0.669020000000E+005    0.251724007086E+000
    0.669520000000E+005    0.251870463684E+000
    0.670020000000E+005    0.252016754318E+000
    0.670520000000E+005    0.252162878994E+000
    0.671020000000E+005    0.252308837715E+000
    0.671520000000E+005    0.252454630488E+000
    0.672020000000E+005    0.252600257318E+000
    0.672520000000E+005    0.252745718209E+000
    0.673020000000E+005    0.252891013168E+000
    0.673520000000E+005    0.253036142200E+000
    0.674020000000E+005    0.253181105310E+000
    0.674520000000E+005    0.253325902505E+000
    0.675020000000E+005    0.253470533788E+000
    0.675520000000E+005    0.253614999166E+000
    0.676020000000E+005    0.253759298646E+000
    0.676520000000E+005    0.253903432231E+000
    0.677020000000E+005    0.254047399928E+000
    0.677520000000E+005    0.254191201744E+000
    0.678020000000E+005    0.254334837683E+000
    0.678520000000E+005    0.254478307751E+000
    0.679020000000E+005    0.254621611955E+000
    0.679520000000E+005    0.254764750301E+000
    0.680020000000E+005    0.254907722794E+000
    0.680520000000E+005    0.255050529441E+000
    0.681020000000E+005    0.255193170248E+000
    0.681520000000E+005    0.255335645221E+000
    0.682020000000E+005    0.255477954365E+000
    0.682520000000E+005    0.255620097689E+000
    0.683020000000E+005    0.255762075197E+000
    0.683520000000E+005    0.255903886897E+000
    0.684020000000E+005    0.256045532795E+000
    0.684520000000E+005    0.256187012897E+000
    0.685020000000E+005    0.256328327210E+000
    0.685520000000E+005    0.256469475741E+000
    0.686020000000E+005    0.256610458496E+000
    0.686520000000E+005    0.256751275482E+000
    0.687020000000E+005    0.256891926706E+000
    0.687520000000E+005    0.257032412175E+000
    0.688020000000E+005    0.257172731896E+000
    0.688520000000E+005    0.257312885876E+000
    0.689020000000E+005    0.257452874122E+000
    0.689520000000E+005    0.257592696642E+000
    0.690020000000E+005    0.257732353442E+000
    0.690520000000E+005    0.257871844529E+000
    0.691020000000E+005    0.258011169912E+000
    0.691520000000E+005    0.258150329598E+000
    0.692020000000E+005    0.258289323594E+000
    0.692520000000E+005    0.258428151907E+000
    0.693020000000E+005    0.258566814546E+000
    0.693520000000E+005    0.258705311519E+000
    0.694020000000E+005    0.258843642833E+000
    0.694520000000E+005    0.258981808496E+000
    0.695020000000E+005    0.259119808515E+000
    0.695520000000E+005    0.259257642900E+000
    0.696020000000E+005    0.259395311659E+000
    0.696520000000E+005    0.259532814799E+000
    0.697020000000E+005    0.259670152329E+000
    0.697520000000E+005    0.259807324257E+000
    0.698020000000E+005    0.259944330592E+000
    0.698520000000E+005    0.260081171343E+000
    0.699020000000E+005    0.260217846518E+000
    0.699520000000E+005    0.260354356126E+000
    0.700020000000E+005    0.260490700175E+000
    0.700520000000E+005    0.260626878676E+000
    0.701020000000E+005    0.260762891636E+000
    0.701520000000E+005    0.260898739065E+000
    0.702020000000E+005    0.261034420973E+000
    0.702520000000E+005    0.261169937368E+000
    0.703020000000E+005    0.261305288260E+000
    0.703520000000E+005    0.261440473659E+000
    0.704020000000E+005    0.261575493574E+000
    0.704520000000E+005    0.261710348015E+000
    0.705020000000E+005    0.261845036992E+000
    0.705520000000E+005    0.261979560515E+000
    0.706020000000E+005    0.262113918594E+000
    0.706520000000E+005    0.262248111239E+000
    0.707020000000E+005    0.262382138461E+000
    0.707520000000E+005    0.262516000269E+000
    0.708020000000E+005    0.262649696674E+000
    0.708520000000E+005    0.262783227688E+000
    0.709020000000E+005    0.262916593320E+000
    0.709520000000E+005    0.263049793582E+000
    0.710020000000E+005    0.263182828484E+000
    0.710520000000E+005    0.263315698038E+000
    0.711020000000E+005    0.263448402254E+000
    0.711520000000E+005    0.263580941145E+000
    0.712020000000E+005    0.263713314722E+000
    0.712520000000E+005    0.263845522995E+000
    0.713020000000E+005    0.263977565978E+000
    0.713520000000E+005    0.264109443681E+000
    0.714020000000E+005    0.264241156117E+000
    0.714520000000E+005    0.264372703298E+000
    0.715020000000E+005    0.264504085235E+000
    0.715520000000E+005    0.264635301942E+000
    0.716020000000E+005    0.264766353431E+000
    0.716520000000E+005    0.264897239714E+000
    0.717020000000E+005    0.265027960804E+000
    0.717520000000E+005    0.265158516715E+000
    0.718020000000E+005    0.265288907458E+000
    0.718520000000E+005    0.265419133048E+000
    0.719020000000E+005    0.265549193497E+000
    0.719520000000E+005    0.265679088819E+000
    0.720020000000E+005    0.265808819027E+000
    0.720520000000E+005    0.265938384136E+000
    0.721020000000E+005    0.266067784158E+000
    0.721520000000E+005    0.266197019109E+000
    0.722020000000E+005    0.266326089002E+000
    0.722520000000E+005    0.266454993852E+000
    0.723020000000E+005    0.266583733673E+000
    0.723520000000E+005    0.266712308479E+000
    0.724020000000E+005    0.266840718286E+000
    0.724520000000E+005    0.266968963108E+000
    0.725020000000E+005    0.267097042960E+000
    0.725520000000E+005    0.267224957858E+000
    0.726020000000E+005    0.267352707817E+000
    0.726520000000E+005    0.267480292852E+000
    0.727020000000E+005    0.267607712979E+000
    0.727520000000E+005    0.267734968215E+000
    0.728020000000E+005    0.267862058574E+000
    0.728520000000E+005    0.267988984074E+000
    0.729020000000E+005    0.268115744730E+000
    0.729520000000E+005    0.268242340560E+000
    0.730020000000E+005    0.268368771579E+000
    0.730520000000E+005    0.268495037804E+000
    0.731020000000E+005    0.268621139253E+000
    0.731520000000E+005    0.268747075943E+000
    0.732020000000E+005    0.268872847891E+000
    0.732520000000E+005    0.268998455114E+000
    0.733020000000E+005    0.269123897631E+000
    0.733520000000E+005    0.269249175458E+000
    0.734020000000E+005    0.269374288615E+000
    0.734520000000E+005    0.269499237119E+000
    0.735020000000E+005    0.269624020989E+000
    0.735520000000E+005    0.269748640243E+000
    0.736020000000E+005    0.269873094900E+000
    0.736520000000E+005    0.269997384980E+000
    0.737020000000E+005    0.270121510500E+000
    0.737520000000E+005    0.270245471480E+000
    0.738020000000E+005    0.270369267940E+000
    0.738520000000E+005    0.270492899899E+000
    0.739020000000E+005    0.270616367378E+000
    0.739520000000E+005    0.270739670396E+000
    0.740020000000E+005    0.270862808973E+000
    0.740520000000E+005    0.270985783130E+000
    0.741020000000E+005    0.271108592888E+000
    0.741520000000E+005    0.271231238267E+000
    0.742020000000E+005    0.271353719287E+000
    0.742520000000E+005    0.271476035971E+000
    0.743020000000E+005    0.271598188339E+000
    0.743520000000E+005    0.271720176414E+000
    0.744020000000E+005    0.271842000216E+000
    0.744520000000E+005    0.271963659768E+000
    0.745020000000E+005    0.272085155092E+000
    0.745520000000E+005    0.272206486209E+000
    0.746020000000E+005    0.272327653144E+000
    0.746520000000E+005    0.272448655917E+000
    0.747020000000E+005    0.272569494553E+000
    0.747520000000E+005    0.272690169074E+000
    0.748020000000E+005    0.272810679504E+000
    0.748520000000E+005    0.272931025865E+000
    0.749020000000E+005    0.273051208182E+000
    0.749520000000E+005    0.273171226479E+000
    0.750020000000E+005    0.273291080779E+000
    0.750520000000E+005    0.273410771108E+000
    0.751020000000E+005    0.273530297489E+000
    0.751520000000E+005    0.273649659947E+000
    0.752020000000E+005    0.273768858507E+000
    0.752520000000E+005    0.273887893194E+000
    0.753020000000E+005    0.274006764034E+000
    0.753520000000E+005    0.274125471052E+000
    0.754020000000E+005    0.274244014274E+000
    0.754520000000E+005    0.274362393725E+000
    0.755020000000E+005    0.274480609432E+000
    0.755520000000E+005    0.274598661422E+000
    0.756020000000E+005    0.274716549720E+000
    0.756520000000E+005    0.274834274354E+000
    0.757020000000E+005    0.274951835350E+000
    0.757520000000E+005    0.275069232736E+000
    0.758020000000E+005    0.275186466540E+000
    0.758520000000E+005    0.275303536788E+000
    0.759020000000E+005    0.275420443509E+000
    0.759520000000E+005    0.275537186730E+000
    0.760020000000E+005    0.275653766481E+000
    0.760520000000E+005    0.275770182789E+000
    0.761020000000E+005    0.275886435683E+000
    0.761520000000E+005    0.276002525193E+000
    0.762020000000E+005    0.276118451346E+000
    0.762520000000E+005    0.276234214173E+000
    0.763020000000E+005    0.276349813704E+000
    0.763520000000E+005    0.276465249967E+000
    0.764020000000E+005    0.276580522993E+000
    0.764520000000E+005    0.276695632813E+000
    0.765020000000E+005    0.276810579456E+000
    0.765520000000E+005    0.276925362953E+000
    0.766020000000E+005    0.277039983335E+000
    0.766520000000E+005    0.277154440634E+000
    0.767020000000E+005    0.277268734880E+000
    0.767520000000E+005    0.277382866106E+000
    0.768020000000E+005    0.277496834342E+000
    0.768520000000E+005    0.277610639621E+000
    0.769020000000E+005    0.277724281975E+000
    0.769520000000E+005    0.277837761437E+000
    0.770020000000E+005    0.277951078039E+000
    0.770520000000E+005    0.278064231814E+000
    0.771020000000E+005    0.278177222795E+000
    0.771520000000E+005    0.278290051015E+000
    0.772020000000E+005    0.278402716508E+000
    0.772520000000E+005    0.278515219308E+000
    0.773020000000E+005    0.278627559449E+000
    0.773520000000E+005    0.278739736965E+000
    0.774020000000E+005    0.278851751890E+000
    0.774520000000E+005    0.278963604259E+000
    0.775020000000E+005    0.279075294107E+000
    0.775520000000E+005    0.279186821469E+000
    0.776020000000E+005    0.279298186380E+000
    0.776520000000E+005    0.279409388876E+000
    0.777020000000E+005    0.279520428993E+000
    0.777520000000E+005    0.279631306767E+000
    0.778020000000E+005    0.279742022233E+000
    0.778520000000E+005    0.279852575429E+000
    0.779020000000E+005    0.279962966391E+000
    0.779520000000E+005    0.280073195156E+000
    0.780020000000E+005    0.280183261761E+000
    0.780520000000E+005    0.280293166244E+000
    0.781020000000E+005    0.280402908642E+000
    0.781520000000E+005    0.280512488992E+000
    0.782020000000E+005    0.280621907334E+000
    0.782520000000E+005    0.280731163704E+000
    0.783020000000E+005    0.280840258143E+000
    0.783520000000E+005    0.280949190687E+000
    0.784020000000E+005    0.281057961377E+000
    0.784520000000E+005    0.281166570252E+000
    0.785020000000E+005    0.281275017351E+000
    0.785520000000E+005    0.281383302713E+000
    0.786020000000E+005    0.281491426378E+000
    0.786520000000E+005    0.281599388387E+000
    0.787020000000E+005    0.281707188780E+000
    0.787520000000E+005    0.281814827596E+000
    0.788020000000E+005    0.281922304878E+000
    0.788520000000E+005    0.282029620666E+000
    0.789020000000E+005    0.282136775002E+000
    0.789520000000E+005    0.282243767925E+000
    0.790020000000E+005    0.282350599480E+000
    0.790520000000E+005    0.282457269706E+000
    0.791020000000E+005    0.282563778647E+000
    0.791520000000E+005    0.282670126344E+000
    0.792020000000E+005    0.282776312840E+000
    0.792520000000E+005    0.282882338179E+000
    0.793020000000E+005    0.282988202402E+000
    0.793520000000E+005    0.283093905554E+000
    0.794020000000E+005    0.283199447677E+000
    0.794520000000E+005    0.283304828815E+000
    0.795020000000E+005    0.283410049013E+000
    0.795520000000E+005    0.283515108314E+000
    0.796020000000E+005    0.283620006763E+000
    0.796520000000E+005    0.283724744405E+000
    0.797020000000E+005    0.283829321283E+000
    0.797520000000E+005    0.283933737444E+000
    0.798020000000E+005    0.284037992931E+000
    0.798520000000E+005    0.284142087792E+000
    0.799020000000E+005    0.284246022071E+000
    0.799520000000E+005    0.284349795815E+000
    0.800020000000E+005    0.284453409070E+000
    0.800520000000E+005    0.284556861881E+000
    0.801020000000E+005    0.284660154296E+000
    0.801520000000E+005    0.284763286361E+000
    0.802020000000E+005    0.284866258124E+000
    0.802520000000E+005    0.284969069631E+000
    0.803020000000E+005    0.285071720930E+000
    0.803520000000E+005    0.285174212069E+000
    0.804020000000E+005    0.285276543096E+000
    0.804520000000E+005    0.285378714059E+000
    0.805020000000E+005    0.285480725006E+000
    0.805520000000E+005    0.285582575985E+000
    0.806020000000E+005    0.285684267047E+000
    0.806520000000E+005    0.285785798238E+000
    0.807020000000E+005    0.285887169610E+000
    0.807520000000E+005    0.285988381210E+000
    0.808020000000E+005    0.286089433090E+000
    0.808520000000E+005    0.286190325298E+000
    0.809020000000E+005    0.286291057886E+000
    0.809520000000E+005    0.286391630902E+000
    0.810020000000E+005    0.286492044398E+000
    0.810520000000E+005    0.286592298425E+000
    0.811020000000E+005    0.286692393033E+000
    0.811520000000E+005    0.286792328273E+000
    0.812020000000E+005    0.286892104198E+000
    0.812520000000E+005    0.286991720858E+000
    0.813020000000E+005    0.287091178305E+000
    0.813520000000E+005    0.287190476593E+000
    0.814020000000E+005    0.287289615771E+000
    0.814520000000E+005    0.287388595894E+000
    0.815020000000E+005    0.287487417014E+000
    0.815520000000E+005    0.287586079184E+000
    0.816020000000E+005    0.287684582456E+000
    0.816520000000E+005    0.287782926885E+000
    0.817020000000E+005    0.287881112523E+000
    0.817520000000E+005    0.287979139425E+000
    0.818020000000E+005    0.288077007645E+000
    0.818520000000E+005    0.288174717236E+000
    0.819020000000E+005    0.288272268252E+000
    0.819520000000E+005    0.288369660750E+000
    0.820020000000E+005    0.288466894782E+000
    0.820520000000E+005    0.288563970405E+000
    0.821020000000E+005    0.288660887674E+000
    0.821520000000E+005    0.288757646643E+000
    0.822020000000E+005    0.288854247369E+000
    0.822520000000E+005    0.288950689908E+000
    0.823020000000E+005    0.289046974315E+000
    0.823520000000E+005    0.289143100646E+000
    0.824020000000E+005    0.289239068959E+000
    0.824520000000E+005    0.289334879309E+000
    0.825020000000E+005    0.289430531754E+000
    0.825520000000E+005    0.289526026351E+000
    0.826020000000E+005    0.289621363157E+000
    0.826520000000E+005    0.289716542229E+000
    0.827020000000E+005    0.289811563626E+000
    0.827520000000E+005    0.289906427404E+000
    0.828020000000E+005    0.290001133622E+000
    0.828520000000E+005    0.290095682339E+000
    0.829020000000E+005    0.290190073613E+000
    0.829520000000E+005    0.290284307502E+000
    0.830020000000E+005    0.290378384066E+000
    0.830520000000E+005    0.290472303363E+000
    0.831020000000E+005    0.290566065453E+000
    0.831520000000E+005    0.290659670395E+000
    0.832020000000E+005    0.290753118249E+000
    0.832520000000E+005    0.290846409075E+000
    0.833020000000E+005    0.290939542933E+000
    0.833520000000E+005    0.291032519883E+000
    0.834020000000E+005    0.291125339985E+000
    0.834520000000E+005    0.291218003301E+000
    0.835020000000E+005    0.291310509892E+000
    0.835520000000E+005    0.291402859817E+000
    0.836020000000E+005    0.291495053139E+000
    0.836520000000E+005    0.291587089919E+000
    0.837020000000E+005    0.291678970218E+000
    0.837520000000E+005    0.291770694099E+000
    0.838020000000E+005    0.291862261624E+000
    0.838520000000E+005    0.291953672854E+000
    0.839020000000E+005    0.292044927852E+000
    0.839520000000E+005    0.292136026680E+000
    0.840020000000E+005    0.292226969403E+000
    0.840520000000E+005    0.292317756081E+000
    0.841020000000E+005    0.292408386780E+000
    0.841520000000E+005    0.292498861561E+000
    0.842020000000E+005    0.292589180489E+000
    0.842520000000E+005    0.292679343627E+000
    0.843020000000E+005    0.292769351039E+000
    0.843520000000E+005    0.292859202790E+000
    0.844020000000E+005    0.292948898943E+000
    0.844520000000E+005    0.293038439563E+000
    0.845020000000E+005    0.293127824715E+000
    0.845520000000E+005    0.293217054464E+000
    0.846020000000E+005    0.293306128874E+000
    0.846520000000E+005    0.293395048012E+000
    0.847020000000E+005    0.293483811941E+000
    0.847520000000E+005    0.293572420729E+000
    0.848020000000E+005    0.293660874440E+000
    0.848520000000E+005    0.293749173141E+000
    0.849020000000E+005    0.293837316897E+000
    0.849520000000E+005    0.293925305776E+000
    0.850020000000E+005    0.294013139843E+000
    0.850520000000E+005    0.294100819166E+000
    0.851020000000E+005    0.294188343810E+000
    0.851520000000E+005    0.294275713844E+000
    0.852020000000E+005    0.294362929334E+000
    0.852520000000E+005    0.294449990348E+000
    0.853020000000E+005    0.294536896954E+000
    0.853520000000E+005    0.294623649218E+000
    0.854020000000E+005    0.294710247210E+000
    0.854520000000E+005    0.294796690997E+000
    0.855020000000E+005    0.294882980647E+000
    0.855520000000E+005    0.294969116229E+000
    0.856020000000E+005    0.295055097811E+000
    0.856520000000E+005    0.295140925463E+000
    0.857020000000E+005    0.295226599253E+000
    0.857520000000E+005    0.295312119251E+000
    0.858020000000E+005    0.295397485525E+000
    0.858520000000E+005    0.295482698145E+000
    0.859020000000E+005    0.295567757182E+000
    0.859520000000E+005    0.295652662704E+000
    0.860020000000E+005    0.295737414782E+000
    0.860520000000E+005    0.295822013486E+000
    0.861020000000E+005    0.295906458886E+000
    0.861520000000E+005    0.295990751053E+000
    0.862020000000E+005    0.296074890057E+000
    0.862520000000E+005    0.296158875970E+000
    0.863020000000E+005    0.296242708862E+000
    0.863520000000E+005    0.296326388804E+000
    0.864020000000E+005    0.296409915868E+000
    0.864520000000E+005    0.296493290126E+000
    0.865020000000E+005    0.296576511648E+000
    0.865520000000E+005    0.296659580508E+000
    0.866020000000E+005    0.296742496776E+000
    0.866520000000E+005    0.296825260526E+000
    0.867020000000E+005    0.296907871828E+000
    0.867520000000E+005    0.296990330757E+000
    0.868020000000E+005    0.297072637384E+000
    0.868520000000E+005    0.297154791783E+000
    0.869020000000E+005    0.297236794026E+000
    0.869520000000E+005    0.297318644186E+000
    0.870020000000E+005    0.297400342337E+000
    0.870520000000E+005    0.297481888553E+000
    0.871020000000E+005    0.297563282906E+000
    0.871520000000E+005    0.297644525471E+000
    0.872020000000E+005    0.297725616321E+000
    0.872520000000E+005    0.297806555531E+000
    0.873020000000E+005    0.297887343175E+000
    0.873520000000E+005    0.297967979327E+000
    0.874020000000E+005    0.298048464062E+000
    0.874520000000E+005    0.298128797454E+000
    0.875020000000E+005    0.298208979580E+000
    0.875520000000E+005    0.298289010512E+000
    0.876020000000E+005    0.298368890327E+000
    0.876520000000E+005    0.298448619100E+000
    0.877020000000E+005    0.298528196907E+000
    0.877520000000E+005    0.298607623822E+000
    0.878020000000E+005    0.298686899923E+000
    0.878520000000E+005    0.298766025284E+000
    0.879020000000E+005    0.298844999982E+000
    0.879520000000E+005    0.298923824093E+000
    0.880020000000E+005    0.299002497694E+000
    0.880520000000E+005    0.299081020861E+000
    0.881020000000E+005    0.299159393671E+000
    0.881520000000E+005    0.299237616200E+000
    0.882020000000E+005    0.299315688526E+000
    0.882520000000E+005    0.299393610725E+000
    0.883020000000E+005    0.299471382875E+000
    0.883520000000E+005    0.299549005054E+000
    0.884020000000E+005    0.299626477339E+000
    0.884520000000E+005    0.299703799807E+000
    0.885020000000E+005    0.299780972537E+000
    0.885520000000E+005    0.299857995606E+000
    0.886020000000E+005    0.299934869093E+000
    0.886520000000E+005    0.300011593076E+000
    0.887020000000E+005    0.300088167634E+000
    0.887520000000E+005    0.300164592844E+000
    0.888020000000E+005    0.300240868786E+000
    0.888520000000E+005    0.300316995538E+000
    0.889020000000E+005    0.300392973180E+000
    0.889520000000E+005    0.300468801790E+000
    0.890020000000E+005    0.300544481449E+000
    0.890520000000E+005    0.300620012234E+000
    0.891020000000E+005    0.300695394227E+000
    0.891520000000E+005    0.300770627506E+000
    0.892020000000E+005    0.300845712151E+000
    0.892520000000E+005    0.300920648243E+000
    0.893020000000E+005    0.300995435861E+000
    0.893520000000E+005    0.301070075086E+000
    0.894020000000E+005    0.301144565998E+000
    0.894520000000E+005    0.301218908677E+000
    0.895020000000E+005    0.301293103205E+000
    0.895520000000E+005    0.301367149662E+000
    0.896020000000E+005    0.301441048128E+000
    0.896520000000E+005    0.301514798685E+000
    0.897020000000E+005    0.301588401415E+000
    0.897520000000E+005    0.301661856397E+000
    0.898020000000E+005    0.301735163715E+000
    0.898520000000E+005    0.301808323449E+000
    0.899020000000E+005    0.301881335681E+000
    0.899520000000E+005    0.301954200493E+000
    0.900020000000E+005    0.302026917967E+000
    0.900520000000E+005    0.302099488184E+000
    0.901020000000E+005    0.302171911228E+000
    0.901520000000E+005    0.302244187181E+000
    0.902020000000E+005    0.302316316124E+000
    0.902520000000E+005    0.302388298141E+000
    0.903020000000E+005    0.302460133314E+000
    0.903520000000E+005    0.302531821727E+000
    0.904020000000E+005    0.302603363461E+000
    0.904520000000E+005    0.302674758601E+000
    0.905020000000E+005    0.302746007229E+000
    0.905520000000E+005    0.302817109429E+000
    0.906020000000E+005    0.302888065284E+000
    0.906520000000E+005    0.302958874879E+000
    0.907020000000E+005    0.303029538295E+000
    0.907520000000E+005    0.303100055619E+000
    0.908020000000E+005    0.303170426932E+000
    0.908520000000E+005    0.303240652320E+000
    0.909020000000E+005    0.303310731867E+000
    0.909520000000E+005    0.303380665657E+000
    0.910020000000E+005    0.303450453774E+000
    0.910520000000E+005    0.303520096304E+000
    0.911020000000E+005    0.303589593330E+000
    0.911520000000E+005    0.303658944937E+000
    0.912020000000E+005    0.303728151212E+000
    0.912520000000E+005    0.303797212237E+000
    0.913020000000E+005    0.303866128099E+000
    0.913520000000E+005    0.303934898884E+000
    0.914020000000E+005    0.304003524675E+000
    0.914520000000E+005    0.304072005560E+000
    0.915020000000E+005    0.304140341622E+000
    0.915520000000E+005    0.304208532950E+000
    0.916020000000E+005    0.304276579627E+000
    0.916520000000E+005    0.304344481740E+000
    0.917020000000E+005    0.304412239375E+000
    0.917520000000E+005    0.304479852618E+000
    0.918020000000E+005    0.304547321556E+000
    0.918520000000E+005    0.304614646275E+000
    0.919020000000E+005    0.304681826862E+000
    0.919520000000E+005    0.304748863403E+000
    0.920020000000E+005    0.304815755984E+000
    0.920520000000E+005    0.304882504694E+000
    0.921020000000E+005    0.304949109618E+000
    0.921520000000E+005    0.305015570844E+000
    0.922020000000E+005    0.305081888459E+000
    0.922520000000E+005    0.305148062550E+000
    0.923020000000E+005    0.305214093205E+000
    0.923520000000E+005    0.305279980511E+000
    0.924020000000E+005    0.305345724556E+000
    0.924520000000E+005    0.305411325428E+000
    0.925020000000E+005    0.305476783214E+000
    0.925520000000E+005    0.305542098002E+000
    0.926020000000E+005    0.305607269881E+000
    0.926520000000E+005    0.305672298938E+000
    0.927020000000E+005    0.305737185262E+000
    0.927520000000E+005    0.305801928942E+000
    0.928020000000E+005    0.305866530064E+000
    0.928520000000E+005    0.305930988719E+000
    0.929020000000E+005    0.305995304995E+000
    0.929520000000E+005    0.306059478980E+000
    0.930020000000E+005    0.306123510764E+000
    0.930520000000E+005    0.306187400435E+000
    0.931020000000E+005    0.306251148082E+000
    0.931520000000E+005    0.306314753796E+000
    0.932020000000E+005    0.306378217664E+000
    0.932520000000E+005    0.306441539776E+000
    0.933020000000E+005    0.306504720222E+000
    0.933520000000E+005    0.306567759092E+000
    0.934020000000E+005    0.306630656474E+000
    0.934520000000E+005    0.306693412460E+000
    0.935020000000E+005    0.306756027137E+000
    0.935520000000E+005    0.306818500598E+000
    0.936020000000E+005    0.306880832931E+000
    0.936520000000E+005    0.306943024227E+000
    0.937020000000E+005    0.307005074575E+000
    0.937520000000E+005    0.307066984067E+000
    0.938020000000E+005    0.307128752793E+000
    0.938520000000E+005    0.307190380844E+000
    0.939020000000E+005    0.307251868309E+000
    0.939520000000E+005    0.307313215279E+000
    0.940020000000E+005    0.307374421847E+000
    0.940520000000E+005    0.307435488101E+000
    0.941020000000E+005    0.307496414134E+000
    0.941520000000E+005    0.307557200036E+000
    0.942020000000E+005    0.307617845899E+000
    0.942520000000E+005    0.307678351814E+000
    0.943020000000E+005    0.307738717872E+000
    0.943520000000E+005    0.307798944165E+000
    0.944020000000E+005    0.307859030784E+000
    0.944520000000E+005    0.307918977821E+000
    0.945020000000E+005    0.307978785367E+000
    0.945520000000E+005    0.308038453515E+000
    0.946020000000E+005    0.308097982355E+000
    0.946520000000E+005    0.308157371982E+000
    0.947020000000E+005    0.308216622485E+000
    0.947520000000E+005    0.308275733958E+000
    0.948020000000E+005    0.308334706492E+000
    0.948520000000E+005    0.308393540181E+000
    0.949020000000E+005    0.308452235115E+000
    0.949520000000E+005    0.308510791389E+000
    0.950020000000E+005    0.308569209094E+000
    0.950520000000E+005    0.308627488324E+000
    0.951020000000E+005    0.308685629170E+000
    0.951520000000E+005    0.308743631726E+000
    0.952020000000E+005    0.308801496084E+000
    0.952520000000E+005    0.308859222338E+000
    0.953020000000E+005    0.308916810581E+000
    0.953520000000E+005    0.308974260906E+000
    0.954020000000E+005    0.309031573406E+000
    0.954520000000E+005    0.309088748174E+000
    0.955020000000E+005    0.309145785304E+000
    0.955520000000E+005    0.309202684889E+000
    0.956020000000E+005    0.309259447023E+000
    0.956520000000E+005    0.309316071800E+000
    0.957020000000E+005    0.309372559312E+000
    0.957520000000E+005    0.309428909655E+000
    0.958020000000E+005    0.309485122922E+000
    0.958520000000E+005    0.309541199206E+000
    0.959020000000E+005    0.309597138602E+000
    0.959520000000E+005    0.309652941205E+000
    0.960020000000E+005    0.309708607107E+000
    0.960520000000E+005    0.309764136404E+000
    0.961020000000E+005    0.309819529189E+000
    0.961520000000E+005    0.309874785558E+000
    0.962020000000E+005    0.309929905604E+000
    0.962520000000E+005    0.309984889423E+000
    0.963020000000E+005    0.310039737108E+000
    0.963520000000E+005    0.310094448755E+000
    0.964020000000E+005    0.310149024458E+000
    0.964520000000E+005    0.310203464313E+000
    0.965020000000E+005    0.310257768413E+000
    0.965520000000E+005    0.310311936855E+000
    0.966020000000E+005    0.310365969732E+000
    0.966520000000E+005    0.310419867141E+000
    0.967020000000E+005    0.310473629177E+000
    0.967520000000E+005    0.310527255935E+000
    0.968020000000E+005    0.310580747509E+000
    0.968520000000E+005    0.310634103996E+000
    0.969020000000E+005    0.310687325492E+000
    0.969520000000E+005    0.310740412090E+000
    0.970020000000E+005    0.310793363889E+000
    0.970520000000E+005    0.310846180982E+000
    0.971020000000E+005    0.310898863466E+000
    0.971520000000E+005    0.310951411436E+000
    0.972020000000E+005    0.311003824989E+000
    0.972520000000E+005    0.311056104221E+000
    0.973020000000E+005    0.311108249227E+000
    0.973520000000E+005    0.311160260103E+000
    0.974020000000E+005    0.311212136947E+000
    0.974520000000E+005    0.311263879853E+000
    0.975020000000E+005    0.311315488919E+000
    0.975520000000E+005    0.311366964240E+000
    0.976020000000E+005    0.311418305914E+000
    0.976520000000E+005    0.311469514036E+000
    0.977020000000E+005    0.311520588703E+000
    0.977520000000E+005    0.311571530012E+000
    0.978020000000E+005    0.311622338060E+000
    0.978520000000E+005    0.311673012943E+000
    0.979020000000E+005    0.311723554758E+000
    0.979520000000E+005    0.311773963601E+000
    0.980020000000E+005    0.311824239571E+000
    0.980520000000E+005    0.311874382763E+000
    0.981020000000E+005    0.311924393276E+000
    0.981520000000E+005    0.311974271205E+000
    0.982020000000E+005    0.312024016648E+000
    0.982520000000E+005    0.312073629703E+000
    0.983020000000E+005    0.312123110467E+000
    0.983520000000E+005    0.312172459037E+000
    0.984020000000E+005    0.312221675510E+000
    0.984520000000E+005    0.312270759984E+000
    0.985020000000E+005    0.312319712556E+000
    0.985520000000E+005    0.312368533325E+000
    0.986020000000E+005    0.312417222387E+000
    0.986520000000E+005    0.312465779841E+000
    0.987020000000E+005    0.312514205784E+000
    0.987520000000E+005    0.312562500314E+000
    0.988020000000E+005    0.312610663529E+000
    0.988520000000E+005    0.312658695526E+000
    0.989020000000E+005    0.312706596404E+000
    0.989520000000E+005    0.312754366262E+000
    0.990020000000E+005    0.312802005196E+000
    0.990520000000E+005    0.312849513305E+000
    0.991020000000E+005    0.312896890687E+000
    0.991520000000E+005    0.312944137441E+000
    0.992020000000E+005    0.312991253664E+000
    0.992520000000E+005    0.313038239456E+000
    0.993020000000E+005    0.313085094915E+000
    0.993520000000E+005    0.313131820138E+000
    0.994020000000E+005    0.313178415225E+000
    0.994520000000E+005    0.313224880274E+000
    0.995020000000E+005    0.313271215384E+000
    0.995520000000E+005    0.313317420653E+000
    0.996020000000E+005    0.313363496181E+000
    0.996520000000E+005    0.313409442065E+000
    0.997020000000E+005    0.313455258405E+000
    0.997520000000E+005    0.313500945300E+000
    0.998020000000E+005    0.313546502848E+000
    0.998520000000E+005    0.313591931149E+000
    0.999020000000E+005    0.313637230301E+000
    0.999520000000E+005    0.313682400404E+000
