TITLE = "0D Field KB"
VARIABLES = N ,"KB_Ha10Rem100Re1000"
ZONE DATAPACKING = POINT
    0.200000000000E+001    0.799992000074E-009
    0.520000000000E+002    0.540524274496E-006
    0.102000000000E+003    0.207869963316E-005
    0.152000000000E+003    0.461382874558E-005
    0.202000000000E+003    0.814441603549E-005
    0.252000000000E+003    0.126689676710E-004
    0.302000000000E+003    0.181859915627E-004
    0.352000000000E+003    0.246939973617E-004
    0.402000000000E+003    0.321914964578E-004
    0.452000000000E+003    0.406770019779E-004
    0.502000000000E+003    0.501490287836E-004
    0.552000000000E+003    0.606060934699E-004
    0.602000000000E+003    0.720467143629E-004
    0.652000000000E+003    0.844694115182E-004
    0.702000000000E+003    0.978727067191E-004
    0.752000000000E+003    0.112255123474E-003
    0.802000000000E+003    0.127615187017E-003
    0.852000000000E+003    0.143951424301E-003
    0.902000000000E+003    0.161262364003E-003
    0.952000000000E+003    0.179546536515E-003
    0.100200000000E+004    0.198802473947E-003
    0.105200000000E+004    0.219028710123E-003
    0.110200000000E+004    0.240223780580E-003
    0.115200000000E+004    0.262386222565E-003
    0.120200000000E+004    0.285514575035E-003
    0.125200000000E+004    0.309607378654E-003
    0.130200000000E+004    0.334663175789E-003
    0.135200000000E+004    0.360680510510E-003
    0.140200000000E+004    0.387657928591E-003
    0.145200000000E+004    0.415593977499E-003
    0.150200000000E+004    0.444487206403E-003
    0.155200000000E+004    0.474336166162E-003
    0.160200000000E+004    0.505139409327E-003
    0.165200000000E+004    0.536895490142E-003
    0.170200000000E+004    0.569602964531E-003
    0.175200000000E+004    0.603260390109E-003
    0.180200000000E+004    0.637866326167E-003
    0.185200000000E+004    0.673419333676E-003
    0.190200000000E+004    0.709917975281E-003
    0.195200000000E+004    0.747360815301E-003
    0.200200000000E+004    0.785746419722E-003
    0.205200000000E+004    0.825073356194E-003
    0.210200000000E+004    0.865340194029E-003
    0.215200000000E+004    0.906545504197E-003
    0.220200000000E+004    0.948687859320E-003
    0.225200000000E+004    0.991765833670E-003
    0.230200000000E+004    0.103577800316E-002
    0.235200000000E+004    0.108072294535E-002
    0.240200000000E+004    0.112659923942E-002
    0.245200000000E+004    0.117340546621E-002
    0.250200000000E+004    0.122114020814E-002
    0.255200000000E+004    0.126980204929E-002
    0.260200000000E+004    0.131938957533E-002
    0.265200000000E+004    0.136990137355E-002
    0.270200000000E+004    0.142133603283E-002
    0.275200000000E+004    0.147369214366E-002
    0.280200000000E+004    0.152696829810E-002
    0.285200000000E+004    0.158116308981E-002
    0.290200000000E+004    0.163627511402E-002
    0.295200000000E+004    0.169230296752E-002
    0.300200000000E+004    0.174924524867E-002
    0.305200000000E+004    0.180710055739E-002
    0.310200000000E+004    0.186586749514E-002
    0.315200000000E+004    0.192554466491E-002
    0.320200000000E+004    0.198613067123E-002
    0.325200000000E+004    0.204762412017E-002
    0.330200000000E+004    0.211002361930E-002
    0.335200000000E+004    0.217332777769E-002
    0.340200000000E+004    0.223753520592E-002
    0.345200000000E+004    0.230264451607E-002
    0.350200000000E+004    0.236865432169E-002
    0.355200000000E+004    0.243556323782E-002
    0.360200000000E+004    0.250336988095E-002
    0.365200000000E+004    0.257207286905E-002
    0.370200000000E+004    0.264167082151E-002
    0.375200000000E+004    0.271216235920E-002
    0.380200000000E+004    0.278354610439E-002
    0.385200000000E+004    0.285582068079E-002
    0.390200000000E+004    0.292898471354E-002
    0.395200000000E+004    0.300303682915E-002
    0.400200000000E+004    0.307797565558E-002
    0.405200000000E+004    0.315379982213E-002
    0.410200000000E+004    0.323050795952E-002
    0.415200000000E+004    0.330809869983E-002
    0.420200000000E+004    0.338657067651E-002
    0.425200000000E+004    0.346592252437E-002
    0.430200000000E+004    0.354615287956E-002
    0.435200000000E+004    0.362726037958E-002
    0.440200000000E+004    0.370924366326E-002
    0.445200000000E+004    0.379210137076E-002
    0.450200000000E+004    0.387583214355E-002
    0.455200000000E+004    0.396043462443E-002
    0.460200000000E+004    0.404590745747E-002
    0.465200000000E+004    0.413224928806E-002
    0.470200000000E+004    0.421945876287E-002
    0.475200000000E+004    0.430753452985E-002
    0.480200000000E+004    0.439647523822E-002
    0.485200000000E+004    0.448627953847E-002
    0.490200000000E+004    0.457694608235E-002
    0.495200000000E+004    0.466847352284E-002
    0.500200000000E+004    0.476086051420E-002
    0.505200000000E+004    0.485410571190E-002
    0.510200000000E+004    0.494820777265E-002
    0.515200000000E+004    0.504316535439E-002
    0.520200000000E+004    0.513897711627E-002
    0.525200000000E+004    0.523564171867E-002
    0.530200000000E+004    0.533315782314E-002
    0.535200000000E+004    0.543152409247E-002
    0.540200000000E+004    0.553073919063E-002
    0.545200000000E+004    0.563080178276E-002
    0.550200000000E+004    0.573171053522E-002
    0.555200000000E+004    0.583346411551E-002
    0.560200000000E+004    0.593606119234E-002
    0.565200000000E+004    0.603950043555E-002
    0.570200000000E+004    0.614378051618E-002
    0.575200000000E+004    0.624890010639E-002
    0.580200000000E+004    0.635485787952E-002
    0.585200000000E+004    0.646165251006E-002
    0.590200000000E+004    0.656928267362E-002
    0.595200000000E+004    0.667774704697E-002
    0.600200000000E+004    0.678704430802E-002
    0.605200000000E+004    0.689717313579E-002
    0.610200000000E+004    0.700813221044E-002
    0.615200000000E+004    0.711992021325E-002
    0.620200000000E+004    0.723253582664E-002
    0.625200000000E+004    0.734597773411E-002
    0.630200000000E+004    0.746024462029E-002
    0.635200000000E+004    0.757533517094E-002
    0.640200000000E+004    0.769124807289E-002
    0.645200000000E+004    0.780798201411E-002
    0.650200000000E+004    0.792553568363E-002
    0.655200000000E+004    0.804390777161E-002
    0.660200000000E+004    0.816309696930E-002
    0.665200000000E+004    0.828310196902E-002
    0.670200000000E+004    0.840392146421E-002
    0.675200000000E+004    0.852555414938E-002
    0.680200000000E+004    0.864799872011E-002
    0.685200000000E+004    0.877125387310E-002
    0.690200000000E+004    0.889531830610E-002
    0.695200000000E+004    0.902019071794E-002
    0.700200000000E+004    0.914586980855E-002
    0.705200000000E+004    0.927235427891E-002
    0.710200000000E+004    0.939964283109E-002
    0.715200000000E+004    0.952773416821E-002
    0.720200000000E+004    0.965662699447E-002
    0.725200000000E+004    0.978632001515E-002
    0.730200000000E+004    0.991681193659E-002
    0.735200000000E+004    0.100481014662E-001
    0.740200000000E+004    0.101801873124E-001
    0.745200000000E+004    0.103130681847E-001
    0.750200000000E+004    0.104467427938E-001
    0.755200000000E+004    0.105812098513E-001
    0.760200000000E+004    0.107164680699E-001
    0.765200000000E+004    0.108525161634E-001
    0.770200000000E+004    0.109893528465E-001
    0.775200000000E+004    0.111269768353E-001
    0.780200000000E+004    0.112653868465E-001
    0.785200000000E+004    0.114045815983E-001
    0.790200000000E+004    0.115445598097E-001
    0.795200000000E+004    0.116853202007E-001
    0.800200000000E+004    0.118268614926E-001
    0.805200000000E+004    0.119691824076E-001
    0.810200000000E+004    0.121122816689E-001
    0.815200000000E+004    0.122561580009E-001
    0.820200000000E+004    0.124008101289E-001
    0.825200000000E+004    0.125462367794E-001
    0.830200000000E+004    0.126924366799E-001
    0.835200000000E+004    0.128394085588E-001
    0.840200000000E+004    0.129871511459E-001
    0.845200000000E+004    0.131356631717E-001
    0.850200000000E+004    0.132849433680E-001
    0.855200000000E+004    0.134349904674E-001
    0.860200000000E+004    0.135858032038E-001
    0.865200000000E+004    0.137373803121E-001
    0.870200000000E+004    0.138897205282E-001
    0.875200000000E+004    0.140428225890E-001
    0.880200000000E+004    0.141966852326E-001
    0.885200000000E+004    0.143513071981E-001
    0.890200000000E+004    0.145066872255E-001
    0.895200000000E+004    0.146628240561E-001
    0.900200000000E+004    0.148197164321E-001
    0.905200000000E+004    0.149773630969E-001
    0.910200000000E+004    0.151357627947E-001
    0.915200000000E+004    0.152949142710E-001
    0.920200000000E+004    0.154548162724E-001
    0.925200000000E+004    0.156154675462E-001
    0.930200000000E+004    0.157768668411E-001
    0.935200000000E+004    0.159390129069E-001
    0.940200000000E+004    0.161019044941E-001
    0.945200000000E+004    0.162655403545E-001
    0.950200000000E+004    0.164299192411E-001
    0.955200000000E+004    0.165950399077E-001
    0.960200000000E+004    0.167609011092E-001
    0.965200000000E+004    0.169275016018E-001
    0.970200000000E+004    0.170948401425E-001
    0.975200000000E+004    0.172629154894E-001
    0.980200000000E+004    0.174317264019E-001
    0.985200000000E+004    0.176012716401E-001
    0.990200000000E+004    0.177715499655E-001
    0.995200000000E+004    0.179425601405E-001
    0.100020000000E+005    0.181143009286E-001
    0.100520000000E+005    0.182867710944E-001
    0.101020000000E+005    0.184599694035E-001
    0.101520000000E+005    0.186338946227E-001
    0.102020000000E+005    0.188085455197E-001
    0.102520000000E+005    0.189839208634E-001
    0.103020000000E+005    0.191600194238E-001
    0.103520000000E+005    0.193368399718E-001
    0.104020000000E+005    0.195143812796E-001
    0.104520000000E+005    0.196926421204E-001
    0.105020000000E+005    0.198716212684E-001
    0.105520000000E+005    0.200513174989E-001
    0.106020000000E+005    0.202317295883E-001
    0.106520000000E+005    0.204128563142E-001
    0.107020000000E+005    0.205946964552E-001
    0.107520000000E+005    0.207772487908E-001
    0.108020000000E+005    0.209605121019E-001
    0.108520000000E+005    0.211444851703E-001
    0.109020000000E+005    0.213291667788E-001
    0.109520000000E+005    0.215145557116E-001
    0.110020000000E+005    0.217006507537E-001
    0.110520000000E+005    0.218874506912E-001
    0.111020000000E+005    0.220749543116E-001
    0.111520000000E+005    0.222631604030E-001
    0.112020000000E+005    0.224520677551E-001
    0.112520000000E+005    0.226416751583E-001
    0.113020000000E+005    0.228319814043E-001
    0.113520000000E+005    0.230229852859E-001
    0.114020000000E+005    0.232146855968E-001
    0.114520000000E+005    0.234070811321E-001
    0.115020000000E+005    0.236001706877E-001
    0.115520000000E+005    0.237939530608E-001
    0.116020000000E+005    0.239884270496E-001
    0.116520000000E+005    0.241835914534E-001
    0.117020000000E+005    0.243794450728E-001
    0.117520000000E+005    0.245759867091E-001
    0.118020000000E+005    0.247732151652E-001
    0.118520000000E+005    0.249711292446E-001
    0.119020000000E+005    0.251697277523E-001
    0.119520000000E+005    0.253690094942E-001
    0.120020000000E+005    0.255689732774E-001
    0.120520000000E+005    0.257696179100E-001
    0.121020000000E+005    0.259709422014E-001
    0.121520000000E+005    0.261729449619E-001
    0.122020000000E+005    0.263756250030E-001
    0.122520000000E+005    0.265789811374E-001
    0.123020000000E+005    0.267830121787E-001
    0.123520000000E+005    0.269877169419E-001
    0.124020000000E+005    0.271930942428E-001
    0.124520000000E+005    0.273991428985E-001
    0.125020000000E+005    0.276058617272E-001
    0.125520000000E+005    0.278132495482E-001
    0.126020000000E+005    0.280213051819E-001
    0.126520000000E+005    0.282300274499E-001
    0.127020000000E+005    0.284394151748E-001
    0.127520000000E+005    0.286494671804E-001
    0.128020000000E+005    0.288601822915E-001
    0.128520000000E+005    0.290715593343E-001
    0.129020000000E+005    0.292835971357E-001
    0.129520000000E+005    0.294962945242E-001
    0.130020000000E+005    0.297096503290E-001
    0.130520000000E+005    0.299236633807E-001
    0.131020000000E+005    0.301383325108E-001
    0.131520000000E+005    0.303536565523E-001
    0.132020000000E+005    0.305696343389E-001
    0.132520000000E+005    0.307862647056E-001
    0.133020000000E+005    0.310035464887E-001
    0.133520000000E+005    0.312214785253E-001
    0.134020000000E+005    0.314400596538E-001
    0.134520000000E+005    0.316592887139E-001
    0.135020000000E+005    0.318791645461E-001
    0.135520000000E+005    0.320996859922E-001
    0.136020000000E+005    0.323208518951E-001
    0.136520000000E+005    0.325426610990E-001
    0.137020000000E+005    0.327651124489E-001
    0.137520000000E+005    0.329882047912E-001
    0.138020000000E+005    0.332119369734E-001
    0.138520000000E+005    0.334363078440E-001
    0.139020000000E+005    0.336613162528E-001
    0.139520000000E+005    0.338869610506E-001
    0.140020000000E+005    0.341132410894E-001
    0.140520000000E+005    0.343401552223E-001
    0.141020000000E+005    0.345677023036E-001
    0.141520000000E+005    0.347958811888E-001
    0.142020000000E+005    0.350246907343E-001
    0.142520000000E+005    0.352541297978E-001
    0.143020000000E+005    0.354841972382E-001
    0.143520000000E+005    0.357148919155E-001
    0.144020000000E+005    0.359462126906E-001
    0.144520000000E+005    0.361781584260E-001
    0.145020000000E+005    0.364107279849E-001
    0.145520000000E+005    0.366439202319E-001
    0.146020000000E+005    0.368777340327E-001
    0.146520000000E+005    0.371121682540E-001
    0.147020000000E+005    0.373472217639E-001
    0.147520000000E+005    0.375828934314E-001
    0.148020000000E+005    0.378191821268E-001
    0.148520000000E+005    0.380560867215E-001
    0.149020000000E+005    0.382936060879E-001
    0.149520000000E+005    0.385317390999E-001
    0.150020000000E+005    0.387704846321E-001
    0.150520000000E+005    0.390098415606E-001
    0.151020000000E+005    0.392498087625E-001
    0.151520000000E+005    0.394903851161E-001
    0.152020000000E+005    0.397315695007E-001
    0.152520000000E+005    0.399733607970E-001
    0.153020000000E+005    0.402157578866E-001
    0.153520000000E+005    0.404587596524E-001
    0.154020000000E+005    0.407023649783E-001
    0.154520000000E+005    0.409465727496E-001
    0.155020000000E+005    0.411913818525E-001
    0.155520000000E+005    0.414367911745E-001
    0.156020000000E+005    0.416827996042E-001
    0.156520000000E+005    0.419294060312E-001
    0.157020000000E+005    0.421766093467E-001
    0.157520000000E+005    0.424244084424E-001
    0.158020000000E+005    0.426728022117E-001
    0.158520000000E+005    0.429217895490E-001
    0.159020000000E+005    0.431713693496E-001
    0.159520000000E+005    0.434215405103E-001
    0.160020000000E+005    0.436723019288E-001
    0.160520000000E+005    0.439236525041E-001
    0.161020000000E+005    0.441755911363E-001
    0.161520000000E+005    0.444281167267E-001
    0.162020000000E+005    0.446812281776E-001
    0.162520000000E+005    0.449349243926E-001
    0.163020000000E+005    0.451892042764E-001
    0.163520000000E+005    0.454440667350E-001
    0.164020000000E+005    0.456995106752E-001
    0.164520000000E+005    0.459555350052E-001
    0.165020000000E+005    0.462121386345E-001
    0.165520000000E+005    0.464693204733E-001
    0.166020000000E+005    0.467270794334E-001
    0.166520000000E+005    0.469854144276E-001
    0.167020000000E+005    0.472443243697E-001
    0.167520000000E+005    0.475038081748E-001
    0.168020000000E+005    0.477638647592E-001
    0.168520000000E+005    0.480244930403E-001
    0.169020000000E+005    0.482856919365E-001
    0.169520000000E+005    0.485474603676E-001
    0.170020000000E+005    0.488097972545E-001
    0.170520000000E+005    0.490727015190E-001
    0.171020000000E+005    0.493361720844E-001
    0.171520000000E+005    0.496002078750E-001
    0.172020000000E+005    0.498648078162E-001
    0.172520000000E+005    0.501299708346E-001
    0.173020000000E+005    0.503956958580E-001
    0.173520000000E+005    0.506619818153E-001
    0.174020000000E+005    0.509288276366E-001
    0.174520000000E+005    0.511962322530E-001
    0.175020000000E+005    0.514641945970E-001
    0.175520000000E+005    0.517327136020E-001
    0.176020000000E+005    0.520017882028E-001
    0.176520000000E+005    0.522714173352E-001
    0.177020000000E+005    0.525415999361E-001
    0.177520000000E+005    0.528123349436E-001
    0.178020000000E+005    0.530836212972E-001
    0.178520000000E+005    0.533554579371E-001
    0.179020000000E+005    0.536278438050E-001
    0.179520000000E+005    0.539007778436E-001
    0.180020000000E+005    0.541742589968E-001
    0.180520000000E+005    0.544482862097E-001
    0.181020000000E+005    0.547228584284E-001
    0.181520000000E+005    0.549979746003E-001
    0.182020000000E+005    0.552736336738E-001
    0.182520000000E+005    0.555498345987E-001
    0.183020000000E+005    0.558265763257E-001
    0.183520000000E+005    0.561038578067E-001
    0.184020000000E+005    0.563816779949E-001
    0.184520000000E+005    0.566600358445E-001
    0.185020000000E+005    0.569389303109E-001
    0.185520000000E+005    0.572183603507E-001
    0.186020000000E+005    0.574983249214E-001
    0.186520000000E+005    0.577788229820E-001
    0.187020000000E+005    0.580598534925E-001
    0.187520000000E+005    0.583414154140E-001
    0.188020000000E+005    0.586235077088E-001
    0.188520000000E+005    0.589061293403E-001
    0.189020000000E+005    0.591892792732E-001
    0.189520000000E+005    0.594729564730E-001
    0.190020000000E+005    0.597571599068E-001
    0.190520000000E+005    0.600418885426E-001
    0.191020000000E+005    0.603271413494E-001
    0.191520000000E+005    0.606129172977E-001
    0.192020000000E+005    0.608992153590E-001
    0.192520000000E+005    0.611860345057E-001
    0.193020000000E+005    0.614733737117E-001
    0.193520000000E+005    0.617612319519E-001
    0.194020000000E+005    0.620496082023E-001
    0.194520000000E+005    0.623385014401E-001
    0.195020000000E+005    0.626279106437E-001
    0.195520000000E+005    0.629178347925E-001
    0.196020000000E+005    0.632082728671E-001
    0.196520000000E+005    0.634992238494E-001
    0.197020000000E+005    0.637906867222E-001
    0.197520000000E+005    0.640826604696E-001
    0.198020000000E+005    0.643751440768E-001
    0.198520000000E+005    0.646681365301E-001
    0.199020000000E+005    0.649616368170E-001
    0.199520000000E+005    0.652556439261E-001
    0.200020000000E+005    0.655501568472E-001
    0.200520000000E+005    0.658451745711E-001
    0.201020000000E+005    0.661406960900E-001
    0.201520000000E+005    0.664367203969E-001
    0.202020000000E+005    0.667332464863E-001
    0.202520000000E+005    0.670302733535E-001
    0.203020000000E+005    0.673277999952E-001
    0.203520000000E+005    0.676258254091E-001
    0.204020000000E+005    0.679243485941E-001
    0.204520000000E+005    0.682233685502E-001
    0.205020000000E+005    0.685228842784E-001
    0.205520000000E+005    0.688228947812E-001
    0.206020000000E+005    0.691233990619E-001
    0.206520000000E+005    0.694243961251E-001
    0.207020000000E+005    0.697258849765E-001
    0.207520000000E+005    0.700278646228E-001
    0.208020000000E+005    0.703303340721E-001
    0.208520000000E+005    0.706332923334E-001
    0.209020000000E+005    0.709367384169E-001
    0.209520000000E+005    0.712406713341E-001
    0.210020000000E+005    0.715450900974E-001
    0.210520000000E+005    0.718499937204E-001
    0.211020000000E+005    0.721553812178E-001
    0.211520000000E+005    0.724612516056E-001
    0.212020000000E+005    0.727676039007E-001
    0.212520000000E+005    0.730744371213E-001
    0.213020000000E+005    0.733817502867E-001
    0.213520000000E+005    0.736895424173E-001
    0.214020000000E+005    0.739978125345E-001
    0.214520000000E+005    0.743065596611E-001
    0.215020000000E+005    0.746157828208E-001
    0.215520000000E+005    0.749254810386E-001
    0.216020000000E+005    0.752356533404E-001
    0.216520000000E+005    0.755462987534E-001
    0.217020000000E+005    0.758574163059E-001
    0.217520000000E+005    0.761690050274E-001
    0.218020000000E+005    0.764810639483E-001
    0.218520000000E+005    0.767935921002E-001
    0.219020000000E+005    0.771065885161E-001
    0.219520000000E+005    0.774200522298E-001
    0.220020000000E+005    0.777339822762E-001
    0.220520000000E+005    0.780483776916E-001
    0.221020000000E+005    0.783632375132E-001
    0.221520000000E+005    0.786785607794E-001
    0.222020000000E+005    0.789943465297E-001
    0.222520000000E+005    0.793105938047E-001
    0.223020000000E+005    0.796273016462E-001
    0.223520000000E+005    0.799444690970E-001
    0.224020000000E+005    0.802620952011E-001
    0.224520000000E+005    0.805801790035E-001
    0.225020000000E+005    0.808987195506E-001
    0.225520000000E+005    0.812177158896E-001
    0.226020000000E+005    0.815371670689E-001
    0.226520000000E+005    0.818570721382E-001
    0.227020000000E+005    0.821774301480E-001
    0.227520000000E+005    0.824982401501E-001
    0.228020000000E+005    0.828195011975E-001
    0.228520000000E+005    0.831412123441E-001
    0.229020000000E+005    0.834633726451E-001
    0.229520000000E+005    0.837859811567E-001
    0.230020000000E+005    0.841090369362E-001
    0.230520000000E+005    0.844325390420E-001
    0.231020000000E+005    0.847564865337E-001
    0.231520000000E+005    0.850808784720E-001
    0.232020000000E+005    0.854057139187E-001
    0.232520000000E+005    0.857309919365E-001
    0.233020000000E+005    0.860567115895E-001
    0.233520000000E+005    0.863828719428E-001
    0.234020000000E+005    0.867094720625E-001
    0.234520000000E+005    0.870365110160E-001
    0.235020000000E+005    0.873639878717E-001
    0.235520000000E+005    0.876919016989E-001
    0.236020000000E+005    0.880202515685E-001
    0.236520000000E+005    0.883490365519E-001
    0.237020000000E+005    0.886782557222E-001
    0.237520000000E+005    0.890079081531E-001
    0.238020000000E+005    0.893379929196E-001
    0.238520000000E+005    0.896685090979E-001
    0.239020000000E+005    0.899994557652E-001
    0.239520000000E+005    0.903308319997E-001
    0.240020000000E+005    0.906626368809E-001
    0.240520000000E+005    0.909948694892E-001
    0.241020000000E+005    0.913275289062E-001
    0.241520000000E+005    0.916606142147E-001
    0.242020000000E+005    0.919941244983E-001
    0.242520000000E+005    0.923280588419E-001
    0.243020000000E+005    0.926624163316E-001
    0.243520000000E+005    0.929971960544E-001
    0.244020000000E+005    0.933323970983E-001
    0.244520000000E+005    0.936680185527E-001
    0.245020000000E+005    0.940040595078E-001
    0.245520000000E+005    0.943405190551E-001
    0.246020000000E+005    0.946773962871E-001
    0.246520000000E+005    0.950146902973E-001
    0.247020000000E+005    0.953524001804E-001
    0.247520000000E+005    0.956905250323E-001
    0.248020000000E+005    0.960290639497E-001
    0.248520000000E+005    0.963680160305E-001
    0.249020000000E+005    0.967073803738E-001
    0.249520000000E+005    0.970471560798E-001
    0.250020000000E+005    0.973873422495E-001
    0.250520000000E+005    0.977279379852E-001
    0.251020000000E+005    0.980689423902E-001
    0.251520000000E+005    0.984103545691E-001
    0.252020000000E+005    0.987521736273E-001
    0.252520000000E+005    0.990943986714E-001
    0.253020000000E+005    0.994370288090E-001
    0.253520000000E+005    0.997800631489E-001
    0.254020000000E+005    0.100123500801E+000
    0.254520000000E+005    0.100467340876E+000
    0.255020000000E+005    0.100811582486E+000
    0.255520000000E+005    0.101156224744E+000
    0.256020000000E+005    0.101501266764E+000
    0.256520000000E+005    0.101846707661E+000
    0.257020000000E+005    0.102192546552E+000
    0.257520000000E+005    0.102538782554E+000
    0.258020000000E+005    0.102885414785E+000
    0.258520000000E+005    0.103232442365E+000
    0.259020000000E+005    0.103579864414E+000
    0.259520000000E+005    0.103927680054E+000
    0.260020000000E+005    0.104275888408E+000
    0.260520000000E+005    0.104624488599E+000
    0.261020000000E+005    0.104973479752E+000
    0.261520000000E+005    0.105322860993E+000
    0.262020000000E+005    0.105672631449E+000
    0.262520000000E+005    0.106022790248E+000
    0.263020000000E+005    0.106373336519E+000
    0.263520000000E+005    0.106724269392E+000
    0.264020000000E+005    0.107075587999E+000
    0.264520000000E+005    0.107427291471E+000
    0.265020000000E+005    0.107779378942E+000
    0.265520000000E+005    0.108131849547E+000
    0.266020000000E+005    0.108484702420E+000
    0.266520000000E+005    0.108837936698E+000
    0.267020000000E+005    0.109191551519E+000
    0.267520000000E+005    0.109545546022E+000
    0.268020000000E+005    0.109899919345E+000
    0.268520000000E+005    0.110254670630E+000
    0.269020000000E+005    0.110609799019E+000
    0.269520000000E+005    0.110965303654E+000
    0.270020000000E+005    0.111321183678E+000
    0.270520000000E+005    0.111677438238E+000
    0.271020000000E+005    0.112034066480E+000
    0.271520000000E+005    0.112391067549E+000
    0.272020000000E+005    0.112748440594E+000
    0.272520000000E+005    0.113106184764E+000
    0.273020000000E+005    0.113464299210E+000
    0.273520000000E+005    0.113822783082E+000
    0.274020000000E+005    0.114181635534E+000
    0.274520000000E+005    0.114540855717E+000
    0.275020000000E+005    0.114900442787E+000
    0.275520000000E+005    0.115260395899E+000
    0.276020000000E+005    0.115620714209E+000
    0.276520000000E+005    0.115981396875E+000
    0.277020000000E+005    0.116342443055E+000
    0.277520000000E+005    0.116703851909E+000
    0.278020000000E+005    0.117065622597E+000
    0.278520000000E+005    0.117427754281E+000
    0.279020000000E+005    0.117790246125E+000
    0.279520000000E+005    0.118153097290E+000
    0.280020000000E+005    0.118516306943E+000
    0.280520000000E+005    0.118879874249E+000
    0.281020000000E+005    0.119243798374E+000
    0.281520000000E+005    0.119608078487E+000
    0.282020000000E+005    0.119972713756E+000
    0.282520000000E+005    0.120337703352E+000
    0.283020000000E+005    0.120703046445E+000
    0.283520000000E+005    0.121068742207E+000
    0.284020000000E+005    0.121434789812E+000
    0.284520000000E+005    0.121801188433E+000
    0.285020000000E+005    0.122167937245E+000
    0.285520000000E+005    0.122535035425E+000
    0.286020000000E+005    0.122902482149E+000
    0.286520000000E+005    0.123270276596E+000
    0.287020000000E+005    0.123638417944E+000
    0.287520000000E+005    0.124006905375E+000
    0.288020000000E+005    0.124375738068E+000
    0.288520000000E+005    0.124744915207E+000
    0.289020000000E+005    0.125114435975E+000
    0.289520000000E+005    0.125484299555E+000
    0.290020000000E+005    0.125854505134E+000
    0.290520000000E+005    0.126225051897E+000
    0.291020000000E+005    0.126595939032E+000
    0.291520000000E+005    0.126967165728E+000
    0.292020000000E+005    0.127338731172E+000
    0.292520000000E+005    0.127710634557E+000
    0.293020000000E+005    0.128082875072E+000
    0.293520000000E+005    0.128455451912E+000
    0.294020000000E+005    0.128828364268E+000
    0.294520000000E+005    0.129201611336E+000
    0.295020000000E+005    0.129575192310E+000
    0.295520000000E+005    0.129949106388E+000
    0.296020000000E+005    0.130323352767E+000
    0.296520000000E+005    0.130697930645E+000
    0.297020000000E+005    0.131072839221E+000
    0.297520000000E+005    0.131448077697E+000
    0.298020000000E+005    0.131823645273E+000
    0.298520000000E+005    0.132199541152E+000
    0.299020000000E+005    0.132575764538E+000
    0.299520000000E+005    0.132952314635E+000
    0.300020000000E+005    0.133329190649E+000
    0.300520000000E+005    0.133706391785E+000
    0.301020000000E+005    0.134083917253E+000
    0.301520000000E+005    0.134461766259E+000
    0.302020000000E+005    0.134839938014E+000
    0.302520000000E+005    0.135218431727E+000
    0.303020000000E+005    0.135597246611E+000
    0.303520000000E+005    0.135976381879E+000
    0.304020000000E+005    0.136355836742E+000
    0.304520000000E+005    0.136735610417E+000
    0.305020000000E+005    0.137115702118E+000
    0.305520000000E+005    0.137496111062E+000
    0.306020000000E+005    0.137876836466E+000
    0.306520000000E+005    0.138257877549E+000
    0.307020000000E+005    0.138639233530E+000
    0.307520000000E+005    0.139020903630E+000
    0.308020000000E+005    0.139402887069E+000
    0.308520000000E+005    0.139785183072E+000
    0.309020000000E+005    0.140167790860E+000
    0.309520000000E+005    0.140550709658E+000
    0.310020000000E+005    0.140933938692E+000
    0.310520000000E+005    0.141317477187E+000
    0.311020000000E+005    0.141701324372E+000
    0.311520000000E+005    0.142085479474E+000
    0.312020000000E+005    0.142469941723E+000
    0.312520000000E+005    0.142854710350E+000
    0.313020000000E+005    0.143239784584E+000
    0.313520000000E+005    0.143625163659E+000
    0.314020000000E+005    0.144010846808E+000
    0.314520000000E+005    0.144396833265E+000
    0.315020000000E+005    0.144783122265E+000
    0.315520000000E+005    0.145169713044E+000
    0.316020000000E+005    0.145556604840E+000
    0.316520000000E+005    0.145943796890E+000
    0.317020000000E+005    0.146331288434E+000
    0.317520000000E+005    0.146719078711E+000
    0.318020000000E+005    0.147107166963E+000
    0.318520000000E+005    0.147495552431E+000
    0.319020000000E+005    0.147884234359E+000
    0.319520000000E+005    0.148273211990E+000
    0.320020000000E+005    0.148662484570E+000
    0.320520000000E+005    0.149052051343E+000
    0.321020000000E+005    0.149441911558E+000
    0.321520000000E+005    0.149832064461E+000
    0.322020000000E+005    0.150222509302E+000
    0.322520000000E+005    0.150613245330E+000
    0.323020000000E+005    0.151004271796E+000
    0.323520000000E+005    0.151395587951E+000
    0.324020000000E+005    0.151787193049E+000
    0.324520000000E+005    0.152179086342E+000
    0.325020000000E+005    0.152571267085E+000
    0.325520000000E+005    0.152963734534E+000
    0.326020000000E+005    0.153356487945E+000
    0.326520000000E+005    0.153749526575E+000
    0.327020000000E+005    0.154142849683E+000
    0.327520000000E+005    0.154536456528E+000
    0.328020000000E+005    0.154930346371E+000
    0.328520000000E+005    0.155324518472E+000
    0.329020000000E+005    0.155718972094E+000
    0.329520000000E+005    0.156113706499E+000
    0.330020000000E+005    0.156508720953E+000
    0.330520000000E+005    0.156904014719E+000
    0.331020000000E+005    0.157299587064E+000
    0.331520000000E+005    0.157695437255E+000
    0.332020000000E+005    0.158091564560E+000
    0.332520000000E+005    0.158487968247E+000
    0.333020000000E+005    0.158884647586E+000
    0.333520000000E+005    0.159281601848E+000
    0.334020000000E+005    0.159678830304E+000
    0.334520000000E+005    0.160076332227E+000
    0.335020000000E+005    0.160474106891E+000
    0.335520000000E+005    0.160872153570E+000
    0.336020000000E+005    0.161270471539E+000
    0.336520000000E+005    0.161669060075E+000
    0.337020000000E+005    0.162067918455E+000
    0.337520000000E+005    0.162467045958E+000
    0.338020000000E+005    0.162866441861E+000
    0.338520000000E+005    0.163266105446E+000
    0.339020000000E+005    0.163666035994E+000
    0.339520000000E+005    0.164066232786E+000
    0.340020000000E+005    0.164466695105E+000
    0.340520000000E+005    0.164867422236E+000
    0.341020000000E+005    0.165268413462E+000
    0.341520000000E+005    0.165669668070E+000
    0.342020000000E+005    0.166071185347E+000
    0.342520000000E+005    0.166472964578E+000
    0.343020000000E+005    0.166875005055E+000
    0.343520000000E+005    0.167277306064E+000
    0.344020000000E+005    0.167679866898E+000
    0.344520000000E+005    0.168082686847E+000
    0.345020000000E+005    0.168485765203E+000
    0.345520000000E+005    0.168889101260E+000
    0.346020000000E+005    0.169292694311E+000
    0.346520000000E+005    0.169696543651E+000
    0.347020000000E+005    0.170100648577E+000
    0.347520000000E+005    0.170505008384E+000
    0.348020000000E+005    0.170909622372E+000
    0.348520000000E+005    0.171314489838E+000
    0.349020000000E+005    0.171719610081E+000
    0.349520000000E+005    0.172124982403E+000
    0.350020000000E+005    0.172530606105E+000
    0.350520000000E+005    0.172936480489E+000
    0.351020000000E+005    0.173342604857E+000
    0.351520000000E+005    0.173748978516E+000
    0.352020000000E+005    0.174155600768E+000
    0.352520000000E+005    0.174562470921E+000
    0.353020000000E+005    0.174969588281E+000
    0.353520000000E+005    0.175376952155E+000
    0.354020000000E+005    0.175784561853E+000
    0.354520000000E+005    0.176192416685E+000
    0.355020000000E+005    0.176600515959E+000
    0.355520000000E+005    0.177008858989E+000
    0.356020000000E+005    0.177417445086E+000
    0.356520000000E+005    0.177826273563E+000
    0.357020000000E+005    0.178235343735E+000
    0.357520000000E+005    0.178644654917E+000
    0.358020000000E+005    0.179054206423E+000
    0.358520000000E+005    0.179463997572E+000
    0.359020000000E+005    0.179874027681E+000
    0.359520000000E+005    0.180284296069E+000
    0.360020000000E+005    0.180694802054E+000
    0.360520000000E+005    0.181105544958E+000
    0.361020000000E+005    0.181516524102E+000
    0.361520000000E+005    0.181927738807E+000
    0.362020000000E+005    0.182339188398E+000
    0.362520000000E+005    0.182750872197E+000
    0.363020000000E+005    0.183162789530E+000
    0.363520000000E+005    0.183574939723E+000
    0.364020000000E+005    0.183987322102E+000
    0.364520000000E+005    0.184399935995E+000
    0.365020000000E+005    0.184812780730E+000
    0.365520000000E+005    0.185225855637E+000
    0.366020000000E+005    0.185639160045E+000
    0.366520000000E+005    0.186052693286E+000
    0.367020000000E+005    0.186466454692E+000
    0.367520000000E+005    0.186880443596E+000
    0.368020000000E+005    0.187294659331E+000
    0.368520000000E+005    0.187709101233E+000
    0.369020000000E+005    0.188123768636E+000
    0.369520000000E+005    0.188538660877E+000
    0.370020000000E+005    0.188953777293E+000
    0.370520000000E+005    0.189369117223E+000
    0.371020000000E+005    0.189784680005E+000
    0.371520000000E+005    0.190200464980E+000
    0.372020000000E+005    0.190616471488E+000
    0.372520000000E+005    0.191032698871E+000
    0.373020000000E+005    0.191449146471E+000
    0.373520000000E+005    0.191865813632E+000
    0.374020000000E+005    0.192282699699E+000
    0.374520000000E+005    0.192699804016E+000
    0.375020000000E+005    0.193117125929E+000
    0.375520000000E+005    0.193534664785E+000
    0.376020000000E+005    0.193952419933E+000
    0.376520000000E+005    0.194370390721E+000
    0.377020000000E+005    0.194788576497E+000
    0.377520000000E+005    0.195206976614E+000
    0.378020000000E+005    0.195625590421E+000
    0.378520000000E+005    0.196044417272E+000
    0.379020000000E+005    0.196463456518E+000
    0.379520000000E+005    0.196882707515E+000
    0.380020000000E+005    0.197302169616E+000
    0.380520000000E+005    0.197721842177E+000
    0.381020000000E+005    0.198141724555E+000
    0.381520000000E+005    0.198561816108E+000
    0.382020000000E+005    0.198982116192E+000
    0.382520000000E+005    0.199402624167E+000
    0.383020000000E+005    0.199823339394E+000
    0.383520000000E+005    0.200244261232E+000
    0.384020000000E+005    0.200665389044E+000
    0.384520000000E+005    0.201086722192E+000
    0.385020000000E+005    0.201508260039E+000
    0.385520000000E+005    0.201930001949E+000
    0.386020000000E+005    0.202351947288E+000
    0.386520000000E+005    0.202774095421E+000
    0.387020000000E+005    0.203196445715E+000
    0.387520000000E+005    0.203618997538E+000
    0.388020000000E+005    0.204041750257E+000
    0.388520000000E+005    0.204464703243E+000
    0.389020000000E+005    0.204887855865E+000
    0.389520000000E+005    0.205311207495E+000
    0.390020000000E+005    0.205734757504E+000
    0.390520000000E+005    0.206158505264E+000
    0.391020000000E+005    0.206582450150E+000
    0.391520000000E+005    0.207006591536E+000
    0.392020000000E+005    0.207430928797E+000
    0.392520000000E+005    0.207855461308E+000
    0.393020000000E+005    0.208280188447E+000
    0.393520000000E+005    0.208705109592E+000
    0.394020000000E+005    0.209130224121E+000
    0.394520000000E+005    0.209555531414E+000
    0.395020000000E+005    0.209981030850E+000
    0.395520000000E+005    0.210406721811E+000
    0.396020000000E+005    0.210832603679E+000
    0.396520000000E+005    0.211258675836E+000
    0.397020000000E+005    0.211684937667E+000
    0.397520000000E+005    0.212111388554E+000
    0.398020000000E+005    0.212538027885E+000
    0.398520000000E+005    0.212964855044E+000
    0.399020000000E+005    0.213391869419E+000
    0.399520000000E+005    0.213819070398E+000
    0.400020000000E+005    0.214246457369E+000
    0.400520000000E+005    0.214674029721E+000
    0.401020000000E+005    0.215101786844E+000
    0.401520000000E+005    0.215529728131E+000
    0.402020000000E+005    0.215957852972E+000
    0.402520000000E+005    0.216386160760E+000
    0.403020000000E+005    0.216814650889E+000
    0.403520000000E+005    0.217243322754E+000
    0.404020000000E+005    0.217672175748E+000
    0.404520000000E+005    0.218101209270E+000
    0.405020000000E+005    0.218530422714E+000
    0.405520000000E+005    0.218959815479E+000
    0.406020000000E+005    0.219389386964E+000
    0.406520000000E+005    0.219819136567E+000
    0.407020000000E+005    0.220249063689E+000
    0.407520000000E+005    0.220679167731E+000
    0.408020000000E+005    0.221109448093E+000
    0.408520000000E+005    0.221539904180E+000
    0.409020000000E+005    0.221970535394E+000
    0.409520000000E+005    0.222401341140E+000
    0.410020000000E+005    0.222832320822E+000
    0.410520000000E+005    0.223263473846E+000
    0.411020000000E+005    0.223694799619E+000
    0.411520000000E+005    0.224126297549E+000
    0.412020000000E+005    0.224557967042E+000
    0.412520000000E+005    0.224989807510E+000
    0.413020000000E+005    0.225421818361E+000
    0.413520000000E+005    0.225853999006E+000
    0.414020000000E+005    0.226286348856E+000
    0.414520000000E+005    0.226718867324E+000
    0.415020000000E+005    0.227151553824E+000
    0.415520000000E+005    0.227584407767E+000
    0.416020000000E+005    0.228017428571E+000
    0.416520000000E+005    0.228450615649E+000
    0.417020000000E+005    0.228883968419E+000
    0.417520000000E+005    0.229317486296E+000
    0.418020000000E+005    0.229751168700E+000
    0.418520000000E+005    0.230185015049E+000
    0.419020000000E+005    0.230619024762E+000
    0.419520000000E+005    0.231053197260E+000
    0.420020000000E+005    0.231487531963E+000
    0.420520000000E+005    0.231922028294E+000
    0.421020000000E+005    0.232356685675E+000
    0.421520000000E+005    0.232791503530E+000
    0.422020000000E+005    0.233226481283E+000
    0.422520000000E+005    0.233661618359E+000
    0.423020000000E+005    0.234096914184E+000
    0.423520000000E+005    0.234532368184E+000
    0.424020000000E+005    0.234967979787E+000
    0.424520000000E+005    0.235403748420E+000
    0.425020000000E+005    0.235839673514E+000
    0.425520000000E+005    0.236275754498E+000
    0.426020000000E+005    0.236711990803E+000
    0.426520000000E+005    0.237148381858E+000
    0.427020000000E+005    0.237584927098E+000
    0.427520000000E+005    0.238021625955E+000
    0.428020000000E+005    0.238458477862E+000
    0.428520000000E+005    0.238895482254E+000
    0.429020000000E+005    0.239332638567E+000
    0.429520000000E+005    0.239769946235E+000
    0.430020000000E+005    0.240207404697E+000
    0.430520000000E+005    0.240645013390E+000
    0.431020000000E+005    0.241082771751E+000
    0.431520000000E+005    0.241520679221E+000
    0.432020000000E+005    0.241958735240E+000
    0.432520000000E+005    0.242396939247E+000
    0.433020000000E+005    0.242835290684E+000
    0.433520000000E+005    0.243273788995E+000
    0.434020000000E+005    0.243712433621E+000
    0.434520000000E+005    0.244151224006E+000
    0.435020000000E+005    0.244590159596E+000
    0.435520000000E+005    0.245029239835E+000
    0.436020000000E+005    0.245468464170E+000
    0.436520000000E+005    0.245907832047E+000
    0.437020000000E+005    0.246347342914E+000
    0.437520000000E+005    0.246786996220E+000
    0.438020000000E+005    0.247226791414E+000
    0.438520000000E+005    0.247666727945E+000
    0.439020000000E+005    0.248106805265E+000
    0.439520000000E+005    0.248547022825E+000
    0.440020000000E+005    0.248987380077E+000
    0.440520000000E+005    0.249427876474E+000
    0.441020000000E+005    0.249868511471E+000
    0.441520000000E+005    0.250309284520E+000
    0.442020000000E+005    0.250750195079E+000
    0.442520000000E+005    0.251191242603E+000
    0.443020000000E+005    0.251632426548E+000
    0.443520000000E+005    0.252073746372E+000
    0.444020000000E+005    0.252515201535E+000
    0.444520000000E+005    0.252956791494E+000
    0.445020000000E+005    0.253398515709E+000
    0.445520000000E+005    0.253840373642E+000
    0.446020000000E+005    0.254282364753E+000
    0.446520000000E+005    0.254724488505E+000
    0.447020000000E+005    0.255166744360E+000
    0.447520000000E+005    0.255609131783E+000
    0.448020000000E+005    0.256051650237E+000
    0.448520000000E+005    0.256494299187E+000
    0.449020000000E+005    0.256937078100E+000
    0.449520000000E+005    0.257379986442E+000
    0.450020000000E+005    0.257823023680E+000
    0.450520000000E+005    0.258266189283E+000
    0.451020000000E+005    0.258709482720E+000
    0.451520000000E+005    0.259152903459E+000
    0.452020000000E+005    0.259596450972E+000
    0.452520000000E+005    0.260040124729E+000
    0.453020000000E+005    0.260483924202E+000
    0.453520000000E+005    0.260927848864E+000
    0.454020000000E+005    0.261371898188E+000
    0.454520000000E+005    0.261816071649E+000
    0.455020000000E+005    0.262260368720E+000
    0.455520000000E+005    0.262704788878E+000
    0.456020000000E+005    0.263149331598E+000
    0.456520000000E+005    0.263593996359E+000
    0.457020000000E+005    0.264038782636E+000
    0.457520000000E+005    0.264483689910E+000
    0.458020000000E+005    0.264928717659E+000
    0.458520000000E+005    0.265373865363E+000
    0.459020000000E+005    0.265819132503E+000
    0.459520000000E+005    0.266264518560E+000
    0.460020000000E+005    0.266710023017E+000
    0.460520000000E+005    0.267155645356E+000
    0.461020000000E+005    0.267601385060E+000
    0.461520000000E+005    0.268047241615E+000
    0.462020000000E+005    0.268493214505E+000
    0.462520000000E+005    0.268939303216E+000
    0.463020000000E+005    0.269385507235E+000
    0.463520000000E+005    0.269831826048E+000
    0.464020000000E+005    0.270278259145E+000
    0.464520000000E+005    0.270724806013E+000
    0.465020000000E+005    0.271171466141E+000
    0.465520000000E+005    0.271618239021E+000
    0.466020000000E+005    0.272065124143E+000
    0.466520000000E+005    0.272512120998E+000
    0.467020000000E+005    0.272959229079E+000
    0.467520000000E+005    0.273406447879E+000
    0.468020000000E+005    0.273853776891E+000
    0.468520000000E+005    0.274301215611E+000
    0.469020000000E+005    0.274748763532E+000
    0.469520000000E+005    0.275196420152E+000
    0.470020000000E+005    0.275644184967E+000
    0.470520000000E+005    0.276092057473E+000
    0.471020000000E+005    0.276540037170E+000
    0.471520000000E+005    0.276988123556E+000
    0.472020000000E+005    0.277436316130E+000
    0.472520000000E+005    0.277884614393E+000
    0.473020000000E+005    0.278333017845E+000
    0.473520000000E+005    0.278781525988E+000
    0.474020000000E+005    0.279230138325E+000
    0.474520000000E+005    0.279678854358E+000
    0.475020000000E+005    0.280127673591E+000
    0.475520000000E+005    0.280576595529E+000
    0.476020000000E+005    0.281025619676E+000
    0.476520000000E+005    0.281474745539E+000
    0.477020000000E+005    0.281923972625E+000
    0.477520000000E+005    0.282373300439E+000
    0.478020000000E+005    0.282822728492E+000
    0.478520000000E+005    0.283272256290E+000
    0.479020000000E+005    0.283721883344E+000
    0.479520000000E+005    0.284171609163E+000
    0.480020000000E+005    0.284621433259E+000
    0.480520000000E+005    0.285071355142E+000
    0.481020000000E+005    0.285521374326E+000
    0.481520000000E+005    0.285971490322E+000
    0.482020000000E+005    0.286421702645E+000
    0.482520000000E+005    0.286872010808E+000
    0.483020000000E+005    0.287322414328E+000
    0.483520000000E+005    0.287772912718E+000
    0.484020000000E+005    0.288223505496E+000
    0.484520000000E+005    0.288674192180E+000
    0.485020000000E+005    0.289124972285E+000
    0.485520000000E+005    0.289575845332E+000
    0.486020000000E+005    0.290026810838E+000
    0.486520000000E+005    0.290477868325E+000
    0.487020000000E+005    0.290929017312E+000
    0.487520000000E+005    0.291380257321E+000
    0.488020000000E+005    0.291831587873E+000
    0.488520000000E+005    0.292283008491E+000
    0.489020000000E+005    0.292734518699E+000
    0.489520000000E+005    0.293186118020E+000
    0.490020000000E+005    0.293637805979E+000
    0.490520000000E+005    0.294089582102E+000
    0.491020000000E+005    0.294541445913E+000
    0.491520000000E+005    0.294993396941E+000
    0.492020000000E+005    0.295445434712E+000
    0.492520000000E+005    0.295897558754E+000
    0.493020000000E+005    0.296349768597E+000
    0.493520000000E+005    0.296802063769E+000
    0.494020000000E+005    0.297254443801E+000
    0.494520000000E+005    0.297706908224E+000
    0.495020000000E+005    0.298159456568E+000
    0.495520000000E+005    0.298612088366E+000
    0.496020000000E+005    0.299064803152E+000
    0.496520000000E+005    0.299517600457E+000
    0.497020000000E+005    0.299970479817E+000
    0.497520000000E+005    0.300423440767E+000
    0.498020000000E+005    0.300876482841E+000
    0.498520000000E+005    0.301329605577E+000
    0.499020000000E+005    0.301782808510E+000
    0.499520000000E+005    0.302236091179E+000
    0.500020000000E+005    0.302689453121E+000
    0.500520000000E+005    0.303142893876E+000
    0.501020000000E+005    0.303596412983E+000
    0.501520000000E+005    0.304050009982E+000
    0.502020000000E+005    0.304503684414E+000
    0.502520000000E+005    0.304957435821E+000
    0.503020000000E+005    0.305411263745E+000
    0.503520000000E+005    0.305865167729E+000
    0.504020000000E+005    0.306319147316E+000
    0.504520000000E+005    0.306773202050E+000
    0.505020000000E+005    0.307227331477E+000
    0.505520000000E+005    0.307681535141E+000
    0.506020000000E+005    0.308135812590E+000
    0.506520000000E+005    0.308590163370E+000
    0.507020000000E+005    0.309044587028E+000
    0.507520000000E+005    0.309499083112E+000
    0.508020000000E+005    0.309953651172E+000
    0.508520000000E+005    0.310408290757E+000
    0.509020000000E+005    0.310863001417E+000
    0.509520000000E+005    0.311317782703E+000
    0.510020000000E+005    0.311772634167E+000
    0.510520000000E+005    0.312227555360E+000
    0.511020000000E+005    0.312682545835E+000
    0.511520000000E+005    0.313137605146E+000
    0.512020000000E+005    0.313592732846E+000
    0.512520000000E+005    0.314047928491E+000
    0.513020000000E+005    0.314503191636E+000
    0.513520000000E+005    0.314958521837E+000
    0.514020000000E+005    0.315413918650E+000
    0.514520000000E+005    0.315869381634E+000
    0.515020000000E+005    0.316324910345E+000
    0.515520000000E+005    0.316780504343E+000
    0.516020000000E+005    0.317236163186E+000
    0.516520000000E+005    0.317691886435E+000
    0.517020000000E+005    0.318147673651E+000
    0.517520000000E+005    0.318603524394E+000
    0.518020000000E+005    0.319059438227E+000
    0.518520000000E+005    0.319515414711E+000
    0.519020000000E+005    0.319971453411E+000
    0.519520000000E+005    0.320427553890E+000
    0.520020000000E+005    0.320883715711E+000
    0.520520000000E+005    0.321339938441E+000
    0.521020000000E+005    0.321796221646E+000
    0.521520000000E+005    0.322252564890E+000
    0.522020000000E+005    0.322708967742E+000
    0.522520000000E+005    0.323165429770E+000
    0.523020000000E+005    0.323621950540E+000
    0.523520000000E+005    0.324078529623E+000
    0.524020000000E+005    0.324535166587E+000
    0.524520000000E+005    0.324991861004E+000
    0.525020000000E+005    0.325448612443E+000
    0.525520000000E+005    0.325905420477E+000
    0.526020000000E+005    0.326362284677E+000
    0.526520000000E+005    0.326819204616E+000
    0.527020000000E+005    0.327276179867E+000
    0.527520000000E+005    0.327733210005E+000
    0.528020000000E+005    0.328190294603E+000
    0.528520000000E+005    0.328647433238E+000
    0.529020000000E+005    0.329104625485E+000
    0.529520000000E+005    0.329561870920E+000
    0.530020000000E+005    0.330019169121E+000
    0.530520000000E+005    0.330476519666E+000
    0.531020000000E+005    0.330933922132E+000
    0.531520000000E+005    0.331391376100E+000
    0.532020000000E+005    0.331848881147E+000
    0.532520000000E+005    0.332306436855E+000
    0.533020000000E+005    0.332764042805E+000
    0.533520000000E+005    0.333221698578E+000
    0.534020000000E+005    0.333679403756E+000
    0.534520000000E+005    0.334137157922E+000
    0.535020000000E+005    0.334594960660E+000
    0.535520000000E+005    0.335052811552E+000
    0.536020000000E+005    0.335510710184E+000
    0.536520000000E+005    0.335968656142E+000
    0.537020000000E+005    0.336426649010E+000
    0.537520000000E+005    0.336884688376E+000
    0.538020000000E+005    0.337342773826E+000
    0.538520000000E+005    0.337800904948E+000
    0.539020000000E+005    0.338259081331E+000
    0.539520000000E+005    0.338717302563E+000
    0.540020000000E+005    0.339175568234E+000
    0.540520000000E+005    0.339633877934E+000
    0.541020000000E+005    0.340092231253E+000
    0.541520000000E+005    0.340550627784E+000
    0.542020000000E+005    0.341009067118E+000
    0.542520000000E+005    0.341467548848E+000
    0.543020000000E+005    0.341926072566E+000
    0.543520000000E+005    0.342384637867E+000
    0.544020000000E+005    0.342843244345E+000
    0.544520000000E+005    0.343301891596E+000
    0.545020000000E+005    0.343760579214E+000
    0.545520000000E+005    0.344219306796E+000
    0.546020000000E+005    0.344678073939E+000
    0.546520000000E+005    0.345136880240E+000
    0.547020000000E+005    0.345595725297E+000
    0.547520000000E+005    0.346054608710E+000
    0.548020000000E+005    0.346513530077E+000
    0.548520000000E+005    0.346972488997E+000
    0.549020000000E+005    0.347431485073E+000
    0.549520000000E+005    0.347890517904E+000
    0.550020000000E+005    0.348349587092E+000
    0.550520000000E+005    0.348808692239E+000
    0.551020000000E+005    0.349267832949E+000
    0.551520000000E+005    0.349727008825E+000
    0.552020000000E+005    0.350186219471E+000
    0.552520000000E+005    0.350645464491E+000
    0.553020000000E+005    0.351104743491E+000
    0.553520000000E+005    0.351564056077E+000
    0.554020000000E+005    0.352023401855E+000
    0.554520000000E+005    0.352482780432E+000
    0.555020000000E+005    0.352942191415E+000
    0.555520000000E+005    0.353401634413E+000
    0.556020000000E+005    0.353861109036E+000
    0.556520000000E+005    0.354320614891E+000
    0.557020000000E+005    0.354780151589E+000
    0.557520000000E+005    0.355239718741E+000
    0.558020000000E+005    0.355699315958E+000
    0.558520000000E+005    0.356158942852E+000
    0.559020000000E+005    0.356618599034E+000
    0.559520000000E+005    0.357078284118E+000
    0.560020000000E+005    0.357537997718E+000
    0.560520000000E+005    0.357997739447E+000
    0.561020000000E+005    0.358457508921E+000
    0.561520000000E+005    0.358917305754E+000
    0.562020000000E+005    0.359377129562E+000
    0.562520000000E+005    0.359836979962E+000
    0.563020000000E+005    0.360296856570E+000
    0.563520000000E+005    0.360756759006E+000
    0.564020000000E+005    0.361216686885E+000
    0.564520000000E+005    0.361676639828E+000
    0.565020000000E+005    0.362136617454E+000
    0.565520000000E+005    0.362596619383E+000
    0.566020000000E+005    0.363056645234E+000
    0.566520000000E+005    0.363516694630E+000
    0.567020000000E+005    0.363976767191E+000
    0.567520000000E+005    0.364436862541E+000
    0.568020000000E+005    0.364896980302E+000
    0.568520000000E+005    0.365357120096E+000
    0.569020000000E+005    0.365817281550E+000
    0.569520000000E+005    0.366277464286E+000
    0.570020000000E+005    0.366737667929E+000
    0.570520000000E+005    0.367197892107E+000
    0.571020000000E+005    0.367658136444E+000
    0.571520000000E+005    0.368118400568E+000
    0.572020000000E+005    0.368578684106E+000
    0.572520000000E+005    0.369038986686E+000
    0.573020000000E+005    0.369499307937E+000
    0.573520000000E+005    0.369959647487E+000
    0.574020000000E+005    0.370420004967E+000
    0.574520000000E+005    0.370880380006E+000
    0.575020000000E+005    0.371340772236E+000
    0.575520000000E+005    0.371801181287E+000
    0.576020000000E+005    0.372261606793E+000
    0.576520000000E+005    0.372722048384E+000
    0.577020000000E+005    0.373182505695E+000
    0.577520000000E+005    0.373642978358E+000
    0.578020000000E+005    0.374103466009E+000
    0.578520000000E+005    0.374563968282E+000
    0.579020000000E+005    0.375024484811E+000
    0.579520000000E+005    0.375485015234E+000
    0.580020000000E+005    0.375945559187E+000
    0.580520000000E+005    0.376406116305E+000
    0.581020000000E+005    0.376866686228E+000
    0.581520000000E+005    0.377327268593E+000
    0.582020000000E+005    0.377787863039E+000
    0.582520000000E+005    0.378248469205E+000
    0.583020000000E+005    0.378709086731E+000
    0.583520000000E+005    0.379169715258E+000
    0.584020000000E+005    0.379630354425E+000
    0.584520000000E+005    0.380091003875E+000
    0.585020000000E+005    0.380551663249E+000
    0.585520000000E+005    0.381012332191E+000
    0.586020000000E+005    0.381473010343E+000
    0.586520000000E+005    0.381933697349E+000
    0.587020000000E+005    0.382394392853E+000
    0.587520000000E+005    0.382855096499E+000
    0.588020000000E+005    0.383315807935E+000
    0.588520000000E+005    0.383776526804E+000
    0.589020000000E+005    0.384237252754E+000
    0.589520000000E+005    0.384697985431E+000
    0.590020000000E+005    0.385158724483E+000
    0.590520000000E+005    0.385619469559E+000
    0.591020000000E+005    0.386080220306E+000
    0.591520000000E+005    0.386540976373E+000
    0.592020000000E+005    0.387001737412E+000
    0.592520000000E+005    0.387462503071E+000
    0.593020000000E+005    0.387923273002E+000
    0.593520000000E+005    0.388384046855E+000
    0.594020000000E+005    0.388844824284E+000
    0.594520000000E+005    0.389305604939E+000
    0.595020000000E+005    0.389766388475E+000
    0.595520000000E+005    0.390227174544E+000
    0.596020000000E+005    0.390687962801E+000
    0.596520000000E+005    0.391148752900E+000
    0.597020000000E+005    0.391609544496E+000
    0.597520000000E+005    0.392070337246E+000
    0.598020000000E+005    0.392531130804E+000
    0.598520000000E+005    0.392991924829E+000
    0.599020000000E+005    0.393452718977E+000
    0.599520000000E+005    0.393913512905E+000
    0.600020000000E+005    0.394374306274E+000
    0.600520000000E+005    0.394835098740E+000
    0.601020000000E+005    0.395295889964E+000
    0.601520000000E+005    0.395756679605E+000
    0.602020000000E+005    0.396217467324E+000
    0.602520000000E+005    0.396678252782E+000
    0.603020000000E+005    0.397139035641E+000
    0.603520000000E+005    0.397599815563E+000
    0.604020000000E+005    0.398060592209E+000
    0.604520000000E+005    0.398521365244E+000
    0.605020000000E+005    0.398982134331E+000
    0.605520000000E+005    0.399442899134E+000
    0.606020000000E+005    0.399903659317E+000
    0.606520000000E+005    0.400364414547E+000
    0.607020000000E+005    0.400825164489E+000
    0.607520000000E+005    0.401285908809E+000
    0.608020000000E+005    0.401746647173E+000
    0.608520000000E+005    0.402207379250E+000
    0.609020000000E+005    0.402668104708E+000
    0.609520000000E+005    0.403128823213E+000
    0.610020000000E+005    0.403589534436E+000
    0.610520000000E+005    0.404050238046E+000
    0.611020000000E+005    0.404510933713E+000
    0.611520000000E+005    0.404971621107E+000
    0.612020000000E+005    0.405432299899E+000
    0.612520000000E+005    0.405892969761E+000
    0.613020000000E+005    0.406353630365E+000
    0.613520000000E+005    0.406814281383E+000
    0.614020000000E+005    0.407274922489E+000
    0.614520000000E+005    0.407735553355E+000
    0.615020000000E+005    0.408196173657E+000
    0.615520000000E+005    0.408656783069E+000
    0.616020000000E+005    0.409117381265E+000
    0.616520000000E+005    0.409577967922E+000
    0.617020000000E+005    0.410038542716E+000
    0.617520000000E+005    0.410499105323E+000
    0.618020000000E+005    0.410959655420E+000
    0.618520000000E+005    0.411420192686E+000
    0.619020000000E+005    0.411880716798E+000
    0.619520000000E+005    0.412341227435E+000
    0.620020000000E+005    0.412801724277E+000
    0.620520000000E+005    0.413262207003E+000
    0.621020000000E+005    0.413722675294E+000
    0.621520000000E+005    0.414183128829E+000
    0.622020000000E+005    0.414643567291E+000
    0.622520000000E+005    0.415103990362E+000
    0.623020000000E+005    0.415564397723E+000
    0.623520000000E+005    0.416024789057E+000
    0.624020000000E+005    0.416485164048E+000
    0.624520000000E+005    0.416945522379E+000
    0.625020000000E+005    0.417405863736E+000
    0.625520000000E+005    0.417866187801E+000
    0.626020000000E+005    0.418326494262E+000
    0.626520000000E+005    0.418786782803E+000
    0.627020000000E+005    0.419247053112E+000
    0.627520000000E+005    0.419707304874E+000
    0.628020000000E+005    0.420167537778E+000
    0.628520000000E+005    0.420627751510E+000
    0.629020000000E+005    0.421087945760E+000
    0.629520000000E+005    0.421548120216E+000
    0.630020000000E+005    0.422008274568E+000
    0.630520000000E+005    0.422468408505E+000
    0.631020000000E+005    0.422928521718E+000
    0.631520000000E+005    0.423388613897E+000
    0.632020000000E+005    0.423848684734E+000
    0.632520000000E+005    0.424308733921E+000
    0.633020000000E+005    0.424768761149E+000
    0.633520000000E+005    0.425228766113E+000
    0.634020000000E+005    0.425688748504E+000
    0.634520000000E+005    0.426148708017E+000
    0.635020000000E+005    0.426608644347E+000
    0.635520000000E+005    0.427068557187E+000
    0.636020000000E+005    0.427528446233E+000
    0.636520000000E+005    0.427988311182E+000
    0.637020000000E+005    0.428448151728E+000
    0.637520000000E+005    0.428907967570E+000
    0.638020000000E+005    0.429367758404E+000
    0.638520000000E+005    0.429827523927E+000
    0.639020000000E+005    0.430287263839E+000
    0.639520000000E+005    0.430746977838E+000
    0.640020000000E+005    0.431206665622E+000
    0.640520000000E+005    0.431666326892E+000
    0.641020000000E+005    0.432125961348E+000
    0.641520000000E+005    0.432585568691E+000
    0.642020000000E+005    0.433045148621E+000
    0.642520000000E+005    0.433504700840E+000
    0.643020000000E+005    0.433964225051E+000
    0.643520000000E+005    0.434423720955E+000
    0.644020000000E+005    0.434883188257E+000
    0.644520000000E+005    0.435342626658E+000
    0.645020000000E+005    0.435802035865E+000
    0.645520000000E+005    0.436261415580E+000
    0.646020000000E+005    0.436720765510E+000
    0.646520000000E+005    0.437180085359E+000
    0.647020000000E+005    0.437639374833E+000
    0.647520000000E+005    0.438098633640E+000
    0.648020000000E+005    0.438557861485E+000
    0.648520000000E+005    0.439017058076E+000
    0.649020000000E+005    0.439476223121E+000
    0.649520000000E+005    0.439935356329E+000
    0.650020000000E+005    0.440394457408E+000
    0.650520000000E+005    0.440853526067E+000
    0.651020000000E+005    0.441312562017E+000
    0.651520000000E+005    0.441771564967E+000
    0.652020000000E+005    0.442230534628E+000
    0.652520000000E+005    0.442689470711E+000
    0.653020000000E+005    0.443148372929E+000
    0.653520000000E+005    0.443607240993E+000
    0.654020000000E+005    0.444066074615E+000
    0.654520000000E+005    0.444524873509E+000
    0.655020000000E+005    0.444983637389E+000
    0.655520000000E+005    0.445442365968E+000
    0.656020000000E+005    0.445901058961E+000
    0.656520000000E+005    0.446359716083E+000
    0.657020000000E+005    0.446818337049E+000
    0.657520000000E+005    0.447276921575E+000
    0.658020000000E+005    0.447735469377E+000
    0.658520000000E+005    0.448193980173E+000
    0.659020000000E+005    0.448652453680E+000
    0.659520000000E+005    0.449110889614E+000
    0.660020000000E+005    0.449569287696E+000
    0.660520000000E+005    0.450027647642E+000
    0.661020000000E+005    0.450485969173E+000
    0.661520000000E+005    0.450944252008E+000
    0.662020000000E+005    0.451402495867E+000
    0.662520000000E+005    0.451860700471E+000
    0.663020000000E+005    0.452318865540E+000
    0.663520000000E+005    0.452776990796E+000
    0.664020000000E+005    0.453235075961E+000
    0.664520000000E+005    0.453693120757E+000
    0.665020000000E+005    0.454151124908E+000
    0.665520000000E+005    0.454609088136E+000
    0.666020000000E+005    0.455067010165E+000
    0.666520000000E+005    0.455524890720E+000
    0.667020000000E+005    0.455982729525E+000
    0.667520000000E+005    0.456440526305E+000
    0.668020000000E+005    0.456898280785E+000
    0.668520000000E+005    0.457355992693E+000
    0.669020000000E+005    0.457813661754E+000
    0.669520000000E+005    0.458271287695E+000
    0.670020000000E+005    0.458728870244E+000
    0.670520000000E+005    0.459186409128E+000
    0.671020000000E+005    0.459643904076E+000
    0.671520000000E+005    0.460101354817E+000
    0.672020000000E+005    0.460558761079E+000
    0.672520000000E+005    0.461016122593E+000
    0.673020000000E+005    0.461473439088E+000
    0.673520000000E+005    0.461930710296E+000
    0.674020000000E+005    0.462387935946E+000
    0.674520000000E+005    0.462845115772E+000
    0.675020000000E+005    0.463302249503E+000
    0.675520000000E+005    0.463759336874E+000
    0.676020000000E+005    0.464216377616E+000
    0.676520000000E+005    0.464673371463E+000
    0.677020000000E+005    0.465130318148E+000
    0.677520000000E+005    0.465587217407E+000
    0.678020000000E+005    0.466044068972E+000
    0.678520000000E+005    0.466500872580E+000
    0.679020000000E+005    0.466957627966E+000
    0.679520000000E+005    0.467414334866E+000
    0.680020000000E+005    0.467870993016E+000
    0.680520000000E+005    0.468327602152E+000
    0.681020000000E+005    0.468784162013E+000
    0.681520000000E+005    0.469240672336E+000
    0.682020000000E+005    0.469697132858E+000
    0.682520000000E+005    0.470153543320E+000
    0.683020000000E+005    0.470609903458E+000
    0.683520000000E+005    0.471066213014E+000
    0.684020000000E+005    0.471522471727E+000
    0.684520000000E+005    0.471978679337E+000
    0.685020000000E+005    0.472434835585E+000
    0.685520000000E+005    0.472890940212E+000
    0.686020000000E+005    0.473346992960E+000
    0.686520000000E+005    0.473802993571E+000
    0.687020000000E+005    0.474258941788E+000
    0.687520000000E+005    0.474714837352E+000
    0.688020000000E+005    0.475170680009E+000
    0.688520000000E+005    0.475626469501E+000
    0.689020000000E+005    0.476082205573E+000
    0.689520000000E+005    0.476537887970E+000
    0.690020000000E+005    0.476993516436E+000
    0.690520000000E+005    0.477449090718E+000
    0.691020000000E+005    0.477904610560E+000
    0.691520000000E+005    0.478360075710E+000
    0.692020000000E+005    0.478815485915E+000
    0.692520000000E+005    0.479270840922E+000
    0.693020000000E+005    0.479726140477E+000
    0.693520000000E+005    0.480181384331E+000
    0.694020000000E+005    0.480636572230E+000
    0.694520000000E+005    0.481091703925E+000
    0.695020000000E+005    0.481546779164E+000
    0.695520000000E+005    0.482001797697E+000
    0.696020000000E+005    0.482456759275E+000
    0.696520000000E+005    0.482911663649E+000
    0.697020000000E+005    0.483366510568E+000
    0.697520000000E+005    0.483821299786E+000
    0.698020000000E+005    0.484276031054E+000
    0.698520000000E+005    0.484730704124E+000
    0.699020000000E+005    0.485185318749E+000
    0.699520000000E+005    0.485639874683E+000
    0.700020000000E+005    0.486094371679E+000
    0.700520000000E+005    0.486548809490E+000
    0.701020000000E+005    0.487003187873E+000
    0.701520000000E+005    0.487457506581E+000
    0.702020000000E+005    0.487911765370E+000
    0.702520000000E+005    0.488365963996E+000
    0.703020000000E+005    0.488820102215E+000
    0.703520000000E+005    0.489274179783E+000
    0.704020000000E+005    0.489728196457E+000
    0.704520000000E+005    0.490182151996E+000
    0.705020000000E+005    0.490636046156E+000
    0.705520000000E+005    0.491089878697E+000
    0.706020000000E+005    0.491543649376E+000
    0.706520000000E+005    0.491997357954E+000
    0.707020000000E+005    0.492451004188E+000
    0.707520000000E+005    0.492904587840E+000
    0.708020000000E+005    0.493358108670E+000
    0.708520000000E+005    0.493811566438E+000
    0.709020000000E+005    0.494264960906E+000
    0.709520000000E+005    0.494718291835E+000
    0.710020000000E+005    0.495171558988E+000
    0.710520000000E+005    0.495624762126E+000
    0.711020000000E+005    0.496077901012E+000
    0.711520000000E+005    0.496530975410E+000
    0.712020000000E+005    0.496983985084E+000
    0.712520000000E+005    0.497436929797E+000
    0.713020000000E+005    0.497889809314E+000
    0.713520000000E+005    0.498342623400E+000
    0.714020000000E+005    0.498795371820E+000
    0.714520000000E+005    0.499248054339E+000
    0.715020000000E+005    0.499700670725E+000
    0.715520000000E+005    0.500153220743E+000
    0.716020000000E+005    0.500605704160E+000
    0.716520000000E+005    0.501058120744E+000
    0.717020000000E+005    0.501510470262E+000
    0.717520000000E+005    0.501962752483E+000
    0.718020000000E+005    0.502414967174E+000
    0.718520000000E+005    0.502867114106E+000
    0.719020000000E+005    0.503319193047E+000
    0.719520000000E+005    0.503771203766E+000
    0.720020000000E+005    0.504223146035E+000
    0.720520000000E+005    0.504675019624E+000
    0.721020000000E+005    0.505126824303E+000
    0.721520000000E+005    0.505578559845E+000
    0.722020000000E+005    0.506030226020E+000
    0.722520000000E+005    0.506481822601E+000
    0.723020000000E+005    0.506933349361E+000
    0.723520000000E+005    0.507384806072E+000
    0.724020000000E+005    0.507836192508E+000
    0.724520000000E+005    0.508287508442E+000
    0.725020000000E+005    0.508738753649E+000
    0.725520000000E+005    0.509189927903E+000
    0.726020000000E+005    0.509641030979E+000
    0.726520000000E+005    0.510092062653E+000
    0.727020000000E+005    0.510543022700E+000
    0.727520000000E+005    0.510993910896E+000
    0.728020000000E+005    0.511444727019E+000
    0.728520000000E+005    0.511895470844E+000
    0.729020000000E+005    0.512346142149E+000
    0.729520000000E+005    0.512796740712E+000
    0.730020000000E+005    0.513247266310E+000
    0.730520000000E+005    0.513697718723E+000
    0.731020000000E+005    0.514148097730E+000
    0.731520000000E+005    0.514598403108E+000
    0.732020000000E+005    0.515048634639E+000
    0.732520000000E+005    0.515498792102E+000
    0.733020000000E+005    0.515948875278E+000
    0.733520000000E+005    0.516398883947E+000
    0.734020000000E+005    0.516848817891E+000
    0.734520000000E+005    0.517298676892E+000
    0.735020000000E+005    0.517748460730E+000
    0.735520000000E+005    0.518198169190E+000
    0.736020000000E+005    0.518647802052E+000
    0.736520000000E+005    0.519097359102E+000
    0.737020000000E+005    0.519546840121E+000
    0.737520000000E+005    0.519996244895E+000
    0.738020000000E+005    0.520445573207E+000
    0.738520000000E+005    0.520894824842E+000
    0.739020000000E+005    0.521343999585E+000
    0.739520000000E+005    0.521793097222E+000
    0.740020000000E+005    0.522242117538E+000
    0.740520000000E+005    0.522691060320E+000
    0.741020000000E+005    0.523139925354E+000
    0.741520000000E+005    0.523588712428E+000
    0.742020000000E+005    0.524037421328E+000
    0.742520000000E+005    0.524486051843E+000
    0.743020000000E+005    0.524934603760E+000
    0.743520000000E+005    0.525383076869E+000
    0.744020000000E+005    0.525831470957E+000
    0.744520000000E+005    0.526279785815E+000
    0.745020000000E+005    0.526728021232E+000
    0.745520000000E+005    0.527176176998E+000
    0.746020000000E+005    0.527624252903E+000
    0.746520000000E+005    0.528072248738E+000
    0.747020000000E+005    0.528520164295E+000
    0.747520000000E+005    0.528967999364E+000
    0.748020000000E+005    0.529415753738E+000
    0.748520000000E+005    0.529863427210E+000
    0.749020000000E+005    0.530311019571E+000
    0.749520000000E+005    0.530758530615E+000
    0.750020000000E+005    0.531205960135E+000
    0.750520000000E+005    0.531653307925E+000
    0.751020000000E+005    0.532100573779E+000
    0.751520000000E+005    0.532547757492E+000
    0.752020000000E+005    0.532994858859E+000
    0.752520000000E+005    0.533441877674E+000
    0.753020000000E+005    0.533888813734E+000
    0.753520000000E+005    0.534335666835E+000
    0.754020000000E+005    0.534782436773E+000
    0.754520000000E+005    0.535229123344E+000
    0.755020000000E+005    0.535675726346E+000
    0.755520000000E+005    0.536122245576E+000
    0.756020000000E+005    0.536568680833E+000
    0.756520000000E+005    0.537015031914E+000
    0.757020000000E+005    0.537461298618E+000
    0.757520000000E+005    0.537907480744E+000
    0.758020000000E+005    0.538353578091E+000
    0.758520000000E+005    0.538799590460E+000
    0.759020000000E+005    0.539245517649E+000
    0.759520000000E+005    0.539691359461E+000
    0.760020000000E+005    0.540137115694E+000
    0.760520000000E+005    0.540582786151E+000
    0.761020000000E+005    0.541028370633E+000
    0.761520000000E+005    0.541473868942E+000
    0.762020000000E+005    0.541919280880E+000
    0.762520000000E+005    0.542364606250E+000
    0.763020000000E+005    0.542809844855E+000
    0.763520000000E+005    0.543254996498E+000
    0.764020000000E+005    0.543700060983E+000
    0.764520000000E+005    0.544145038113E+000
    0.765020000000E+005    0.544589927694E+000
    0.765520000000E+005    0.545034729530E+000
    0.766020000000E+005    0.545479443426E+000
    0.766520000000E+005    0.545924069188E+000
    0.767020000000E+005    0.546368606622E+000
    0.767520000000E+005    0.546813055533E+000
    0.768020000000E+005    0.547257415729E+000
    0.768520000000E+005    0.547701687016E+000
    0.769020000000E+005    0.548145869202E+000
    0.769520000000E+005    0.548589962094E+000
    0.770020000000E+005    0.549033965500E+000
    0.770520000000E+005    0.549477879229E+000
    0.771020000000E+005    0.549921703089E+000
    0.771520000000E+005    0.550365436889E+000
    0.772020000000E+005    0.550809080440E+000
    0.772520000000E+005    0.551252633550E+000
    0.773020000000E+005    0.551696096029E+000
    0.773520000000E+005    0.552139467689E+000
    0.774020000000E+005    0.552582748340E+000
    0.774520000000E+005    0.553025937793E+000
    0.775020000000E+005    0.553469035860E+000
    0.775520000000E+005    0.553912042353E+000
    0.776020000000E+005    0.554354957083E+000
    0.776520000000E+005    0.554797779864E+000
    0.777020000000E+005    0.555240510508E+000
    0.777520000000E+005    0.555683148829E+000
    0.778020000000E+005    0.556125694641E+000
    0.778520000000E+005    0.556568147756E+000
    0.779020000000E+005    0.557010507991E+000
    0.779520000000E+005    0.557452775158E+000
    0.780020000000E+005    0.557894949075E+000
    0.780520000000E+005    0.558337029554E+000
    0.781020000000E+005    0.558779016414E+000
    0.781520000000E+005    0.559220909469E+000
    0.782020000000E+005    0.559662708535E+000
    0.782520000000E+005    0.560104413431E+000
    0.783020000000E+005    0.560546023972E+000
    0.783520000000E+005    0.560987539977E+000
    0.784020000000E+005    0.561428961262E+000
    0.784520000000E+005    0.561870287647E+000
    0.785020000000E+005    0.562311518950E+000
    0.785520000000E+005    0.562752654989E+000
    0.786020000000E+005    0.563193695583E+000
    0.786520000000E+005    0.563634640553E+000
    0.787020000000E+005    0.564075489718E+000
    0.787520000000E+005    0.564516242898E+000
    0.788020000000E+005    0.564956899914E+000
    0.788520000000E+005    0.565397460586E+000
    0.789020000000E+005    0.565837924736E+000
    0.789520000000E+005    0.566278292185E+000
    0.790020000000E+005    0.566718562756E+000
    0.790520000000E+005    0.567158736270E+000
    0.791020000000E+005    0.567598812550E+000
    0.791520000000E+005    0.568038791419E+000
    0.792020000000E+005    0.568478672700E+000
    0.792520000000E+005    0.568918456217E+000
    0.793020000000E+005    0.569358141793E+000
    0.793520000000E+005    0.569797729253E+000
    0.794020000000E+005    0.570237218422E+000
    0.794520000000E+005    0.570676609124E+000
    0.795020000000E+005    0.571115901184E+000
    0.795520000000E+005    0.571555094429E+000
    0.796020000000E+005    0.571994188683E+000
    0.796520000000E+005    0.572433183774E+000
    0.797020000000E+005    0.572872079528E+000
    0.797520000000E+005    0.573310875772E+000
    0.798020000000E+005    0.573749572333E+000
    0.798520000000E+005    0.574188169038E+000
    0.799020000000E+005    0.574626665716E+000
    0.799520000000E+005    0.575065062195E+000
    0.800020000000E+005    0.575503358303E+000
    0.800520000000E+005    0.575941553869E+000
    0.801020000000E+005    0.576379648723E+000
    0.801520000000E+005    0.576817642694E+000
    0.802020000000E+005    0.577255535612E+000
    0.802520000000E+005    0.577693327307E+000
    0.803020000000E+005    0.578131017609E+000
    0.803520000000E+005    0.578568606350E+000
    0.804020000000E+005    0.579006093361E+000
    0.804520000000E+005    0.579443478473E+000
    0.805020000000E+005    0.579880761519E+000
    0.805520000000E+005    0.580317942329E+000
    0.806020000000E+005    0.580755020737E+000
    0.806520000000E+005    0.581191996576E+000
    0.807020000000E+005    0.581628869679E+000
    0.807520000000E+005    0.582065639879E+000
    0.808020000000E+005    0.582502307010E+000
    0.808520000000E+005    0.582938870906E+000
    0.809020000000E+005    0.583375331401E+000
    0.809520000000E+005    0.583811688331E+000
    0.810020000000E+005    0.584247941531E+000
    0.810520000000E+005    0.584684090835E+000
    0.811020000000E+005    0.585120136080E+000
    0.811520000000E+005    0.585556077102E+000
    0.812020000000E+005    0.585991913736E+000
    0.812520000000E+005    0.586427645820E+000
    0.813020000000E+005    0.586863273191E+000
    0.813520000000E+005    0.587298795686E+000
    0.814020000000E+005    0.587734213143E+000
    0.814520000000E+005    0.588169525399E+000
    0.815020000000E+005    0.588604732294E+000
    0.815520000000E+005    0.589039833665E+000
    0.816020000000E+005    0.589474829351E+000
    0.816520000000E+005    0.589909719192E+000
    0.817020000000E+005    0.590344503027E+000
    0.817520000000E+005    0.590779180697E+000
    0.818020000000E+005    0.591213752041E+000
    0.818520000000E+005    0.591648216899E+000
    0.819020000000E+005    0.592082575114E+000
    0.819520000000E+005    0.592516826525E+000
    0.820020000000E+005    0.592950970974E+000
    0.820520000000E+005    0.593385008304E+000
    0.821020000000E+005    0.593818938355E+000
    0.821520000000E+005    0.594252760971E+000
    0.822020000000E+005    0.594686475994E+000
    0.822520000000E+005    0.595120083267E+000
    0.823020000000E+005    0.595553582634E+000
    0.823520000000E+005    0.595986973937E+000
    0.824020000000E+005    0.596420257022E+000
    0.824520000000E+005    0.596853431732E+000
    0.825020000000E+005    0.597286497912E+000
    0.825520000000E+005    0.597719455407E+000
    0.826020000000E+005    0.598152304062E+000
    0.826520000000E+005    0.598585043722E+000
    0.827020000000E+005    0.599017674233E+000
    0.827520000000E+005    0.599450195442E+000
    0.828020000000E+005    0.599882607194E+000
    0.828520000000E+005    0.600314909337E+000
    0.829020000000E+005    0.600747101718E+000
    0.829520000000E+005    0.601179184183E+000
    0.830020000000E+005    0.601611156581E+000
    0.830520000000E+005    0.602043018759E+000
    0.831020000000E+005    0.602474770566E+000
    0.831520000000E+005    0.602906411850E+000
    0.832020000000E+005    0.603337942461E+000
    0.832520000000E+005    0.603769362246E+000
    0.833020000000E+005    0.604200671057E+000
    0.833520000000E+005    0.604631868742E+000
    0.834020000000E+005    0.605062955151E+000
    0.834520000000E+005    0.605493930136E+000
    0.835020000000E+005    0.605924793546E+000
    0.835520000000E+005    0.606355545233E+000
    0.836020000000E+005    0.606786185048E+000
    0.836520000000E+005    0.607216712843E+000
    0.837020000000E+005    0.607647128469E+000
    0.837520000000E+005    0.608077431778E+000
    0.838020000000E+005    0.608507622624E+000
    0.838520000000E+005    0.608937700859E+000
    0.839020000000E+005    0.609367666336E+000
    0.839520000000E+005    0.609797518908E+000
    0.840020000000E+005    0.610227258429E+000
    0.840520000000E+005    0.610656884754E+000
    0.841020000000E+005    0.611086397736E+000
    0.841520000000E+005    0.611515797230E+000
    0.842020000000E+005    0.611945083090E+000
    0.842520000000E+005    0.612374255173E+000
    0.843020000000E+005    0.612803313333E+000
    0.843520000000E+005    0.613232257426E+000
    0.844020000000E+005    0.613661087309E+000
    0.844520000000E+005    0.614089802837E+000
    0.845020000000E+005    0.614518403868E+000
    0.845520000000E+005    0.614946890258E+000
    0.846020000000E+005    0.615375261865E+000
    0.846520000000E+005    0.615803518545E+000
    0.847020000000E+005    0.616231660158E+000
    0.847520000000E+005    0.616659686560E+000
    0.848020000000E+005    0.617087597611E+000
    0.848520000000E+005    0.617515393169E+000
    0.849020000000E+005    0.617943073093E+000
    0.849520000000E+005    0.618370637243E+000
    0.850020000000E+005    0.618798085478E+000
    0.850520000000E+005    0.619225417657E+000
    0.851020000000E+005    0.619652633642E+000
    0.851520000000E+005    0.620079733292E+000
    0.852020000000E+005    0.620506716468E+000
    0.852520000000E+005    0.620933583031E+000
    0.853020000000E+005    0.621360332843E+000
    0.853520000000E+005    0.621786965765E+000
    0.854020000000E+005    0.622213481660E+000
    0.854520000000E+005    0.622639880388E+000
    0.855020000000E+005    0.623066161813E+000
    0.855520000000E+005    0.623492325798E+000
    0.856020000000E+005    0.623918372205E+000
    0.856520000000E+005    0.624344300899E+000
    0.857020000000E+005    0.624770111741E+000
    0.857520000000E+005    0.625195804597E+000
    0.858020000000E+005    0.625621379331E+000
    0.858520000000E+005    0.626046835806E+000
    0.859020000000E+005    0.626472173889E+000
    0.859520000000E+005    0.626897393443E+000
    0.860020000000E+005    0.627322494334E+000
    0.860520000000E+005    0.627747476428E+000
    0.861020000000E+005    0.628172339591E+000
    0.861520000000E+005    0.628597083689E+000
    0.862020000000E+005    0.629021708588E+000
    0.862520000000E+005    0.629446214155E+000
    0.863020000000E+005    0.629870600257E+000
    0.863520000000E+005    0.630294866761E+000
    0.864020000000E+005    0.630719013535E+000
    0.864520000000E+005    0.631143040447E+000
    0.865020000000E+005    0.631566947365E+000
    0.865520000000E+005    0.631990734157E+000
    0.866020000000E+005    0.632414400693E+000
    0.866520000000E+005    0.632837946840E+000
    0.867020000000E+005    0.633261372468E+000
    0.867520000000E+005    0.633684677448E+000
    0.868020000000E+005    0.634107861648E+000
    0.868520000000E+005    0.634530924938E+000
    0.869020000000E+005    0.634953867190E+000
    0.869520000000E+005    0.635376688274E+000
    0.870020000000E+005    0.635799388060E+000
    0.870520000000E+005    0.636221966420E+000
    0.871020000000E+005    0.636644423225E+000
    0.871520000000E+005    0.637066758348E+000
    0.872020000000E+005    0.637488971659E+000
    0.872520000000E+005    0.637911063032E+000
    0.873020000000E+005    0.638333032339E+000
    0.873520000000E+005    0.638754879452E+000
    0.874020000000E+005    0.639176604246E+000
    0.874520000000E+005    0.639598206593E+000
    0.875020000000E+005    0.640019686367E+000
    0.875520000000E+005    0.640441043442E+000
    0.876020000000E+005    0.640862277692E+000
    0.876520000000E+005    0.641283388991E+000
    0.877020000000E+005    0.641704377215E+000
    0.877520000000E+005    0.642125242239E+000
    0.878020000000E+005    0.642545983937E+000
    0.878520000000E+005    0.642966602185E+000
    0.879020000000E+005    0.643387096859E+000
    0.879520000000E+005    0.643807467836E+000
    0.880020000000E+005    0.644227714991E+000
    0.880520000000E+005    0.644647838202E+000
    0.881020000000E+005    0.645067837344E+000
    0.881520000000E+005    0.645487712296E+000
    0.882020000000E+005    0.645907462935E+000
    0.882520000000E+005    0.646327089139E+000
    0.883020000000E+005    0.646746590784E+000
    0.883520000000E+005    0.647165967751E+000
    0.884020000000E+005    0.647585219917E+000
    0.884520000000E+005    0.648004347160E+000
    0.885020000000E+005    0.648423349361E+000
    0.885520000000E+005    0.648842226399E+000
    0.886020000000E+005    0.649260978152E+000
    0.886520000000E+005    0.649679604501E+000
    0.887020000000E+005    0.650098105327E+000
    0.887520000000E+005    0.650516480508E+000
    0.888020000000E+005    0.650934729927E+000
    0.888520000000E+005    0.651352853463E+000
    0.889020000000E+005    0.651770850998E+000
    0.889520000000E+005    0.652188722414E+000
    0.890020000000E+005    0.652606467592E+000
    0.890520000000E+005    0.653024086415E+000
    0.891020000000E+005    0.653441578763E+000
    0.891520000000E+005    0.653858944521E+000
    0.892020000000E+005    0.654276183570E+000
    0.892520000000E+005    0.654693295793E+000
    0.893020000000E+005    0.655110281075E+000
    0.893520000000E+005    0.655527139297E+000
    0.894020000000E+005    0.655943870345E+000
    0.894520000000E+005    0.656360474102E+000
    0.895020000000E+005    0.656776950453E+000
    0.895520000000E+005    0.657193299281E+000
    0.896020000000E+005    0.657609520473E+000
    0.896520000000E+005    0.658025613912E+000
    0.897020000000E+005    0.658441579485E+000
    0.897520000000E+005    0.658857417076E+000
    0.898020000000E+005    0.659273126572E+000
    0.898520000000E+005    0.659688707859E+000
    0.899020000000E+005    0.660104160823E+000
    0.899520000000E+005    0.660519485351E+000
    0.900020000000E+005    0.660934681330E+000
    0.900520000000E+005    0.661349748646E+000
    0.901020000000E+005    0.661764687187E+000
    0.901520000000E+005    0.662179496842E+000
    0.902020000000E+005    0.662594177497E+000
    0.902520000000E+005    0.663008729040E+000
    0.903020000000E+005    0.663423151361E+000
    0.903520000000E+005    0.663837444348E+000
    0.904020000000E+005    0.664251607890E+000
    0.904520000000E+005    0.664665641876E+000
    0.905020000000E+005    0.665079546195E+000
    0.905520000000E+005    0.665493320737E+000
    0.906020000000E+005    0.665906965392E+000
    0.906520000000E+005    0.666320480050E+000
    0.907020000000E+005    0.666733864602E+000
    0.907520000000E+005    0.667147118937E+000
    0.908020000000E+005    0.667560242948E+000
    0.908520000000E+005    0.667973236526E+000
    0.909020000000E+005    0.668386099561E+000
    0.909520000000E+005    0.668798831945E+000
    0.910020000000E+005    0.669211433571E+000
    0.910520000000E+005    0.669623904330E+000
    0.911020000000E+005    0.670036244115E+000
    0.911520000000E+005    0.670448452819E+000
    0.912020000000E+005    0.670860530334E+000
    0.912520000000E+005    0.671272476554E+000
    0.913020000000E+005    0.671684291372E+000
    0.913520000000E+005    0.672095974682E+000
    0.914020000000E+005    0.672507526377E+000
    0.914520000000E+005    0.672918946352E+000
    0.915020000000E+005    0.673330234501E+000
    0.915520000000E+005    0.673741390718E+000
    0.916020000000E+005    0.674152414900E+000
    0.916520000000E+005    0.674563306940E+000
    0.917020000000E+005    0.674974066735E+000
    0.917520000000E+005    0.675384694179E+000
    0.918020000000E+005    0.675795189169E+000
    0.918520000000E+005    0.676205551600E+000
    0.919020000000E+005    0.676615781370E+000
    0.919520000000E+005    0.677025878374E+000
    0.920020000000E+005    0.677435842510E+000
    0.920520000000E+005    0.677845673675E+000
    0.921020000000E+005    0.678255371765E+000
    0.921520000000E+005    0.678664936679E+000
    0.922020000000E+005    0.679074368315E+000
    0.922520000000E+005    0.679483666569E+000
    0.923020000000E+005    0.679892831342E+000
    0.923520000000E+005    0.680301862530E+000
    0.924020000000E+005    0.680710760033E+000
    0.924520000000E+005    0.681119523750E+000
    0.925020000000E+005    0.681528153581E+000
    0.925520000000E+005    0.681936649424E+000
    0.926020000000E+005    0.682345011179E+000
    0.926520000000E+005    0.682753238747E+000
    0.927020000000E+005    0.683161332027E+000
    0.927520000000E+005    0.683569290921E+000
    0.928020000000E+005    0.683977115328E+000
    0.928520000000E+005    0.684384805149E+000
    0.929020000000E+005    0.684792360286E+000
    0.929520000000E+005    0.685199780641E+000
    0.930020000000E+005    0.685607066114E+000
    0.930520000000E+005    0.686014216607E+000
    0.931020000000E+005    0.686421232024E+000
    0.931520000000E+005    0.686828112265E+000
    0.932020000000E+005    0.687234857234E+000
    0.932520000000E+005    0.687641466833E+000
    0.933020000000E+005    0.688047940966E+000
    0.933520000000E+005    0.688454279535E+000
    0.934020000000E+005    0.688860482445E+000
    0.934520000000E+005    0.689266549598E+000
    0.935020000000E+005    0.689672480900E+000
    0.935520000000E+005    0.690078276253E+000
    0.936020000000E+005    0.690483935563E+000
    0.936520000000E+005    0.690889458735E+000
    0.937020000000E+005    0.691294845672E+000
    0.937520000000E+005    0.691700096281E+000
    0.938020000000E+005    0.692105210466E+000
    0.938520000000E+005    0.692510188134E+000
    0.939020000000E+005    0.692915029189E+000
    0.939520000000E+005    0.693319733539E+000
    0.940020000000E+005    0.693724301089E+000
    0.940520000000E+005    0.694128731746E+000
    0.941020000000E+005    0.694533025416E+000
    0.941520000000E+005    0.694937182008E+000
    0.942020000000E+005    0.695341201427E+000
    0.942520000000E+005    0.695745083581E+000
    0.943020000000E+005    0.696148828378E+000
    0.943520000000E+005    0.696552435726E+000
    0.944020000000E+005    0.696955905533E+000
    0.944520000000E+005    0.697359237708E+000
    0.945020000000E+005    0.697762432158E+000
    0.945520000000E+005    0.698165488793E+000
    0.946020000000E+005    0.698568407521E+000
    0.946520000000E+005    0.698971188252E+000
    0.947020000000E+005    0.699373830896E+000
    0.947520000000E+005    0.699776335362E+000
    0.948020000000E+005    0.700178701560E+000
    0.948520000000E+005    0.700580929401E+000
    0.949020000000E+005    0.700983018793E+000
    0.949520000000E+005    0.701384969649E+000
    0.950020000000E+005    0.701786781880E+000
    0.950520000000E+005    0.702188455395E+000
    0.951020000000E+005    0.702589990106E+000
    0.951520000000E+005    0.702991385926E+000
    0.952020000000E+005    0.703392642765E+000
    0.952520000000E+005    0.703793760535E+000
    0.953020000000E+005    0.704194739149E+000
    0.953520000000E+005    0.704595578519E+000
    0.954020000000E+005    0.704996278558E+000
    0.954520000000E+005    0.705396839179E+000
    0.955020000000E+005    0.705797260294E+000
    0.955520000000E+005    0.706197541817E+000
    0.956020000000E+005    0.706597683661E+000
    0.956520000000E+005    0.706997685741E+000
    0.957020000000E+005    0.707397547969E+000
    0.957520000000E+005    0.707797270261E+000
    0.958020000000E+005    0.708196852530E+000
    0.958520000000E+005    0.708596294691E+000
    0.959020000000E+005    0.708995596660E+000
    0.959520000000E+005    0.709394758350E+000
    0.960020000000E+005    0.709793779678E+000
    0.960520000000E+005    0.710192660558E+000
    0.961020000000E+005    0.710591400907E+000
    0.961520000000E+005    0.710990000640E+000
    0.962020000000E+005    0.711388459673E+000
    0.962520000000E+005    0.711786777923E+000
    0.963020000000E+005    0.712184955307E+000
    0.963520000000E+005    0.712582991740E+000
    0.964020000000E+005    0.712980887141E+000
    0.964520000000E+005    0.713378641426E+000
    0.965020000000E+005    0.713776254513E+000
    0.965520000000E+005    0.714173726319E+000
    0.966020000000E+005    0.714571056763E+000
    0.966520000000E+005    0.714968245761E+000
    0.967020000000E+005    0.715365293233E+000
    0.967520000000E+005    0.715762199097E+000
    0.968020000000E+005    0.716158963272E+000
    0.968520000000E+005    0.716555585677E+000
    0.969020000000E+005    0.716952066230E+000
    0.969520000000E+005    0.717348404852E+000
    0.970020000000E+005    0.717744601461E+000
    0.970520000000E+005    0.718140655978E+000
    0.971020000000E+005    0.718536568322E+000
    0.971520000000E+005    0.718932338414E+000
    0.972020000000E+005    0.719327966173E+000
    0.972520000000E+005    0.719723451522E+000
    0.973020000000E+005    0.720118794380E+000
    0.973520000000E+005    0.720513994668E+000
    0.974020000000E+005    0.720909052309E+000
    0.974520000000E+005    0.721303967222E+000
    0.975020000000E+005    0.721698739331E+000
    0.975520000000E+005    0.722093368556E+000
    0.976020000000E+005    0.722487854820E+000
    0.976520000000E+005    0.722882198045E+000
    0.977020000000E+005    0.723276398154E+000
    0.977520000000E+005    0.723670455069E+000
    0.978020000000E+005    0.724064368714E+000
    0.978520000000E+005    0.724458139011E+000
    0.979020000000E+005    0.724851765883E+000
    0.979520000000E+005    0.725245249256E+000
    0.980020000000E+005    0.725638589051E+000
    0.980520000000E+005    0.726031785193E+000
    0.981020000000E+005    0.726424837606E+000
    0.981520000000E+005    0.726817746215E+000
    0.982020000000E+005    0.727210510944E+000
    0.982520000000E+005    0.727603131718E+000
    0.983020000000E+005    0.727995608461E+000
    0.983520000000E+005    0.728387941100E+000
    0.984020000000E+005    0.728780129560E+000
    0.984520000000E+005    0.729172173765E+000
    0.985020000000E+005    0.729564073642E+000
    0.985520000000E+005    0.729955829117E+000
    0.986020000000E+005    0.730347440116E+000
    0.986520000000E+005    0.730738906566E+000
    0.987020000000E+005    0.731130228393E+000
    0.987520000000E+005    0.731521405523E+000
    0.988020000000E+005    0.731912437885E+000
    0.988520000000E+005    0.732303325405E+000
    0.989020000000E+005    0.732694068011E+000
    0.989520000000E+005    0.733084665629E+000
    0.990020000000E+005    0.733475118189E+000
    0.990520000000E+005    0.733865425618E+000
    0.991020000000E+005    0.734255587844E+000
    0.991520000000E+005    0.734645604796E+000
    0.992020000000E+005    0.735035476402E+000
    0.992520000000E+005    0.735425202592E+000
    0.993020000000E+005    0.735814783294E+000
    0.993520000000E+005    0.736204218437E+000
    0.994020000000E+005    0.736593507952E+000
    0.994520000000E+005    0.736982651766E+000
    0.995020000000E+005    0.737371649812E+000
    0.995520000000E+005    0.737760502017E+000
    0.996020000000E+005    0.738149208314E+000
    0.996520000000E+005    0.738537768631E+000
    0.997020000000E+005    0.738926182900E+000
    0.997520000000E+005    0.739314451051E+000
    0.998020000000E+005    0.739702573016E+000
    0.998520000000E+005    0.740090548726E+000
    0.999020000000E+005    0.740478378112E+000
    0.999520000000E+005    0.740866061106E+000
