TITLE = "0D Field KB"
VARIABLES = N ,"KB_Ha100Rem10Re500"
ZONE DATAPACKING = POINT
    0.200000000000E+001    0.799992000074E-009
    0.520000000000E+002    0.540524274496E-006
    0.102000000000E+003    0.207869963314E-005
    0.152000000000E+003    0.461382874296E-005
    0.202000000000E+003    0.814441596905E-005
    0.252000000000E+003    0.126689669753E-004
    0.302000000000E+003    0.181859873194E-004
    0.352000000000E+003    0.246939793034E-004
    0.402000000000E+003    0.321914368606E-004
    0.452000000000E+003    0.406768389172E-004
    0.502000000000E+003    0.501486420446E-004
    0.552000000000E+003    0.606052732215E-004
    0.602000000000E+003    0.720451233255E-004
    0.652000000000E+003    0.844665417077E-004
    0.702000000000E+003    0.978678319835E-004
    0.752000000000E+003    0.112247249018E-003
    0.802000000000E+003    0.127602996997E-003
    0.852000000000E+003    0.143933228428E-003
    0.902000000000E+003    0.161236043914E-003
    0.952000000000E+003    0.179509492544E-003
    0.100200000000E+004    0.198751572768E-003
    0.105200000000E+004    0.218960233634E-003
    0.110200000000E+004    0.240133376288E-003
    0.115200000000E+004    0.262268855677E-003
    0.120200000000E+004    0.285364482362E-003
    0.125200000000E+004    0.309418024418E-003
    0.130200000000E+004    0.334427209370E-003
    0.135200000000E+004    0.360389726132E-003
    0.140200000000E+004    0.387303226942E-003
    0.145200000000E+004    0.415165329253E-003
    0.150200000000E+004    0.443973617594E-003
    0.155200000000E+004    0.473725645365E-003
    0.160200000000E+004    0.504418936586E-003
    0.165200000000E+004    0.536050987576E-003
    0.170200000000E+004    0.568619268572E-003
    0.175200000000E+004    0.602121225281E-003
    0.180200000000E+004    0.636554280363E-003
    0.185200000000E+004    0.671915834861E-003
    0.190200000000E+004    0.708203269552E-003
    0.195200000000E+004    0.745413946250E-003
    0.200200000000E+004    0.783545209044E-003
    0.205200000000E+004    0.822594385474E-003
    0.210200000000E+004    0.862558787661E-003
    0.215200000000E+004    0.903435713377E-003
    0.220200000000E+004    0.945222447066E-003
    0.225200000000E+004    0.987916260814E-003
    0.230200000000E+004    0.103151441528E-002
    0.235200000000E+004    0.107601416057E-002
    0.240200000000E+004    0.112141273709E-002
    0.245200000000E+004    0.116770737633E-002
    0.250200000000E+004    0.121489530163E-002
    0.255200000000E+004    0.126297372890E-002
    0.260200000000E+004    0.131193986733E-002
    0.265200000000E+004    0.136179092002E-002
    0.270200000000E+004    0.141252408462E-002
    0.275200000000E+004    0.146413655392E-002
    0.280200000000E+004    0.151662551643E-002
    0.285200000000E+004    0.156998815688E-002
    0.290200000000E+004    0.162422165680E-002
    0.295200000000E+004    0.167932319495E-002
    0.300200000000E+004    0.173528994780E-002
    0.305200000000E+004    0.179211909002E-002
    0.310200000000E+004    0.184980779481E-002
    0.315200000000E+004    0.190835323441E-002
    0.320200000000E+004    0.196775258040E-002
    0.325200000000E+004    0.202800300410E-002
    0.330200000000E+004    0.208910167691E-002
    0.335200000000E+004    0.215104577067E-002
    0.340200000000E+004    0.221383245792E-002
    0.345200000000E+004    0.227745891223E-002
    0.350200000000E+004    0.234192230850E-002
    0.355200000000E+004    0.240721982320E-002
    0.360200000000E+004    0.247334863466E-002
    0.365200000000E+004    0.254030592329E-002
    0.370200000000E+004    0.260808887182E-002
    0.375200000000E+004    0.267669466553E-002
    0.380200000000E+004    0.274612049246E-002
    0.385200000000E+004    0.281636354359E-002
    0.390200000000E+004    0.288742101309E-002
    0.395200000000E+004    0.295929009841E-002
    0.400200000000E+004    0.303196800055E-002
    0.405200000000E+004    0.310545192413E-002
    0.410200000000E+004    0.317973907763E-002
    0.415200000000E+004    0.325482667349E-002
    0.420200000000E+004    0.333071192824E-002
    0.425200000000E+004    0.340739206268E-002
    0.430200000000E+004    0.348486430196E-002
    0.435200000000E+004    0.356312587573E-002
    0.440200000000E+004    0.364217401822E-002
    0.445200000000E+004    0.372200596839E-002
    0.450200000000E+004    0.380261896999E-002
    0.455200000000E+004    0.388401027169E-002
    0.460200000000E+004    0.396617712713E-002
    0.465200000000E+004    0.404911679506E-002
    0.470200000000E+004    0.413282653937E-002
    0.475200000000E+004    0.421730362919E-002
    0.480200000000E+004    0.430254533896E-002
    0.485200000000E+004    0.438854894849E-002
    0.490200000000E+004    0.447531174303E-002
    0.495200000000E+004    0.456283101334E-002
    0.500200000000E+004    0.465110405571E-002
    0.505200000000E+004    0.474012817207E-002
    0.510200000000E+004    0.482990066997E-002
    0.515200000000E+004    0.492041886268E-002
    0.520200000000E+004    0.501168006923E-002
    0.525200000000E+004    0.510368161442E-002
    0.530200000000E+004    0.519642082886E-002
    0.535200000000E+004    0.528989504905E-002
    0.540200000000E+004    0.538410161735E-002
    0.545200000000E+004    0.547903788206E-002
    0.550200000000E+004    0.557470119742E-002
    0.555200000000E+004    0.567108892365E-002
    0.560200000000E+004    0.576819842696E-002
    0.565200000000E+004    0.586602707959E-002
    0.570200000000E+004    0.596457225981E-002
    0.575200000000E+004    0.606383135194E-002
    0.580200000000E+004    0.616380174639E-002
    0.585200000000E+004    0.626448083966E-002
    0.590200000000E+004    0.636586603432E-002
    0.595200000000E+004    0.646795473909E-002
    0.600200000000E+004    0.657074436879E-002
    0.605200000000E+004    0.667423234438E-002
    0.610200000000E+004    0.677841609296E-002
    0.615200000000E+004    0.688329304776E-002
    0.620200000000E+004    0.698886064819E-002
    0.625200000000E+004    0.709511633980E-002
    0.630200000000E+004    0.720205757429E-002
    0.635200000000E+004    0.730968180953E-002
    0.640200000000E+004    0.741798650955E-002
    0.645200000000E+004    0.752696914455E-002
    0.650200000000E+004    0.763662719089E-002
    0.655200000000E+004    0.774695813109E-002
    0.660200000000E+004    0.785795945382E-002
    0.665200000000E+004    0.796962865391E-002
    0.670200000000E+004    0.808196323236E-002
    0.675200000000E+004    0.819496069630E-002
    0.680200000000E+004    0.830861855902E-002
    0.685200000000E+004    0.842293433993E-002
    0.690200000000E+004    0.853790556460E-002
    0.695200000000E+004    0.865352976470E-002
    0.700200000000E+004    0.876980447805E-002
    0.705200000000E+004    0.888672724856E-002
    0.710200000000E+004    0.900429562627E-002
    0.715200000000E+004    0.912250716730E-002
    0.720200000000E+004    0.924135943386E-002
    0.725200000000E+004    0.936084999426E-002
    0.730200000000E+004    0.948097642288E-002
    0.735200000000E+004    0.960173630014E-002
    0.740200000000E+004    0.972312721254E-002
    0.745200000000E+004    0.984514675263E-002
    0.750200000000E+004    0.996779251896E-002
    0.755200000000E+004    0.100910621161E-001
    0.760200000000E+004    0.102149531548E-001
    0.765200000000E+004    0.103394632515E-001
    0.770200000000E+004    0.104645900288E-001
    0.775200000000E+004    0.105903311155E-001
    0.780200000000E+004    0.107166841459E-001
    0.785200000000E+004    0.108436467607E-001
    0.790200000000E+004    0.109712166062E-001
    0.795200000000E+004    0.110993913350E-001
    0.800200000000E+004    0.112281686052E-001
    0.805200000000E+004    0.113575460812E-001
    0.810200000000E+004    0.114875214330E-001
    0.815200000000E+004    0.116180923367E-001
    0.820200000000E+004    0.117492564742E-001
    0.825200000000E+004    0.118810115332E-001
    0.830200000000E+004    0.120133552072E-001
    0.835200000000E+004    0.121462851959E-001
    0.840200000000E+004    0.122797992044E-001
    0.845200000000E+004    0.124138949437E-001
    0.850200000000E+004    0.125485701309E-001
    0.855200000000E+004    0.126838224885E-001
    0.860200000000E+004    0.128196497449E-001
    0.865200000000E+004    0.129560496345E-001
    0.870200000000E+004    0.130930198970E-001
    0.875200000000E+004    0.132305582783E-001
    0.880200000000E+004    0.133686625298E-001
    0.885200000000E+004    0.135073304084E-001
    0.890200000000E+004    0.136465596772E-001
    0.895200000000E+004    0.137863481045E-001
    0.900200000000E+004    0.139266934646E-001
    0.905200000000E+004    0.140675935373E-001
    0.910200000000E+004    0.142090461081E-001
    0.915200000000E+004    0.143510489681E-001
    0.920200000000E+004    0.144935999141E-001
    0.925200000000E+004    0.146366967484E-001
    0.930200000000E+004    0.147803372789E-001
    0.935200000000E+004    0.149245193193E-001
    0.940200000000E+004    0.150692406885E-001
    0.945200000000E+004    0.152144992114E-001
    0.950200000000E+004    0.153602927181E-001
    0.955200000000E+004    0.155066190443E-001
    0.960200000000E+004    0.156534760314E-001
    0.965200000000E+004    0.158008615260E-001
    0.970200000000E+004    0.159487733806E-001
    0.975200000000E+004    0.160972094528E-001
    0.980200000000E+004    0.162461676059E-001
    0.985200000000E+004    0.163956457086E-001
    0.990200000000E+004    0.165456416351E-001
    0.995200000000E+004    0.166961532649E-001
    0.100020000000E+005    0.168471784830E-001
    0.100520000000E+005    0.169987151799E-001
    0.101020000000E+005    0.171507612513E-001
    0.101520000000E+005    0.173033145986E-001
    0.102020000000E+005    0.174563731282E-001
    0.102520000000E+005    0.176099347522E-001
    0.103020000000E+005    0.177639973878E-001
    0.103520000000E+005    0.179185589576E-001
    0.104020000000E+005    0.180736173897E-001
    0.104520000000E+005    0.182291706173E-001
    0.105020000000E+005    0.183852165790E-001
    0.105520000000E+005    0.185417532188E-001
    0.106020000000E+005    0.186987784857E-001
    0.106520000000E+005    0.188562903342E-001
    0.107020000000E+005    0.190142867241E-001
    0.107520000000E+005    0.191727656202E-001
    0.108020000000E+005    0.193317249928E-001
    0.108520000000E+005    0.194911628172E-001
    0.109020000000E+005    0.196510770742E-001
    0.109520000000E+005    0.198114657494E-001
    0.110020000000E+005    0.199723268340E-001
    0.110520000000E+005    0.201336583241E-001
    0.111020000000E+005    0.202954582211E-001
    0.111520000000E+005    0.204577245315E-001
    0.112020000000E+005    0.206204552670E-001
    0.112520000000E+005    0.207836484445E-001
    0.113020000000E+005    0.209473020857E-001
    0.113520000000E+005    0.211114142179E-001
    0.114020000000E+005    0.212759828730E-001
    0.114520000000E+005    0.214410060885E-001
    0.115020000000E+005    0.216064819066E-001
    0.115520000000E+005    0.217724083746E-001
    0.116020000000E+005    0.219387835451E-001
    0.116520000000E+005    0.221056054756E-001
    0.117020000000E+005    0.222728722286E-001
    0.117520000000E+005    0.224405818717E-001
    0.118020000000E+005    0.226087324775E-001
    0.118520000000E+005    0.227773221235E-001
    0.119020000000E+005    0.229463488924E-001
    0.119520000000E+005    0.231158108718E-001
    0.120020000000E+005    0.232857061542E-001
    0.120520000000E+005    0.234560328372E-001
    0.121020000000E+005    0.236267890232E-001
    0.121520000000E+005    0.237979728197E-001
    0.122020000000E+005    0.239695823390E-001
    0.122520000000E+005    0.241416156984E-001
    0.123020000000E+005    0.243140710202E-001
    0.123520000000E+005    0.244869464314E-001
    0.124020000000E+005    0.246602400640E-001
    0.124520000000E+005    0.248339500550E-001
    0.125020000000E+005    0.250080745461E-001
    0.125520000000E+005    0.251826116839E-001
    0.126020000000E+005    0.253575596199E-001
    0.126520000000E+005    0.255329165105E-001
    0.127020000000E+005    0.257086805168E-001
    0.127520000000E+005    0.258848498048E-001
    0.128020000000E+005    0.260614225453E-001
    0.128520000000E+005    0.262383969139E-001
    0.129020000000E+005    0.264157710911E-001
    0.129520000000E+005    0.265935432621E-001
    0.130020000000E+005    0.267717116167E-001
    0.130520000000E+005    0.269502743498E-001
    0.131020000000E+005    0.271292296609E-001
    0.131520000000E+005    0.273085757542E-001
    0.132020000000E+005    0.274883108386E-001
    0.132520000000E+005    0.276684331280E-001
    0.133020000000E+005    0.278489408407E-001
    0.133520000000E+005    0.280298321999E-001
    0.134020000000E+005    0.282111054335E-001
    0.134520000000E+005    0.283927587739E-001
    0.135020000000E+005    0.285747904584E-001
    0.135520000000E+005    0.287571987290E-001
    0.136020000000E+005    0.289399818321E-001
    0.136520000000E+005    0.291231380189E-001
    0.137020000000E+005    0.293066655454E-001
    0.137520000000E+005    0.294905626720E-001
    0.138020000000E+005    0.296748276638E-001
    0.138520000000E+005    0.298594587906E-001
    0.139020000000E+005    0.300444543268E-001
    0.139520000000E+005    0.302298125512E-001
    0.140020000000E+005    0.304155317473E-001
    0.140520000000E+005    0.306016102035E-001
    0.141020000000E+005    0.307880462122E-001
    0.141520000000E+005    0.309748380708E-001
    0.142020000000E+005    0.311619840810E-001
    0.142520000000E+005    0.313494825493E-001
    0.143020000000E+005    0.315373317864E-001
    0.143520000000E+005    0.317255301079E-001
    0.144020000000E+005    0.319140758336E-001
    0.144520000000E+005    0.321029672881E-001
    0.145020000000E+005    0.322922028001E-001
    0.145520000000E+005    0.324817807033E-001
    0.146020000000E+005    0.326716993354E-001
    0.146520000000E+005    0.328619570389E-001
    0.147020000000E+005    0.330525521606E-001
    0.147520000000E+005    0.332434830519E-001
    0.148020000000E+005    0.334347480686E-001
    0.148520000000E+005    0.336263455707E-001
    0.149020000000E+005    0.338182739231E-001
    0.149520000000E+005    0.340105314946E-001
    0.150020000000E+005    0.342031166589E-001
    0.150520000000E+005    0.343960277937E-001
    0.151020000000E+005    0.345892632813E-001
    0.151520000000E+005    0.347828215085E-001
    0.152020000000E+005    0.349767008662E-001
    0.152520000000E+005    0.351708997498E-001
    0.153020000000E+005    0.353654165592E-001
    0.153520000000E+005    0.355602496985E-001
    0.154020000000E+005    0.357553975761E-001
    0.154520000000E+005    0.359508586049E-001
    0.155020000000E+005    0.361466312020E-001
    0.155520000000E+005    0.363427137889E-001
    0.156020000000E+005    0.365391047913E-001
    0.156520000000E+005    0.367358026393E-001
    0.157020000000E+005    0.369328057674E-001
    0.157520000000E+005    0.371301126141E-001
    0.158020000000E+005    0.373277216225E-001
    0.158520000000E+005    0.375256312397E-001
    0.159020000000E+005    0.377238399173E-001
    0.159520000000E+005    0.379223461109E-001
    0.160020000000E+005    0.381211482807E-001
    0.160520000000E+005    0.383202448907E-001
    0.161020000000E+005    0.385196344095E-001
    0.161520000000E+005    0.387193153097E-001
    0.162020000000E+005    0.389192860683E-001
    0.162520000000E+005    0.391195451663E-001
    0.163020000000E+005    0.393200910891E-001
    0.163520000000E+005    0.395209223261E-001
    0.164020000000E+005    0.397220373711E-001
    0.164520000000E+005    0.399234347219E-001
    0.165020000000E+005    0.401251128806E-001
    0.165520000000E+005    0.403270703532E-001
    0.166020000000E+005    0.405293056503E-001
    0.166520000000E+005    0.407318172862E-001
    0.167020000000E+005    0.409346037797E-001
    0.167520000000E+005    0.411376636534E-001
    0.168020000000E+005    0.413409954342E-001
    0.168520000000E+005    0.415445976532E-001
    0.169020000000E+005    0.417484688454E-001
    0.169520000000E+005    0.419526075501E-001
    0.170020000000E+005    0.421570123106E-001
    0.170520000000E+005    0.423616816741E-001
    0.171020000000E+005    0.425666141924E-001
    0.171520000000E+005    0.427718084207E-001
    0.172020000000E+005    0.429772629188E-001
    0.172520000000E+005    0.431829762503E-001
    0.173020000000E+005    0.433889469829E-001
    0.173520000000E+005    0.435951736883E-001
    0.174020000000E+005    0.438016549424E-001
    0.174520000000E+005    0.440083893249E-001
    0.175020000000E+005    0.442153754196E-001
    0.175520000000E+005    0.444226118145E-001
    0.176020000000E+005    0.446300971013E-001
    0.176520000000E+005    0.448378298759E-001
    0.177020000000E+005    0.450458087381E-001
    0.177520000000E+005    0.452540322918E-001
    0.178020000000E+005    0.454624991447E-001
    0.178520000000E+005    0.456712079087E-001
    0.179020000000E+005    0.458801571994E-001
    0.179520000000E+005    0.460893456365E-001
    0.180020000000E+005    0.462987718437E-001
    0.180520000000E+005    0.465084344487E-001
    0.181020000000E+005    0.467183320828E-001
    0.181520000000E+005    0.469284633815E-001
    0.182020000000E+005    0.471388269843E-001
    0.182520000000E+005    0.473494215344E-001
    0.183020000000E+005    0.475602456790E-001
    0.183520000000E+005    0.477712980692E-001
    0.184020000000E+005    0.479825773600E-001
    0.184520000000E+005    0.481940822103E-001
    0.185020000000E+005    0.484058112829E-001
    0.185520000000E+005    0.486177632445E-001
    0.186020000000E+005    0.488299367654E-001
    0.186520000000E+005    0.490423305202E-001
    0.187020000000E+005    0.492549431871E-001
    0.187520000000E+005    0.494677734481E-001
    0.188020000000E+005    0.496808199892E-001
    0.188520000000E+005    0.498940815001E-001
    0.189020000000E+005    0.501075566745E-001
    0.189520000000E+005    0.503212442098E-001
    0.190020000000E+005    0.505351428071E-001
    0.190520000000E+005    0.507492511717E-001
    0.191020000000E+005    0.509635680122E-001
    0.191520000000E+005    0.511780920414E-001
    0.192020000000E+005    0.513928219757E-001
    0.192520000000E+005    0.516077565354E-001
    0.193020000000E+005    0.518228944444E-001
    0.193520000000E+005    0.520382344305E-001
    0.194020000000E+005    0.522537752253E-001
    0.194520000000E+005    0.524695155641E-001
    0.195020000000E+005    0.526854541859E-001
    0.195520000000E+005    0.529015898335E-001
    0.196020000000E+005    0.531179212535E-001
    0.196520000000E+005    0.533344471962E-001
    0.197020000000E+005    0.535511664155E-001
    0.197520000000E+005    0.537680776691E-001
    0.198020000000E+005    0.539851797186E-001
    0.198520000000E+005    0.542024713290E-001
    0.199020000000E+005    0.544199512692E-001
    0.199520000000E+005    0.546376183117E-001
    0.200020000000E+005    0.548554712327E-001
    0.200520000000E+005    0.550735088121E-001
    0.201020000000E+005    0.552917298336E-001
    0.201520000000E+005    0.555101330842E-001
    0.202020000000E+005    0.557287173550E-001
    0.202520000000E+005    0.559474814405E-001
    0.203020000000E+005    0.561664241388E-001
    0.203520000000E+005    0.563855442518E-001
    0.204020000000E+005    0.566048405849E-001
    0.204520000000E+005    0.568243119473E-001
    0.205020000000E+005    0.570439571517E-001
    0.205520000000E+005    0.572637750143E-001
    0.206020000000E+005    0.574837643550E-001
    0.206520000000E+005    0.577039239975E-001
    0.207020000000E+005    0.579242527687E-001
    0.207520000000E+005    0.581447494993E-001
    0.208020000000E+005    0.583654130237E-001
    0.208520000000E+005    0.585862421796E-001
    0.209020000000E+005    0.588072358084E-001
    0.209520000000E+005    0.590283927550E-001
    0.210020000000E+005    0.592497118679E-001
    0.210520000000E+005    0.594711919991E-001
    0.211020000000E+005    0.596928320042E-001
    0.211520000000E+005    0.599146307421E-001
    0.212020000000E+005    0.601365870754E-001
    0.212520000000E+005    0.603586998703E-001
    0.213020000000E+005    0.605809679962E-001
    0.213520000000E+005    0.608033903262E-001
    0.214020000000E+005    0.610259657368E-001
    0.214520000000E+005    0.612486931081E-001
    0.215020000000E+005    0.614715713234E-001
    0.215520000000E+005    0.616945992697E-001
    0.216020000000E+005    0.619177758374E-001
    0.216520000000E+005    0.621410999201E-001
    0.217020000000E+005    0.623645704152E-001
    0.217520000000E+005    0.625881862232E-001
    0.218020000000E+005    0.628119462483E-001
    0.218520000000E+005    0.630358493978E-001
    0.219020000000E+005    0.632598945825E-001
    0.219520000000E+005    0.634840807168E-001
    0.220020000000E+005    0.637084067181E-001
    0.220520000000E+005    0.639328715074E-001
    0.221020000000E+005    0.641574740090E-001
    0.221520000000E+005    0.643822131506E-001
    0.222020000000E+005    0.646070878630E-001
    0.222520000000E+005    0.648320970807E-001
    0.223020000000E+005    0.650572397413E-001
    0.223520000000E+005    0.652825147856E-001
    0.224020000000E+005    0.655079211578E-001
    0.224520000000E+005    0.657334578055E-001
    0.225020000000E+005    0.659591236795E-001
    0.225520000000E+005    0.661849177337E-001
    0.226020000000E+005    0.664108389254E-001
    0.226520000000E+005    0.666368862152E-001
    0.227020000000E+005    0.668630585669E-001
    0.227520000000E+005    0.670893549474E-001
    0.228020000000E+005    0.673157743269E-001
    0.228520000000E+005    0.675423156788E-001
    0.229020000000E+005    0.677689779797E-001
    0.229520000000E+005    0.679957602093E-001
    0.230020000000E+005    0.682226613506E-001
    0.230520000000E+005    0.684496803897E-001
    0.231020000000E+005    0.686768163158E-001
    0.231520000000E+005    0.689040681213E-001
    0.232020000000E+005    0.691314348016E-001
    0.232520000000E+005    0.693589153554E-001
    0.233020000000E+005    0.695865087843E-001
    0.233520000000E+005    0.698142140933E-001
    0.234020000000E+005    0.700420302900E-001
    0.234520000000E+005    0.702699563855E-001
    0.235020000000E+005    0.704979913938E-001
    0.235520000000E+005    0.707261343319E-001
    0.236020000000E+005    0.709543842199E-001
    0.236520000000E+005    0.711827400808E-001
    0.237020000000E+005    0.714112009408E-001
    0.237520000000E+005    0.716397658289E-001
    0.238020000000E+005    0.718684337773E-001
    0.238520000000E+005    0.720972038210E-001
    0.239020000000E+005    0.723260749980E-001
    0.239520000000E+005    0.725550463494E-001
    0.240020000000E+005    0.727841169189E-001
    0.240520000000E+005    0.730132857535E-001
    0.241020000000E+005    0.732425519029E-001
    0.241520000000E+005    0.734719144197E-001
    0.242020000000E+005    0.737013723595E-001
    0.242520000000E+005    0.739309247808E-001
    0.243020000000E+005    0.741605707449E-001
    0.243520000000E+005    0.743903093158E-001
    0.244020000000E+005    0.746201395606E-001
    0.244520000000E+005    0.748500605492E-001
    0.245020000000E+005    0.750800713542E-001
    0.245520000000E+005    0.753101710511E-001
    0.246020000000E+005    0.755403587181E-001
    0.246520000000E+005    0.757706334363E-001
    0.247020000000E+005    0.760009942896E-001
    0.247520000000E+005    0.762314403645E-001
    0.248020000000E+005    0.764619707504E-001
    0.248520000000E+005    0.766925845394E-001
    0.249020000000E+005    0.769232808263E-001
    0.249520000000E+005    0.771540587087E-001
    0.250020000000E+005    0.773849172868E-001
    0.250520000000E+005    0.776158556636E-001
    0.251020000000E+005    0.778468729448E-001
    0.251520000000E+005    0.780779682385E-001
    0.252020000000E+005    0.783091406559E-001
    0.252520000000E+005    0.785403893105E-001
    0.253020000000E+005    0.787717133187E-001
    0.253520000000E+005    0.790031117993E-001
    0.254020000000E+005    0.792345838738E-001
    0.254520000000E+005    0.794661286665E-001
    0.255020000000E+005    0.796977453040E-001
    0.255520000000E+005    0.799294329157E-001
    0.256020000000E+005    0.801611906335E-001
    0.256520000000E+005    0.803930175919E-001
    0.257020000000E+005    0.806249129279E-001
    0.257520000000E+005    0.808568757811E-001
    0.258020000000E+005    0.810889052936E-001
    0.258520000000E+005    0.813210006102E-001
    0.259020000000E+005    0.815531608779E-001
    0.259520000000E+005    0.817853852465E-001
    0.260020000000E+005    0.820176728682E-001
    0.260520000000E+005    0.822500228977E-001
    0.261020000000E+005    0.824824344920E-001
    0.261520000000E+005    0.827149068109E-001
    0.262020000000E+005    0.829474390165E-001
    0.262520000000E+005    0.831800302733E-001
    0.263020000000E+005    0.834126797484E-001
    0.263520000000E+005    0.836453866110E-001
    0.264020000000E+005    0.838781500333E-001
    0.264520000000E+005    0.841109691893E-001
    0.265020000000E+005    0.843438432559E-001
    0.265520000000E+005    0.845767714121E-001
    0.266020000000E+005    0.848097528394E-001
    0.266520000000E+005    0.850427867217E-001
    0.267020000000E+005    0.852758722453E-001
    0.267520000000E+005    0.855090085988E-001
    0.268020000000E+005    0.857421949732E-001
    0.268520000000E+005    0.859754305619E-001
    0.269020000000E+005    0.862087145605E-001
    0.269520000000E+005    0.864420461671E-001
    0.270020000000E+005    0.866754245821E-001
    0.270520000000E+005    0.869088490081E-001
    0.271020000000E+005    0.871423186502E-001
    0.271520000000E+005    0.873758327157E-001
    0.272020000000E+005    0.876093904142E-001
    0.272520000000E+005    0.878429909576E-001
    0.273020000000E+005    0.880766335602E-001
    0.273520000000E+005    0.883103174385E-001
    0.274020000000E+005    0.885440418112E-001
    0.274520000000E+005    0.887778058994E-001
    0.275020000000E+005    0.890116089264E-001
    0.275520000000E+005    0.892454501177E-001
    0.276020000000E+005    0.894793287013E-001
    0.276520000000E+005    0.897132439071E-001
    0.277020000000E+005    0.899471949674E-001
    0.277520000000E+005    0.901811811169E-001
    0.278020000000E+005    0.904152015922E-001
    0.278520000000E+005    0.906492556323E-001
    0.279020000000E+005    0.908833424785E-001
    0.279520000000E+005    0.911174613742E-001
    0.280020000000E+005    0.913516115650E-001
    0.280520000000E+005    0.915857922987E-001
    0.281020000000E+005    0.918200028253E-001
    0.281520000000E+005    0.920542423971E-001
    0.282020000000E+005    0.922885102684E-001
    0.282520000000E+005    0.925228056958E-001
    0.283020000000E+005    0.927571279381E-001
    0.283520000000E+005    0.929914762561E-001
    0.284020000000E+005    0.932258499130E-001
    0.284520000000E+005    0.934602481740E-001
    0.285020000000E+005    0.936946703064E-001
    0.285520000000E+005    0.939291155799E-001
    0.286020000000E+005    0.941635832662E-001
    0.286520000000E+005    0.943980726390E-001
    0.287020000000E+005    0.946325829743E-001
    0.287520000000E+005    0.948671135503E-001
    0.288020000000E+005    0.951016636472E-001
    0.288520000000E+005    0.953362325473E-001
    0.289020000000E+005    0.955708195352E-001
    0.289520000000E+005    0.958054238974E-001
    0.290020000000E+005    0.960400449226E-001
    0.290520000000E+005    0.962746819017E-001
    0.291020000000E+005    0.965093341276E-001
    0.291520000000E+005    0.967440008953E-001
    0.292020000000E+005    0.969786815020E-001
    0.292520000000E+005    0.972133752469E-001
    0.293020000000E+005    0.974480814312E-001
    0.293520000000E+005    0.976827993584E-001
    0.294020000000E+005    0.979175283339E-001
    0.294520000000E+005    0.981522676654E-001
    0.295020000000E+005    0.983870166624E-001
    0.295520000000E+005    0.986217746367E-001
    0.296020000000E+005    0.988565409020E-001
    0.296520000000E+005    0.990913147742E-001
    0.297020000000E+005    0.993260955711E-001
    0.297520000000E+005    0.995608826128E-001
    0.298020000000E+005    0.997956752213E-001
    0.298520000000E+005    0.100030472721E+000
    0.299020000000E+005    0.100265274437E+000
    0.299520000000E+005    0.100500079698E+000
    0.300020000000E+005    0.100734887835E+000
    0.300520000000E+005    0.100969698179E+000
    0.301020000000E+005    0.101204510065E+000
    0.301520000000E+005    0.101439322830E+000
    0.302020000000E+005    0.101674135811E+000
    0.302520000000E+005    0.101908948349E+000
    0.303020000000E+005    0.102143759786E+000
    0.303520000000E+005    0.102378569467E+000
    0.304020000000E+005    0.102613376739E+000
    0.304520000000E+005    0.102848180949E+000
    0.305020000000E+005    0.103082981449E+000
    0.305520000000E+005    0.103317777590E+000
    0.306020000000E+005    0.103552568727E+000
    0.306520000000E+005    0.103787354217E+000
    0.307020000000E+005    0.104022133419E+000
    0.307520000000E+005    0.104256905692E+000
    0.308020000000E+005    0.104491670400E+000
    0.308520000000E+005    0.104726426907E+000
    0.309020000000E+005    0.104961174579E+000
    0.309520000000E+005    0.105195912785E+000
    0.310020000000E+005    0.105430640895E+000
    0.310520000000E+005    0.105665358282E+000
    0.311020000000E+005    0.105900064321E+000
    0.311520000000E+005    0.106134758388E+000
    0.312020000000E+005    0.106369439860E+000
    0.312520000000E+005    0.106604108120E+000
    0.313020000000E+005    0.106838762548E+000
    0.313520000000E+005    0.107073402530E+000
    0.314020000000E+005    0.107308027452E+000
    0.314520000000E+005    0.107542636701E+000
    0.315020000000E+005    0.107777229669E+000
    0.315520000000E+005    0.108011805748E+000
    0.316020000000E+005    0.108246364331E+000
    0.316520000000E+005    0.108480904815E+000
    0.317020000000E+005    0.108715426599E+000
    0.317520000000E+005    0.108949929081E+000
    0.318020000000E+005    0.109184411664E+000
    0.318520000000E+005    0.109418873752E+000
    0.319020000000E+005    0.109653314752E+000
    0.319520000000E+005    0.109887734070E+000
    0.320020000000E+005    0.110122131116E+000
    0.320520000000E+005    0.110356505303E+000
    0.321020000000E+005    0.110590856044E+000
    0.321520000000E+005    0.110825182755E+000
    0.322020000000E+005    0.111059484853E+000
    0.322520000000E+005    0.111293761758E+000
    0.323020000000E+005    0.111528012890E+000
    0.323520000000E+005    0.111762237675E+000
    0.324020000000E+005    0.111996435536E+000
    0.324520000000E+005    0.112230605901E+000
    0.325020000000E+005    0.112464748199E+000
    0.325520000000E+005    0.112698861862E+000
    0.326020000000E+005    0.112932946322E+000
    0.326520000000E+005    0.113167001014E+000
    0.327020000000E+005    0.113401025374E+000
    0.327520000000E+005    0.113635018843E+000
    0.328020000000E+005    0.113868980859E+000
    0.328520000000E+005    0.114102910867E+000
    0.329020000000E+005    0.114336808309E+000
    0.329520000000E+005    0.114570672634E+000
    0.330020000000E+005    0.114804503288E+000
    0.330520000000E+005    0.115038299722E+000
    0.331020000000E+005    0.115272061388E+000
    0.331520000000E+005    0.115505787741E+000
    0.332020000000E+005    0.115739478236E+000
    0.332520000000E+005    0.115973132330E+000
    0.333020000000E+005    0.116206749484E+000
    0.333520000000E+005    0.116440329158E+000
    0.334020000000E+005    0.116673870817E+000
    0.334520000000E+005    0.116907373926E+000
    0.335020000000E+005    0.117140837951E+000
    0.335520000000E+005    0.117374262363E+000
    0.336020000000E+005    0.117607646632E+000
    0.336520000000E+005    0.117840990230E+000
    0.337020000000E+005    0.118074292633E+000
    0.337520000000E+005    0.118307553317E+000
    0.338020000000E+005    0.118540771761E+000
    0.338520000000E+005    0.118773947445E+000
    0.339020000000E+005    0.119007079850E+000
    0.339520000000E+005    0.119240168463E+000
    0.340020000000E+005    0.119473212767E+000
    0.340520000000E+005    0.119706212251E+000
    0.341020000000E+005    0.119939166405E+000
    0.341520000000E+005    0.120172074721E+000
    0.342020000000E+005    0.120404936691E+000
    0.342520000000E+005    0.120637751810E+000
    0.343020000000E+005    0.120870519577E+000
    0.343520000000E+005    0.121103239490E+000
    0.344020000000E+005    0.121335911049E+000
    0.344520000000E+005    0.121568533758E+000
    0.345020000000E+005    0.121801107121E+000
    0.345520000000E+005    0.122033630643E+000
    0.346020000000E+005    0.122266103835E+000
    0.346520000000E+005    0.122498526204E+000
    0.347020000000E+005    0.122730897264E+000
    0.347520000000E+005    0.122963216527E+000
    0.348020000000E+005    0.123195483510E+000
    0.348520000000E+005    0.123427697730E+000
    0.349020000000E+005    0.123659858705E+000
    0.349520000000E+005    0.123891965957E+000
    0.350020000000E+005    0.124124019009E+000
    0.350520000000E+005    0.124356017386E+000
    0.351020000000E+005    0.124587960613E+000
    0.351520000000E+005    0.124819848219E+000
    0.352020000000E+005    0.125051679734E+000
    0.352520000000E+005    0.125283454690E+000
    0.353020000000E+005    0.125515172620E+000
    0.353520000000E+005    0.125746833061E+000
    0.354020000000E+005    0.125978435549E+000
    0.354520000000E+005    0.126209979624E+000
    0.355020000000E+005    0.126441464826E+000
    0.355520000000E+005    0.126672890698E+000
    0.356020000000E+005    0.126904256785E+000
    0.356520000000E+005    0.127135562633E+000
    0.357020000000E+005    0.127366807789E+000
    0.357520000000E+005    0.127597991804E+000
    0.358020000000E+005    0.127829114230E+000
    0.358520000000E+005    0.128060174619E+000
    0.359020000000E+005    0.128291172527E+000
    0.359520000000E+005    0.128522107510E+000
    0.360020000000E+005    0.128752979128E+000
    0.360520000000E+005    0.128983786941E+000
    0.361020000000E+005    0.129214530512E+000
    0.361520000000E+005    0.129445209403E+000
    0.362020000000E+005    0.129675823181E+000
    0.362520000000E+005    0.129906371413E+000
    0.363020000000E+005    0.130136853669E+000
    0.363520000000E+005    0.130367269520E+000
    0.364020000000E+005    0.130597618537E+000
    0.364520000000E+005    0.130827900297E+000
    0.365020000000E+005    0.131058114374E+000
    0.365520000000E+005    0.131288260347E+000
    0.366020000000E+005    0.131518337796E+000
    0.366520000000E+005    0.131748346301E+000
    0.367020000000E+005    0.131978285446E+000
    0.367520000000E+005    0.132208154816E+000
    0.368020000000E+005    0.132437953997E+000
    0.368520000000E+005    0.132667682578E+000
    0.369020000000E+005    0.132897340147E+000
    0.369520000000E+005    0.133126926298E+000
    0.370020000000E+005    0.133356440623E+000
    0.370520000000E+005    0.133585882718E+000
    0.371020000000E+005    0.133815252178E+000
    0.371520000000E+005    0.134044548602E+000
    0.372020000000E+005    0.134273771591E+000
    0.372520000000E+005    0.134502920746E+000
    0.373020000000E+005    0.134731995671E+000
    0.373520000000E+005    0.134960995970E+000
    0.374020000000E+005    0.135189921251E+000
    0.374520000000E+005    0.135418771121E+000
    0.375020000000E+005    0.135647545191E+000
    0.375520000000E+005    0.135876243072E+000
    0.376020000000E+005    0.136104864378E+000
    0.376520000000E+005    0.136333408723E+000
    0.377020000000E+005    0.136561875724E+000
    0.377520000000E+005    0.136790265000E+000
    0.378020000000E+005    0.137018576171E+000
    0.378520000000E+005    0.137246808856E+000
    0.379020000000E+005    0.137474962681E+000
    0.379520000000E+005    0.137703037268E+000
    0.380020000000E+005    0.137931032246E+000
    0.380520000000E+005    0.138158947240E+000
    0.381020000000E+005    0.138386781882E+000
    0.381520000000E+005    0.138614535801E+000
    0.382020000000E+005    0.138842208631E+000
    0.382520000000E+005    0.139069800005E+000
    0.383020000000E+005    0.139297309560E+000
    0.383520000000E+005    0.139524736932E+000
    0.384020000000E+005    0.139752081760E+000
    0.384520000000E+005    0.139979343686E+000
    0.385020000000E+005    0.140206522350E+000
    0.385520000000E+005    0.140433617396E+000
    0.386020000000E+005    0.140660628469E+000
    0.386520000000E+005    0.140887555216E+000
    0.387020000000E+005    0.141114397284E+000
    0.387520000000E+005    0.141341154323E+000
    0.388020000000E+005    0.141567825985E+000
    0.388520000000E+005    0.141794411921E+000
    0.389020000000E+005    0.142020911786E+000
    0.389520000000E+005    0.142247325235E+000
    0.390020000000E+005    0.142473651925E+000
    0.390520000000E+005    0.142699891515E+000
    0.391020000000E+005    0.142926043664E+000
    0.391520000000E+005    0.143152108034E+000
    0.392020000000E+005    0.143378084287E+000
    0.392520000000E+005    0.143603972088E+000
    0.393020000000E+005    0.143829771103E+000
    0.393520000000E+005    0.144055480998E+000
    0.394020000000E+005    0.144281101441E+000
    0.394520000000E+005    0.144506632104E+000
    0.395020000000E+005    0.144732072657E+000
    0.395520000000E+005    0.144957422772E+000
    0.396020000000E+005    0.145182682125E+000
    0.396520000000E+005    0.145407850390E+000
    0.397020000000E+005    0.145632927244E+000
    0.397520000000E+005    0.145857912366E+000
    0.398020000000E+005    0.146082805434E+000
    0.398520000000E+005    0.146307606130E+000
    0.399020000000E+005    0.146532314136E+000
    0.399520000000E+005    0.146756929136E+000
    0.400020000000E+005    0.146981450815E+000
    0.400520000000E+005    0.147205878858E+000
    0.401020000000E+005    0.147430212953E+000
    0.401520000000E+005    0.147654452789E+000
    0.402020000000E+005    0.147878598056E+000
    0.402520000000E+005    0.148102648446E+000
    0.403020000000E+005    0.148326603650E+000
    0.403520000000E+005    0.148550463364E+000
    0.404020000000E+005    0.148774227281E+000
    0.404520000000E+005    0.148997895099E+000
    0.405020000000E+005    0.149221466515E+000
    0.405520000000E+005    0.149444941227E+000
    0.406020000000E+005    0.149668318937E+000
    0.406520000000E+005    0.149891599345E+000
    0.407020000000E+005    0.150114782154E+000
    0.407520000000E+005    0.150337867067E+000
    0.408020000000E+005    0.150560853789E+000
    0.408520000000E+005    0.150783742026E+000
    0.409020000000E+005    0.151006531486E+000
    0.409520000000E+005    0.151229221877E+000
    0.410020000000E+005    0.151451812907E+000
    0.410520000000E+005    0.151674304289E+000
    0.411020000000E+005    0.151896695733E+000
    0.411520000000E+005    0.152118986953E+000
    0.412020000000E+005    0.152341177662E+000
    0.412520000000E+005    0.152563267576E+000
    0.413020000000E+005    0.152785256410E+000
    0.413520000000E+005    0.153007143882E+000
    0.414020000000E+005    0.153228929711E+000
    0.414520000000E+005    0.153450613615E+000
    0.415020000000E+005    0.153672195315E+000
    0.415520000000E+005    0.153893674532E+000
    0.416020000000E+005    0.154115050989E+000
    0.416520000000E+005    0.154336324410E+000
    0.417020000000E+005    0.154557494519E+000
    0.417520000000E+005    0.154778561041E+000
    0.418020000000E+005    0.154999523704E+000
    0.418520000000E+005    0.155220382234E+000
    0.419020000000E+005    0.155441136360E+000
    0.419520000000E+005    0.155661785811E+000
    0.420020000000E+005    0.155882330319E+000
    0.420520000000E+005    0.156102769613E+000
    0.421020000000E+005    0.156323103428E+000
    0.421520000000E+005    0.156543331495E+000
    0.422020000000E+005    0.156763453549E+000
    0.422520000000E+005    0.156983469324E+000
    0.423020000000E+005    0.157203378558E+000
    0.423520000000E+005    0.157423180987E+000
    0.424020000000E+005    0.157642876348E+000
    0.424520000000E+005    0.157862464380E+000
    0.425020000000E+005    0.158081944822E+000
    0.425520000000E+005    0.158301317415E+000
    0.426020000000E+005    0.158520581900E+000
    0.426520000000E+005    0.158739738019E+000
    0.427020000000E+005    0.158958785515E+000
    0.427520000000E+005    0.159177724131E+000
    0.428020000000E+005    0.159396553611E+000
    0.428520000000E+005    0.159615273702E+000
    0.429020000000E+005    0.159833884148E+000
    0.429520000000E+005    0.160052384697E+000
    0.430020000000E+005    0.160270775096E+000
    0.430520000000E+005    0.160489055093E+000
    0.431020000000E+005    0.160707224438E+000
    0.431520000000E+005    0.160925282880E+000
    0.432020000000E+005    0.161143230170E+000
    0.432520000000E+005    0.161361066059E+000
    0.433020000000E+005    0.161578790299E+000
    0.433520000000E+005    0.161796402643E+000
    0.434020000000E+005    0.162013902843E+000
    0.434520000000E+005    0.162231290655E+000
    0.435020000000E+005    0.162448565832E+000
    0.435520000000E+005    0.162665728131E+000
    0.436020000000E+005    0.162882777306E+000
    0.436520000000E+005    0.163099713116E+000
    0.437020000000E+005    0.163316535316E+000
    0.437520000000E+005    0.163533243666E+000
    0.438020000000E+005    0.163749837924E+000
    0.438520000000E+005    0.163966317849E+000
    0.439020000000E+005    0.164182683201E+000
    0.439520000000E+005    0.164398933740E+000
    0.440020000000E+005    0.164615069228E+000
    0.440520000000E+005    0.164831089425E+000
    0.441020000000E+005    0.165046994095E+000
    0.441520000000E+005    0.165262783000E+000
    0.442020000000E+005    0.165478455904E+000
    0.442520000000E+005    0.165694012570E+000
    0.443020000000E+005    0.165909452763E+000
    0.443520000000E+005    0.166124776248E+000
    0.444020000000E+005    0.166339982790E+000
    0.444520000000E+005    0.166555072156E+000
    0.445020000000E+005    0.166770044112E+000
    0.445520000000E+005    0.166984898426E+000
    0.446020000000E+005    0.167199634864E+000
    0.446520000000E+005    0.167414253196E+000
    0.447020000000E+005    0.167628753189E+000
    0.447520000000E+005    0.167843134613E+000
    0.448020000000E+005    0.168057397238E+000
    0.448520000000E+005    0.168271540833E+000
    0.449020000000E+005    0.168485565169E+000
    0.449520000000E+005    0.168699470018E+000
    0.450020000000E+005    0.168913255150E+000
    0.450520000000E+005    0.169126920338E+000
    0.451020000000E+005    0.169340465354E+000
    0.451520000000E+005    0.169553889971E+000
    0.452020000000E+005    0.169767193962E+000
    0.452520000000E+005    0.169980377101E+000
    0.453020000000E+005    0.170193439163E+000
    0.453520000000E+005    0.170406379920E+000
    0.454020000000E+005    0.170619199150E+000
    0.454520000000E+005    0.170831896626E+000
    0.455020000000E+005    0.171044472125E+000
    0.455520000000E+005    0.171256925423E+000
    0.456020000000E+005    0.171469256297E+000
    0.456520000000E+005    0.171681464524E+000
    0.457020000000E+005    0.171893549880E+000
    0.457520000000E+005    0.172105512144E+000
    0.458020000000E+005    0.172317351095E+000
    0.458520000000E+005    0.172529066510E+000
    0.459020000000E+005    0.172740658168E+000
    0.459520000000E+005    0.172952125849E+000
    0.460020000000E+005    0.173163469332E+000
    0.460520000000E+005    0.173374688398E+000
    0.461020000000E+005    0.173585782827E+000
    0.461520000000E+005    0.173796752399E+000
    0.462020000000E+005    0.174007596896E+000
    0.462520000000E+005    0.174218316099E+000
    0.463020000000E+005    0.174428909791E+000
    0.463520000000E+005    0.174639377752E+000
    0.464020000000E+005    0.174849719766E+000
    0.464520000000E+005    0.175059935615E+000
    0.465020000000E+005    0.175270025083E+000
    0.465520000000E+005    0.175479987954E+000
    0.466020000000E+005    0.175689824010E+000
    0.466520000000E+005    0.175899533037E+000
    0.467020000000E+005    0.176109114819E+000
    0.467520000000E+005    0.176318569140E+000
    0.468020000000E+005    0.176527895787E+000
    0.468520000000E+005    0.176737094544E+000
    0.469020000000E+005    0.176946165197E+000
    0.469520000000E+005    0.177155107533E+000
    0.470020000000E+005    0.177363921338E+000
    0.470520000000E+005    0.177572606399E+000
    0.471020000000E+005    0.177781162503E+000
    0.471520000000E+005    0.177989589438E+000
    0.472020000000E+005    0.178197886992E+000
    0.472520000000E+005    0.178406054952E+000
    0.473020000000E+005    0.178614093107E+000
    0.473520000000E+005    0.178822001246E+000
    0.474020000000E+005    0.179029779159E+000
    0.474520000000E+005    0.179237426633E+000
    0.475020000000E+005    0.179444943461E+000
    0.475520000000E+005    0.179652329431E+000
    0.476020000000E+005    0.179859584333E+000
    0.476520000000E+005    0.180066707960E+000
    0.477020000000E+005    0.180273700101E+000
    0.477520000000E+005    0.180480560548E+000
    0.478020000000E+005    0.180687289094E+000
    0.478520000000E+005    0.180893885529E+000
    0.479020000000E+005    0.181100349647E+000
    0.479520000000E+005    0.181306681241E+000
    0.480020000000E+005    0.181512880102E+000
    0.480520000000E+005    0.181718946026E+000
    0.481020000000E+005    0.181924878805E+000
    0.481520000000E+005    0.182130678234E+000
    0.482020000000E+005    0.182336344107E+000
    0.482520000000E+005    0.182541876218E+000
    0.483020000000E+005    0.182747274364E+000
    0.483520000000E+005    0.182952538340E+000
    0.484020000000E+005    0.183157667940E+000
    0.484520000000E+005    0.183362662963E+000
    0.485020000000E+005    0.183567523203E+000
    0.485520000000E+005    0.183772248459E+000
    0.486020000000E+005    0.183976838526E+000
    0.486520000000E+005    0.184181293204E+000
    0.487020000000E+005    0.184385612289E+000
    0.487520000000E+005    0.184589795581E+000
    0.488020000000E+005    0.184793842878E+000
    0.488520000000E+005    0.184997753978E+000
    0.489020000000E+005    0.185201528682E+000
    0.489520000000E+005    0.185405166790E+000
    0.490020000000E+005    0.185608668100E+000
    0.490520000000E+005    0.185812032415E+000
    0.491020000000E+005    0.186015259536E+000
    0.491520000000E+005    0.186218349262E+000
    0.492020000000E+005    0.186421301397E+000
    0.492520000000E+005    0.186624115742E+000
    0.493020000000E+005    0.186826792101E+000
    0.493520000000E+005    0.187029330275E+000
    0.494020000000E+005    0.187231730069E+000
    0.494520000000E+005    0.187433991286E+000
    0.495020000000E+005    0.187636113730E+000
    0.495520000000E+005    0.187838097206E+000
    0.496020000000E+005    0.188039941519E+000
    0.496520000000E+005    0.188241646475E+000
    0.497020000000E+005    0.188443211879E+000
    0.497520000000E+005    0.188644637538E+000
    0.498020000000E+005    0.188845923258E+000
    0.498520000000E+005    0.189047068847E+000
    0.499020000000E+005    0.189248074112E+000
    0.499520000000E+005    0.189448938861E+000
    0.500020000000E+005    0.189649662904E+000
    0.500520000000E+005    0.189850246048E+000
    0.501020000000E+005    0.190050688103E+000
    0.501520000000E+005    0.190250988880E+000
    0.502020000000E+005    0.190451148188E+000
    0.502520000000E+005    0.190651165839E+000
    0.503020000000E+005    0.190851041643E+000
    0.503520000000E+005    0.191050775413E+000
    0.504020000000E+005    0.191250366961E+000
    0.504520000000E+005    0.191449816099E+000
    0.505020000000E+005    0.191649122641E+000
    0.505520000000E+005    0.191848286400E+000
    0.506020000000E+005    0.192047307191E+000
    0.506520000000E+005    0.192246184829E+000
    0.507020000000E+005    0.192444919128E+000
    0.507520000000E+005    0.192643509904E+000
    0.508020000000E+005    0.192841956974E+000
    0.508520000000E+005    0.193040260155E+000
    0.509020000000E+005    0.193238419263E+000
    0.509520000000E+005    0.193436434117E+000
    0.510020000000E+005    0.193634304534E+000
    0.510520000000E+005    0.193832030334E+000
    0.511020000000E+005    0.194029611337E+000
    0.511520000000E+005    0.194227047361E+000
    0.512020000000E+005    0.194424338228E+000
    0.512520000000E+005    0.194621483758E+000
    0.513020000000E+005    0.194818483773E+000
    0.513520000000E+005    0.195015338095E+000
    0.514020000000E+005    0.195212046547E+000
    0.514520000000E+005    0.195408608952E+000
    0.515020000000E+005    0.195605025135E+000
    0.515520000000E+005    0.195801294918E+000
    0.516020000000E+005    0.195997418127E+000
    0.516520000000E+005    0.196193394588E+000
    0.517020000000E+005    0.196389224127E+000
    0.517520000000E+005    0.196584906570E+000
    0.518020000000E+005    0.196780441745E+000
    0.518520000000E+005    0.196975829480E+000
    0.519020000000E+005    0.197171069602E+000
    0.519520000000E+005    0.197366161941E+000
    0.520020000000E+005    0.197561106327E+000
    0.520520000000E+005    0.197755902589E+000
    0.521020000000E+005    0.197950550559E+000
    0.521520000000E+005    0.198145050068E+000
    0.522020000000E+005    0.198339400948E+000
    0.522520000000E+005    0.198533603032E+000
    0.523020000000E+005    0.198727656152E+000
    0.523520000000E+005    0.198921560144E+000
    0.524020000000E+005    0.199115314840E+000
    0.524520000000E+005    0.199308920077E+000
    0.525020000000E+005    0.199502375691E+000
    0.525520000000E+005    0.199695681516E+000
    0.526020000000E+005    0.199888837391E+000
    0.526520000000E+005    0.200081843154E+000
    0.527020000000E+005    0.200274698641E+000
    0.527520000000E+005    0.200467403694E+000
    0.528020000000E+005    0.200659958149E+000
    0.528520000000E+005    0.200852361850E+000
    0.529020000000E+005    0.201044614635E+000
    0.529520000000E+005    0.201236716346E+000
    0.530020000000E+005    0.201428666826E+000
    0.530520000000E+005    0.201620465917E+000
    0.531020000000E+005    0.201812113463E+000
    0.531520000000E+005    0.202003609308E+000
    0.532020000000E+005    0.202194953297E+000
    0.532520000000E+005    0.202386145274E+000
    0.533020000000E+005    0.202577185087E+000
    0.533520000000E+005    0.202768072582E+000
    0.534020000000E+005    0.202958807606E+000
    0.534520000000E+005    0.203149390007E+000
    0.535020000000E+005    0.203339819635E+000
    0.535520000000E+005    0.203530096338E+000
    0.536020000000E+005    0.203720219967E+000
    0.536520000000E+005    0.203910190372E+000
    0.537020000000E+005    0.204100007405E+000
    0.537520000000E+005    0.204289670918E+000
    0.538020000000E+005    0.204479180764E+000
    0.538520000000E+005    0.204668536796E+000
    0.539020000000E+005    0.204857738869E+000
    0.539520000000E+005    0.205046786836E+000
    0.540020000000E+005    0.205235680555E+000
    0.540520000000E+005    0.205424419880E+000
    0.541020000000E+005    0.205613004670E+000
    0.541520000000E+005    0.205801434781E+000
    0.542020000000E+005    0.205989710071E+000
    0.542520000000E+005    0.206177830400E+000
    0.543020000000E+005    0.206365795627E+000
    0.543520000000E+005    0.206553605613E+000
    0.544020000000E+005    0.206741260219E+000
    0.544520000000E+005    0.206928759306E+000
    0.545020000000E+005    0.207116102736E+000
    0.545520000000E+005    0.207303290373E+000
    0.546020000000E+005    0.207490322081E+000
    0.546520000000E+005    0.207677197724E+000
    0.547020000000E+005    0.207863917167E+000
    0.547520000000E+005    0.208050480276E+000
    0.548020000000E+005    0.208236886918E+000
    0.548520000000E+005    0.208423136959E+000
    0.549020000000E+005    0.208609230268E+000
    0.549520000000E+005    0.208795166714E+000
    0.550020000000E+005    0.208980946165E+000
    0.550520000000E+005    0.209166568492E+000
    0.551020000000E+005    0.209352033565E+000
    0.551520000000E+005    0.209537341256E+000
    0.552020000000E+005    0.209722491437E+000
    0.552520000000E+005    0.209907483981E+000
    0.553020000000E+005    0.210092318761E+000
    0.553520000000E+005    0.210276995651E+000
    0.554020000000E+005    0.210461514527E+000
    0.554520000000E+005    0.210645875263E+000
    0.555020000000E+005    0.210830077736E+000
    0.555520000000E+005    0.211014121824E+000
    0.556020000000E+005    0.211198007403E+000
    0.556520000000E+005    0.211381734352E+000
    0.557020000000E+005    0.211565302549E+000
    0.557520000000E+005    0.211748711876E+000
    0.558020000000E+005    0.211931962211E+000
    0.558520000000E+005    0.212115053437E+000
    0.559020000000E+005    0.212297985435E+000
    0.559520000000E+005    0.212480758087E+000
    0.560020000000E+005    0.212663371277E+000
    0.560520000000E+005    0.212845824888E+000
    0.561020000000E+005    0.213028118805E+000
    0.561520000000E+005    0.213210252913E+000
    0.562020000000E+005    0.213392227098E+000
    0.562520000000E+005    0.213574041247E+000
    0.563020000000E+005    0.213755695246E+000
    0.563520000000E+005    0.213937188985E+000
    0.564020000000E+005    0.214118522351E+000
    0.564520000000E+005    0.214299695233E+000
    0.565020000000E+005    0.214480707523E+000
    0.565520000000E+005    0.214661559109E+000
    0.566020000000E+005    0.214842249885E+000
    0.566520000000E+005    0.215022779741E+000
    0.567020000000E+005    0.215203148570E+000
    0.567520000000E+005    0.215383356267E+000
    0.568020000000E+005    0.215563402724E+000
    0.568520000000E+005    0.215743287837E+000
    0.569020000000E+005    0.215923011500E+000
    0.569520000000E+005    0.216102573611E+000
    0.570020000000E+005    0.216281974065E+000
    0.570520000000E+005    0.216461212761E+000
    0.571020000000E+005    0.216640289595E+000
    0.571520000000E+005    0.216819204468E+000
    0.572020000000E+005    0.216997957277E+000
    0.572520000000E+005    0.217176547924E+000
    0.573020000000E+005    0.217354976309E+000
    0.573520000000E+005    0.217533242333E+000
    0.574020000000E+005    0.217711345898E+000
    0.574520000000E+005    0.217889286908E+000
    0.575020000000E+005    0.218067065264E+000
    0.575520000000E+005    0.218244680873E+000
    0.576020000000E+005    0.218422133637E+000
    0.576520000000E+005    0.218599423462E+000
    0.577020000000E+005    0.218776550255E+000
    0.577520000000E+005    0.218953513921E+000
    0.578020000000E+005    0.219130314369E+000
    0.578520000000E+005    0.219306951505E+000
    0.579020000000E+005    0.219483425239E+000
    0.579520000000E+005    0.219659735479E+000
    0.580020000000E+005    0.219835882137E+000
    0.580520000000E+005    0.220011865121E+000
    0.581020000000E+005    0.220187684343E+000
    0.581520000000E+005    0.220363339714E+000
    0.582020000000E+005    0.220538831148E+000
    0.582520000000E+005    0.220714158557E+000
    0.583020000000E+005    0.220889321855E+000
    0.583520000000E+005    0.221064320956E+000
    0.584020000000E+005    0.221239155775E+000
    0.584520000000E+005    0.221413826228E+000
    0.585020000000E+005    0.221588332230E+000
    0.585520000000E+005    0.221762673699E+000
    0.586020000000E+005    0.221936850551E+000
    0.586520000000E+005    0.222110862705E+000
    0.587020000000E+005    0.222284710080E+000
    0.587520000000E+005    0.222458392595E+000
    0.588020000000E+005    0.222631910170E+000
    0.588520000000E+005    0.222805262725E+000
    0.589020000000E+005    0.222978450181E+000
    0.589520000000E+005    0.223151472460E+000
    0.590020000000E+005    0.223324329485E+000
    0.590520000000E+005    0.223497021179E+000
    0.591020000000E+005    0.223669547464E+000
    0.591520000000E+005    0.223841908266E+000
    0.592020000000E+005    0.224014103508E+000
    0.592520000000E+005    0.224186133118E+000
    0.593020000000E+005    0.224357997019E+000
    0.593520000000E+005    0.224529695140E+000
    0.594020000000E+005    0.224701227406E+000
    0.594520000000E+005    0.224872593747E+000
    0.595020000000E+005    0.225043794091E+000
    0.595520000000E+005    0.225214828365E+000
    0.596020000000E+005    0.225385696501E+000
    0.596520000000E+005    0.225556398428E+000
    0.597020000000E+005    0.225726934078E+000
    0.597520000000E+005    0.225897303380E+000
    0.598020000000E+005    0.226067506268E+000
    0.598520000000E+005    0.226237542674E+000
    0.599020000000E+005    0.226407412531E+000
    0.599520000000E+005    0.226577115772E+000
    0.600020000000E+005    0.226746652333E+000
    0.600520000000E+005    0.226916022147E+000
    0.601020000000E+005    0.227085225151E+000
    0.601520000000E+005    0.227254261281E+000
    0.602020000000E+005    0.227423130473E+000
    0.602520000000E+005    0.227591832663E+000
    0.603020000000E+005    0.227760367791E+000
    0.603520000000E+005    0.227928735795E+000
    0.604020000000E+005    0.228096936612E+000
    0.604520000000E+005    0.228264970184E+000
    0.605020000000E+005    0.228432836449E+000
    0.605520000000E+005    0.228600535348E+000
    0.606020000000E+005    0.228768066824E+000
    0.606520000000E+005    0.228935430817E+000
    0.607020000000E+005    0.229102627269E+000
    0.607520000000E+005    0.229269656124E+000
    0.608020000000E+005    0.229436517325E+000
    0.608520000000E+005    0.229603210817E+000
    0.609020000000E+005    0.229769736542E+000
    0.609520000000E+005    0.229936094448E+000
    0.610020000000E+005    0.230102284479E+000
    0.610520000000E+005    0.230268306581E+000
    0.611020000000E+005    0.230434160702E+000
    0.611520000000E+005    0.230599846788E+000
    0.612020000000E+005    0.230765364788E+000
    0.612520000000E+005    0.230930714650E+000
    0.613020000000E+005    0.231095896323E+000
    0.613520000000E+005    0.231260909756E+000
    0.614020000000E+005    0.231425754900E+000
    0.614520000000E+005    0.231590431705E+000
    0.615020000000E+005    0.231754940122E+000
    0.615520000000E+005    0.231919280103E+000
    0.616020000000E+005    0.232083451600E+000
    0.616520000000E+005    0.232247454566E+000
    0.617020000000E+005    0.232411288954E+000
    0.617520000000E+005    0.232574954718E+000
    0.618020000000E+005    0.232738451812E+000
    0.618520000000E+005    0.232901780192E+000
    0.619020000000E+005    0.233064939812E+000
    0.619520000000E+005    0.233227930628E+000
    0.620020000000E+005    0.233390752598E+000
    0.620520000000E+005    0.233553405678E+000
    0.621020000000E+005    0.233715889825E+000
    0.621520000000E+005    0.233878204997E+000
    0.622020000000E+005    0.234040351154E+000
    0.622520000000E+005    0.234202328255E+000
    0.623020000000E+005    0.234364136258E+000
    0.623520000000E+005    0.234525775124E+000
    0.624020000000E+005    0.234687244813E+000
    0.624520000000E+005    0.234848545288E+000
    0.625020000000E+005    0.235009676508E+000
    0.625520000000E+005    0.235170638438E+000
    0.626020000000E+005    0.235331431039E+000
    0.626520000000E+005    0.235492054274E+000
    0.627020000000E+005    0.235652508108E+000
    0.627520000000E+005    0.235812792504E+000
    0.628020000000E+005    0.235972907428E+000
    0.628520000000E+005    0.236132852844E+000
    0.629020000000E+005    0.236292628718E+000
    0.629520000000E+005    0.236452235017E+000
    0.630020000000E+005    0.236611671707E+000
    0.630520000000E+005    0.236770938755E+000
    0.631020000000E+005    0.236930036130E+000
    0.631520000000E+005    0.237088963800E+000
    0.632020000000E+005    0.237247721732E+000
    0.632520000000E+005    0.237406309897E+000
    0.633020000000E+005    0.237564728265E+000
    0.633520000000E+005    0.237722976805E+000
    0.634020000000E+005    0.237881055488E+000
    0.634520000000E+005    0.238038964286E+000
    0.635020000000E+005    0.238196703169E+000
    0.635520000000E+005    0.238354272112E+000
    0.636020000000E+005    0.238511671085E+000
    0.636520000000E+005    0.238668900062E+000
    0.637020000000E+005    0.238825959017E+000
    0.637520000000E+005    0.238982847925E+000
    0.638020000000E+005    0.239139566758E+000
    0.638520000000E+005    0.239296115494E+000
    0.639020000000E+005    0.239452494107E+000
    0.639520000000E+005    0.239608702573E+000
    0.640020000000E+005    0.239764740869E+000
    0.640520000000E+005    0.239920608972E+000
    0.641020000000E+005    0.240076306860E+000
    0.641520000000E+005    0.240231834510E+000
    0.642020000000E+005    0.240387191901E+000
    0.642520000000E+005    0.240542379011E+000
    0.643020000000E+005    0.240697395821E+000
    0.643520000000E+005    0.240852242309E+000
    0.644020000000E+005    0.241006918457E+000
    0.644520000000E+005    0.241161424245E+000
    0.645020000000E+005    0.241315759654E+000
    0.645520000000E+005    0.241469924666E+000
    0.646020000000E+005    0.241623919264E+000
    0.646520000000E+005    0.241777743429E+000
    0.647020000000E+005    0.241931397146E+000
    0.647520000000E+005    0.242084880396E+000
    0.648020000000E+005    0.242238193166E+000
    0.648520000000E+005    0.242391335438E+000
    0.649020000000E+005    0.242544307199E+000
    0.649520000000E+005    0.242697108432E+000
    0.650020000000E+005    0.242849739125E+000
    0.650520000000E+005    0.243002199264E+000
    0.651020000000E+005    0.243154488834E+000
    0.651520000000E+005    0.243306607824E+000
    0.652020000000E+005    0.243458556222E+000
    0.652520000000E+005    0.243610334014E+000
    0.653020000000E+005    0.243761941190E+000
    0.653520000000E+005    0.243913377739E+000
    0.654020000000E+005    0.244064643650E+000
    0.654520000000E+005    0.244215738913E+000
    0.655020000000E+005    0.244366663518E+000
    0.655520000000E+005    0.244517417457E+000
    0.656020000000E+005    0.244668000720E+000
    0.656520000000E+005    0.244818413299E+000
    0.657020000000E+005    0.244968655185E+000
    0.657520000000E+005    0.245118726373E+000
    0.658020000000E+005    0.245268626854E+000
    0.658520000000E+005    0.245418356621E+000
    0.659020000000E+005    0.245567915670E+000
    0.659520000000E+005    0.245717303993E+000
    0.660020000000E+005    0.245866521586E+000
    0.660520000000E+005    0.246015568444E+000
    0.661020000000E+005    0.246164444562E+000
    0.661520000000E+005    0.246313149936E+000
    0.662020000000E+005    0.246461684563E+000
    0.662520000000E+005    0.246610048440E+000
    0.663020000000E+005    0.246758241563E+000
    0.663520000000E+005    0.246906263930E+000
    0.664020000000E+005    0.247054115540E+000
    0.664520000000E+005    0.247201796391E+000
    0.665020000000E+005    0.247349306481E+000
    0.665520000000E+005    0.247496645811E+000
    0.666020000000E+005    0.247643814380E+000
    0.666520000000E+005    0.247790812188E+000
    0.667020000000E+005    0.247937639236E+000
    0.667520000000E+005    0.248084295524E+000
    0.668020000000E+005    0.248230781055E+000
    0.668520000000E+005    0.248377095829E+000
    0.669020000000E+005    0.248523239850E+000
    0.669520000000E+005    0.248669213120E+000
    0.670020000000E+005    0.248815015641E+000
    0.670520000000E+005    0.248960647418E+000
    0.671020000000E+005    0.249106108454E+000
    0.671520000000E+005    0.249251398754E+000
    0.672020000000E+005    0.249396518322E+000
    0.672520000000E+005    0.249541467163E+000
    0.673020000000E+005    0.249686245283E+000
    0.673520000000E+005    0.249830852688E+000
    0.674020000000E+005    0.249975289383E+000
    0.674520000000E+005    0.250119555376E+000
    0.675020000000E+005    0.250263650674E+000
    0.675520000000E+005    0.250407575283E+000
    0.676020000000E+005    0.250551329213E+000
    0.676520000000E+005    0.250694912471E+000
    0.677020000000E+005    0.250838325066E+000
    0.677520000000E+005    0.250981567007E+000
    0.678020000000E+005    0.251124638303E+000
    0.678520000000E+005    0.251267538964E+000
    0.679020000000E+005    0.251410269001E+000
    0.679520000000E+005    0.251552828423E+000
    0.680020000000E+005    0.251695217243E+000
    0.680520000000E+005    0.251837435470E+000
    0.681020000000E+005    0.251979483118E+000
    0.681520000000E+005    0.252121360198E+000
    0.682020000000E+005    0.252263066723E+000
    0.682520000000E+005    0.252404602705E+000
    0.683020000000E+005    0.252545968158E+000
    0.683520000000E+005    0.252687163096E+000
    0.684020000000E+005    0.252828187532E+000
    0.684520000000E+005    0.252969041481E+000
    0.685020000000E+005    0.253109724958E+000
    0.685520000000E+005    0.253250237977E+000
    0.686020000000E+005    0.253390580555E+000
    0.686520000000E+005    0.253530752707E+000
    0.687020000000E+005    0.253670754450E+000
    0.687520000000E+005    0.253810585800E+000
    0.688020000000E+005    0.253950246774E+000
    0.688520000000E+005    0.254089737389E+000
    0.689020000000E+005    0.254229057664E+000
    0.689520000000E+005    0.254368207616E+000
    0.690020000000E+005    0.254507187264E+000
    0.690520000000E+005    0.254645996626E+000
    0.691020000000E+005    0.254784635722E+000
    0.691520000000E+005    0.254923104572E+000
    0.692020000000E+005    0.255061403195E+000
    0.692520000000E+005    0.255199531611E+000
    0.693020000000E+005    0.255337489842E+000
    0.693520000000E+005    0.255475277908E+000
    0.694020000000E+005    0.255612895830E+000
    0.694520000000E+005    0.255750343631E+000
    0.695020000000E+005    0.255887621331E+000
    0.695520000000E+005    0.256024728955E+000
    0.696020000000E+005    0.256161666523E+000
    0.696520000000E+005    0.256298434061E+000
    0.697020000000E+005    0.256435031590E+000
    0.697520000000E+005    0.256571459135E+000
    0.698020000000E+005    0.256707716720E+000
    0.698520000000E+005    0.256843804369E+000
    0.699020000000E+005    0.256979722108E+000
    0.699520000000E+005    0.257115469961E+000
    0.700020000000E+005    0.257251047954E+000
    0.700520000000E+005    0.257386456113E+000
    0.701020000000E+005    0.257521694464E+000
    0.701520000000E+005    0.257656763034E+000
    0.702020000000E+005    0.257791661849E+000
    0.702520000000E+005    0.257926390937E+000
    0.703020000000E+005    0.258060950325E+000
    0.703520000000E+005    0.258195340041E+000
    0.704020000000E+005    0.258329560114E+000
    0.704520000000E+005    0.258463610572E+000
    0.705020000000E+005    0.258597491445E+000
    0.705520000000E+005    0.258731202760E+000
    0.706020000000E+005    0.258864744548E+000
    0.706520000000E+005    0.258998116839E+000
    0.707020000000E+005    0.259131319663E+000
    0.707520000000E+005    0.259264353050E+000
    0.708020000000E+005    0.259397217032E+000
    0.708520000000E+005    0.259529911640E+000
    0.709020000000E+005    0.259662436905E+000
    0.709520000000E+005    0.259794792859E+000
    0.710020000000E+005    0.259926979535E+000
    0.710520000000E+005    0.260058996964E+000
    0.711020000000E+005    0.260190845180E+000
    0.711520000000E+005    0.260322524216E+000
    0.712020000000E+005    0.260454034105E+000
    0.712520000000E+005    0.260585374882E+000
    0.713020000000E+005    0.260716546580E+000
    0.713520000000E+005    0.260847549234E+000
    0.714020000000E+005    0.260978382878E+000
    0.714520000000E+005    0.261109047549E+000
    0.715020000000E+005    0.261239543280E+000
    0.715520000000E+005    0.261369870108E+000
    0.716020000000E+005    0.261500028069E+000
    0.716520000000E+005    0.261630017199E+000
    0.717020000000E+005    0.261759837536E+000
    0.717520000000E+005    0.261889489115E+000
    0.718020000000E+005    0.262018971974E+000
    0.718520000000E+005    0.262148286151E+000
    0.719020000000E+005    0.262277431683E+000
    0.719520000000E+005    0.262406408609E+000
    0.720020000000E+005    0.262535216968E+000
    0.720520000000E+005    0.262663856798E+000
    0.721020000000E+005    0.262792328138E+000
    0.721520000000E+005    0.262920631029E+000
    0.722020000000E+005    0.263048765508E+000
    0.722520000000E+005    0.263176731617E+000
    0.723020000000E+005    0.263304529396E+000
    0.723520000000E+005    0.263432158886E+000
    0.724020000000E+005    0.263559620127E+000
    0.724520000000E+005    0.263686913161E+000
    0.725020000000E+005    0.263814038029E+000
    0.725520000000E+005    0.263940994773E+000
    0.726020000000E+005    0.264067783435E+000
    0.726520000000E+005    0.264194404058E+000
    0.727020000000E+005    0.264320856685E+000
    0.727520000000E+005    0.264447141358E+000
    0.728020000000E+005    0.264573258121E+000
    0.728520000000E+005    0.264699207017E+000
    0.729020000000E+005    0.264824988091E+000
    0.729520000000E+005    0.264950601386E+000
    0.730020000000E+005    0.265076046947E+000
    0.730520000000E+005    0.265201324819E+000
    0.731020000000E+005    0.265326435047E+000
    0.731520000000E+005    0.265451377676E+000
    0.732020000000E+005    0.265576152752E+000
    0.732520000000E+005    0.265700760320E+000
    0.733020000000E+005    0.265825200428E+000
    0.733520000000E+005    0.265949473121E+000
    0.734020000000E+005    0.266073578447E+000
    0.734520000000E+005    0.266197516452E+000
    0.735020000000E+005    0.266321287183E+000
    0.735520000000E+005    0.266444890689E+000
    0.736020000000E+005    0.266568327018E+000
    0.736520000000E+005    0.266691596217E+000
    0.737020000000E+005    0.266814698335E+000
    0.737520000000E+005    0.266937633420E+000
    0.738020000000E+005    0.267060401522E+000
    0.738520000000E+005    0.267183002691E+000
    0.739020000000E+005    0.267305436975E+000
    0.739520000000E+005    0.267427704425E+000
    0.740020000000E+005    0.267549805090E+000
    0.740520000000E+005    0.267671739022E+000
    0.741020000000E+005    0.267793506270E+000
    0.741520000000E+005    0.267915106887E+000
    0.742020000000E+005    0.268036540922E+000
    0.742520000000E+005    0.268157808428E+000
    0.743020000000E+005    0.268278909456E+000
    0.743520000000E+005    0.268399844058E+000
    0.744020000000E+005    0.268520612287E+000
    0.744520000000E+005    0.268641214196E+000
    0.745020000000E+005    0.268761649836E+000
    0.745520000000E+005    0.268881919262E+000
    0.746020000000E+005    0.269002022527E+000
    0.746520000000E+005    0.269121959684E+000
    0.747020000000E+005    0.269241730787E+000
    0.747520000000E+005    0.269361335890E+000
    0.748020000000E+005    0.269480775048E+000
    0.748520000000E+005    0.269600048316E+000
    0.749020000000E+005    0.269719155748E+000
    0.749520000000E+005    0.269838097400E+000
    0.750020000000E+005    0.269956873328E+000
    0.750520000000E+005    0.270075483586E+000
    0.751020000000E+005    0.270193928232E+000
    0.751520000000E+005    0.270312207320E+000
    0.752020000000E+005    0.270430320909E+000
    0.752520000000E+005    0.270548269054E+000
    0.753020000000E+005    0.270666051812E+000
    0.753520000000E+005    0.270783669242E+000
    0.754020000000E+005    0.270901121400E+000
    0.754520000000E+005    0.271018408344E+000
    0.755020000000E+005    0.271135530132E+000
    0.755520000000E+005    0.271252486824E+000
    0.756020000000E+005    0.271369278476E+000
    0.756520000000E+005    0.271485905148E+000
    0.757020000000E+005    0.271602366899E+000
    0.757520000000E+005    0.271718663789E+000
    0.758020000000E+005    0.271834795876E+000
    0.758520000000E+005    0.271950763221E+000
    0.759020000000E+005    0.272066565883E+000
    0.759520000000E+005    0.272182203924E+000
    0.760020000000E+005    0.272297677403E+000
    0.760520000000E+005    0.272412986381E+000
    0.761020000000E+005    0.272528130920E+000
    0.761520000000E+005    0.272643111080E+000
    0.762020000000E+005    0.272757926923E+000
    0.762520000000E+005    0.272872578511E+000
    0.763020000000E+005    0.272987065905E+000
    0.763520000000E+005    0.273101389169E+000
    0.764020000000E+005    0.273215548364E+000
    0.764520000000E+005    0.273329543553E+000
    0.765020000000E+005    0.273443374799E+000
    0.765520000000E+005    0.273557042165E+000
    0.766020000000E+005    0.273670545715E+000
    0.766520000000E+005    0.273783885512E+000
    0.767020000000E+005    0.273897061620E+000
    0.767520000000E+005    0.274010074103E+000
    0.768020000000E+005    0.274122923026E+000
    0.768520000000E+005    0.274235608453E+000
    0.769020000000E+005    0.274348130448E+000
    0.769520000000E+005    0.274460489078E+000
    0.770020000000E+005    0.274572684406E+000
    0.770520000000E+005    0.274684716499E+000
    0.771020000000E+005    0.274796585423E+000
    0.771520000000E+005    0.274908291242E+000
    0.772020000000E+005    0.275019834024E+000
    0.772520000000E+005    0.275131213834E+000
    0.773020000000E+005    0.275242430740E+000
    0.773520000000E+005    0.275353484808E+000
    0.774020000000E+005    0.275464376105E+000
    0.774520000000E+005    0.275575104698E+000
    0.775020000000E+005    0.275685670655E+000
    0.775520000000E+005    0.275796074043E+000
    0.776020000000E+005    0.275906314931E+000
    0.776520000000E+005    0.276016393387E+000
    0.777020000000E+005    0.276126309478E+000
    0.777520000000E+005    0.276236063274E+000
    0.778020000000E+005    0.276345654843E+000
    0.778520000000E+005    0.276455084254E+000
    0.779020000000E+005    0.276564351576E+000
    0.779520000000E+005    0.276673456879E+000
    0.780020000000E+005    0.276782400232E+000
    0.780520000000E+005    0.276891181706E+000
    0.781020000000E+005    0.276999801370E+000
    0.781520000000E+005    0.277108259294E+000
    0.782020000000E+005    0.277216555549E+000
    0.782520000000E+005    0.277324690205E+000
    0.783020000000E+005    0.277432663333E+000
    0.783520000000E+005    0.277540475005E+000
    0.784020000000E+005    0.277648125292E+000
    0.784520000000E+005    0.277755614264E+000
    0.785020000000E+005    0.277862941995E+000
    0.785520000000E+005    0.277970108554E+000
    0.786020000000E+005    0.278077114015E+000
    0.786520000000E+005    0.278183958450E+000
    0.787020000000E+005    0.278290641931E+000
    0.787520000000E+005    0.278397164531E+000
    0.788020000000E+005    0.278503526323E+000
    0.788520000000E+005    0.278609727379E+000
    0.789020000000E+005    0.278715767773E+000
    0.789520000000E+005    0.278821647579E+000
    0.790020000000E+005    0.278927366869E+000
    0.790520000000E+005    0.279032925717E+000
    0.791020000000E+005    0.279138324199E+000
    0.791520000000E+005    0.279243562387E+000
    0.792020000000E+005    0.279348640356E+000
    0.792520000000E+005    0.279453558180E+000
    0.793020000000E+005    0.279558315935E+000
    0.793520000000E+005    0.279662913695E+000
    0.794020000000E+005    0.279767351534E+000
    0.794520000000E+005    0.279871629530E+000
    0.795020000000E+005    0.279975747756E+000
    0.795520000000E+005    0.280079706288E+000
    0.796020000000E+005    0.280183505203E+000
    0.796520000000E+005    0.280287144575E+000
    0.797020000000E+005    0.280390624482E+000
    0.797520000000E+005    0.280493945000E+000
    0.798020000000E+005    0.280597106204E+000
    0.798520000000E+005    0.280700108172E+000
    0.799020000000E+005    0.280802950980E+000
    0.799520000000E+005    0.280905634705E+000
    0.800020000000E+005    0.281008159425E+000
    0.800520000000E+005    0.281110525217E+000
    0.801020000000E+005    0.281212732157E+000
    0.801520000000E+005    0.281314780325E+000
    0.802020000000E+005    0.281416669797E+000
    0.802520000000E+005    0.281518400652E+000
    0.803020000000E+005    0.281619972968E+000
    0.803520000000E+005    0.281721386822E+000
    0.804020000000E+005    0.281822642294E+000
    0.804520000000E+005    0.281923739461E+000
    0.805020000000E+005    0.282024678404E+000
    0.805520000000E+005    0.282125459200E+000
    0.806020000000E+005    0.282226081928E+000
    0.806520000000E+005    0.282326546669E+000
    0.807020000000E+005    0.282426853500E+000
    0.807520000000E+005    0.282527002502E+000
    0.808020000000E+005    0.282626993754E+000
    0.808520000000E+005    0.282726827337E+000
    0.809020000000E+005    0.282826503329E+000
    0.809520000000E+005    0.282926021811E+000
    0.810020000000E+005    0.283025382864E+000
    0.810520000000E+005    0.283124586567E+000
    0.811020000000E+005    0.283223633002E+000
    0.811520000000E+005    0.283322522248E+000
    0.812020000000E+005    0.283421254386E+000
    0.812520000000E+005    0.283519829498E+000
    0.813020000000E+005    0.283618247665E+000
    0.813520000000E+005    0.283716508967E+000
    0.814020000000E+005    0.283814613486E+000
    0.814520000000E+005    0.283912561304E+000
    0.815020000000E+005    0.284010352502E+000
    0.815520000000E+005    0.284107987161E+000
    0.816020000000E+005    0.284205465364E+000
    0.816520000000E+005    0.284302787192E+000
    0.817020000000E+005    0.284399952728E+000
    0.817520000000E+005    0.284496962054E+000
    0.818020000000E+005    0.284593815252E+000
    0.818520000000E+005    0.284690512404E+000
    0.819020000000E+005    0.284787053594E+000
    0.819520000000E+005    0.284883438903E+000
    0.820020000000E+005    0.284979668415E+000
    0.820520000000E+005    0.285075742213E+000
    0.821020000000E+005    0.285171660379E+000
    0.821520000000E+005    0.285267422997E+000
    0.822020000000E+005    0.285363030149E+000
    0.822520000000E+005    0.285458481921E+000
    0.823020000000E+005    0.285553778394E+000
    0.823520000000E+005    0.285648919652E+000
    0.824020000000E+005    0.285743905779E+000
    0.824520000000E+005    0.285838736860E+000
    0.825020000000E+005    0.285933412977E+000
    0.825520000000E+005    0.286027934215E+000
    0.826020000000E+005    0.286122300658E+000
    0.826520000000E+005    0.286216512391E+000
    0.827020000000E+005    0.286310569496E+000
    0.827520000000E+005    0.286404472060E+000
    0.828020000000E+005    0.286498220166E+000
    0.828520000000E+005    0.286591813899E+000
    0.829020000000E+005    0.286685253343E+000
    0.829520000000E+005    0.286778538584E+000
    0.830020000000E+005    0.286871669707E+000
    0.830520000000E+005    0.286964646795E+000
    0.831020000000E+005    0.287057469935E+000
    0.831520000000E+005    0.287150139212E+000
    0.832020000000E+005    0.287242654710E+000
    0.832520000000E+005    0.287335016515E+000
    0.833020000000E+005    0.287427224712E+000
    0.833520000000E+005    0.287519279388E+000
    0.834020000000E+005    0.287611180627E+000
    0.834520000000E+005    0.287702928514E+000
    0.835020000000E+005    0.287794523137E+000
    0.835520000000E+005    0.287885964580E+000
    0.836020000000E+005    0.287977252930E+000
    0.836520000000E+005    0.288068388272E+000
    0.837020000000E+005    0.288159370692E+000
    0.837520000000E+005    0.288250200277E+000
    0.838020000000E+005    0.288340877112E+000
    0.838520000000E+005    0.288431401285E+000
    0.839020000000E+005    0.288521772880E+000
    0.839520000000E+005    0.288611991985E+000
    0.840020000000E+005    0.288702058685E+000
    0.840520000000E+005    0.288791973068E+000
    0.841020000000E+005    0.288881735220E+000
    0.841520000000E+005    0.288971345228E+000
    0.842020000000E+005    0.289060803177E+000
    0.842520000000E+005    0.289150109156E+000
    0.843020000000E+005    0.289239263250E+000
    0.843520000000E+005    0.289328265546E+000
    0.844020000000E+005    0.289417116132E+000
    0.844520000000E+005    0.289505815095E+000
    0.845020000000E+005    0.289594362520E+000
    0.845520000000E+005    0.289682758497E+000
    0.846020000000E+005    0.289771003110E+000
    0.846520000000E+005    0.289859096448E+000
    0.847020000000E+005    0.289947038598E+000
    0.847520000000E+005    0.290034829647E+000
    0.848020000000E+005    0.290122469683E+000
    0.848520000000E+005    0.290209958791E+000
    0.849020000000E+005    0.290297297061E+000
    0.849520000000E+005    0.290384484580E+000
    0.850020000000E+005    0.290471521434E+000
    0.850520000000E+005    0.290558407712E+000
    0.851020000000E+005    0.290645143500E+000
    0.851520000000E+005    0.290731728887E+000
    0.852020000000E+005    0.290818163960E+000
    0.852520000000E+005    0.290904448807E+000
    0.853020000000E+005    0.290990583515E+000
    0.853520000000E+005    0.291076568172E+000
    0.854020000000E+005    0.291162402865E+000
    0.854520000000E+005    0.291248087684E+000
    0.855020000000E+005    0.291333622714E+000
    0.855520000000E+005    0.291419008044E+000
    0.856020000000E+005    0.291504243763E+000
    0.856520000000E+005    0.291589329957E+000
    0.857020000000E+005    0.291674266715E+000
    0.857520000000E+005    0.291759054124E+000
    0.858020000000E+005    0.291843692273E+000
    0.858520000000E+005    0.291928181249E+000
    0.859020000000E+005    0.292012521140E+000
    0.859520000000E+005    0.292096712035E+000
    0.860020000000E+005    0.292180754021E+000
    0.860520000000E+005    0.292264647186E+000
    0.861020000000E+005    0.292348391619E+000
    0.861520000000E+005    0.292431987407E+000
    0.862020000000E+005    0.292515434639E+000
    0.862520000000E+005    0.292598733402E+000
    0.863020000000E+005    0.292681883785E+000
    0.863520000000E+005    0.292764885875E+000
    0.864020000000E+005    0.292847739761E+000
    0.864520000000E+005    0.292930445531E+000
    0.865020000000E+005    0.293013003273E+000
    0.865520000000E+005    0.293095413075E+000
    0.866020000000E+005    0.293177675025E+000
    0.866520000000E+005    0.293259789211E+000
    0.867020000000E+005    0.293341755721E+000
    0.867520000000E+005    0.293423574645E+000
    0.868020000000E+005    0.293505246068E+000
    0.868520000000E+005    0.293586770081E+000
    0.869020000000E+005    0.293668146770E+000
    0.869520000000E+005    0.293749376225E+000
    0.870020000000E+005    0.293830458532E+000
    0.870520000000E+005    0.293911393781E+000
    0.871020000000E+005    0.293992182058E+000
    0.871520000000E+005    0.294072823454E+000
    0.872020000000E+005    0.294153318054E+000
    0.872520000000E+005    0.294233665949E+000
    0.873020000000E+005    0.294313867224E+000
    0.873520000000E+005    0.294393921970E+000
    0.874020000000E+005    0.294473830273E+000
    0.874520000000E+005    0.294553592222E+000
    0.875020000000E+005    0.294633207905E+000
    0.875520000000E+005    0.294712677409E+000
    0.876020000000E+005    0.294792000823E+000
    0.876520000000E+005    0.294871178235E+000
    0.877020000000E+005    0.294950209733E+000
    0.877520000000E+005    0.295029095405E+000
    0.878020000000E+005    0.295107835338E+000
    0.878520000000E+005    0.295186429621E+000
    0.879020000000E+005    0.295264878341E+000
    0.879520000000E+005    0.295343181586E+000
    0.880020000000E+005    0.295421339445E+000
    0.880520000000E+005    0.295499352005E+000
    0.881020000000E+005    0.295577219353E+000
    0.881520000000E+005    0.295654941578E+000
    0.882020000000E+005    0.295732518768E+000
    0.882520000000E+005    0.295809951010E+000
    0.883020000000E+005    0.295887238391E+000
    0.883520000000E+005    0.295964381001E+000
    0.884020000000E+005    0.296041378925E+000
    0.884520000000E+005    0.296118232253E+000
    0.885020000000E+005    0.296194941071E+000
    0.885520000000E+005    0.296271505467E+000
    0.886020000000E+005    0.296347925529E+000
    0.886520000000E+005    0.296424201344E+000
    0.887020000000E+005    0.296500333000E+000
    0.887520000000E+005    0.296576320585E+000
    0.888020000000E+005    0.296652164185E+000
    0.888520000000E+005    0.296727863888E+000
    0.889020000000E+005    0.296803419782E+000
    0.889520000000E+005    0.296878831954E+000
    0.890020000000E+005    0.296954100491E+000
    0.890520000000E+005    0.297029225480E+000
    0.891020000000E+005    0.297104207010E+000
    0.891520000000E+005    0.297179045166E+000
    0.892020000000E+005    0.297253740037E+000
    0.892520000000E+005    0.297328291709E+000
    0.893020000000E+005    0.297402700270E+000
    0.893520000000E+005    0.297476965806E+000
    0.894020000000E+005    0.297551088405E+000
    0.894520000000E+005    0.297625068154E+000
    0.895020000000E+005    0.297698905140E+000
    0.895520000000E+005    0.297772599449E+000
    0.896020000000E+005    0.297846151169E+000
    0.896520000000E+005    0.297919560386E+000
    0.897020000000E+005    0.297992827188E+000
    0.897520000000E+005    0.298065951661E+000
    0.898020000000E+005    0.298138933892E+000
    0.898520000000E+005    0.298211773967E+000
    0.899020000000E+005    0.298284471974E+000
    0.899520000000E+005    0.298357027999E+000
    0.900020000000E+005    0.298429442128E+000
    0.900520000000E+005    0.298501714449E+000
    0.901020000000E+005    0.298573845047E+000
    0.901520000000E+005    0.298645834010E+000
    0.902020000000E+005    0.298717681423E+000
    0.902520000000E+005    0.298789387373E+000
    0.903020000000E+005    0.298860951947E+000
    0.903520000000E+005    0.298932375231E+000
    0.904020000000E+005    0.299003657310E+000
    0.904520000000E+005    0.299074798272E+000
    0.905020000000E+005    0.299145798203E+000
    0.905520000000E+005    0.299216657188E+000
    0.906020000000E+005    0.299287375315E+000
    0.906520000000E+005    0.299357952668E+000
    0.907020000000E+005    0.299428389334E+000
    0.907520000000E+005    0.299498685400E+000
    0.908020000000E+005    0.299568840950E+000
    0.908520000000E+005    0.299638856071E+000
    0.909020000000E+005    0.299708730849E+000
    0.909520000000E+005    0.299778465370E+000
    0.910020000000E+005    0.299848059719E+000
    0.910520000000E+005    0.299917513983E+000
    0.911020000000E+005    0.299986828246E+000
    0.911520000000E+005    0.300056002595E+000
    0.912020000000E+005    0.300125037116E+000
    0.912520000000E+005    0.300193931893E+000
    0.913020000000E+005    0.300262687012E+000
    0.913520000000E+005    0.300331302560E+000
    0.914020000000E+005    0.300399778621E+000
    0.914520000000E+005    0.300468115281E+000
    0.915020000000E+005    0.300536312625E+000
    0.915520000000E+005    0.300604370738E+000
    0.916020000000E+005    0.300672289707E+000
    0.916520000000E+005    0.300740069616E+000
    0.917020000000E+005    0.300807710550E+000
    0.917520000000E+005    0.300875212594E+000
    0.918020000000E+005    0.300942575835E+000
    0.918520000000E+005    0.301009800356E+000
    0.919020000000E+005    0.301076886243E+000
    0.919520000000E+005    0.301143833581E+000
    0.920020000000E+005    0.301210642455E+000
    0.920520000000E+005    0.301277312950E+000
    0.921020000000E+005    0.301343845151E+000
    0.921520000000E+005    0.301410239142E+000
    0.922020000000E+005    0.301476495009E+000
    0.922520000000E+005    0.301542612836E+000
    0.923020000000E+005    0.301608592708E+000
    0.923520000000E+005    0.301674434710E+000
    0.924020000000E+005    0.301740138927E+000
    0.924520000000E+005    0.301805705442E+000
    0.925020000000E+005    0.301871134342E+000
    0.925520000000E+005    0.301936425709E+000
    0.926020000000E+005    0.302001579630E+000
    0.926520000000E+005    0.302066596187E+000
    0.927020000000E+005    0.302131475467E+000
    0.927520000000E+005    0.302196217553E+000
    0.928020000000E+005    0.302260822529E+000
    0.928520000000E+005    0.302325290480E+000
    0.929020000000E+005    0.302389621491E+000
    0.929520000000E+005    0.302453815645E+000
    0.930020000000E+005    0.302517873027E+000
    0.930520000000E+005    0.302581793721E+000
    0.931020000000E+005    0.302645577811E+000
    0.931520000000E+005    0.302709225382E+000
    0.932020000000E+005    0.302772736517E+000
    0.932520000000E+005    0.302836111301E+000
    0.933020000000E+005    0.302899349818E+000
    0.933520000000E+005    0.302962452151E+000
    0.934020000000E+005    0.303025418385E+000
    0.934520000000E+005    0.303088248604E+000
    0.935020000000E+005    0.303150942891E+000
    0.935520000000E+005    0.303213501331E+000
    0.936020000000E+005    0.303275924008E+000
    0.936520000000E+005    0.303338211004E+000
    0.937020000000E+005    0.303400362405E+000
    0.937520000000E+005    0.303462378294E+000
    0.938020000000E+005    0.303524258755E+000
    0.938520000000E+005    0.303586003871E+000
    0.939020000000E+005    0.303647613726E+000
    0.939520000000E+005    0.303709088404E+000
    0.940020000000E+005    0.303770427989E+000
    0.940520000000E+005    0.303831632564E+000
    0.941020000000E+005    0.303892702212E+000
    0.941520000000E+005    0.303953637019E+000
    0.942020000000E+005    0.304014437066E+000
    0.942520000000E+005    0.304075102438E+000
    0.943020000000E+005    0.304135633217E+000
    0.943520000000E+005    0.304196029489E+000
    0.944020000000E+005    0.304256291336E+000
    0.944520000000E+005    0.304316418841E+000
    0.945020000000E+005    0.304376412088E+000
    0.945520000000E+005    0.304436271161E+000
    0.946020000000E+005    0.304495996143E+000
    0.946520000000E+005    0.304555587117E+000
    0.947020000000E+005    0.304615044166E+000
    0.947520000000E+005    0.304674367375E+000
    0.948020000000E+005    0.304733556826E+000
    0.948520000000E+005    0.304792612603E+000
    0.949020000000E+005    0.304851534789E+000
    0.949520000000E+005    0.304910323467E+000
    0.950020000000E+005    0.304968978721E+000
    0.950520000000E+005    0.305027500634E+000
    0.951020000000E+005    0.305085889289E+000
    0.951520000000E+005    0.305144144770E+000
    0.952020000000E+005    0.305202267159E+000
    0.952520000000E+005    0.305260256540E+000
    0.953020000000E+005    0.305318112996E+000
    0.953520000000E+005    0.305375836611E+000
    0.954020000000E+005    0.305433427467E+000
    0.954520000000E+005    0.305490885648E+000
    0.955020000000E+005    0.305548211237E+000
    0.955520000000E+005    0.305605404317E+000
    0.956020000000E+005    0.305662464971E+000
    0.956520000000E+005    0.305719393283E+000
    0.957020000000E+005    0.305776189335E+000
    0.957520000000E+005    0.305832853211E+000
    0.958020000000E+005    0.305889384994E+000
    0.958520000000E+005    0.305945784766E+000
    0.959020000000E+005    0.306002052612E+000
    0.959520000000E+005    0.306058188615E+000
    0.960020000000E+005    0.306114192857E+000
    0.960520000000E+005    0.306170065421E+000
    0.961020000000E+005    0.306225806391E+000
    0.961520000000E+005    0.306281415850E+000
    0.962020000000E+005    0.306336893881E+000
    0.962520000000E+005    0.306392240567E+000
    0.963020000000E+005    0.306447455992E+000
    0.963520000000E+005    0.306502540237E+000
    0.964020000000E+005    0.306557493388E+000
    0.964520000000E+005    0.306612315526E+000
    0.965020000000E+005    0.306667006735E+000
    0.965520000000E+005    0.306721567098E+000
    0.966020000000E+005    0.306775996698E+000
    0.966520000000E+005    0.306830295618E+000
    0.967020000000E+005    0.306884463942E+000
    0.967520000000E+005    0.306938501753E+000
    0.968020000000E+005    0.306992409133E+000
    0.968520000000E+005    0.307046186167E+000
    0.969020000000E+005    0.307099832937E+000
    0.969520000000E+005    0.307153349526E+000
    0.970020000000E+005    0.307206736018E+000
    0.970520000000E+005    0.307259992496E+000
    0.971020000000E+005    0.307313119043E+000
    0.971520000000E+005    0.307366115743E+000
    0.972020000000E+005    0.307418982679E+000
    0.972520000000E+005    0.307471719933E+000
    0.973020000000E+005    0.307524327590E+000
    0.973520000000E+005    0.307576805732E+000
    0.974020000000E+005    0.307629154444E+000
    0.974520000000E+005    0.307681373807E+000
    0.975020000000E+005    0.307733463907E+000
    0.975520000000E+005    0.307785424825E+000
    0.976020000000E+005    0.307837256646E+000
    0.976520000000E+005    0.307888959452E+000
    0.977020000000E+005    0.307940533328E+000
    0.977520000000E+005    0.307991978357E+000
    0.978020000000E+005    0.308043294621E+000
    0.978520000000E+005    0.308094482206E+000
    0.979020000000E+005    0.308145541193E+000
    0.979520000000E+005    0.308196471668E+000
    0.980020000000E+005    0.308247273712E+000
    0.980520000000E+005    0.308297947410E+000
    0.981020000000E+005    0.308348492846E+000
    0.981520000000E+005    0.308398910102E+000
    0.982020000000E+005    0.308449199263E+000
    0.982520000000E+005    0.308499360413E+000
    0.983020000000E+005    0.308549393634E+000
    0.983520000000E+005    0.308599299011E+000
    0.984020000000E+005    0.308649076628E+000
    0.984520000000E+005    0.308698726567E+000
    0.985020000000E+005    0.308748248914E+000
    0.985520000000E+005    0.308797643751E+000
    0.986020000000E+005    0.308846911164E+000
    0.986520000000E+005    0.308896051234E+000
    0.987020000000E+005    0.308945064047E+000
    0.987520000000E+005    0.308993949686E+000
    0.988020000000E+005    0.309042708236E+000
    0.988520000000E+005    0.309091339779E+000
    0.989020000000E+005    0.309139844401E+000
    0.989520000000E+005    0.309188222185E+000
    0.990020000000E+005    0.309236473216E+000
    0.990520000000E+005    0.309284597577E+000
    0.991020000000E+005    0.309332595353E+000
    0.991520000000E+005    0.309380466627E+000
    0.992020000000E+005    0.309428211485E+000
    0.992520000000E+005    0.309475830010E+000
    0.993020000000E+005    0.309523322286E+000
    0.993520000000E+005    0.309570688398E+000
    0.994020000000E+005    0.309617928430E+000
    0.994520000000E+005    0.309665042467E+000
    0.995020000000E+005    0.309712030593E+000
    0.995520000000E+005    0.309758892892E+000
    0.996020000000E+005    0.309805629449E+000
    0.996520000000E+005    0.309852240348E+000
    0.997020000000E+005    0.309898725674E+000
    0.997520000000E+005    0.309945085512E+000
    0.998020000000E+005    0.309991319946E+000
    0.998520000000E+005    0.310037429060E+000
    0.999020000000E+005    0.310083412941E+000
    0.999520000000E+005    0.310129271671E+000
