TITLE = "0D Field KB"
VARIABLES = N ,"KB_Ha100Rem1Re500"
ZONE DATAPACKING = POINT
    0.200000000000E+001    0.799992000074E-009
    0.520000000000E+002    0.540520788382E-006
    0.102000000000E+003    0.207820777718E-005
    0.152000000000E+003    0.460902145912E-005
    0.202000000000E+003    0.812449106030E-005
    0.252000000000E+003    0.126140594172E-004
    0.302000000000E+003    0.180662795488E-004
    0.352000000000E+003    0.244694318568E-004
    0.402000000000E+003    0.318118258108E-004
    0.452000000000E+003    0.400819452723E-004
    0.502000000000E+003    0.492685155514E-004
    0.552000000000E+003    0.593605303968E-004
    0.602000000000E+003    0.703472581663E-004
    0.652000000000E+003    0.822182372045E-004
    0.702000000000E+003    0.949632658224E-004
    0.752000000000E+003    0.108572389774E-003
    0.802000000000E+003    0.123035888835E-003
    0.852000000000E+003    0.138344263370E-003
    0.902000000000E+003    0.154488221360E-003
    0.952000000000E+003    0.171458666120E-003
    0.100200000000E+004    0.189246684812E-003
    0.105200000000E+004    0.207843537738E-003
    0.110200000000E+004    0.227240648474E-003
    0.115200000000E+004    0.247429594786E-003
    0.120200000000E+004    0.268402100248E-003
    0.125200000000E+004    0.290150026522E-003
    0.130200000000E+004    0.312665366246E-003
    0.135200000000E+004    0.335940236482E-003
    0.140200000000E+004    0.359966872666E-003
    0.145200000000E+004    0.384737622992E-003
    0.150200000000E+004    0.410244943211E-003
    0.155200000000E+004    0.436481391835E-003
    0.160200000000E+004    0.463439625724E-003
    0.165200000000E+004    0.491112395956E-003
    0.170200000000E+004    0.519492543985E-003
    0.175200000000E+004    0.548572998069E-003
    0.180200000000E+004    0.578346769944E-003
    0.185200000000E+004    0.608806951700E-003
    0.190200000000E+004    0.639946712825E-003
    0.195200000000E+004    0.671759297451E-003
    0.200200000000E+004    0.704238021820E-003
    0.205200000000E+004    0.737376271903E-003
    0.210200000000E+004    0.771167501145E-003
    0.215200000000E+004    0.805605228337E-003
    0.220200000000E+004    0.840683035628E-003
    0.225200000000E+004    0.876394566641E-003
    0.230200000000E+004    0.912733524661E-003
    0.235200000000E+004    0.949693670913E-003
    0.240200000000E+004    0.987268822955E-003
    0.245200000000E+004    0.102545285321E-002
    0.250200000000E+004    0.106423968755E-002
    0.255200000000E+004    0.110362330394E-002
    0.260200000000E+004    0.114359773116E-002
    0.265200000000E+004    0.118415704760E-002
    0.270200000000E+004    0.122529538005E-002
    0.275200000000E+004    0.126700690259E-002
    0.280200000000E+004    0.130928583547E-002
    0.285200000000E+004    0.135212644415E-002
    0.290200000000E+004    0.139552303834E-002
    0.295200000000E+004    0.143946997111E-002
    0.300200000000E+004    0.148396163802E-002
    0.305200000000E+004    0.152899247630E-002
    0.310200000000E+004    0.157455696402E-002
    0.315200000000E+004    0.162064961934E-002
    0.320200000000E+004    0.166726499967E-002
    0.325200000000E+004    0.171439770100E-002
    0.330200000000E+004    0.176204235722E-002
    0.335200000000E+004    0.181019363952E-002
    0.340200000000E+004    0.185884625577E-002
    0.345200000000E+004    0.190799494992E-002
    0.350200000000E+004    0.195763450144E-002
    0.355200000000E+004    0.200775972475E-002
    0.360200000000E+004    0.205836546866E-002
    0.365200000000E+004    0.210944661579E-002
    0.370200000000E+004    0.216099808208E-002
    0.375200000000E+004    0.221301481636E-002
    0.380200000000E+004    0.226549179991E-002
    0.385200000000E+004    0.231842404604E-002
    0.390200000000E+004    0.237180659965E-002
    0.395200000000E+004    0.242563453680E-002
    0.400200000000E+004    0.247990296434E-002
    0.405200000000E+004    0.253460701941E-002
    0.410200000000E+004    0.258974186906E-002
    0.415200000000E+004    0.264530270993E-002
    0.420200000000E+004    0.270128476790E-002
    0.425200000000E+004    0.275768329779E-002
    0.430200000000E+004    0.281449358306E-002
    0.435200000000E+004    0.287171093546E-002
    0.440200000000E+004    0.292933069473E-002
    0.445200000000E+004    0.298734822824E-002
    0.450200000000E+004    0.304575893069E-002
    0.455200000000E+004    0.310455822377E-002
    0.460200000000E+004    0.316374155593E-002
    0.465200000000E+004    0.322330440218E-002
    0.470200000000E+004    0.328324226384E-002
    0.475200000000E+004    0.334355066826E-002
    0.480200000000E+004    0.340422516861E-002
    0.485200000000E+004    0.346526134359E-002
    0.490200000000E+004    0.352665479719E-002
    0.495200000000E+004    0.358840115839E-002
    0.500200000000E+004    0.365049608093E-002
    0.505200000000E+004    0.371293524321E-002
    0.510200000000E+004    0.377571434805E-002
    0.515200000000E+004    0.383882912254E-002
    0.520200000000E+004    0.390227531780E-002
    0.525200000000E+004    0.396604870883E-002
    0.530200000000E+004    0.403014509426E-002
    0.535200000000E+004    0.409456029611E-002
    0.540200000000E+004    0.415929015959E-002
    0.545200000000E+004    0.422433055298E-002
    0.550200000000E+004    0.428967736746E-002
    0.555200000000E+004    0.435532651701E-002
    0.560200000000E+004    0.442127393823E-002
    0.565200000000E+004    0.448751559021E-002
    0.570200000000E+004    0.455404745432E-002
    0.575200000000E+004    0.462086553404E-002
    0.580200000000E+004    0.468796585475E-002
    0.585200000000E+004    0.475534446361E-002
    0.590200000000E+004    0.482299742940E-002
    0.595200000000E+004    0.489092084252E-002
    0.600200000000E+004    0.495911081479E-002
    0.605200000000E+004    0.502756347936E-002
    0.610200000000E+004    0.509627499059E-002
    0.615200000000E+004    0.516524152384E-002
    0.620200000000E+004    0.523445927536E-002
    0.625200000000E+004    0.530392446210E-002
    0.630200000000E+004    0.537363332162E-002
    0.635200000000E+004    0.544358211202E-002
    0.640200000000E+004    0.551376711187E-002
    0.645200000000E+004    0.558418462013E-002
    0.650200000000E+004    0.565483095600E-002
    0.655200000000E+004    0.572570245884E-002
    0.660200000000E+004    0.579679548802E-002
    0.665200000000E+004    0.586810642276E-002
    0.670200000000E+004    0.593963166200E-002
    0.675200000000E+004    0.601136762440E-002
    0.680200000000E+004    0.608331074824E-002
    0.685200000000E+004    0.615545749138E-002
    0.690200000000E+004    0.622780433117E-002
    0.695200000000E+004    0.630034776437E-002
    0.700200000000E+004    0.637308430703E-002
    0.705200000000E+004    0.644601049436E-002
    0.710200000000E+004    0.651912288062E-002
    0.715200000000E+004    0.659241803902E-002
    0.720200000000E+004    0.666589256171E-002
    0.725200000000E+004    0.673954305977E-002
    0.730200000000E+004    0.681336616310E-002
    0.735200000000E+004    0.688735852042E-002
    0.740200000000E+004    0.696151679912E-002
    0.745200000000E+004    0.703583768518E-002
    0.750200000000E+004    0.711031788308E-002
    0.755200000000E+004    0.718495411568E-002
    0.760200000000E+004    0.725974312419E-002
    0.765200000000E+004    0.733468166816E-002
    0.770200000000E+004    0.740976652545E-002
    0.775200000000E+004    0.748499449220E-002
    0.780200000000E+004    0.756036238275E-002
    0.785200000000E+004    0.763586702956E-002
    0.790200000000E+004    0.771150528311E-002
    0.795200000000E+004    0.778727401185E-002
    0.800200000000E+004    0.786317010205E-002
    0.805200000000E+004    0.793919045789E-002
    0.810200000000E+004    0.801533200137E-002
    0.815200000000E+004    0.809159167237E-002
    0.820200000000E+004    0.816796642854E-002
    0.825200000000E+004    0.824445324527E-002
    0.830200000000E+004    0.832104911563E-002
    0.835200000000E+004    0.839775105024E-002
    0.840200000000E+004    0.847455607723E-002
    0.845200000000E+004    0.855146124220E-002
    0.850200000000E+004    0.862846360822E-002
    0.855200000000E+004    0.870556025584E-002
    0.860200000000E+004    0.878274828308E-002
    0.865200000000E+004    0.886002480536E-002
    0.870200000000E+004    0.893738695548E-002
    0.875200000000E+004    0.901483188350E-002
    0.880200000000E+004    0.909235675671E-002
    0.885200000000E+004    0.916995875955E-002
    0.890200000000E+004    0.924763509361E-002
    0.895200000000E+004    0.932538297764E-002
    0.900200000000E+004    0.940319964759E-002
    0.905200000000E+004    0.948108235653E-002
    0.910200000000E+004    0.955902837465E-002
    0.915200000000E+004    0.963703498921E-002
    0.920200000000E+004    0.971509950440E-002
    0.925200000000E+004    0.979321924136E-002
    0.930200000000E+004    0.987139153812E-002
    0.935200000000E+004    0.994961374959E-002
    0.940200000000E+004    0.100278832476E-001
    0.945200000000E+004    0.101061974209E-001
    0.950200000000E+004    0.101845536752E-001
    0.955200000000E+004    0.102629494330E-001
    0.960200000000E+004    0.103413821335E-001
    0.965200000000E+004    0.104198492328E-001
    0.970200000000E+004    0.104983482035E-001
    0.975200000000E+004    0.105768765350E-001
    0.980200000000E+004    0.106554317333E-001
    0.985200000000E+004    0.107340113212E-001
    0.990200000000E+004    0.108126128381E-001
    0.995200000000E+004    0.108912338401E-001
    0.100020000000E+005    0.109698719001E-001
    0.100520000000E+005    0.110485246071E-001
    0.101020000000E+005    0.111271895672E-001
    0.101520000000E+005    0.112058644024E-001
    0.102020000000E+005    0.112845467517E-001
    0.102520000000E+005    0.113632342701E-001
    0.103020000000E+005    0.114419246294E-001
    0.103520000000E+005    0.115206155179E-001
    0.104020000000E+005    0.115993046404E-001
    0.104520000000E+005    0.116779897178E-001
    0.105020000000E+005    0.117566684877E-001
    0.105520000000E+005    0.118353387038E-001
    0.106020000000E+005    0.119139981361E-001
    0.106520000000E+005    0.119926445710E-001
    0.107020000000E+005    0.120712758110E-001
    0.107520000000E+005    0.121498896752E-001
    0.108020000000E+005    0.122284839989E-001
    0.108520000000E+005    0.123070566334E-001
    0.109020000000E+005    0.123856054465E-001
    0.109520000000E+005    0.124641283220E-001
    0.110020000000E+005    0.125426231598E-001
    0.110520000000E+005    0.126210878759E-001
    0.111020000000E+005    0.126995204024E-001
    0.111520000000E+005    0.127779186875E-001
    0.112020000000E+005    0.128562806956E-001
    0.112520000000E+005    0.129346044071E-001
    0.113020000000E+005    0.130128878184E-001
    0.113520000000E+005    0.130911289419E-001
    0.114020000000E+005    0.131693258059E-001
    0.114520000000E+005    0.132474764545E-001
    0.115020000000E+005    0.133255789479E-001
    0.115520000000E+005    0.134036313619E-001
    0.116020000000E+005    0.134816317885E-001
    0.116520000000E+005    0.135595783352E-001
    0.117020000000E+005    0.136374691258E-001
    0.117520000000E+005    0.137153022996E-001
    0.118020000000E+005    0.137930760115E-001
    0.118520000000E+005    0.138707884322E-001
    0.119020000000E+005    0.139484377481E-001
    0.119520000000E+005    0.140260221612E-001
    0.120020000000E+005    0.141035398891E-001
    0.120520000000E+005    0.141809891650E-001
    0.121020000000E+005    0.142583682379E-001
    0.121520000000E+005    0.143356753721E-001
    0.122020000000E+005    0.144129088476E-001
    0.122520000000E+005    0.144900669598E-001
    0.123020000000E+005    0.145671480193E-001
    0.123520000000E+005    0.146441503522E-001
    0.124020000000E+005    0.147210722999E-001
    0.124520000000E+005    0.147979122194E-001
    0.125020000000E+005    0.148746684827E-001
    0.125520000000E+005    0.149513394774E-001
    0.126020000000E+005    0.150279236061E-001
    0.126520000000E+005    0.151044192866E-001
    0.127020000000E+005    0.151808249520E-001
    0.127520000000E+005    0.152571390502E-001
    0.128020000000E+005    0.153333600443E-001
    0.128520000000E+005    0.154094864124E-001
    0.129020000000E+005    0.154855166477E-001
    0.129520000000E+005    0.155614492583E-001
    0.130020000000E+005    0.156372827674E-001
    0.130520000000E+005    0.157130157128E-001
    0.131020000000E+005    0.157886466474E-001
    0.131520000000E+005    0.158641741387E-001
    0.132020000000E+005    0.159395967687E-001
    0.132520000000E+005    0.160149131344E-001
    0.133020000000E+005    0.160901218473E-001
    0.133520000000E+005    0.161652215338E-001
    0.134020000000E+005    0.162402108346E-001
    0.134520000000E+005    0.163150884051E-001
    0.135020000000E+005    0.163898529151E-001
    0.135520000000E+005    0.164645030487E-001
    0.136020000000E+005    0.165390375046E-001
    0.136520000000E+005    0.166134549955E-001
    0.137020000000E+005    0.166877542486E-001
    0.137520000000E+005    0.167619340052E-001
    0.138020000000E+005    0.168359930209E-001
    0.138520000000E+005    0.169099300656E-001
    0.139020000000E+005    0.169837439230E-001
    0.139520000000E+005    0.170574333911E-001
    0.140020000000E+005    0.171309972815E-001
    0.140520000000E+005    0.172044344199E-001
    0.141020000000E+005    0.172777436458E-001
    0.141520000000E+005    0.173509238126E-001
    0.142020000000E+005    0.174239737874E-001
    0.142520000000E+005    0.174968924512E-001
    0.143020000000E+005    0.175696786984E-001
    0.143520000000E+005    0.176423314372E-001
    0.144020000000E+005    0.177148495893E-001
    0.144520000000E+005    0.177872320896E-001
    0.145020000000E+005    0.178594778868E-001
    0.145520000000E+005    0.179315859425E-001
    0.146020000000E+005    0.180035552320E-001
    0.146520000000E+005    0.180753847438E-001
    0.147020000000E+005    0.181470734795E-001
    0.147520000000E+005    0.182186204540E-001
    0.148020000000E+005    0.182900246950E-001
    0.148520000000E+005    0.183612852435E-001
    0.149020000000E+005    0.184324011532E-001
    0.149520000000E+005    0.185033714906E-001
    0.150020000000E+005    0.185741953352E-001
    0.150520000000E+005    0.186448717792E-001
    0.151020000000E+005    0.187153999277E-001
    0.151520000000E+005    0.187857788982E-001
    0.152020000000E+005    0.188560078210E-001
    0.152520000000E+005    0.189260858387E-001
    0.153020000000E+005    0.189960121063E-001
    0.153520000000E+005    0.190657857914E-001
    0.154020000000E+005    0.191354060735E-001
    0.154520000000E+005    0.192048721448E-001
    0.155020000000E+005    0.192741832094E-001
    0.155520000000E+005    0.193433384838E-001
    0.156020000000E+005    0.194123371963E-001
    0.156520000000E+005    0.194811785874E-001
    0.157020000000E+005    0.195498619093E-001
    0.157520000000E+005    0.196183864261E-001
    0.158020000000E+005    0.196867514136E-001
    0.158520000000E+005    0.197549561595E-001
    0.159020000000E+005    0.198229999629E-001
    0.159520000000E+005    0.198908821348E-001
    0.160020000000E+005    0.199586019975E-001
    0.160520000000E+005    0.200261588848E-001
    0.161020000000E+005    0.200935521420E-001
    0.161520000000E+005    0.201607811255E-001
    0.162020000000E+005    0.202278452029E-001
    0.162520000000E+005    0.202947437530E-001
    0.163020000000E+005    0.203614761658E-001
    0.163520000000E+005    0.204280418421E-001
    0.164020000000E+005    0.204944401939E-001
    0.164520000000E+005    0.205606706441E-001
    0.165020000000E+005    0.206267326264E-001
    0.165520000000E+005    0.206926255850E-001
    0.166020000000E+005    0.207583489750E-001
    0.166520000000E+005    0.208239022620E-001
    0.167020000000E+005    0.208892849219E-001
    0.167520000000E+005    0.209544964414E-001
    0.168020000000E+005    0.210195363176E-001
    0.168520000000E+005    0.210844040576E-001
    0.169020000000E+005    0.211490991792E-001
    0.169520000000E+005    0.212136212101E-001
    0.170020000000E+005    0.212779696880E-001
    0.170520000000E+005    0.213421441607E-001
    0.171020000000E+005    0.214061441860E-001
    0.171520000000E+005    0.214699693316E-001
    0.172020000000E+005    0.215336191748E-001
    0.172520000000E+005    0.215970933030E-001
    0.173020000000E+005    0.216603913131E-001
    0.173520000000E+005    0.217235128117E-001
    0.174020000000E+005    0.217864574146E-001
    0.174520000000E+005    0.218492247475E-001
    0.175020000000E+005    0.219118144451E-001
    0.175520000000E+005    0.219742261515E-001
    0.176020000000E+005    0.220364595202E-001
    0.176520000000E+005    0.220985142135E-001
    0.177020000000E+005    0.221603899034E-001
    0.177520000000E+005    0.222220862704E-001
    0.178020000000E+005    0.222836030043E-001
    0.178520000000E+005    0.223449398036E-001
    0.179020000000E+005    0.224060963754E-001
    0.179520000000E+005    0.224670724360E-001
    0.180020000000E+005    0.225278677099E-001
    0.180520000000E+005    0.225884819304E-001
    0.181020000000E+005    0.226489148395E-001
    0.181520000000E+005    0.227091661874E-001
    0.182020000000E+005    0.227692357329E-001
    0.182520000000E+005    0.228291232429E-001
    0.183020000000E+005    0.228888284927E-001
    0.183520000000E+005    0.229483512657E-001
    0.184020000000E+005    0.230076913533E-001
    0.184520000000E+005    0.230668485550E-001
    0.185020000000E+005    0.231258226783E-001
    0.185520000000E+005    0.231846135386E-001
    0.186020000000E+005    0.232432209591E-001
    0.186520000000E+005    0.233016447709E-001
    0.187020000000E+005    0.233598848126E-001
    0.187520000000E+005    0.234179409304E-001
    0.188020000000E+005    0.234758129781E-001
    0.188520000000E+005    0.235335008168E-001
    0.189020000000E+005    0.235910043153E-001
    0.189520000000E+005    0.236483233495E-001
    0.190020000000E+005    0.237054578029E-001
    0.190520000000E+005    0.237624075659E-001
    0.191020000000E+005    0.238191725361E-001
    0.191520000000E+005    0.238757526183E-001
    0.192020000000E+005    0.239321477241E-001
    0.192520000000E+005    0.239883577722E-001
    0.193020000000E+005    0.240443826879E-001
    0.193520000000E+005    0.241002224035E-001
    0.194020000000E+005    0.241558768582E-001
    0.194520000000E+005    0.242113459975E-001
    0.195020000000E+005    0.242666297740E-001
    0.195520000000E+005    0.243217281464E-001
    0.196020000000E+005    0.243766410800E-001
    0.196520000000E+005    0.244313685465E-001
    0.197020000000E+005    0.244859105239E-001
    0.197520000000E+005    0.245402669965E-001
    0.198020000000E+005    0.245944379549E-001
    0.198520000000E+005    0.246484233958E-001
    0.199020000000E+005    0.247022233221E-001
    0.199520000000E+005    0.247558377425E-001
    0.200020000000E+005    0.248092666719E-001
    0.200520000000E+005    0.248625101308E-001
    0.201020000000E+005    0.249155681459E-001
    0.201520000000E+005    0.249684407492E-001
    0.202020000000E+005    0.250211279788E-001
    0.202520000000E+005    0.250736298783E-001
    0.203020000000E+005    0.251259464970E-001
    0.203520000000E+005    0.251780778898E-001
    0.204020000000E+005    0.252300241167E-001
    0.204520000000E+005    0.252817852435E-001
    0.205020000000E+005    0.253333613411E-001
    0.205520000000E+005    0.253847524856E-001
    0.206020000000E+005    0.254359587587E-001
    0.206520000000E+005    0.254869802469E-001
    0.207020000000E+005    0.255378170421E-001
    0.207520000000E+005    0.255884692411E-001
    0.208020000000E+005    0.256389369457E-001
    0.208520000000E+005    0.256892202628E-001
    0.209020000000E+005    0.257393193039E-001
    0.209520000000E+005    0.257892341854E-001
    0.210020000000E+005    0.258389650286E-001
    0.210520000000E+005    0.258885119593E-001
    0.211020000000E+005    0.259378751082E-001
    0.211520000000E+005    0.259870546105E-001
    0.212020000000E+005    0.260360506059E-001
    0.212520000000E+005    0.260848632386E-001
    0.213020000000E+005    0.261334926573E-001
    0.213520000000E+005    0.261819390151E-001
    0.214020000000E+005    0.262302024691E-001
    0.214520000000E+005    0.262782831810E-001
    0.215020000000E+005    0.263261813166E-001
    0.215520000000E+005    0.263738970459E-001
    0.216020000000E+005    0.264214305431E-001
    0.216520000000E+005    0.264687819863E-001
    0.217020000000E+005    0.265159515578E-001
    0.217520000000E+005    0.265629394436E-001
    0.218020000000E+005    0.266097458338E-001
    0.218520000000E+005    0.266563709221E-001
    0.219020000000E+005    0.267028149063E-001
    0.219520000000E+005    0.267490779878E-001
    0.220020000000E+005    0.267951603717E-001
    0.220520000000E+005    0.268410622669E-001
    0.221020000000E+005    0.268867838858E-001
    0.221520000000E+005    0.269323254443E-001
    0.222020000000E+005    0.269776871618E-001
    0.222520000000E+005    0.270228692613E-001
    0.223020000000E+005    0.270678719689E-001
    0.223520000000E+005    0.271126955145E-001
    0.224020000000E+005    0.271573401309E-001
    0.224520000000E+005    0.272018060545E-001
    0.225020000000E+005    0.272460935247E-001
    0.225520000000E+005    0.272902027843E-001
    0.226020000000E+005    0.273341340790E-001
    0.226520000000E+005    0.273778876575E-001
    0.227020000000E+005    0.274214637719E-001
    0.227520000000E+005    0.274648626770E-001
    0.228020000000E+005    0.275080846305E-001
    0.228520000000E+005    0.275511298933E-001
    0.229020000000E+005    0.275939987291E-001
    0.229520000000E+005    0.276366914041E-001
    0.230020000000E+005    0.276792081876E-001
    0.230520000000E+005    0.277215493516E-001
    0.231020000000E+005    0.277637151706E-001
    0.231520000000E+005    0.278057059218E-001
    0.232020000000E+005    0.278475218851E-001
    0.232520000000E+005    0.278891633429E-001
    0.233020000000E+005    0.279306305801E-001
    0.233520000000E+005    0.279719238843E-001
    0.234020000000E+005    0.280130435451E-001
    0.234520000000E+005    0.280539898550E-001
    0.235020000000E+005    0.280947631085E-001
    0.235520000000E+005    0.281353636025E-001
    0.236020000000E+005    0.281757916362E-001
    0.236520000000E+005    0.282160475109E-001
    0.237020000000E+005    0.282561315305E-001
    0.237520000000E+005    0.282960440007E-001
    0.238020000000E+005    0.283357852294E-001
    0.238520000000E+005    0.283753555267E-001
    0.239020000000E+005    0.284147552047E-001
    0.239520000000E+005    0.284539845774E-001
    0.240020000000E+005    0.284930439608E-001
    0.240520000000E+005    0.285319336730E-001
    0.241020000000E+005    0.285706540338E-001
    0.241520000000E+005    0.286092053650E-001
    0.242020000000E+005    0.286475879902E-001
    0.242520000000E+005    0.286858022348E-001
    0.243020000000E+005    0.287238484260E-001
    0.243520000000E+005    0.287617268927E-001
    0.244020000000E+005    0.287994379653E-001
    0.244520000000E+005    0.288369819761E-001
    0.245020000000E+005    0.288743592590E-001
    0.245520000000E+005    0.289115701493E-001
    0.246020000000E+005    0.289486149840E-001
    0.246520000000E+005    0.289854941018E-001
    0.247020000000E+005    0.290222078426E-001
    0.247520000000E+005    0.290587565479E-001
    0.248020000000E+005    0.290951405605E-001
    0.248520000000E+005    0.291313602247E-001
    0.249020000000E+005    0.291674158861E-001
    0.249520000000E+005    0.292033078918E-001
    0.250020000000E+005    0.292390365899E-001
    0.250520000000E+005    0.292746023301E-001
    0.251020000000E+005    0.293100054631E-001
    0.251520000000E+005    0.293452463410E-001
    0.252020000000E+005    0.293803253169E-001
    0.252520000000E+005    0.294152427451E-001
    0.253020000000E+005    0.294499989810E-001
    0.253520000000E+005    0.294845943812E-001
    0.254020000000E+005    0.295190293032E-001
    0.254520000000E+005    0.295533041056E-001
    0.255020000000E+005    0.295874191482E-001
    0.255520000000E+005    0.296213747915E-001
    0.256020000000E+005    0.296551713971E-001
    0.256520000000E+005    0.296888093275E-001
    0.257020000000E+005    0.297222889459E-001
    0.257520000000E+005    0.297556106167E-001
    0.258020000000E+005    0.297887747049E-001
    0.258520000000E+005    0.298217815764E-001
    0.259020000000E+005    0.298546315978E-001
    0.259520000000E+005    0.298873251367E-001
    0.260020000000E+005    0.299198625613E-001
    0.260520000000E+005    0.299522442403E-001
    0.261020000000E+005    0.299844705435E-001
    0.261520000000E+005    0.300165418409E-001
    0.262020000000E+005    0.300484585035E-001
    0.262520000000E+005    0.300802209027E-001
    0.263020000000E+005    0.301118294106E-001
    0.263520000000E+005    0.301432843999E-001
    0.264020000000E+005    0.301745862438E-001
    0.264520000000E+005    0.302057353159E-001
    0.265020000000E+005    0.302367319904E-001
    0.265520000000E+005    0.302675766419E-001
    0.266020000000E+005    0.302982696456E-001
    0.266520000000E+005    0.303288113769E-001
    0.267020000000E+005    0.303592022118E-001
    0.267520000000E+005    0.303894425265E-001
    0.268020000000E+005    0.304195326978E-001
    0.268520000000E+005    0.304494731027E-001
    0.269020000000E+005    0.304792641185E-001
    0.269520000000E+005    0.305089061227E-001
    0.270020000000E+005    0.305383994932E-001
    0.270520000000E+005    0.305677446082E-001
    0.271020000000E+005    0.305969418460E-001
    0.271520000000E+005    0.306259915852E-001
    0.272020000000E+005    0.306548942045E-001
    0.272520000000E+005    0.306836500830E-001
    0.273020000000E+005    0.307122595996E-001
    0.273520000000E+005    0.307407231337E-001
    0.274020000000E+005    0.307690410645E-001
    0.274520000000E+005    0.307972137714E-001
    0.275020000000E+005    0.308252416339E-001
    0.275520000000E+005    0.308531250316E-001
    0.276020000000E+005    0.308808643441E-001
    0.276520000000E+005    0.309084599510E-001
    0.277020000000E+005    0.309359122319E-001
    0.277520000000E+005    0.309632215664E-001
    0.278020000000E+005    0.309903883342E-001
    0.278520000000E+005    0.310174129146E-001
    0.279020000000E+005    0.310442956871E-001
    0.279520000000E+005    0.310710370311E-001
    0.280020000000E+005    0.310976373258E-001
    0.280520000000E+005    0.311240969504E-001
    0.281020000000E+005    0.311504162838E-001
    0.281520000000E+005    0.311765957051E-001
    0.282020000000E+005    0.312026355928E-001
    0.282520000000E+005    0.312285363254E-001
    0.283020000000E+005    0.312542982812E-001
    0.283520000000E+005    0.312799218383E-001
    0.284020000000E+005    0.313054073746E-001
    0.284520000000E+005    0.313307552676E-001
    0.285020000000E+005    0.313559658948E-001
    0.285520000000E+005    0.313810396332E-001
    0.286020000000E+005    0.314059768597E-001
    0.286520000000E+005    0.314307779508E-001
    0.287020000000E+005    0.314554432825E-001
    0.287520000000E+005    0.314799732307E-001
    0.288020000000E+005    0.315043681710E-001
    0.288520000000E+005    0.315286284784E-001
    0.289020000000E+005    0.315527545277E-001
    0.289520000000E+005    0.315767466934E-001
    0.290020000000E+005    0.316006053495E-001
    0.290520000000E+005    0.316243308695E-001
    0.291020000000E+005    0.316479236265E-001
    0.291520000000E+005    0.316713839934E-001
    0.292020000000E+005    0.316947123422E-001
    0.292520000000E+005    0.317179090449E-001
    0.293020000000E+005    0.317409744728E-001
    0.293520000000E+005    0.317639089968E-001
    0.294020000000E+005    0.317867129871E-001
    0.294520000000E+005    0.318093868138E-001
    0.295020000000E+005    0.318319308461E-001
    0.295520000000E+005    0.318543454527E-001
    0.296020000000E+005    0.318766310020E-001
    0.296520000000E+005    0.318987878617E-001
    0.297020000000E+005    0.319208163989E-001
    0.297520000000E+005    0.319427169801E-001
    0.298020000000E+005    0.319644899715E-001
    0.298520000000E+005    0.319861357383E-001
    0.299020000000E+005    0.320076546454E-001
    0.299520000000E+005    0.320290470570E-001
    0.300020000000E+005    0.320503133366E-001
    0.300520000000E+005    0.320714538470E-001
    0.301020000000E+005    0.320924689507E-001
    0.301520000000E+005    0.321133590092E-001
    0.302020000000E+005    0.321341243835E-001
    0.302520000000E+005    0.321547654339E-001
    0.303020000000E+005    0.321752825200E-001
    0.303520000000E+005    0.321956760007E-001
    0.304020000000E+005    0.322159462344E-001
    0.304520000000E+005    0.322360935784E-001
    0.305020000000E+005    0.322561183896E-001
    0.305520000000E+005    0.322760210241E-001
    0.306020000000E+005    0.322958018373E-001
    0.306520000000E+005    0.323154611838E-001
    0.307020000000E+005    0.323349994175E-001
    0.307520000000E+005    0.323544168915E-001
    0.308020000000E+005    0.323737139582E-001
    0.308520000000E+005    0.323928909692E-001
    0.309020000000E+005    0.324119482753E-001
    0.309520000000E+005    0.324308862266E-001
    0.310020000000E+005    0.324497051722E-001
    0.310520000000E+005    0.324684054608E-001
    0.311020000000E+005    0.324869874399E-001
    0.311520000000E+005    0.325054514564E-001
    0.312020000000E+005    0.325237978564E-001
    0.312520000000E+005    0.325420269851E-001
    0.313020000000E+005    0.325601391869E-001
    0.313520000000E+005    0.325781348052E-001
    0.314020000000E+005    0.325960141829E-001
    0.314520000000E+005    0.326137776618E-001
    0.315020000000E+005    0.326314255830E-001
    0.315520000000E+005    0.326489582866E-001
    0.316020000000E+005    0.326663761120E-001
    0.316520000000E+005    0.326836793975E-001
    0.317020000000E+005    0.327008684809E-001
    0.317520000000E+005    0.327179436986E-001
    0.318020000000E+005    0.327349053867E-001
    0.318520000000E+005    0.327517538799E-001
    0.319020000000E+005    0.327684895124E-001
    0.319520000000E+005    0.327851126173E-001
    0.320020000000E+005    0.328016235268E-001
    0.320520000000E+005    0.328180225724E-001
    0.321020000000E+005    0.328343100844E-001
    0.321520000000E+005    0.328504863923E-001
    0.322020000000E+005    0.328665518248E-001
    0.322520000000E+005    0.328825067095E-001
    0.323020000000E+005    0.328983513732E-001
    0.323520000000E+005    0.329140861418E-001
    0.324020000000E+005    0.329297113401E-001
    0.324520000000E+005    0.329452272922E-001
    0.325020000000E+005    0.329606343211E-001
    0.325520000000E+005    0.329759327488E-001
    0.326020000000E+005    0.329911228966E-001
    0.326520000000E+005    0.330062050846E-001
    0.327020000000E+005    0.330211796321E-001
    0.327520000000E+005    0.330360468574E-001
    0.328020000000E+005    0.330508070778E-001
    0.328520000000E+005    0.330654606098E-001
    0.329020000000E+005    0.330800077687E-001
    0.329520000000E+005    0.330944488692E-001
    0.330020000000E+005    0.331087842246E-001
    0.330520000000E+005    0.331230141475E-001
    0.331020000000E+005    0.331371389494E-001
    0.331520000000E+005    0.331511589410E-001
    0.332020000000E+005    0.331650744320E-001
    0.332520000000E+005    0.331788857309E-001
    0.333020000000E+005    0.331925931454E-001
    0.333520000000E+005    0.332061969824E-001
    0.334020000000E+005    0.332196975474E-001
    0.334520000000E+005    0.332330951452E-001
    0.335020000000E+005    0.332463900796E-001
    0.335520000000E+005    0.332595826533E-001
    0.336020000000E+005    0.332726731681E-001
    0.336520000000E+005    0.332856619250E-001
    0.337020000000E+005    0.332985492236E-001
    0.337520000000E+005    0.333113353628E-001
    0.338020000000E+005    0.333240206405E-001
    0.338520000000E+005    0.333366053536E-001
    0.339020000000E+005    0.333490897978E-001
    0.339520000000E+005    0.333614742681E-001
    0.340020000000E+005    0.333737590583E-001
    0.340520000000E+005    0.333859444613E-001
    0.341020000000E+005    0.333980307692E-001
    0.341520000000E+005    0.334100182727E-001
    0.342020000000E+005    0.334219072618E-001
    0.342520000000E+005    0.334336980255E-001
    0.343020000000E+005    0.334453908516E-001
    0.343520000000E+005    0.334569860271E-001
    0.344020000000E+005    0.334684838380E-001
    0.344520000000E+005    0.334798845693E-001
    0.345020000000E+005    0.334911885048E-001
    0.345520000000E+005    0.335023959276E-001
    0.346020000000E+005    0.335135071198E-001
    0.346520000000E+005    0.335245223622E-001
    0.347020000000E+005    0.335354419349E-001
    0.347520000000E+005    0.335462661170E-001
    0.348020000000E+005    0.335569951864E-001
    0.348520000000E+005    0.335676294203E-001
    0.349020000000E+005    0.335781690946E-001
    0.349520000000E+005    0.335886144844E-001
    0.350020000000E+005    0.335989658640E-001
    0.350520000000E+005    0.336092235062E-001
    0.351020000000E+005    0.336193876834E-001
    0.351520000000E+005    0.336294586666E-001
    0.352020000000E+005    0.336394367261E-001
    0.352520000000E+005    0.336493221308E-001
    0.353020000000E+005    0.336591151492E-001
    0.353520000000E+005    0.336688160484E-001
    0.354020000000E+005    0.336784250947E-001
    0.354520000000E+005    0.336879425534E-001
    0.355020000000E+005    0.336973686887E-001
    0.355520000000E+005    0.337067037641E-001
    0.356020000000E+005    0.337159480419E-001
    0.356520000000E+005    0.337251017836E-001
    0.357020000000E+005    0.337341652494E-001
    0.357520000000E+005    0.337431386990E-001
    0.358020000000E+005    0.337520223909E-001
    0.358520000000E+005    0.337608165826E-001
    0.359020000000E+005    0.337695215307E-001
    0.359520000000E+005    0.337781374909E-001
    0.360020000000E+005    0.337866647179E-001
    0.360520000000E+005    0.337951034654E-001
    0.361020000000E+005    0.338034539862E-001
    0.361520000000E+005    0.338117165322E-001
    0.362020000000E+005    0.338198913542E-001
    0.362520000000E+005    0.338279787022E-001
    0.363020000000E+005    0.338359788253E-001
    0.363520000000E+005    0.338438919716E-001
    0.364020000000E+005    0.338517183882E-001
    0.364520000000E+005    0.338594583212E-001
    0.365020000000E+005    0.338671120161E-001
    0.365520000000E+005    0.338746797171E-001
    0.366020000000E+005    0.338821616677E-001
    0.366520000000E+005    0.338895581105E-001
    0.367020000000E+005    0.338968692870E-001
    0.367520000000E+005    0.339040954378E-001
    0.368020000000E+005    0.339112368029E-001
    0.368520000000E+005    0.339182936210E-001
    0.369020000000E+005    0.339252661300E-001
    0.369520000000E+005    0.339321545671E-001
    0.370020000000E+005    0.339389591683E-001
    0.370520000000E+005    0.339456801689E-001
    0.371020000000E+005    0.339523178033E-001
    0.371520000000E+005    0.339588723048E-001
    0.372020000000E+005    0.339653439062E-001
    0.372520000000E+005    0.339717328390E-001
    0.373020000000E+005    0.339780393340E-001
    0.373520000000E+005    0.339842636212E-001
    0.374020000000E+005    0.339904059296E-001
    0.374520000000E+005    0.339964664873E-001
    0.375020000000E+005    0.340024455216E-001
    0.375520000000E+005    0.340083432590E-001
    0.376020000000E+005    0.340141599250E-001
    0.376520000000E+005    0.340198957443E-001
    0.377020000000E+005    0.340255509407E-001
    0.377520000000E+005    0.340311257373E-001
    0.378020000000E+005    0.340366203561E-001
    0.378520000000E+005    0.340420350185E-001
    0.379020000000E+005    0.340473699448E-001
    0.379520000000E+005    0.340526253547E-001
    0.380020000000E+005    0.340578014669E-001
    0.380520000000E+005    0.340628984995E-001
    0.381020000000E+005    0.340679166694E-001
    0.381520000000E+005    0.340728561929E-001
    0.382020000000E+005    0.340777172855E-001
    0.382520000000E+005    0.340825001618E-001
    0.383020000000E+005    0.340872050356E-001
    0.383520000000E+005    0.340918321200E-001
    0.384020000000E+005    0.340963816271E-001
    0.384520000000E+005    0.341008537682E-001
    0.385020000000E+005    0.341052487541E-001
    0.385520000000E+005    0.341095667944E-001
    0.386020000000E+005    0.341138080982E-001
    0.386520000000E+005    0.341179728737E-001
    0.387020000000E+005    0.341220613282E-001
    0.387520000000E+005    0.341260736684E-001
    0.388020000000E+005    0.341300101003E-001
    0.388520000000E+005    0.341338708287E-001
    0.389020000000E+005    0.341376560582E-001
    0.389520000000E+005    0.341413659921E-001
    0.390020000000E+005    0.341450008333E-001
    0.390520000000E+005    0.341485607838E-001
    0.391020000000E+005    0.341520460449E-001
    0.391520000000E+005    0.341554568170E-001
    0.392020000000E+005    0.341587932999E-001
    0.392520000000E+005    0.341620556927E-001
    0.393020000000E+005    0.341652441936E-001
    0.393520000000E+005    0.341683590001E-001
    0.394020000000E+005    0.341714003092E-001
    0.394520000000E+005    0.341743683167E-001
    0.395020000000E+005    0.341772632182E-001
    0.395520000000E+005    0.341800852081E-001
    0.396020000000E+005    0.341828344805E-001
    0.396520000000E+005    0.341855112285E-001
    0.397020000000E+005    0.341881156447E-001
    0.397520000000E+005    0.341906479207E-001
    0.398020000000E+005    0.341931082478E-001
    0.398520000000E+005    0.341954968162E-001
    0.399020000000E+005    0.341978138158E-001
    0.399520000000E+005    0.342000594354E-001
    0.400020000000E+005    0.342022338633E-001
    0.400520000000E+005    0.342043372874E-001
    0.401020000000E+005    0.342063698944E-001
    0.401520000000E+005    0.342083318707E-001
    0.402020000000E+005    0.342102234019E-001
    0.402520000000E+005    0.342120446729E-001
    0.403020000000E+005    0.342137958681E-001
    0.403520000000E+005    0.342154771710E-001
    0.404020000000E+005    0.342170887646E-001
    0.404520000000E+005    0.342186308313E-001
    0.405020000000E+005    0.342201035527E-001
    0.405520000000E+005    0.342215071099E-001
    0.406020000000E+005    0.342228416833E-001
    0.406520000000E+005    0.342241074526E-001
    0.407020000000E+005    0.342253045970E-001
    0.407520000000E+005    0.342264332950E-001
    0.408020000000E+005    0.342274937244E-001
    0.408520000000E+005    0.342284860625E-001
    0.409020000000E+005    0.342294104860E-001
    0.409520000000E+005    0.342302671710E-001
    0.410020000000E+005    0.342310562927E-001
    0.410520000000E+005    0.342317780262E-001
    0.411020000000E+005    0.342324325456E-001
    0.411520000000E+005    0.342330200245E-001
    0.412020000000E+005    0.342335406361E-001
    0.412520000000E+005    0.342339945527E-001
    0.413020000000E+005    0.342343819462E-001
    0.413520000000E+005    0.342347029879E-001
    0.414020000000E+005    0.342349578486E-001
    0.414520000000E+005    0.342351466984E-001
    0.415020000000E+005    0.342352697068E-001
    0.415520000000E+005    0.342353270430E-001
    0.416020000000E+005    0.342353188753E-001
    0.416520000000E+005    0.342352453716E-001
    0.417020000000E+005    0.342351066993E-001
    0.417520000000E+005    0.342349030252E-001
    0.418020000000E+005    0.342346345155E-001
    0.418520000000E+005    0.342343013360E-001
    0.419020000000E+005    0.342339036517E-001
    0.419520000000E+005    0.342334416275E-001
    0.420020000000E+005    0.342329154273E-001
    0.420520000000E+005    0.342323252147E-001
    0.421020000000E+005    0.342316711529E-001
    0.421520000000E+005    0.342309534042E-001
    0.422020000000E+005    0.342301721309E-001
    0.422520000000E+005    0.342293274943E-001
    0.423020000000E+005    0.342284196555E-001
    0.423520000000E+005    0.342274487750E-001
    0.424020000000E+005    0.342264150128E-001
    0.424520000000E+005    0.342253185284E-001
    0.425020000000E+005    0.342241594808E-001
    0.425520000000E+005    0.342229380285E-001
    0.426020000000E+005    0.342216543295E-001
    0.426520000000E+005    0.342203085415E-001
    0.427020000000E+005    0.342189008214E-001
    0.427520000000E+005    0.342174313259E-001
    0.428020000000E+005    0.342159002111E-001
    0.428520000000E+005    0.342143076327E-001
    0.429020000000E+005    0.342126537458E-001
    0.429520000000E+005    0.342109387051E-001
    0.430020000000E+005    0.342091626651E-001
    0.430520000000E+005    0.342073257794E-001
    0.431020000000E+005    0.342054282014E-001
    0.431520000000E+005    0.342034700841E-001
    0.432020000000E+005    0.342014515799E-001
    0.432520000000E+005    0.341993728409E-001
    0.433020000000E+005    0.341972340186E-001
    0.433520000000E+005    0.341950352643E-001
    0.434020000000E+005    0.341927767286E-001
    0.434520000000E+005    0.341904585618E-001
    0.435020000000E+005    0.341880809139E-001
    0.435520000000E+005    0.341856439343E-001
    0.436020000000E+005    0.341831477721E-001
    0.436520000000E+005    0.341805925758E-001
    0.437020000000E+005    0.341779784937E-001
    0.437520000000E+005    0.341753056736E-001
    0.438020000000E+005    0.341725742628E-001
    0.438520000000E+005    0.341697844085E-001
    0.439020000000E+005    0.341669362572E-001
    0.439520000000E+005    0.341640299551E-001
    0.440020000000E+005    0.341610656481E-001
    0.440520000000E+005    0.341580434815E-001
    0.441020000000E+005    0.341549636005E-001
    0.441520000000E+005    0.341518261496E-001
    0.442020000000E+005    0.341486312732E-001
    0.442520000000E+005    0.341453791151E-001
    0.443020000000E+005    0.341420698190E-001
    0.443520000000E+005    0.341387035278E-001
    0.444020000000E+005    0.341352803846E-001
    0.444520000000E+005    0.341318005316E-001
    0.445020000000E+005    0.341282641110E-001
    0.445520000000E+005    0.341246712645E-001
    0.446020000000E+005    0.341210221334E-001
    0.446520000000E+005    0.341173168587E-001
    0.447020000000E+005    0.341135555810E-001
    0.447520000000E+005    0.341097384408E-001
    0.448020000000E+005    0.341058655779E-001
    0.448520000000E+005    0.341019371320E-001
    0.449020000000E+005    0.340979532423E-001
    0.449520000000E+005    0.340939140478E-001
    0.450020000000E+005    0.340898196871E-001
    0.450520000000E+005    0.340856702986E-001
    0.451020000000E+005    0.340814660200E-001
    0.451520000000E+005    0.340772069892E-001
    0.452020000000E+005    0.340728933433E-001
    0.452520000000E+005    0.340685252195E-001
    0.453020000000E+005    0.340641027542E-001
    0.453520000000E+005    0.340596260840E-001
    0.454020000000E+005    0.340550953449E-001
    0.454520000000E+005    0.340505106726E-001
    0.455020000000E+005    0.340458722025E-001
    0.455520000000E+005    0.340411800697E-001
    0.456020000000E+005    0.340364344092E-001
    0.456520000000E+005    0.340316353554E-001
    0.457020000000E+005    0.340267830425E-001
    0.457520000000E+005    0.340218776046E-001
    0.458020000000E+005    0.340169191752E-001
    0.458520000000E+005    0.340119078877E-001
    0.459020000000E+005    0.340068438752E-001
    0.459520000000E+005    0.340017272704E-001
    0.460020000000E+005    0.339965582059E-001
    0.460520000000E+005    0.339913368140E-001
    0.461020000000E+005    0.339860632264E-001
    0.461520000000E+005    0.339807375751E-001
    0.462020000000E+005    0.339753599912E-001
    0.462520000000E+005    0.339699306061E-001
    0.463020000000E+005    0.339644495504E-001
    0.463520000000E+005    0.339589169549E-001
    0.464020000000E+005    0.339533329499E-001
    0.464520000000E+005    0.339476976655E-001
    0.465020000000E+005    0.339420112314E-001
    0.465520000000E+005    0.339362737773E-001
    0.466020000000E+005    0.339304854324E-001
    0.466520000000E+005    0.339246463257E-001
    0.467020000000E+005    0.339187565862E-001
    0.467520000000E+005    0.339128163424E-001
    0.468020000000E+005    0.339068257225E-001
    0.468520000000E+005    0.339007848546E-001
    0.469020000000E+005    0.338946938666E-001
    0.469520000000E+005    0.338885528860E-001
    0.470020000000E+005    0.338823620401E-001
    0.470520000000E+005    0.338761214562E-001
    0.471020000000E+005    0.338698312610E-001
    0.471520000000E+005    0.338634915812E-001
    0.472020000000E+005    0.338571025431E-001
    0.472520000000E+005    0.338506642731E-001
    0.473020000000E+005    0.338441768970E-001
    0.473520000000E+005    0.338376405406E-001
    0.474020000000E+005    0.338310553293E-001
    0.474520000000E+005    0.338244213885E-001
    0.475020000000E+005    0.338177388432E-001
    0.475520000000E+005    0.338110078182E-001
    0.476020000000E+005    0.338042284383E-001
    0.476520000000E+005    0.337974008278E-001
    0.477020000000E+005    0.337905251109E-001
    0.477520000000E+005    0.337836014116E-001
    0.478020000000E+005    0.337766298537E-001
    0.478520000000E+005    0.337696105608E-001
    0.479020000000E+005    0.337625436562E-001
    0.479520000000E+005    0.337554292631E-001
    0.480020000000E+005    0.337482675045E-001
    0.480520000000E+005    0.337410585031E-001
    0.481020000000E+005    0.337338023816E-001
    0.481520000000E+005    0.337264992622E-001
    0.482020000000E+005    0.337191492671E-001
    0.482520000000E+005    0.337117525184E-001
    0.483020000000E+005    0.337043091377E-001
    0.483520000000E+005    0.336968192467E-001
    0.484020000000E+005    0.336892829668E-001
    0.484520000000E+005    0.336817004191E-001
    0.485020000000E+005    0.336740717248E-001
    0.485520000000E+005    0.336663970046E-001
    0.486020000000E+005    0.336586763792E-001
    0.486520000000E+005    0.336509099690E-001
    0.487020000000E+005    0.336430978944E-001
    0.487520000000E+005    0.336352402754E-001
    0.488020000000E+005    0.336273372320E-001
    0.488520000000E+005    0.336193888839E-001
    0.489020000000E+005    0.336113953507E-001
    0.489520000000E+005    0.336033567518E-001
    0.490020000000E+005    0.335952732064E-001
    0.490520000000E+005    0.335871448335E-001
    0.491020000000E+005    0.335789717520E-001
    0.491520000000E+005    0.335707540806E-001
    0.492020000000E+005    0.335624919379E-001
    0.492520000000E+005    0.335541854422E-001
    0.493020000000E+005    0.335458347117E-001
    0.493520000000E+005    0.335374398645E-001
    0.494020000000E+005    0.335290010184E-001
    0.494520000000E+005    0.335205182911E-001
    0.495020000000E+005    0.335119918002E-001
    0.495520000000E+005    0.335034216630E-001
    0.496020000000E+005    0.334948079968E-001
    0.496520000000E+005    0.334861509186E-001
    0.497020000000E+005    0.334774505453E-001
    0.497520000000E+005    0.334687069936E-001
    0.498020000000E+005    0.334599203803E-001
    0.498520000000E+005    0.334510908215E-001
    0.499020000000E+005    0.334422184338E-001
    0.499520000000E+005    0.334333033331E-001
    0.500020000000E+005    0.334243456355E-001
    0.500520000000E+005    0.334153454567E-001
    0.501020000000E+005    0.334063029124E-001
    0.501520000000E+005    0.333972181182E-001
    0.502020000000E+005    0.333880911895E-001
    0.502520000000E+005    0.333789222413E-001
    0.503020000000E+005    0.333697113889E-001
    0.503520000000E+005    0.333604587470E-001
    0.504020000000E+005    0.333511644306E-001
    0.504520000000E+005    0.333418285543E-001
    0.505020000000E+005    0.333324512324E-001
    0.505520000000E+005    0.333230325795E-001
    0.506020000000E+005    0.333135727096E-001
    0.506520000000E+005    0.333040717369E-001
    0.507020000000E+005    0.332945297753E-001
    0.507520000000E+005    0.332849469385E-001
    0.508020000000E+005    0.332753233402E-001
    0.508520000000E+005    0.332656590939E-001
    0.509020000000E+005    0.332559543130E-001
    0.509520000000E+005    0.332462091106E-001
    0.510020000000E+005    0.332364235999E-001
    0.510520000000E+005    0.332265978939E-001
    0.511020000000E+005    0.332167321052E-001
    0.511520000000E+005    0.332068263467E-001
    0.512020000000E+005    0.331968807309E-001
    0.512520000000E+005    0.331868953701E-001
    0.513020000000E+005    0.331768703767E-001
    0.513520000000E+005    0.331668058629E-001
    0.514020000000E+005    0.331567019405E-001
    0.514520000000E+005    0.331465587215E-001
    0.515020000000E+005    0.331363763177E-001
    0.515520000000E+005    0.331261548407E-001
    0.516020000000E+005    0.331158944019E-001
    0.516520000000E+005    0.331055951128E-001
    0.517020000000E+005    0.330952570845E-001
    0.517520000000E+005    0.330848804282E-001
    0.518020000000E+005    0.330744652548E-001
    0.518520000000E+005    0.330640116752E-001
    0.519020000000E+005    0.330535198001E-001
    0.519520000000E+005    0.330429897401E-001
    0.520020000000E+005    0.330324216056E-001
    0.520520000000E+005    0.330218155071E-001
    0.521020000000E+005    0.330111715546E-001
    0.521520000000E+005    0.330004898584E-001
    0.522020000000E+005    0.329897705283E-001
    0.522520000000E+005    0.329790136742E-001
    0.523020000000E+005    0.329682194058E-001
    0.523520000000E+005    0.329573878327E-001
    0.524020000000E+005    0.329465190644E-001
    0.524520000000E+005    0.329356132103E-001
    0.525020000000E+005    0.329246703794E-001
    0.525520000000E+005    0.329136906810E-001
    0.526020000000E+005    0.329026742240E-001
    0.526520000000E+005    0.328916211172E-001
    0.527020000000E+005    0.328805314694E-001
    0.527520000000E+005    0.328694053893E-001
    0.528020000000E+005    0.328582429852E-001
    0.528520000000E+005    0.328470443656E-001
    0.529020000000E+005    0.328358096386E-001
    0.529520000000E+005    0.328245389125E-001
    0.530020000000E+005    0.328132322953E-001
    0.530520000000E+005    0.328018898947E-001
    0.531020000000E+005    0.327905118186E-001
    0.531520000000E+005    0.327790981747E-001
    0.532020000000E+005    0.327676490704E-001
    0.532520000000E+005    0.327561646132E-001
    0.533020000000E+005    0.327446449103E-001
    0.533520000000E+005    0.327330900689E-001
    0.534020000000E+005    0.327215001960E-001
    0.534520000000E+005    0.327098753987E-001
    0.535020000000E+005    0.326982157836E-001
    0.535520000000E+005    0.326865214576E-001
    0.536020000000E+005    0.326747925270E-001
    0.536520000000E+005    0.326630290986E-001
    0.537020000000E+005    0.326512312784E-001
    0.537520000000E+005    0.326393991729E-001
    0.538020000000E+005    0.326275328880E-001
    0.538520000000E+005    0.326156325297E-001
    0.539020000000E+005    0.326036982040E-001
    0.539520000000E+005    0.325917300165E-001
    0.540020000000E+005    0.325797280729E-001
    0.540520000000E+005    0.325676924788E-001
    0.541020000000E+005    0.325556233394E-001
    0.541520000000E+005    0.325435207601E-001
    0.542020000000E+005    0.325313848460E-001
    0.542520000000E+005    0.325192157022E-001
    0.543020000000E+005    0.325070134335E-001
    0.543520000000E+005    0.324947781449E-001
    0.544020000000E+005    0.324825099409E-001
    0.544520000000E+005    0.324702089262E-001
    0.545020000000E+005    0.324578752052E-001
    0.545520000000E+005    0.324455088822E-001
    0.546020000000E+005    0.324331100615E-001
    0.546520000000E+005    0.324206788471E-001
    0.547020000000E+005    0.324082153430E-001
    0.547520000000E+005    0.323957196531E-001
    0.548020000000E+005    0.323831918811E-001
    0.548520000000E+005    0.323706321307E-001
    0.549020000000E+005    0.323580405054E-001
    0.549520000000E+005    0.323454171085E-001
    0.550020000000E+005    0.323327620433E-001
    0.550520000000E+005    0.323200754130E-001
    0.551020000000E+005    0.323073573206E-001
    0.551520000000E+005    0.322946078691E-001
    0.552020000000E+005    0.322818271612E-001
    0.552520000000E+005    0.322690152996E-001
    0.553020000000E+005    0.322561723869E-001
    0.553520000000E+005    0.322432985255E-001
    0.554020000000E+005    0.322303938177E-001
    0.554520000000E+005    0.322174583658E-001
    0.555020000000E+005    0.322044922719E-001
    0.555520000000E+005    0.321914956378E-001
    0.556020000000E+005    0.321784685654E-001
    0.556520000000E+005    0.321654111566E-001
    0.557020000000E+005    0.321523235128E-001
    0.557520000000E+005    0.321392057356E-001
    0.558020000000E+005    0.321260579264E-001
    0.558520000000E+005    0.321128801863E-001
    0.559020000000E+005    0.320996726166E-001
    0.559520000000E+005    0.320864353182E-001
    0.560020000000E+005    0.320731683920E-001
    0.560520000000E+005    0.320598719388E-001
    0.561020000000E+005    0.320465460592E-001
    0.561520000000E+005    0.320331908538E-001
    0.562020000000E+005    0.320198064229E-001
    0.562520000000E+005    0.320063928669E-001
    0.563020000000E+005    0.319929502859E-001
    0.563520000000E+005    0.319794787799E-001
    0.564020000000E+005    0.319659784489E-001
    0.564520000000E+005    0.319524493927E-001
    0.565020000000E+005    0.319388917109E-001
    0.565520000000E+005    0.319253055031E-001
    0.566020000000E+005    0.319116908687E-001
    0.566520000000E+005    0.318980479071E-001
    0.567020000000E+005    0.318843767173E-001
    0.567520000000E+005    0.318706773985E-001
    0.568020000000E+005    0.318569500496E-001
    0.568520000000E+005    0.318431947695E-001
    0.569020000000E+005    0.318294116567E-001
    0.569520000000E+005    0.318156008099E-001
    0.570020000000E+005    0.318017623275E-001
    0.570520000000E+005    0.317878963079E-001
    0.571020000000E+005    0.317740028492E-001
    0.571520000000E+005    0.317600820494E-001
    0.572020000000E+005    0.317461340066E-001
    0.572520000000E+005    0.317321588186E-001
    0.573020000000E+005    0.317181565829E-001
    0.573520000000E+005    0.317041273973E-001
    0.574020000000E+005    0.316900713591E-001
    0.574520000000E+005    0.316759885657E-001
    0.575020000000E+005    0.316618791142E-001
    0.575520000000E+005    0.316477431017E-001
    0.576020000000E+005    0.316335806251E-001
    0.576520000000E+005    0.316193917813E-001
    0.577020000000E+005    0.316051766669E-001
    0.577520000000E+005    0.315909353784E-001
    0.578020000000E+005    0.315766680123E-001
    0.578520000000E+005    0.315623746649E-001
    0.579020000000E+005    0.315480554324E-001
    0.579520000000E+005    0.315337104107E-001
    0.580020000000E+005    0.315193396958E-001
    0.580520000000E+005    0.315049433835E-001
    0.581020000000E+005    0.314905215693E-001
    0.581520000000E+005    0.314760743489E-001
    0.582020000000E+005    0.314616018177E-001
    0.582520000000E+005    0.314471040707E-001
    0.583020000000E+005    0.314325812033E-001
    0.583520000000E+005    0.314180333104E-001
    0.584020000000E+005    0.314034604869E-001
    0.584520000000E+005    0.313888628275E-001
    0.585020000000E+005    0.313742404267E-001
    0.585520000000E+005    0.313595933792E-001
    0.586020000000E+005    0.313449217791E-001
    0.586520000000E+005    0.313302257208E-001
    0.587020000000E+005    0.313155052983E-001
    0.587520000000E+005    0.313007606055E-001
    0.588020000000E+005    0.312859917362E-001
    0.588520000000E+005    0.312711987842E-001
    0.589020000000E+005    0.312563818429E-001
    0.589520000000E+005    0.312415410058E-001
    0.590020000000E+005    0.312266763662E-001
    0.590520000000E+005    0.312117880171E-001
    0.591020000000E+005    0.311968760516E-001
    0.591520000000E+005    0.311819405625E-001
    0.592020000000E+005    0.311669816427E-001
    0.592520000000E+005    0.311519993846E-001
    0.593020000000E+005    0.311369938808E-001
    0.593520000000E+005    0.311219652235E-001
    0.594020000000E+005    0.311069135051E-001
    0.594520000000E+005    0.310918388174E-001
    0.595020000000E+005    0.310767412525E-001
    0.595520000000E+005    0.310616209021E-001
    0.596020000000E+005    0.310464778578E-001
    0.596520000000E+005    0.310313122112E-001
    0.597020000000E+005    0.310161240537E-001
    0.597520000000E+005    0.310009134764E-001
    0.598020000000E+005    0.309856805704E-001
    0.598520000000E+005    0.309704254268E-001
    0.599020000000E+005    0.309551481362E-001
    0.599520000000E+005    0.309398487895E-001
    0.600020000000E+005    0.309245274771E-001
    0.600520000000E+005    0.309091842894E-001
    0.601020000000E+005    0.308938193167E-001
    0.601520000000E+005    0.308784326490E-001
    0.602020000000E+005    0.308630243765E-001
    0.602520000000E+005    0.308475945888E-001
    0.603020000000E+005    0.308321433757E-001
    0.603520000000E+005    0.308166708268E-001
    0.604020000000E+005    0.308011770314E-001
    0.604520000000E+005    0.307856620789E-001
    0.605020000000E+005    0.307701260583E-001
    0.605520000000E+005    0.307545690586E-001
    0.606020000000E+005    0.307389911687E-001
    0.606520000000E+005    0.307233924773E-001
    0.607020000000E+005    0.307077730729E-001
    0.607520000000E+005    0.306921330439E-001
    0.608020000000E+005    0.306764724787E-001
    0.608520000000E+005    0.306607914653E-001
    0.609020000000E+005    0.306450900918E-001
    0.609520000000E+005    0.306293684459E-001
    0.610020000000E+005    0.306136266153E-001
    0.610520000000E+005    0.305978646877E-001
    0.611020000000E+005    0.305820827504E-001
    0.611520000000E+005    0.305662808907E-001
    0.612020000000E+005    0.305504591956E-001
    0.612520000000E+005    0.305346177522E-001
    0.613020000000E+005    0.305187566473E-001
    0.613520000000E+005    0.305028759675E-001
    0.614020000000E+005    0.304869757994E-001
    0.614520000000E+005    0.304710562294E-001
    0.615020000000E+005    0.304551173437E-001
    0.615520000000E+005    0.304391592284E-001
    0.616020000000E+005    0.304231819695E-001
    0.616520000000E+005    0.304071856527E-001
    0.617020000000E+005    0.303911703636E-001
    0.617520000000E+005    0.303751361879E-001
    0.618020000000E+005    0.303590832108E-001
    0.618520000000E+005    0.303430115176E-001
    0.619020000000E+005    0.303269211933E-001
    0.619520000000E+005    0.303108123228E-001
    0.620020000000E+005    0.302946849908E-001
    0.620520000000E+005    0.302785392821E-001
    0.621020000000E+005    0.302623752810E-001
    0.621520000000E+005    0.302461930718E-001
    0.622020000000E+005    0.302299927388E-001
    0.622520000000E+005    0.302137743659E-001
    0.623020000000E+005    0.301975380370E-001
    0.623520000000E+005    0.301812838358E-001
    0.624020000000E+005    0.301650118459E-001
    0.624520000000E+005    0.301487221507E-001
    0.625020000000E+005    0.301324148334E-001
    0.625520000000E+005    0.301160899772E-001
    0.626020000000E+005    0.300997476649E-001
    0.626520000000E+005    0.300833879795E-001
    0.627020000000E+005    0.300670110036E-001
    0.627520000000E+005    0.300506168197E-001
    0.628020000000E+005    0.300342055100E-001
    0.628520000000E+005    0.300177771569E-001
    0.629020000000E+005    0.300013318424E-001
    0.629520000000E+005    0.299848696484E-001
    0.630020000000E+005    0.299683906566E-001
    0.630520000000E+005    0.299518949486E-001
    0.631020000000E+005    0.299353826058E-001
    0.631520000000E+005    0.299188537096E-001
    0.632020000000E+005    0.299023083410E-001
    0.632520000000E+005    0.298857465811E-001
    0.633020000000E+005    0.298691685106E-001
    0.633520000000E+005    0.298525742103E-001
    0.634020000000E+005    0.298359637606E-001
    0.634520000000E+005    0.298193372419E-001
    0.635020000000E+005    0.298026947345E-001
    0.635520000000E+005    0.297860363183E-001
    0.636020000000E+005    0.297693620733E-001
    0.636520000000E+005    0.297526720793E-001
    0.637020000000E+005    0.297359664157E-001
    0.637520000000E+005    0.297192451621E-001
    0.638020000000E+005    0.297025083978E-001
    0.638520000000E+005    0.296857562018E-001
    0.639020000000E+005    0.296689886531E-001
    0.639520000000E+005    0.296522058306E-001
    0.640020000000E+005    0.296354078129E-001
    0.640520000000E+005    0.296185946785E-001
    0.641020000000E+005    0.296017665058E-001
    0.641520000000E+005    0.295849233729E-001
    0.642020000000E+005    0.295680653579E-001
    0.642520000000E+005    0.295511925387E-001
    0.643020000000E+005    0.295343049929E-001
    0.643520000000E+005    0.295174027983E-001
    0.644020000000E+005    0.295004860321E-001
    0.644520000000E+005    0.294835547717E-001
    0.645020000000E+005    0.294666090940E-001
    0.645520000000E+005    0.294496490762E-001
    0.646020000000E+005    0.294326747949E-001
    0.646520000000E+005    0.294156863269E-001
    0.647020000000E+005    0.293986837484E-001
    0.647520000000E+005    0.293816671360E-001
    0.648020000000E+005    0.293646365657E-001
    0.648520000000E+005    0.293475921135E-001
    0.649020000000E+005    0.293305338553E-001
    0.649520000000E+005    0.293134618668E-001
    0.650020000000E+005    0.292963762235E-001
    0.650520000000E+005    0.292792770007E-001
    0.651020000000E+005    0.292621642737E-001
    0.651520000000E+005    0.292450381176E-001
    0.652020000000E+005    0.292278986072E-001
    0.652520000000E+005    0.292107458172E-001
    0.653020000000E+005    0.291935798223E-001
    0.653520000000E+005    0.291764006969E-001
    0.654020000000E+005    0.291592085152E-001
    0.654520000000E+005    0.291420033513E-001
    0.655020000000E+005    0.291247852793E-001
    0.655520000000E+005    0.291075543728E-001
    0.656020000000E+005    0.290903107056E-001
    0.656520000000E+005    0.290730543511E-001
    0.657020000000E+005    0.290557853825E-001
    0.657520000000E+005    0.290385038732E-001
    0.658020000000E+005    0.290212098960E-001
    0.658520000000E+005    0.290039035238E-001
    0.659020000000E+005    0.289865848294E-001
    0.659520000000E+005    0.289692538851E-001
    0.660020000000E+005    0.289519107634E-001
    0.660520000000E+005    0.289345555366E-001
    0.661020000000E+005    0.289171882765E-001
    0.661520000000E+005    0.288998090552E-001
    0.662020000000E+005    0.288824179443E-001
    0.662520000000E+005    0.288650150155E-001
    0.663020000000E+005    0.288476003401E-001
    0.663520000000E+005    0.288301739894E-001
    0.664020000000E+005    0.288127360346E-001
    0.664520000000E+005    0.287952865464E-001
    0.665020000000E+005    0.287778255957E-001
    0.665520000000E+005    0.287603532532E-001
    0.666020000000E+005    0.287428695893E-001
    0.666520000000E+005    0.287253746742E-001
    0.667020000000E+005    0.287078685782E-001
    0.667520000000E+005    0.286903513712E-001
    0.668020000000E+005    0.286728231231E-001
    0.668520000000E+005    0.286552839035E-001
    0.669020000000E+005    0.286377337818E-001
    0.669520000000E+005    0.286201728276E-001
    0.670020000000E+005    0.286026011099E-001
    0.670520000000E+005    0.285850186978E-001
    0.671020000000E+005    0.285674256601E-001
    0.671520000000E+005    0.285498220657E-001
    0.672020000000E+005    0.285322079829E-001
    0.672520000000E+005    0.285145834803E-001
    0.673020000000E+005    0.284969486261E-001
    0.673520000000E+005    0.284793034883E-001
    0.674020000000E+005    0.284616481348E-001
    0.674520000000E+005    0.284439826335E-001
    0.675020000000E+005    0.284263070519E-001
    0.675520000000E+005    0.284086214575E-001
    0.676020000000E+005    0.283909259176E-001
    0.676520000000E+005    0.283732204992E-001
    0.677020000000E+005    0.283555052694E-001
    0.677520000000E+005    0.283377802950E-001
    0.678020000000E+005    0.283200456426E-001
    0.678520000000E+005    0.283023013788E-001
    0.679020000000E+005    0.282845475698E-001
    0.679520000000E+005    0.282667842818E-001
    0.680020000000E+005    0.282490115809E-001
    0.680520000000E+005    0.282312295329E-001
    0.681020000000E+005    0.282134382035E-001
    0.681520000000E+005    0.281956376584E-001
    0.682020000000E+005    0.281778279627E-001
    0.682520000000E+005    0.281600091819E-001
    0.683020000000E+005    0.281421813810E-001
    0.683520000000E+005    0.281243446248E-001
    0.684020000000E+005    0.281064989782E-001
    0.684520000000E+005    0.280886445057E-001
    0.685020000000E+005    0.280707812719E-001
    0.685520000000E+005    0.280529093409E-001
    0.686020000000E+005    0.280350287769E-001
    0.686520000000E+005    0.280171396439E-001
    0.687020000000E+005    0.279992420056E-001
    0.687520000000E+005    0.279813359259E-001
    0.688020000000E+005    0.279634214681E-001
    0.688520000000E+005    0.279454986956E-001
    0.689020000000E+005    0.279275676716E-001
    0.689520000000E+005    0.279096284591E-001
    0.690020000000E+005    0.278916811210E-001
    0.690520000000E+005    0.278737257200E-001
    0.691020000000E+005    0.278557623187E-001
    0.691520000000E+005    0.278377909795E-001
    0.692020000000E+005    0.278198117646E-001
    0.692520000000E+005    0.278018247362E-001
    0.693020000000E+005    0.277838299561E-001
    0.693520000000E+005    0.277658274861E-001
    0.694020000000E+005    0.277478173880E-001
    0.694520000000E+005    0.277297997231E-001
    0.695020000000E+005    0.277117745527E-001
    0.695520000000E+005    0.276937419381E-001
    0.696020000000E+005    0.276757019402E-001
    0.696520000000E+005    0.276576546199E-001
    0.697020000000E+005    0.276396000379E-001
    0.697520000000E+005    0.276215382547E-001
    0.698020000000E+005    0.276034693307E-001
    0.698520000000E+005    0.275853933262E-001
    0.699020000000E+005    0.275673103011E-001
    0.699520000000E+005    0.275492203155E-001
    0.700020000000E+005    0.275311234291E-001
    0.700520000000E+005    0.275130197015E-001
    0.701020000000E+005    0.274949091922E-001
    0.701520000000E+005    0.274767919605E-001
    0.702020000000E+005    0.274586680656E-001
    0.702520000000E+005    0.274405375663E-001
    0.703020000000E+005    0.274224005217E-001
    0.703520000000E+005    0.274042569904E-001
    0.704020000000E+005    0.273861070308E-001
    0.704520000000E+005    0.273679507015E-001
    0.705020000000E+005    0.273497880607E-001
    0.705520000000E+005    0.273316191663E-001
    0.706020000000E+005    0.273134440765E-001
    0.706520000000E+005    0.272952628489E-001
    0.707020000000E+005    0.272770755411E-001
    0.707520000000E+005    0.272588822107E-001
    0.708020000000E+005    0.272406829149E-001
    0.708520000000E+005    0.272224777110E-001
    0.709020000000E+005    0.272042666559E-001
    0.709520000000E+005    0.271860498066E-001
    0.710020000000E+005    0.271678272196E-001
    0.710520000000E+005    0.271495989517E-001
    0.711020000000E+005    0.271313650592E-001
    0.711520000000E+005    0.271131255984E-001
    0.712020000000E+005    0.270948806254E-001
    0.712520000000E+005    0.270766301961E-001
    0.713020000000E+005    0.270583743664E-001
    0.713520000000E+005    0.270401131920E-001
    0.714020000000E+005    0.270218467283E-001
    0.714520000000E+005    0.270035750307E-001
    0.715020000000E+005    0.269852981544E-001
    0.715520000000E+005    0.269670161546E-001
    0.716020000000E+005    0.269487290860E-001
    0.716520000000E+005    0.269304370036E-001
    0.717020000000E+005    0.269121399618E-001
    0.717520000000E+005    0.268938380152E-001
    0.718020000000E+005    0.268755312181E-001
    0.718520000000E+005    0.268572196247E-001
    0.719020000000E+005    0.268389032890E-001
    0.719520000000E+005    0.268205822648E-001
    0.720020000000E+005    0.268022566060E-001
    0.720520000000E+005    0.267839263661E-001
    0.721020000000E+005    0.267655915984E-001
    0.721520000000E+005    0.267472523564E-001
    0.722020000000E+005    0.267289086932E-001
    0.722520000000E+005    0.267105606617E-001
    0.723020000000E+005    0.266922083149E-001
    0.723520000000E+005    0.266738517053E-001
    0.724020000000E+005    0.266554908857E-001
    0.724520000000E+005    0.266371259083E-001
    0.725020000000E+005    0.266187568255E-001
    0.725520000000E+005    0.266003836894E-001
    0.726020000000E+005    0.265820065519E-001
    0.726520000000E+005    0.265636254649E-001
    0.727020000000E+005    0.265452404801E-001
    0.727520000000E+005    0.265268516490E-001
    0.728020000000E+005    0.265084590231E-001
    0.728520000000E+005    0.264900626535E-001
    0.729020000000E+005    0.264716625914E-001
    0.729520000000E+005    0.264532588878E-001
    0.730020000000E+005    0.264348515935E-001
    0.730520000000E+005    0.264164407591E-001
    0.731020000000E+005    0.263980264352E-001
    0.731520000000E+005    0.263796086723E-001
    0.732020000000E+005    0.263611875205E-001
    0.732520000000E+005    0.263427630300E-001
    0.733020000000E+005    0.263243352507E-001
    0.733520000000E+005    0.263059042324E-001
    0.734020000000E+005    0.262874700250E-001
    0.734520000000E+005    0.262690326778E-001
    0.735020000000E+005    0.262505922403E-001
    0.735520000000E+005    0.262321487618E-001
    0.736020000000E+005    0.262137022914E-001
    0.736520000000E+005    0.261952528781E-001
    0.737020000000E+005    0.261768005706E-001
    0.737520000000E+005    0.261583454178E-001
    0.738020000000E+005    0.261398874682E-001
    0.738520000000E+005    0.261214267701E-001
    0.739020000000E+005    0.261029633720E-001
    0.739520000000E+005    0.260844973219E-001
    0.740020000000E+005    0.260660286678E-001
    0.740520000000E+005    0.260475574576E-001
    0.741020000000E+005    0.260290837390E-001
    0.741520000000E+005    0.260106075597E-001
    0.742020000000E+005    0.259921289671E-001
    0.742520000000E+005    0.259736480084E-001
    0.743020000000E+005    0.259551647309E-001
    0.743520000000E+005    0.259366791817E-001
    0.744020000000E+005    0.259181914075E-001
    0.744520000000E+005    0.258997014552E-001
    0.745020000000E+005    0.258812093715E-001
    0.745520000000E+005    0.258627152028E-001
    0.746020000000E+005    0.258442189954E-001
    0.746520000000E+005    0.258257207957E-001
    0.747020000000E+005    0.258072206496E-001
    0.747520000000E+005    0.257887186032E-001
    0.748020000000E+005    0.257702147022E-001
    0.748520000000E+005    0.257517089924E-001
    0.749020000000E+005    0.257332015193E-001
    0.749520000000E+005    0.257146923283E-001
    0.750020000000E+005    0.256961814647E-001
    0.750520000000E+005    0.256776689736E-001
    0.751020000000E+005    0.256591549001E-001
    0.751520000000E+005    0.256406392890E-001
    0.752020000000E+005    0.256221221852E-001
    0.752520000000E+005    0.256036036331E-001
    0.753020000000E+005    0.255850836773E-001
    0.753520000000E+005    0.255665623622E-001
    0.754020000000E+005    0.255480397319E-001
    0.754520000000E+005    0.255295158306E-001
    0.755020000000E+005    0.255109907023E-001
    0.755520000000E+005    0.254924643906E-001
    0.756020000000E+005    0.254739369394E-001
    0.756520000000E+005    0.254554083922E-001
    0.757020000000E+005    0.254368787925E-001
    0.757520000000E+005    0.254183481834E-001
    0.758020000000E+005    0.253998166083E-001
    0.758520000000E+005    0.253812841102E-001
    0.759020000000E+005    0.253627507320E-001
    0.759520000000E+005    0.253442165164E-001
    0.760020000000E+005    0.253256815062E-001
    0.760520000000E+005    0.253071457438E-001
    0.761020000000E+005    0.252886092717E-001
    0.761520000000E+005    0.252700721321E-001
    0.762020000000E+005    0.252515343673E-001
    0.762520000000E+005    0.252329960191E-001
    0.763020000000E+005    0.252144571296E-001
    0.763520000000E+005    0.251959177404E-001
    0.764020000000E+005    0.251773778932E-001
    0.764520000000E+005    0.251588376296E-001
    0.765020000000E+005    0.251402969909E-001
    0.765520000000E+005    0.251217560183E-001
    0.766020000000E+005    0.251032147531E-001
    0.766520000000E+005    0.250846732361E-001
    0.767020000000E+005    0.250661315084E-001
    0.767520000000E+005    0.250475896107E-001
    0.768020000000E+005    0.250290475835E-001
    0.768520000000E+005    0.250105054675E-001
    0.769020000000E+005    0.249919633030E-001
    0.769520000000E+005    0.249734211303E-001
    0.770020000000E+005    0.249548789895E-001
    0.770520000000E+005    0.249363369206E-001
    0.771020000000E+005    0.249177949636E-001
    0.771520000000E+005    0.248992531581E-001
    0.772020000000E+005    0.248807115440E-001
    0.772520000000E+005    0.248621701606E-001
    0.773020000000E+005    0.248436290474E-001
    0.773520000000E+005    0.248250882437E-001
    0.774020000000E+005    0.248065477886E-001
    0.774520000000E+005    0.247880077213E-001
    0.775020000000E+005    0.247694680806E-001
    0.775520000000E+005    0.247509289052E-001
    0.776020000000E+005    0.247323902340E-001
    0.776520000000E+005    0.247138521055E-001
    0.777020000000E+005    0.246953145581E-001
    0.777520000000E+005    0.246767776301E-001
    0.778020000000E+005    0.246582413597E-001
    0.778520000000E+005    0.246397057851E-001
    0.779020000000E+005    0.246211709442E-001
    0.779520000000E+005    0.246026368749E-001
    0.780020000000E+005    0.245841036148E-001
    0.780520000000E+005    0.245655712016E-001
    0.781020000000E+005    0.245470396729E-001
    0.781520000000E+005    0.245285090659E-001
    0.782020000000E+005    0.245099794179E-001
    0.782520000000E+005    0.244914507662E-001
    0.783020000000E+005    0.244729231477E-001
    0.783520000000E+005    0.244543965993E-001
    0.784020000000E+005    0.244358711578E-001
    0.784520000000E+005    0.244173468600E-001
    0.785020000000E+005    0.243988237423E-001
    0.785520000000E+005    0.243803018413E-001
    0.786020000000E+005    0.243617811933E-001
    0.786520000000E+005    0.243432618345E-001
    0.787020000000E+005    0.243247438011E-001
    0.787520000000E+005    0.243062271289E-001
    0.788020000000E+005    0.242877118540E-001
    0.788520000000E+005    0.242691980120E-001
    0.789020000000E+005    0.242506856386E-001
    0.789520000000E+005    0.242321747695E-001
    0.790020000000E+005    0.242136654399E-001
    0.790520000000E+005    0.241951576853E-001
    0.791020000000E+005    0.241766515408E-001
    0.791520000000E+005    0.241581470415E-001
    0.792020000000E+005    0.241396442225E-001
    0.792520000000E+005    0.241211431186E-001
    0.793020000000E+005    0.241026437645E-001
    0.793520000000E+005    0.240841461950E-001
    0.794020000000E+005    0.240656504445E-001
    0.794520000000E+005    0.240471565475E-001
    0.795020000000E+005    0.240286645383E-001
    0.795520000000E+005    0.240101744511E-001
    0.796020000000E+005    0.239916863201E-001
    0.796520000000E+005    0.239732001792E-001
    0.797020000000E+005    0.239547160623E-001
    0.797520000000E+005    0.239362340032E-001
    0.798020000000E+005    0.239177540356E-001
    0.798520000000E+005    0.238992761930E-001
    0.799020000000E+005    0.238808005089E-001
    0.799520000000E+005    0.238623270167E-001
    0.800020000000E+005    0.238438557495E-001
    0.800520000000E+005    0.238253867406E-001
    0.801020000000E+005    0.238069200228E-001
    0.801520000000E+005    0.237884556293E-001
    0.802020000000E+005    0.237699935927E-001
    0.802520000000E+005    0.237515339459E-001
    0.803020000000E+005    0.237330767213E-001
    0.803520000000E+005    0.237146219515E-001
    0.804020000000E+005    0.236961696689E-001
    0.804520000000E+005    0.236777199058E-001
    0.805020000000E+005    0.236592726944E-001
    0.805520000000E+005    0.236408280668E-001
    0.806020000000E+005    0.236223860548E-001
    0.806520000000E+005    0.236039466905E-001
    0.807020000000E+005    0.235855100056E-001
    0.807520000000E+005    0.235670760317E-001
    0.808020000000E+005    0.235486448005E-001
    0.808520000000E+005    0.235302163433E-001
    0.809020000000E+005    0.235117906916E-001
    0.809520000000E+005    0.234933678766E-001
    0.810020000000E+005    0.234749479294E-001
    0.810520000000E+005    0.234565308812E-001
    0.811020000000E+005    0.234381167629E-001
    0.811520000000E+005    0.234197056053E-001
    0.812020000000E+005    0.234012974392E-001
    0.812520000000E+005    0.233828922953E-001
    0.813020000000E+005    0.233644902040E-001
    0.813520000000E+005    0.233460911959E-001
    0.814020000000E+005    0.233276953014E-001
    0.814520000000E+005    0.233093025506E-001
    0.815020000000E+005    0.232909129737E-001
    0.815520000000E+005    0.232725266009E-001
    0.816020000000E+005    0.232541434619E-001
    0.816520000000E+005    0.232357635868E-001
    0.817020000000E+005    0.232173870053E-001
    0.817520000000E+005    0.231990137470E-001
    0.818020000000E+005    0.231806438416E-001
    0.818520000000E+005    0.231622773184E-001
    0.819020000000E+005    0.231439142069E-001
    0.819520000000E+005    0.231255545363E-001
    0.820020000000E+005    0.231071983358E-001
    0.820520000000E+005    0.230888456346E-001
    0.821020000000E+005    0.230704964616E-001
    0.821520000000E+005    0.230521508456E-001
    0.822020000000E+005    0.230338088156E-001
    0.822520000000E+005    0.230154704001E-001
    0.823020000000E+005    0.229971356279E-001
    0.823520000000E+005    0.229788045274E-001
    0.824020000000E+005    0.229604771270E-001
    0.824520000000E+005    0.229421534552E-001
    0.825020000000E+005    0.229238335400E-001
    0.825520000000E+005    0.229055174097E-001
    0.826020000000E+005    0.228872050923E-001
    0.826520000000E+005    0.228688966157E-001
    0.827020000000E+005    0.228505920078E-001
    0.827520000000E+005    0.228322912964E-001
    0.828020000000E+005    0.228139945092E-001
    0.828520000000E+005    0.227957016737E-001
    0.829020000000E+005    0.227774128175E-001
    0.829520000000E+005    0.227591279679E-001
    0.830020000000E+005    0.227408471522E-001
    0.830520000000E+005    0.227225703977E-001
    0.831020000000E+005    0.227042977315E-001
    0.831520000000E+005    0.226860291806E-001
    0.832020000000E+005    0.226677647719E-001
    0.832520000000E+005    0.226495045325E-001
    0.833020000000E+005    0.226312484889E-001
    0.833520000000E+005    0.226129966679E-001
    0.834020000000E+005    0.225947490960E-001
    0.834520000000E+005    0.225765057998E-001
    0.835020000000E+005    0.225582668057E-001
    0.835520000000E+005    0.225400321401E-001
    0.836020000000E+005    0.225218018290E-001
    0.836520000000E+005    0.225035758987E-001
    0.837020000000E+005    0.224853543753E-001
    0.837520000000E+005    0.224671372846E-001
    0.838020000000E+005    0.224489246527E-001
    0.838520000000E+005    0.224307165053E-001
    0.839020000000E+005    0.224125128680E-001
    0.839520000000E+005    0.223943137666E-001
    0.840020000000E+005    0.223761192265E-001
    0.840520000000E+005    0.223579292733E-001
    0.841020000000E+005    0.223397439322E-001
    0.841520000000E+005    0.223215632286E-001
    0.842020000000E+005    0.223033871877E-001
    0.842520000000E+005    0.222852158344E-001
    0.843020000000E+005    0.222670491940E-001
    0.843520000000E+005    0.222488872913E-001
    0.844020000000E+005    0.222307301512E-001
    0.844520000000E+005    0.222125777984E-001
    0.845020000000E+005    0.221944302577E-001
    0.845520000000E+005    0.221762875536E-001
    0.846020000000E+005    0.221581497107E-001
    0.846520000000E+005    0.221400167533E-001
    0.847020000000E+005    0.221218887059E-001
    0.847520000000E+005    0.221037655928E-001
    0.848020000000E+005    0.220856474380E-001
    0.848520000000E+005    0.220675342657E-001
    0.849020000000E+005    0.220494261000E-001
    0.849520000000E+005    0.220313229648E-001
    0.850020000000E+005    0.220132248839E-001
    0.850520000000E+005    0.219951318811E-001
    0.851020000000E+005    0.219770439801E-001
    0.851520000000E+005    0.219589612046E-001
    0.852020000000E+005    0.219408835780E-001
    0.852520000000E+005    0.219228111238E-001
    0.853020000000E+005    0.219047438655E-001
    0.853520000000E+005    0.218866818262E-001
    0.854020000000E+005    0.218686250293E-001
    0.854520000000E+005    0.218505734978E-001
    0.855020000000E+005    0.218325272548E-001
    0.855520000000E+005    0.218144863233E-001
    0.856020000000E+005    0.217964507262E-001
    0.856520000000E+005    0.217784204862E-001
    0.857020000000E+005    0.217603956262E-001
    0.857520000000E+005    0.217423761689E-001
    0.858020000000E+005    0.217243621367E-001
    0.858520000000E+005    0.217063535522E-001
    0.859020000000E+005    0.216883504378E-001
    0.859520000000E+005    0.216703528159E-001
    0.860020000000E+005    0.216523607087E-001
    0.860520000000E+005    0.216343741386E-001
    0.861020000000E+005    0.216163931274E-001
    0.861520000000E+005    0.215984176975E-001
    0.862020000000E+005    0.215804478706E-001
    0.862520000000E+005    0.215624836686E-001
    0.863020000000E+005    0.215445251135E-001
    0.863520000000E+005    0.215265722269E-001
    0.864020000000E+005    0.215086250306E-001
    0.864520000000E+005    0.214906835460E-001
    0.865020000000E+005    0.214727477948E-001
    0.865520000000E+005    0.214548177983E-001
    0.866020000000E+005    0.214368935779E-001
    0.866520000000E+005    0.214189751549E-001
    0.867020000000E+005    0.214010625506E-001
    0.867520000000E+005    0.213831557861E-001
    0.868020000000E+005    0.213652548824E-001
    0.868520000000E+005    0.213473598606E-001
    0.869020000000E+005    0.213294707415E-001
    0.869520000000E+005    0.213115875460E-001
    0.870020000000E+005    0.212937102950E-001
    0.870520000000E+005    0.212758390090E-001
    0.871020000000E+005    0.212579737088E-001
    0.871520000000E+005    0.212401144149E-001
    0.872020000000E+005    0.212222611478E-001
    0.872520000000E+005    0.212044139279E-001
    0.873020000000E+005    0.211865727755E-001
    0.873520000000E+005    0.211687377110E-001
    0.874020000000E+005    0.211509087545E-001
    0.874520000000E+005    0.211330859261E-001
    0.875020000000E+005    0.211152692460E-001
    0.875520000000E+005    0.210974587340E-001
    0.876020000000E+005    0.210796544102E-001
    0.876520000000E+005    0.210618562944E-001
    0.877020000000E+005    0.210440644063E-001
    0.877520000000E+005    0.210262787657E-001
    0.878020000000E+005    0.210084993922E-001
    0.878520000000E+005    0.209907263053E-001
    0.879020000000E+005    0.209729595247E-001
    0.879520000000E+005    0.209551990696E-001
    0.880020000000E+005    0.209374449595E-001
    0.880520000000E+005    0.209196972137E-001
    0.881020000000E+005    0.209019558514E-001
    0.881520000000E+005    0.208842208917E-001
    0.882020000000E+005    0.208664923537E-001
    0.882520000000E+005    0.208487702565E-001
    0.883020000000E+005    0.208310546191E-001
    0.883520000000E+005    0.208133454602E-001
    0.884020000000E+005    0.207956427987E-001
    0.884520000000E+005    0.207779466534E-001
    0.885020000000E+005    0.207602570430E-001
    0.885520000000E+005    0.207425739860E-001
    0.886020000000E+005    0.207248975011E-001
    0.886520000000E+005    0.207072276067E-001
    0.887020000000E+005    0.206895643212E-001
    0.887520000000E+005    0.206719076630E-001
    0.888020000000E+005    0.206542576503E-001
    0.888520000000E+005    0.206366143015E-001
    0.889020000000E+005    0.206189776346E-001
    0.889520000000E+005    0.206013476677E-001
    0.890020000000E+005    0.205837244189E-001
    0.890520000000E+005    0.205661079061E-001
    0.891020000000E+005    0.205484981473E-001
    0.891520000000E+005    0.205308951602E-001
    0.892020000000E+005    0.205132989626E-001
    0.892520000000E+005    0.204957095722E-001
    0.893020000000E+005    0.204781270067E-001
    0.893520000000E+005    0.204605512837E-001
    0.894020000000E+005    0.204429824206E-001
    0.894520000000E+005    0.204254204349E-001
    0.895020000000E+005    0.204078653439E-001
    0.895520000000E+005    0.203903171651E-001
    0.896020000000E+005    0.203727759156E-001
    0.896520000000E+005    0.203552416127E-001
    0.897020000000E+005    0.203377142735E-001
    0.897520000000E+005    0.203201939151E-001
    0.898020000000E+005    0.203026805544E-001
    0.898520000000E+005    0.202851742085E-001
    0.899020000000E+005    0.202676748941E-001
    0.899520000000E+005    0.202501826282E-001
    0.900020000000E+005    0.202326974274E-001
    0.900520000000E+005    0.202152193086E-001
    0.901020000000E+005    0.201977482883E-001
    0.901520000000E+005    0.201802843830E-001
    0.902020000000E+005    0.201628276094E-001
    0.902520000000E+005    0.201453779839E-001
    0.903020000000E+005    0.201279355229E-001
    0.903520000000E+005    0.201105002426E-001
    0.904020000000E+005    0.200930721595E-001
    0.904520000000E+005    0.200756512896E-001
    0.905020000000E+005    0.200582376492E-001
    0.905520000000E+005    0.200408312544E-001
    0.906020000000E+005    0.200234321211E-001
    0.906520000000E+005    0.200060402654E-001
    0.907020000000E+005    0.199886557032E-001
    0.907520000000E+005    0.199712784503E-001
    0.908020000000E+005    0.199539085225E-001
    0.908520000000E+005    0.199365459356E-001
    0.909020000000E+005    0.199191907053E-001
    0.909520000000E+005    0.199018428472E-001
    0.910020000000E+005    0.198845023768E-001
    0.910520000000E+005    0.198671693097E-001
    0.911020000000E+005    0.198498436612E-001
    0.911520000000E+005    0.198325254469E-001
    0.912020000000E+005    0.198152146820E-001
    0.912520000000E+005    0.197979113818E-001
    0.913020000000E+005    0.197806155615E-001
    0.913520000000E+005    0.197633272363E-001
    0.914020000000E+005    0.197460464213E-001
    0.914520000000E+005    0.197287731316E-001
    0.915020000000E+005    0.197115073820E-001
    0.915520000000E+005    0.196942491877E-001
    0.916020000000E+005    0.196769985633E-001
    0.916520000000E+005    0.196597555239E-001
    0.917020000000E+005    0.196425200840E-001
    0.917520000000E+005    0.196252922586E-001
    0.918020000000E+005    0.196080720621E-001
    0.918520000000E+005    0.195908595092E-001
    0.919020000000E+005    0.195736546144E-001
    0.919520000000E+005    0.195564573923E-001
    0.920020000000E+005    0.195392678572E-001
    0.920520000000E+005    0.195220860235E-001
    0.921020000000E+005    0.195049119056E-001
    0.921520000000E+005    0.194877455178E-001
    0.922020000000E+005    0.194705868741E-001
    0.922520000000E+005    0.194534359889E-001
    0.923020000000E+005    0.194362928762E-001
    0.923520000000E+005    0.194191575500E-001
    0.924020000000E+005    0.194020300244E-001
    0.924520000000E+005    0.193849103132E-001
    0.925020000000E+005    0.193677984305E-001
    0.925520000000E+005    0.193506943899E-001
    0.926020000000E+005    0.193335982054E-001
    0.926520000000E+005    0.193165098905E-001
    0.927020000000E+005    0.192994294591E-001
    0.927520000000E+005    0.192823569247E-001
    0.928020000000E+005    0.192652923009E-001
    0.928520000000E+005    0.192482356012E-001
    0.929020000000E+005    0.192311868390E-001
    0.929520000000E+005    0.192141460278E-001
    0.930020000000E+005    0.191971131810E-001
    0.930520000000E+005    0.191800883118E-001
    0.931020000000E+005    0.191630714335E-001
    0.931520000000E+005    0.191460625594E-001
    0.932020000000E+005    0.191290617024E-001
    0.932520000000E+005    0.191120688759E-001
    0.933020000000E+005    0.190950840927E-001
    0.933520000000E+005    0.190781073659E-001
    0.934020000000E+005    0.190611387085E-001
    0.934520000000E+005    0.190441781333E-001
    0.935020000000E+005    0.190272256531E-001
    0.935520000000E+005    0.190102812809E-001
    0.936020000000E+005    0.189933450292E-001
    0.936520000000E+005    0.189764169109E-001
    0.937020000000E+005    0.189594969385E-001
    0.937520000000E+005    0.189425851246E-001
    0.938020000000E+005    0.189256814818E-001
    0.938520000000E+005    0.189087860226E-001
    0.939020000000E+005    0.188918987593E-001
    0.939520000000E+005    0.188750197045E-001
    0.940020000000E+005    0.188581488704E-001
    0.940520000000E+005    0.188412862693E-001
    0.941020000000E+005    0.188244319134E-001
    0.941520000000E+005    0.188075858150E-001
    0.942020000000E+005    0.187907479862E-001
    0.942520000000E+005    0.187739184391E-001
    0.943020000000E+005    0.187570971858E-001
    0.943520000000E+005    0.187402842381E-001
    0.944020000000E+005    0.187234796081E-001
    0.944520000000E+005    0.187066833077E-001
    0.945020000000E+005    0.186898953487E-001
    0.945520000000E+005    0.186731157430E-001
    0.946020000000E+005    0.186563445022E-001
    0.946520000000E+005    0.186395816381E-001
    0.947020000000E+005    0.186228271623E-001
    0.947520000000E+005    0.186060810865E-001
    0.948020000000E+005    0.185893434222E-001
    0.948520000000E+005    0.185726141809E-001
    0.949020000000E+005    0.185558933741E-001
    0.949520000000E+005    0.185391810132E-001
    0.950020000000E+005    0.185224771096E-001
    0.950520000000E+005    0.185057816746E-001
    0.951020000000E+005    0.184890947194E-001
    0.951520000000E+005    0.184724162554E-001
    0.952020000000E+005    0.184557462937E-001
    0.952520000000E+005    0.184390848454E-001
    0.953020000000E+005    0.184224319217E-001
    0.953520000000E+005    0.184057875335E-001
    0.954020000000E+005    0.183891516918E-001
    0.954520000000E+005    0.183725244077E-001
    0.955020000000E+005    0.183559056920E-001
    0.955520000000E+005    0.183392955556E-001
    0.956020000000E+005    0.183226940093E-001
    0.956520000000E+005    0.183061010639E-001
    0.957020000000E+005    0.182895167300E-001
    0.957520000000E+005    0.182729410184E-001
    0.958020000000E+005    0.182563739397E-001
    0.958520000000E+005    0.182398155045E-001
    0.959020000000E+005    0.182232657233E-001
    0.959520000000E+005    0.182067246066E-001
    0.960020000000E+005    0.181901921649E-001
    0.960520000000E+005    0.181736684085E-001
    0.961020000000E+005    0.181571533479E-001
    0.961520000000E+005    0.181406469933E-001
    0.962020000000E+005    0.181241493551E-001
    0.962520000000E+005    0.181076604434E-001
    0.963020000000E+005    0.180911802684E-001
    0.963520000000E+005    0.180747088403E-001
    0.964020000000E+005    0.180582461691E-001
    0.964520000000E+005    0.180417922650E-001
    0.965020000000E+005    0.180253471379E-001
    0.965520000000E+005    0.180089107978E-001
    0.966020000000E+005    0.179924832545E-001
    0.966520000000E+005    0.179760645181E-001
    0.967020000000E+005    0.179596545982E-001
    0.967520000000E+005    0.179432535048E-001
    0.968020000000E+005    0.179268612475E-001
    0.968520000000E+005    0.179104778360E-001
    0.969020000000E+005    0.178941032801E-001
    0.969520000000E+005    0.178777375892E-001
    0.970020000000E+005    0.178613807731E-001
    0.970520000000E+005    0.178450328411E-001
    0.971020000000E+005    0.178286938029E-001
    0.971520000000E+005    0.178123636678E-001
    0.972020000000E+005    0.177960424453E-001
    0.972520000000E+005    0.177797301447E-001
    0.973020000000E+005    0.177634267753E-001
    0.973520000000E+005    0.177471323465E-001
    0.974020000000E+005    0.177308468673E-001
    0.974520000000E+005    0.177145703472E-001
    0.975020000000E+005    0.176983027950E-001
    0.975520000000E+005    0.176820442201E-001
    0.976020000000E+005    0.176657946314E-001
    0.976520000000E+005    0.176495540381E-001
    0.977020000000E+005    0.176333224489E-001
    0.977520000000E+005    0.176170998730E-001
    0.978020000000E+005    0.176008863192E-001
    0.978520000000E+005    0.175846817963E-001
    0.979020000000E+005    0.175684863132E-001
    0.979520000000E+005    0.175522998787E-001
    0.980020000000E+005    0.175361225014E-001
    0.980520000000E+005    0.175199541901E-001
    0.981020000000E+005    0.175037949535E-001
    0.981520000000E+005    0.174876448001E-001
    0.982020000000E+005    0.174715037386E-001
    0.982520000000E+005    0.174553717774E-001
    0.983020000000E+005    0.174392489250E-001
    0.983520000000E+005    0.174231351900E-001
    0.984020000000E+005    0.174070305806E-001
    0.984520000000E+005    0.173909351054E-001
    0.985020000000E+005    0.173748487725E-001
    0.985520000000E+005    0.173587715904E-001
    0.986020000000E+005    0.173427035672E-001
    0.986520000000E+005    0.173266447111E-001
    0.987020000000E+005    0.173105950304E-001
    0.987520000000E+005    0.172945545332E-001
    0.988020000000E+005    0.172785232275E-001
    0.988520000000E+005    0.172625011214E-001
    0.989020000000E+005    0.172464882230E-001
    0.989520000000E+005    0.172304845402E-001
    0.990020000000E+005    0.172144900809E-001
    0.990520000000E+005    0.171985048530E-001
    0.991020000000E+005    0.171825288644E-001
    0.991520000000E+005    0.171665621229E-001
    0.992020000000E+005    0.171506046364E-001
    0.992520000000E+005    0.171346564124E-001
    0.993020000000E+005    0.171187174588E-001
    0.993520000000E+005    0.171027877832E-001
    0.994020000000E+005    0.170868673932E-001
    0.994520000000E+005    0.170709562964E-001
    0.995020000000E+005    0.170550545003E-001
    0.995520000000E+005    0.170391620125E-001
    0.996020000000E+005    0.170232788405E-001
    0.996520000000E+005    0.170074049916E-001
    0.997020000000E+005    0.169915404733E-001
    0.997520000000E+005    0.169756852929E-001
    0.998020000000E+005    0.169598394578E-001
    0.998520000000E+005    0.169440029752E-001
    0.999020000000E+005    0.169281758524E-001
    0.999520000000E+005    0.169123580965E-001
