TITLE = "0D Field KB"
VARIABLES = N ,"KB_Ha100Rem1Re10000"
ZONE DATAPACKING = POINT
    0.200000000000E+001    0.799992000074E-009
    0.520000000000E+002    0.540520789762E-006
    0.102000000000E+003    0.207820819800E-005
    0.152000000000E+003    0.460902814330E-005
    0.202000000000E+003    0.812453029653E-005
    0.252000000000E+003    0.126142009397E-004
    0.302000000000E+003    0.180666634120E-004
    0.352000000000E+003    0.244702966937E-004
    0.402000000000E+003    0.318135372267E-004
    0.452000000000E+003    0.400850237800E-004
    0.502000000000E+003    0.492736637879E-004
    0.552000000000E+003    0.593686595269E-004
    0.602000000000E+003    0.703595134650E-004
    0.652000000000E+003    0.822360228424E-004
    0.702000000000E+003    0.949882688603E-004
    0.752000000000E+003    0.108606603402E-003
    0.802000000000E+003    0.123081634892E-003
    0.852000000000E+003    0.138404214171E-003
    0.902000000000E+003    0.154565420853E-003
    0.952000000000E+003    0.171556550396E-003
    0.100200000000E+004    0.189369101995E-003
    0.105200000000E+004    0.207994767302E-003
    0.110200000000E+004    0.227425419982E-003
    0.115200000000E+004    0.247653106045E-003
    0.120200000000E+004    0.268670034912E-003
    0.125200000000E+004    0.290468571154E-003
    0.130200000000E+004    0.313041226856E-003
    0.135200000000E+004    0.336380654546E-003
    0.140200000000E+004    0.360479640650E-003
    0.145200000000E+004    0.385331099411E-003
    0.150200000000E+004    0.410928067241E-003
    0.155200000000E+004    0.437263697472E-003
    0.160200000000E+004    0.464331255462E-003
    0.165200000000E+004    0.492124114032E-003
    0.170200000000E+004    0.520635749194E-003
    0.175200000000E+004    0.549859736164E-003
    0.180200000000E+004    0.579789745617E-003
    0.185200000000E+004    0.610419540178E-003
    0.190200000000E+004    0.641742971115E-003
    0.195200000000E+004    0.673753975241E-003
    0.200200000000E+004    0.706446571983E-003
    0.205200000000E+004    0.739814860623E-003
    0.210200000000E+004    0.773853017697E-003
    0.215200000000E+004    0.808555294525E-003
    0.220200000000E+004    0.843916014881E-003
    0.225200000000E+004    0.879929572779E-003
    0.230200000000E+004    0.916590430375E-003
    0.235200000000E+004    0.953893115975E-003
    0.240200000000E+004    0.991832222133E-003
    0.245200000000E+004    0.103040240386E-002
    0.250200000000E+004    0.106959837690E-002
    0.255200000000E+004    0.110941491609E-002
    0.260200000000E+004    0.114984685381E-002
    0.265200000000E+004    0.119088907850E-002
    0.270200000000E+004    0.123253653320E-002
    0.275200000000E+004    0.127478421421E-002
    0.280200000000E+004    0.131762716979E-002
    0.285200000000E+004    0.136106049889E-002
    0.290200000000E+004    0.140507934996E-002
    0.295200000000E+004    0.144967891982E-002
    0.300200000000E+004    0.149485445251E-002
    0.305200000000E+004    0.154060123830E-002
    0.310200000000E+004    0.158691461259E-002
    0.315200000000E+004    0.163378995500E-002
    0.320200000000E+004    0.168122268839E-002
    0.325200000000E+004    0.172920827794E-002
    0.330200000000E+004    0.177774223031E-002
    0.335200000000E+004    0.182682009276E-002
    0.340200000000E+004    0.187643745236E-002
    0.345200000000E+004    0.192658993523E-002
    0.350200000000E+004    0.197727320571E-002
    0.355200000000E+004    0.202848296569E-002
    0.360200000000E+004    0.208021495389E-002
    0.365200000000E+004    0.213246494513E-002
    0.370200000000E+004    0.218522874975E-002
    0.375200000000E+004    0.223850221286E-002
    0.380200000000E+004    0.229228121384E-002
    0.385200000000E+004    0.234656166564E-002
    0.390200000000E+004    0.240133951426E-002
    0.395200000000E+004    0.245661073815E-002
    0.400200000000E+004    0.251237134769E-002
    0.405200000000E+004    0.256861738462E-002
    0.410200000000E+004    0.262534492156E-002
    0.415200000000E+004    0.268255006149E-002
    0.420200000000E+004    0.274022893726E-002
    0.425200000000E+004    0.279837771113E-002
    0.430200000000E+004    0.285699257430E-002
    0.435200000000E+004    0.291606974650E-002
    0.440200000000E+004    0.297560547549E-002
    0.445200000000E+004    0.303559603669E-002
    0.450200000000E+004    0.309603773275E-002
    0.455200000000E+004    0.315692689312E-002
    0.460200000000E+004    0.321825987372E-002
    0.465200000000E+004    0.328003305652E-002
    0.470200000000E+004    0.334224284915E-002
    0.475200000000E+004    0.340488568462E-002
    0.480200000000E+004    0.346795802088E-002
    0.485200000000E+004    0.353145634052E-002
    0.490200000000E+004    0.359537715044E-002
    0.495200000000E+004    0.365971698150E-002
    0.500200000000E+004    0.372447238819E-002
    0.505200000000E+004    0.378963994838E-002
    0.510200000000E+004    0.385521626294E-002
    0.515200000000E+004    0.392119795550E-002
    0.520200000000E+004    0.398758167216E-002
    0.525200000000E+004    0.405436408115E-002
    0.530200000000E+004    0.412154187263E-002
    0.535200000000E+004    0.418911175835E-002
    0.540200000000E+004    0.425707047144E-002
    0.545200000000E+004    0.432541476609E-002
    0.550200000000E+004    0.439414141737E-002
    0.555200000000E+004    0.446324722092E-002
    0.560200000000E+004    0.453272899277E-002
    0.565200000000E+004    0.460258356905E-002
    0.570200000000E+004    0.467280780578E-002
    0.575200000000E+004    0.474339857863E-002
    0.580200000000E+004    0.481435278274E-002
    0.585200000000E+004    0.488566733242E-002
    0.590200000000E+004    0.495733916101E-002
    0.595200000000E+004    0.502936522067E-002
    0.600200000000E+004    0.510174248211E-002
    0.605200000000E+004    0.517446793447E-002
    0.610200000000E+004    0.524753858509E-002
    0.615200000000E+004    0.532095145928E-002
    0.620200000000E+004    0.539470360021E-002
    0.625200000000E+004    0.546879206865E-002
    0.630200000000E+004    0.554321394281E-002
    0.635200000000E+004    0.561796631819E-002
    0.640200000000E+004    0.569304630738E-002
    0.645200000000E+004    0.576845103990E-002
    0.650200000000E+004    0.584417766201E-002
    0.655200000000E+004    0.592022333660E-002
    0.660200000000E+004    0.599658524297E-002
    0.665200000000E+004    0.607326057667E-002
    0.670200000000E+004    0.615024654939E-002
    0.675200000000E+004    0.622754038877E-002
    0.680200000000E+004    0.630513933825E-002
    0.685200000000E+004    0.638304065697E-002
    0.690200000000E+004    0.646124161954E-002
    0.695200000000E+004    0.653973951600E-002
    0.700200000000E+004    0.661853165159E-002
    0.705200000000E+004    0.669761534666E-002
    0.710200000000E+004    0.677698793654E-002
    0.715200000000E+004    0.685664677134E-002
    0.720200000000E+004    0.693658921592E-002
    0.725200000000E+004    0.701681264967E-002
    0.730200000000E+004    0.709731446647E-002
    0.735200000000E+004    0.717809207449E-002
    0.740200000000E+004    0.725914289611E-002
    0.745200000000E+004    0.734046436781E-002
    0.750200000000E+004    0.742205394000E-002
    0.755200000000E+004    0.750390907696E-002
    0.760200000000E+004    0.758602725667E-002
    0.765200000000E+004    0.766840597075E-002
    0.770200000000E+004    0.775104272434E-002
    0.775200000000E+004    0.783393503595E-002
    0.780200000000E+004    0.791708043741E-002
    0.785200000000E+004    0.800047647375E-002
    0.790200000000E+004    0.808412070306E-002
    0.795200000000E+004    0.816801069643E-002
    0.800200000000E+004    0.825214403781E-002
    0.805200000000E+004    0.833651832394E-002
    0.810200000000E+004    0.842113116427E-002
    0.815200000000E+004    0.850598018081E-002
    0.820200000000E+004    0.859106300810E-002
    0.825200000000E+004    0.867637729305E-002
    0.830200000000E+004    0.876192069493E-002
    0.835200000000E+004    0.884769088519E-002
    0.840200000000E+004    0.893368554744E-002
    0.845200000000E+004    0.901990237732E-002
    0.850200000000E+004    0.910633908243E-002
    0.855200000000E+004    0.919299338224E-002
    0.860200000000E+004    0.927986300805E-002
    0.865200000000E+004    0.936694570283E-002
    0.870200000000E+004    0.945423922121E-002
    0.875200000000E+004    0.954174132935E-002
    0.880200000000E+004    0.962944980490E-002
    0.885200000000E+004    0.971736243687E-002
    0.890200000000E+004    0.980547702561E-002
    0.895200000000E+004    0.989379138271E-002
    0.900200000000E+004    0.998230333089E-002
    0.905200000000E+004    0.100710107040E-001
    0.910200000000E+004    0.101599113470E-001
    0.915200000000E+004    0.102490031155E-001
    0.920200000000E+004    0.103382838764E-001
    0.925200000000E+004    0.104277515071E-001
    0.930200000000E+004    0.105174038959E-001
    0.935200000000E+004    0.106072389416E-001
    0.940200000000E+004    0.106972545538E-001
    0.945200000000E+004    0.107874486526E-001
    0.950200000000E+004    0.108778191684E-001
    0.955200000000E+004    0.109683640422E-001
    0.960200000000E+004    0.110590812253E-001
    0.965200000000E+004    0.111499686793E-001
    0.970200000000E+004    0.112410243760E-001
    0.975200000000E+004    0.113322462974E-001
    0.980200000000E+004    0.114236324354E-001
    0.985200000000E+004    0.115151807922E-001
    0.990200000000E+004    0.116068893799E-001
    0.995200000000E+004    0.116987562205E-001
    0.100020000000E+005    0.117907793460E-001
    0.100520000000E+005    0.118829567978E-001
    0.101020000000E+005    0.119752866277E-001
    0.101520000000E+005    0.120677668966E-001
    0.102020000000E+005    0.121603956754E-001
    0.102520000000E+005    0.122531710445E-001
    0.103020000000E+005    0.123460910938E-001
    0.103520000000E+005    0.124391539227E-001
    0.104020000000E+005    0.125323576401E-001
    0.104520000000E+005    0.126257003643E-001
    0.105020000000E+005    0.127191802227E-001
    0.105520000000E+005    0.128127953522E-001
    0.106020000000E+005    0.129065438990E-001
    0.106520000000E+005    0.130004240183E-001
    0.107020000000E+005    0.130944338745E-001
    0.107520000000E+005    0.131885716411E-001
    0.108020000000E+005    0.132828355006E-001
    0.108520000000E+005    0.133772236445E-001
    0.109020000000E+005    0.134717342734E-001
    0.109520000000E+005    0.135663655966E-001
    0.110020000000E+005    0.136611158323E-001
    0.110520000000E+005    0.137559832076E-001
    0.111020000000E+005    0.138509659582E-001
    0.111520000000E+005    0.139460623288E-001
    0.112020000000E+005    0.140412705724E-001
    0.112520000000E+005    0.141365889509E-001
    0.113020000000E+005    0.142320157348E-001
    0.113520000000E+005    0.143275492030E-001
    0.114020000000E+005    0.144231876431E-001
    0.114520000000E+005    0.145189293510E-001
    0.115020000000E+005    0.146147726310E-001
    0.115520000000E+005    0.147107157960E-001
    0.116020000000E+005    0.148067571670E-001
    0.116520000000E+005    0.149028950735E-001
    0.117020000000E+005    0.149991278531E-001
    0.117520000000E+005    0.150954538517E-001
    0.118020000000E+005    0.151918714235E-001
    0.118520000000E+005    0.152883789307E-001
    0.119020000000E+005    0.153849747437E-001
    0.119520000000E+005    0.154816572409E-001
    0.120020000000E+005    0.155784248086E-001
    0.120520000000E+005    0.156752758416E-001
    0.121020000000E+005    0.157722087420E-001
    0.121520000000E+005    0.158692219204E-001
    0.122020000000E+005    0.159663137949E-001
    0.122520000000E+005    0.160634827917E-001
    0.123020000000E+005    0.161607273447E-001
    0.123520000000E+005    0.162580458956E-001
    0.124020000000E+005    0.163554368939E-001
    0.124520000000E+005    0.164528987966E-001
    0.125020000000E+005    0.165504300688E-001
    0.125520000000E+005    0.166480291828E-001
    0.126020000000E+005    0.167456946189E-001
    0.126520000000E+005    0.168434248646E-001
    0.127020000000E+005    0.169412184153E-001
    0.127520000000E+005    0.170390737737E-001
    0.128020000000E+005    0.171369894501E-001
    0.128520000000E+005    0.172349639620E-001
    0.129020000000E+005    0.173329958348E-001
    0.129520000000E+005    0.174310836007E-001
    0.130020000000E+005    0.175292257998E-001
    0.130520000000E+005    0.176274209790E-001
    0.131020000000E+005    0.177256676931E-001
    0.131520000000E+005    0.178239645035E-001
    0.132020000000E+005    0.179223099794E-001
    0.132520000000E+005    0.180207026968E-001
    0.133020000000E+005    0.181191412391E-001
    0.133520000000E+005    0.182176241967E-001
    0.134020000000E+005    0.183161501672E-001
    0.134520000000E+005    0.184147177553E-001
    0.135020000000E+005    0.185133255727E-001
    0.135520000000E+005    0.186119722380E-001
    0.136020000000E+005    0.187106563771E-001
    0.136520000000E+005    0.188093766226E-001
    0.137020000000E+005    0.189081316141E-001
    0.137520000000E+005    0.190069199981E-001
    0.138020000000E+005    0.191057404280E-001
    0.138520000000E+005    0.192045915642E-001
    0.139020000000E+005    0.193034720737E-001
    0.139520000000E+005    0.194023806303E-001
    0.140020000000E+005    0.195013159147E-001
    0.140520000000E+005    0.196002766144E-001
    0.141020000000E+005    0.196992614233E-001
    0.141520000000E+005    0.197982690422E-001
    0.142020000000E+005    0.198972981787E-001
    0.142520000000E+005    0.199963475468E-001
    0.143020000000E+005    0.200954158671E-001
    0.143520000000E+005    0.201945018670E-001
    0.144020000000E+005    0.202936042803E-001
    0.144520000000E+005    0.203927218472E-001
    0.145020000000E+005    0.204918533147E-001
    0.145520000000E+005    0.205909974362E-001
    0.146020000000E+005    0.206901529712E-001
    0.146520000000E+005    0.207893186862E-001
    0.147020000000E+005    0.208884933536E-001
    0.147520000000E+005    0.209876757524E-001
    0.148020000000E+005    0.210868646681E-001
    0.148520000000E+005    0.211860588922E-001
    0.149020000000E+005    0.212852572227E-001
    0.149520000000E+005    0.213844584638E-001
    0.150020000000E+005    0.214836614260E-001
    0.150520000000E+005    0.215828649261E-001
    0.151020000000E+005    0.216820677869E-001
    0.151520000000E+005    0.217812688375E-001
    0.152020000000E+005    0.218804669133E-001
    0.152520000000E+005    0.219796608555E-001
    0.153020000000E+005    0.220788495116E-001
    0.153520000000E+005    0.221780317353E-001
    0.154020000000E+005    0.222772063862E-001
    0.154520000000E+005    0.223763723299E-001
    0.155020000000E+005    0.224755284381E-001
    0.155520000000E+005    0.225746735885E-001
    0.156020000000E+005    0.226738066647E-001
    0.156520000000E+005    0.227729265563E-001
    0.157020000000E+005    0.228720321589E-001
    0.157520000000E+005    0.229711223739E-001
    0.158020000000E+005    0.230701961084E-001
    0.158520000000E+005    0.231692522758E-001
    0.159020000000E+005    0.232682897948E-001
    0.159520000000E+005    0.233673075904E-001
    0.160020000000E+005    0.234663045931E-001
    0.160520000000E+005    0.235652797392E-001
    0.161020000000E+005    0.236642319708E-001
    0.161520000000E+005    0.237631602358E-001
    0.162020000000E+005    0.238620634875E-001
    0.162520000000E+005    0.239609406852E-001
    0.163020000000E+005    0.240597907937E-001
    0.163520000000E+005    0.241586127835E-001
    0.164020000000E+005    0.242574056306E-001
    0.164520000000E+005    0.243561683168E-001
    0.165020000000E+005    0.244548998292E-001
    0.165520000000E+005    0.245535991608E-001
    0.166020000000E+005    0.246522653097E-001
    0.166520000000E+005    0.247508972798E-001
    0.167020000000E+005    0.248494940805E-001
    0.167520000000E+005    0.249480547264E-001
    0.168020000000E+005    0.250465782379E-001
    0.168520000000E+005    0.251450636407E-001
    0.169020000000E+005    0.252435099656E-001
    0.169520000000E+005    0.253419162493E-001
    0.170020000000E+005    0.254402815334E-001
    0.170520000000E+005    0.255386048652E-001
    0.171020000000E+005    0.256368852971E-001
    0.171520000000E+005    0.257351218869E-001
    0.172020000000E+005    0.258333136975E-001
    0.172520000000E+005    0.259314597974E-001
    0.173020000000E+005    0.260295592602E-001
    0.173520000000E+005    0.261276111644E-001
    0.174020000000E+005    0.262256145943E-001
    0.174520000000E+005    0.263235686389E-001
    0.175020000000E+005    0.264214723925E-001
    0.175520000000E+005    0.265193249546E-001
    0.176020000000E+005    0.266171254298E-001
    0.176520000000E+005    0.267148729279E-001
    0.177020000000E+005    0.268125665636E-001
    0.177520000000E+005    0.269102054567E-001
    0.178020000000E+005    0.270077887321E-001
    0.178520000000E+005    0.271053155199E-001
    0.179020000000E+005    0.272027849549E-001
    0.179520000000E+005    0.273001961770E-001
    0.180020000000E+005    0.273975483311E-001
    0.180520000000E+005    0.274948405672E-001
    0.181020000000E+005    0.275920720399E-001
    0.181520000000E+005    0.276892419090E-001
    0.182020000000E+005    0.277863493390E-001
    0.182520000000E+005    0.278833934995E-001
    0.183020000000E+005    0.279803735648E-001
    0.183520000000E+005    0.280772887139E-001
    0.184020000000E+005    0.281741381310E-001
    0.184520000000E+005    0.282709210048E-001
    0.185020000000E+005    0.283676365289E-001
    0.185520000000E+005    0.284642839017E-001
    0.186020000000E+005    0.285608623261E-001
    0.186520000000E+005    0.286573710102E-001
    0.187020000000E+005    0.287538091663E-001
    0.187520000000E+005    0.288501760118E-001
    0.188020000000E+005    0.289464707685E-001
    0.188520000000E+005    0.290426926630E-001
    0.189020000000E+005    0.291388409266E-001
    0.189520000000E+005    0.292349147950E-001
    0.190020000000E+005    0.293309135087E-001
    0.190520000000E+005    0.294268363127E-001
    0.191020000000E+005    0.295226824566E-001
    0.191520000000E+005    0.296184511946E-001
    0.192020000000E+005    0.297141417854E-001
    0.192520000000E+005    0.298097534921E-001
    0.193020000000E+005    0.299052855824E-001
    0.193520000000E+005    0.300007373286E-001
    0.194020000000E+005    0.300961080074E-001
    0.194520000000E+005    0.301913968997E-001
    0.195020000000E+005    0.302866032912E-001
    0.195520000000E+005    0.303817264717E-001
    0.196020000000E+005    0.304767657357E-001
    0.196520000000E+005    0.305717203819E-001
    0.197020000000E+005    0.306665897133E-001
    0.197520000000E+005    0.307613730375E-001
    0.198020000000E+005    0.308560696661E-001
    0.198520000000E+005    0.309506789153E-001
    0.199020000000E+005    0.310452001054E-001
    0.199520000000E+005    0.311396325611E-001
    0.200020000000E+005    0.312339756113E-001
    0.200520000000E+005    0.313282285892E-001
    0.201020000000E+005    0.314223908323E-001
    0.201520000000E+005    0.315164616820E-001
    0.202020000000E+005    0.316104404843E-001
    0.202520000000E+005    0.317043265891E-001
    0.203020000000E+005    0.317981193507E-001
    0.203520000000E+005    0.318918181272E-001
    0.204020000000E+005    0.319854222812E-001
    0.204520000000E+005    0.320789311791E-001
    0.205020000000E+005    0.321723441918E-001
    0.205520000000E+005    0.322656606939E-001
    0.206020000000E+005    0.323588800642E-001
    0.206520000000E+005    0.324520016856E-001
    0.207020000000E+005    0.325450249451E-001
    0.207520000000E+005    0.326379492334E-001
    0.208020000000E+005    0.327307739457E-001
    0.208520000000E+005    0.328234984807E-001
    0.209020000000E+005    0.329161222414E-001
    0.209520000000E+005    0.330086446347E-001
    0.210020000000E+005    0.331010650713E-001
    0.210520000000E+005    0.331933829659E-001
    0.211020000000E+005    0.332855977373E-001
    0.211520000000E+005    0.333777088079E-001
    0.212020000000E+005    0.334697156041E-001
    0.212520000000E+005    0.335616175562E-001
    0.213020000000E+005    0.336534140985E-001
    0.213520000000E+005    0.337451046687E-001
    0.214020000000E+005    0.338366887087E-001
    0.214520000000E+005    0.339281656641E-001
    0.215020000000E+005    0.340195349842E-001
    0.215520000000E+005    0.341107961223E-001
    0.216020000000E+005    0.342019485352E-001
    0.216520000000E+005    0.342929916836E-001
    0.217020000000E+005    0.343839250319E-001
    0.217520000000E+005    0.344747480481E-001
    0.218020000000E+005    0.345654602041E-001
    0.218520000000E+005    0.346560609754E-001
    0.219020000000E+005    0.347465498411E-001
    0.219520000000E+005    0.348369262840E-001
    0.220020000000E+005    0.349271897905E-001
    0.220520000000E+005    0.350173398509E-001
    0.221020000000E+005    0.351073759587E-001
    0.221520000000E+005    0.351972976112E-001
    0.222020000000E+005    0.352871043094E-001
    0.222520000000E+005    0.353767955576E-001
    0.223020000000E+005    0.354663708638E-001
    0.223520000000E+005    0.355558297396E-001
    0.224020000000E+005    0.356451717001E-001
    0.224520000000E+005    0.357343962637E-001
    0.225020000000E+005    0.358235029526E-001
    0.225520000000E+005    0.359124912924E-001
    0.226020000000E+005    0.360013608120E-001
    0.226520000000E+005    0.360901110439E-001
    0.227020000000E+005    0.361787415240E-001
    0.227520000000E+005    0.362672517917E-001
    0.228020000000E+005    0.363556413898E-001
    0.228520000000E+005    0.364439098642E-001
    0.229020000000E+005    0.365320567647E-001
    0.229520000000E+005    0.366200816442E-001
    0.230020000000E+005    0.367079840588E-001
    0.230520000000E+005    0.367957635681E-001
    0.231020000000E+005    0.368834197353E-001
    0.231520000000E+005    0.369709521263E-001
    0.232020000000E+005    0.370583603110E-001
    0.232520000000E+005    0.371456438620E-001
    0.233020000000E+005    0.372328023555E-001
    0.233520000000E+005    0.373198353709E-001
    0.234020000000E+005    0.374067424908E-001
    0.234520000000E+005    0.374935233010E-001
    0.235020000000E+005    0.375801773908E-001
    0.235520000000E+005    0.376667043523E-001
    0.236020000000E+005    0.377531037811E-001
    0.236520000000E+005    0.378393752758E-001
    0.237020000000E+005    0.379255184383E-001
    0.237520000000E+005    0.380115328736E-001
    0.238020000000E+005    0.380974181897E-001
    0.238520000000E+005    0.381831739981E-001
    0.239020000000E+005    0.382687999130E-001
    0.239520000000E+005    0.383542955520E-001
    0.240020000000E+005    0.384396605356E-001
    0.240520000000E+005    0.385248944875E-001
    0.241020000000E+005    0.386099970345E-001
    0.241520000000E+005    0.386949678062E-001
    0.242020000000E+005    0.387798064355E-001
    0.242520000000E+005    0.388645125583E-001
    0.243020000000E+005    0.389490858133E-001
    0.243520000000E+005    0.390335258426E-001
    0.244020000000E+005    0.391178322908E-001
    0.244520000000E+005    0.392020048058E-001
    0.245020000000E+005    0.392860430384E-001
    0.245520000000E+005    0.393699466423E-001
    0.246020000000E+005    0.394537152743E-001
    0.246520000000E+005    0.395373485938E-001
    0.247020000000E+005    0.396208462634E-001
    0.247520000000E+005    0.397042079485E-001
    0.248020000000E+005    0.397874333174E-001
    0.248520000000E+005    0.398705220413E-001
    0.249020000000E+005    0.399534737942E-001
    0.249520000000E+005    0.400362882531E-001
    0.250020000000E+005    0.401189650975E-001
    0.250520000000E+005    0.402015040102E-001
    0.251020000000E+005    0.402839046764E-001
    0.251520000000E+005    0.403661667844E-001
    0.252020000000E+005    0.404482900251E-001
    0.252520000000E+005    0.405302740922E-001
    0.253020000000E+005    0.406121186824E-001
    0.253520000000E+005    0.406938234948E-001
    0.254020000000E+005    0.407753882314E-001
    0.254520000000E+005    0.408568125971E-001
    0.255020000000E+005    0.409380962993E-001
    0.255520000000E+005    0.410192390481E-001
    0.256020000000E+005    0.411002405564E-001
    0.256520000000E+005    0.411811005399E-001
    0.257020000000E+005    0.412618187166E-001
    0.257520000000E+005    0.413423948076E-001
    0.258020000000E+005    0.414228285364E-001
    0.258520000000E+005    0.415031196291E-001
    0.259020000000E+005    0.415832678145E-001
    0.259520000000E+005    0.416632728242E-001
    0.260020000000E+005    0.417431343920E-001
    0.260520000000E+005    0.418228522547E-001
    0.261020000000E+005    0.419024261515E-001
    0.261520000000E+005    0.419818558241E-001
    0.262020000000E+005    0.420611410168E-001
    0.262520000000E+005    0.421402814766E-001
    0.263020000000E+005    0.422192769528E-001
    0.263520000000E+005    0.422981271975E-001
    0.264020000000E+005    0.423768319650E-001
    0.264520000000E+005    0.424553910124E-001
    0.265020000000E+005    0.425338040991E-001
    0.265520000000E+005    0.426120709870E-001
    0.266020000000E+005    0.426901914405E-001
    0.266520000000E+005    0.427681652266E-001
    0.267020000000E+005    0.428459921146E-001
    0.267520000000E+005    0.429236718761E-001
    0.268020000000E+005    0.430012042854E-001
    0.268520000000E+005    0.430785891191E-001
    0.269020000000E+005    0.431558261561E-001
    0.269520000000E+005    0.432329151780E-001
    0.270020000000E+005    0.433098559684E-001
    0.270520000000E+005    0.433866483136E-001
    0.271020000000E+005    0.434632920019E-001
    0.271520000000E+005    0.435397868245E-001
    0.272020000000E+005    0.436161325743E-001
    0.272520000000E+005    0.436923290470E-001
    0.273020000000E+005    0.437683760405E-001
    0.273520000000E+005    0.438442733549E-001
    0.274020000000E+005    0.439200207927E-001
    0.274520000000E+005    0.439956181587E-001
    0.275020000000E+005    0.440710652599E-001
    0.275520000000E+005    0.441463619057E-001
    0.276020000000E+005    0.442215079075E-001
    0.276520000000E+005    0.442965030793E-001
    0.277020000000E+005    0.443713472370E-001
    0.277520000000E+005    0.444460401990E-001
    0.278020000000E+005    0.445205817858E-001
    0.278520000000E+005    0.445949718201E-001
    0.279020000000E+005    0.446692101269E-001
    0.279520000000E+005    0.447432965331E-001
    0.280020000000E+005    0.448172308681E-001
    0.280520000000E+005    0.448910129633E-001
    0.281020000000E+005    0.449646426524E-001
    0.281520000000E+005    0.450381197711E-001
    0.282020000000E+005    0.451114441572E-001
    0.282520000000E+005    0.451846156508E-001
    0.283020000000E+005    0.452576340941E-001
    0.283520000000E+005    0.453304993312E-001
    0.284020000000E+005    0.454032112086E-001
    0.284520000000E+005    0.454757695746E-001
    0.285020000000E+005    0.455481742798E-001
    0.285520000000E+005    0.456204251767E-001
    0.286020000000E+005    0.456925221200E-001
    0.286520000000E+005    0.457644649665E-001
    0.287020000000E+005    0.458362535747E-001
    0.287520000000E+005    0.459078878056E-001
    0.288020000000E+005    0.459793675218E-001
    0.288520000000E+005    0.460506925882E-001
    0.289020000000E+005    0.461218628716E-001
    0.289520000000E+005    0.461928782408E-001
    0.290020000000E+005    0.462637385666E-001
    0.290520000000E+005    0.463344437218E-001
    0.291020000000E+005    0.464049935810E-001
    0.291520000000E+005    0.464753880210E-001
    0.292020000000E+005    0.465456269204E-001
    0.292520000000E+005    0.466157101598E-001
    0.293020000000E+005    0.466856376216E-001
    0.293520000000E+005    0.467554091903E-001
    0.294020000000E+005    0.468250247523E-001
    0.294520000000E+005    0.468944841957E-001
    0.295020000000E+005    0.469637874107E-001
    0.295520000000E+005    0.470329342893E-001
    0.296020000000E+005    0.471019247255E-001
    0.296520000000E+005    0.471707586148E-001
    0.297020000000E+005    0.472394358551E-001
    0.297520000000E+005    0.473079563456E-001
    0.298020000000E+005    0.473763199878E-001
    0.298520000000E+005    0.474445266848E-001
    0.299020000000E+005    0.475125763415E-001
    0.299520000000E+005    0.475804688647E-001
    0.300020000000E+005    0.476482041629E-001
    0.300520000000E+005    0.477157821466E-001
    0.301020000000E+005    0.477832027279E-001
    0.301520000000E+005    0.478504658207E-001
    0.302020000000E+005    0.479175713407E-001
    0.302520000000E+005    0.479845192055E-001
    0.303020000000E+005    0.480513093342E-001
    0.303520000000E+005    0.481179416477E-001
    0.304020000000E+005    0.481844160689E-001
    0.304520000000E+005    0.482507325221E-001
    0.305020000000E+005    0.483168909335E-001
    0.305520000000E+005    0.483828912310E-001
    0.306020000000E+005    0.484487333440E-001
    0.306520000000E+005    0.485144172039E-001
    0.307020000000E+005    0.485799427437E-001
    0.307520000000E+005    0.486453098979E-001
    0.308020000000E+005    0.487105186028E-001
    0.308520000000E+005    0.487755687964E-001
    0.309020000000E+005    0.488404604183E-001
    0.309520000000E+005    0.489051934097E-001
    0.310020000000E+005    0.489697677136E-001
    0.310520000000E+005    0.490341832745E-001
    0.311020000000E+005    0.490984400384E-001
    0.311520000000E+005    0.491625379533E-001
    0.312020000000E+005    0.492264769683E-001
    0.312520000000E+005    0.492902570345E-001
    0.313020000000E+005    0.493538781044E-001
    0.313520000000E+005    0.494173401322E-001
    0.314020000000E+005    0.494806430735E-001
    0.314520000000E+005    0.495437868856E-001
    0.315020000000E+005    0.496067715273E-001
    0.315520000000E+005    0.496695969590E-001
    0.316020000000E+005    0.497322631426E-001
    0.316520000000E+005    0.497947700416E-001
    0.317020000000E+005    0.498571176210E-001
    0.317520000000E+005    0.499193058471E-001
    0.318020000000E+005    0.499813346881E-001
    0.318520000000E+005    0.500432041135E-001
    0.319020000000E+005    0.501049140941E-001
    0.319520000000E+005    0.501664646027E-001
    0.320020000000E+005    0.502278556130E-001
    0.320520000000E+005    0.502890871006E-001
    0.321020000000E+005    0.503501590424E-001
    0.321520000000E+005    0.504110714167E-001
    0.322020000000E+005    0.504718242034E-001
    0.322520000000E+005    0.505324173837E-001
    0.323020000000E+005    0.505928509404E-001
    0.323520000000E+005    0.506531248575E-001
    0.324020000000E+005    0.507132391207E-001
    0.324520000000E+005    0.507731937168E-001
    0.325020000000E+005    0.508329886343E-001
    0.325520000000E+005    0.508926238630E-001
    0.326020000000E+005    0.509520993939E-001
    0.326520000000E+005    0.510114152197E-001
    0.327020000000E+005    0.510705713343E-001
    0.327520000000E+005    0.511295677330E-001
    0.328020000000E+005    0.511884044124E-001
    0.328520000000E+005    0.512470813706E-001
    0.329020000000E+005    0.513055986070E-001
    0.329520000000E+005    0.513639561222E-001
    0.330020000000E+005    0.514221539183E-001
    0.330520000000E+005    0.514801919987E-001
    0.331020000000E+005    0.515380703681E-001
    0.331520000000E+005    0.515957890325E-001
    0.332020000000E+005    0.516533479992E-001
    0.332520000000E+005    0.517107472769E-001
    0.333020000000E+005    0.517679868754E-001
    0.333520000000E+005    0.518250668060E-001
    0.334020000000E+005    0.518819870812E-001
    0.334520000000E+005    0.519387477147E-001
    0.335020000000E+005    0.519953487215E-001
    0.335520000000E+005    0.520517901180E-001
    0.336020000000E+005    0.521080719217E-001
    0.336520000000E+005    0.521641941513E-001
    0.337020000000E+005    0.522201568269E-001
    0.337520000000E+005    0.522759599698E-001
    0.338020000000E+005    0.523316036025E-001
    0.338520000000E+005    0.523870877486E-001
    0.339020000000E+005    0.524424124330E-001
    0.339520000000E+005    0.524975776820E-001
    0.340020000000E+005    0.525525835228E-001
    0.340520000000E+005    0.526074299840E-001
    0.341020000000E+005    0.526621170953E-001
    0.341520000000E+005    0.527166448876E-001
    0.342020000000E+005    0.527710133929E-001
    0.342520000000E+005    0.528252226445E-001
    0.343020000000E+005    0.528792726768E-001
    0.343520000000E+005    0.529331635254E-001
    0.344020000000E+005    0.529868952269E-001
    0.344520000000E+005    0.530404678192E-001
    0.345020000000E+005    0.530938813414E-001
    0.345520000000E+005    0.531471358335E-001
    0.346020000000E+005    0.532002313367E-001
    0.346520000000E+005    0.532531678935E-001
    0.347020000000E+005    0.533059455473E-001
    0.347520000000E+005    0.533585643427E-001
    0.348020000000E+005    0.534110243254E-001
    0.348520000000E+005    0.534633255421E-001
    0.349020000000E+005    0.535154680407E-001
    0.349520000000E+005    0.535674518703E-001
    0.350020000000E+005    0.536192770807E-001
    0.350520000000E+005    0.536709437231E-001
    0.351020000000E+005    0.537224518496E-001
    0.351520000000E+005    0.537738015135E-001
    0.352020000000E+005    0.538249927690E-001
    0.352520000000E+005    0.538760256715E-001
    0.353020000000E+005    0.539269002772E-001
    0.353520000000E+005    0.539776166436E-001
    0.354020000000E+005    0.540281748291E-001
    0.354520000000E+005    0.540785748932E-001
    0.355020000000E+005    0.541288168963E-001
    0.355520000000E+005    0.541789008998E-001
    0.356020000000E+005    0.542288269662E-001
    0.356520000000E+005    0.542785951591E-001
    0.357020000000E+005    0.543282055428E-001
    0.357520000000E+005    0.543776581829E-001
    0.358020000000E+005    0.544269531458E-001
    0.358520000000E+005    0.544760904988E-001
    0.359020000000E+005    0.545250703104E-001
    0.359520000000E+005    0.545738926499E-001
    0.360020000000E+005    0.546225575877E-001
    0.360520000000E+005    0.546710651950E-001
    0.361020000000E+005    0.547194155440E-001
    0.361520000000E+005    0.547676087079E-001
    0.362020000000E+005    0.548156447608E-001
    0.362520000000E+005    0.548635237778E-001
    0.363020000000E+005    0.549112458347E-001
    0.363520000000E+005    0.549588110084E-001
    0.364020000000E+005    0.550062193768E-001
    0.364520000000E+005    0.550534710186E-001
    0.365020000000E+005    0.551005660134E-001
    0.365520000000E+005    0.551475044417E-001
    0.366020000000E+005    0.551942863848E-001
    0.366520000000E+005    0.552409119252E-001
    0.367020000000E+005    0.552873811460E-001
    0.367520000000E+005    0.553336941313E-001
    0.368020000000E+005    0.553798509659E-001
    0.368520000000E+005    0.554258517357E-001
    0.369020000000E+005    0.554716965275E-001
    0.369520000000E+005    0.555173854286E-001
    0.370020000000E+005    0.555629185275E-001
    0.370520000000E+005    0.556082959134E-001
    0.371020000000E+005    0.556535176765E-001
    0.371520000000E+005    0.556985839075E-001
    0.372020000000E+005    0.557434946983E-001
    0.372520000000E+005    0.557882501414E-001
    0.373020000000E+005    0.558328503302E-001
    0.373520000000E+005    0.558772953589E-001
    0.374020000000E+005    0.559215853226E-001
    0.374520000000E+005    0.559657203171E-001
    0.375020000000E+005    0.560097004391E-001
    0.375520000000E+005    0.560535257859E-001
    0.376020000000E+005    0.560971964558E-001
    0.376520000000E+005    0.561407125478E-001
    0.377020000000E+005    0.561840741617E-001
    0.377520000000E+005    0.562272813981E-001
    0.378020000000E+005    0.562703343584E-001
    0.378520000000E+005    0.563132331446E-001
    0.379020000000E+005    0.563559778597E-001
    0.379520000000E+005    0.563985686073E-001
    0.380020000000E+005    0.564410054917E-001
    0.380520000000E+005    0.564832886183E-001
    0.381020000000E+005    0.565254180927E-001
    0.381520000000E+005    0.565673940218E-001
    0.382020000000E+005    0.566092165128E-001
    0.382520000000E+005    0.566508856738E-001
    0.383020000000E+005    0.566924016138E-001
    0.383520000000E+005    0.567337644421E-001
    0.384020000000E+005    0.567749742692E-001
    0.384520000000E+005    0.568160312059E-001
    0.385020000000E+005    0.568569353640E-001
    0.385520000000E+005    0.568976868559E-001
    0.386020000000E+005    0.569382857946E-001
    0.386520000000E+005    0.569787322939E-001
    0.387020000000E+005    0.570190264684E-001
    0.387520000000E+005    0.570591684332E-001
    0.388020000000E+005    0.570991583040E-001
    0.388520000000E+005    0.571389961975E-001
    0.389020000000E+005    0.571786822309E-001
    0.389520000000E+005    0.572182165219E-001
    0.390020000000E+005    0.572575991892E-001
    0.390520000000E+005    0.572968303518E-001
    0.391020000000E+005    0.573359101297E-001
    0.391520000000E+005    0.573748386433E-001
    0.392020000000E+005    0.574136160137E-001
    0.392520000000E+005    0.574522423628E-001
    0.393020000000E+005    0.574907178130E-001
    0.393520000000E+005    0.575290424872E-001
    0.394020000000E+005    0.575672165093E-001
    0.394520000000E+005    0.576052400033E-001
    0.395020000000E+005    0.576431130944E-001
    0.395520000000E+005    0.576808359081E-001
    0.396020000000E+005    0.577184085704E-001
    0.396520000000E+005    0.577558312081E-001
    0.397020000000E+005    0.577931039487E-001
    0.397520000000E+005    0.578302269200E-001
    0.398020000000E+005    0.578672002507E-001
    0.398520000000E+005    0.579040240699E-001
    0.399020000000E+005    0.579406985072E-001
    0.399520000000E+005    0.579772236932E-001
    0.400020000000E+005    0.580135997586E-001
    0.400520000000E+005    0.580498268349E-001
    0.401020000000E+005    0.580859050542E-001
    0.401520000000E+005    0.581218345491E-001
    0.402020000000E+005    0.581576154527E-001
    0.402520000000E+005    0.581932478989E-001
    0.403020000000E+005    0.582287320219E-001
    0.403520000000E+005    0.582640679566E-001
    0.404020000000E+005    0.582992558383E-001
    0.404520000000E+005    0.583342958031E-001
    0.405020000000E+005    0.583691879873E-001
    0.405520000000E+005    0.584039325281E-001
    0.406020000000E+005    0.584385295629E-001
    0.406520000000E+005    0.584729792298E-001
    0.407020000000E+005    0.585072816675E-001
    0.407520000000E+005    0.585414370150E-001
    0.408020000000E+005    0.585754454121E-001
    0.408520000000E+005    0.586093069988E-001
    0.409020000000E+005    0.586430219159E-001
    0.409520000000E+005    0.586765903045E-001
    0.410020000000E+005    0.587100123063E-001
    0.410520000000E+005    0.587432880635E-001
    0.411020000000E+005    0.587764177187E-001
    0.411520000000E+005    0.588094014151E-001
    0.412020000000E+005    0.588422392963E-001
    0.412520000000E+005    0.588749315065E-001
    0.413020000000E+005    0.589074781904E-001
    0.413520000000E+005    0.589398794929E-001
    0.414020000000E+005    0.589721355597E-001
    0.414520000000E+005    0.590042465368E-001
    0.415020000000E+005    0.590362125707E-001
    0.415520000000E+005    0.590680338083E-001
    0.416020000000E+005    0.590997103972E-001
    0.416520000000E+005    0.591312424851E-001
    0.417020000000E+005    0.591626302204E-001
    0.417520000000E+005    0.591938737520E-001
    0.418020000000E+005    0.592249732289E-001
    0.418520000000E+005    0.592559288009E-001
    0.419020000000E+005    0.592867406182E-001
    0.419520000000E+005    0.593174088311E-001
    0.420020000000E+005    0.593479335908E-001
    0.420520000000E+005    0.593783150486E-001
    0.421020000000E+005    0.594085533564E-001
    0.421520000000E+005    0.594386486664E-001
    0.422020000000E+005    0.594686011312E-001
    0.422520000000E+005    0.594984109040E-001
    0.423020000000E+005    0.595280781383E-001
    0.423520000000E+005    0.595576029879E-001
    0.424020000000E+005    0.595869856071E-001
    0.424520000000E+005    0.596162261508E-001
    0.425020000000E+005    0.596453247740E-001
    0.425520000000E+005    0.596742816321E-001
    0.426020000000E+005    0.597030968812E-001
    0.426520000000E+005    0.597317706774E-001
    0.427020000000E+005    0.597603031775E-001
    0.427520000000E+005    0.597886945386E-001
    0.428020000000E+005    0.598169449179E-001
    0.428520000000E+005    0.598450544735E-001
    0.429020000000E+005    0.598730233634E-001
    0.429520000000E+005    0.599008517462E-001
    0.430020000000E+005    0.599285397808E-001
    0.430520000000E+005    0.599560876265E-001
    0.431020000000E+005    0.599834954430E-001
    0.431520000000E+005    0.600107633903E-001
    0.432020000000E+005    0.600378916287E-001
    0.432520000000E+005    0.600648803189E-001
    0.433020000000E+005    0.600917296220E-001
    0.433520000000E+005    0.601184396994E-001
    0.434020000000E+005    0.601450107129E-001
    0.434520000000E+005    0.601714428245E-001
    0.435020000000E+005    0.601977361967E-001
    0.435520000000E+005    0.602238909922E-001
    0.436020000000E+005    0.602499073740E-001
    0.436520000000E+005    0.602757855058E-001
    0.437020000000E+005    0.603015255510E-001
    0.437520000000E+005    0.603271276739E-001
    0.438020000000E+005    0.603525920388E-001
    0.438520000000E+005    0.603779188104E-001
    0.439020000000E+005    0.604031081538E-001
    0.439520000000E+005    0.604281602341E-001
    0.440020000000E+005    0.604530752171E-001
    0.440520000000E+005    0.604778532688E-001
    0.441020000000E+005    0.605024945552E-001
    0.441520000000E+005    0.605269992431E-001
    0.442020000000E+005    0.605513674991E-001
    0.442520000000E+005    0.605755994905E-001
    0.443020000000E+005    0.605996953846E-001
    0.443520000000E+005    0.606236553492E-001
    0.444020000000E+005    0.606474795522E-001
    0.444520000000E+005    0.606711681619E-001
    0.445020000000E+005    0.606947213469E-001
    0.445520000000E+005    0.607181392760E-001
    0.446020000000E+005    0.607414221182E-001
    0.446520000000E+005    0.607645700430E-001
    0.447020000000E+005    0.607875832201E-001
    0.447520000000E+005    0.608104618192E-001
    0.448020000000E+005    0.608332060107E-001
    0.448520000000E+005    0.608558159649E-001
    0.449020000000E+005    0.608782918525E-001
    0.449520000000E+005    0.609006338445E-001
    0.450020000000E+005    0.609228421120E-001
    0.450520000000E+005    0.609449168266E-001
    0.451020000000E+005    0.609668581599E-001
    0.451520000000E+005    0.609886662839E-001
    0.452020000000E+005    0.610103413708E-001
    0.452520000000E+005    0.610318835930E-001
    0.453020000000E+005    0.610532931231E-001
    0.453520000000E+005    0.610745701341E-001
    0.454020000000E+005    0.610957147992E-001
    0.454520000000E+005    0.611167272916E-001
    0.455020000000E+005    0.611376077850E-001
    0.455520000000E+005    0.611583564532E-001
    0.456020000000E+005    0.611789734702E-001
    0.456520000000E+005    0.611994590103E-001
    0.457020000000E+005    0.612198132481E-001
    0.457520000000E+005    0.612400363581E-001
    0.458020000000E+005    0.612601285153E-001
    0.458520000000E+005    0.612800898948E-001
    0.459020000000E+005    0.612999206720E-001
    0.459520000000E+005    0.613196210224E-001
    0.460020000000E+005    0.613391911218E-001
    0.460520000000E+005    0.613586311460E-001
    0.461020000000E+005    0.613779412712E-001
    0.461520000000E+005    0.613971216738E-001
    0.462020000000E+005    0.614161725303E-001
    0.462520000000E+005    0.614350940174E-001
    0.463020000000E+005    0.614538863121E-001
    0.463520000000E+005    0.614725495914E-001
    0.464020000000E+005    0.614910840326E-001
    0.464520000000E+005    0.615094898133E-001
    0.465020000000E+005    0.615277671109E-001
    0.465520000000E+005    0.615459161035E-001
    0.466020000000E+005    0.615639369690E-001
    0.466520000000E+005    0.615818298855E-001
    0.467020000000E+005    0.615995950315E-001
    0.467520000000E+005    0.616172325854E-001
    0.468020000000E+005    0.616347427260E-001
    0.468520000000E+005    0.616521256320E-001
    0.469020000000E+005    0.616693814826E-001
    0.469520000000E+005    0.616865104568E-001
    0.470020000000E+005    0.617035127341E-001
    0.470520000000E+005    0.617203884939E-001
    0.471020000000E+005    0.617371379159E-001
    0.471520000000E+005    0.617537611798E-001
    0.472020000000E+005    0.617702584657E-001
    0.472520000000E+005    0.617866299536E-001
    0.473020000000E+005    0.618028758238E-001
    0.473520000000E+005    0.618189962567E-001
    0.474020000000E+005    0.618349914327E-001
    0.474520000000E+005    0.618508615326E-001
    0.475020000000E+005    0.618666067372E-001
    0.475520000000E+005    0.618822272274E-001
    0.476020000000E+005    0.618977231844E-001
    0.476520000000E+005    0.619130947892E-001
    0.477020000000E+005    0.619283422233E-001
    0.477520000000E+005    0.619434656680E-001
    0.478020000000E+005    0.619584653051E-001
    0.478520000000E+005    0.619733413163E-001
    0.479020000000E+005    0.619880938833E-001
    0.479520000000E+005    0.620027231881E-001
    0.480020000000E+005    0.620172294129E-001
    0.480520000000E+005    0.620316127397E-001
    0.481020000000E+005    0.620458733509E-001
    0.481520000000E+005    0.620600114290E-001
    0.482020000000E+005    0.620740271564E-001
    0.482520000000E+005    0.620879207158E-001
    0.483020000000E+005    0.621016922899E-001
    0.483520000000E+005    0.621153420616E-001
    0.484020000000E+005    0.621288702138E-001
    0.484520000000E+005    0.621422769296E-001
    0.485020000000E+005    0.621555623922E-001
    0.485520000000E+005    0.621687267847E-001
    0.486020000000E+005    0.621817702905E-001
    0.486520000000E+005    0.621946930930E-001
    0.487020000000E+005    0.622074953759E-001
    0.487520000000E+005    0.622201773226E-001
    0.488020000000E+005    0.622327391169E-001
    0.488520000000E+005    0.622451809426E-001
    0.489020000000E+005    0.622575029836E-001
    0.489520000000E+005    0.622697054237E-001
    0.490020000000E+005    0.622817884472E-001
    0.490520000000E+005    0.622937522379E-001
    0.491020000000E+005    0.623055969803E-001
    0.491520000000E+005    0.623173228584E-001
    0.492020000000E+005    0.623289300567E-001
    0.492520000000E+005    0.623404187596E-001
    0.493020000000E+005    0.623517891516E-001
    0.493520000000E+005    0.623630414172E-001
    0.494020000000E+005    0.623741757410E-001
    0.494520000000E+005    0.623851923078E-001
    0.495020000000E+005    0.623960913022E-001
    0.495520000000E+005    0.624068729090E-001
    0.496020000000E+005    0.624175373133E-001
    0.496520000000E+005    0.624280846998E-001
    0.497020000000E+005    0.624385152536E-001
    0.497520000000E+005    0.624488291596E-001
    0.498020000000E+005    0.624590266031E-001
    0.498520000000E+005    0.624691077691E-001
    0.499020000000E+005    0.624790728428E-001
    0.499520000000E+005    0.624889220095E-001
    0.500020000000E+005    0.624986554545E-001
    0.500520000000E+005    0.625082733631E-001
    0.501020000000E+005    0.625177759207E-001
    0.501520000000E+005    0.625271633127E-001
    0.502020000000E+005    0.625364357246E-001
    0.502520000000E+005    0.625455933419E-001
    0.503020000000E+005    0.625546363500E-001
    0.503520000000E+005    0.625635649347E-001
    0.504020000000E+005    0.625723792815E-001
    0.504520000000E+005    0.625810795761E-001
    0.505020000000E+005    0.625896660040E-001
    0.505520000000E+005    0.625981387512E-001
    0.506020000000E+005    0.626064980031E-001
    0.506520000000E+005    0.626147439458E-001
    0.507020000000E+005    0.626228767648E-001
    0.507520000000E+005    0.626308966461E-001
    0.508020000000E+005    0.626388037754E-001
    0.508520000000E+005    0.626465983387E-001
    0.509020000000E+005    0.626542805217E-001
    0.509520000000E+005    0.626618505105E-001
    0.510020000000E+005    0.626693084908E-001
    0.510520000000E+005    0.626766546487E-001
    0.511020000000E+005    0.626838891700E-001
    0.511520000000E+005    0.626910122408E-001
    0.512020000000E+005    0.626980240469E-001
    0.512520000000E+005    0.627049247743E-001
    0.513020000000E+005    0.627117146091E-001
    0.513520000000E+005    0.627183937372E-001
    0.514020000000E+005    0.627249623446E-001
    0.514520000000E+005    0.627314206173E-001
    0.515020000000E+005    0.627377687414E-001
    0.515520000000E+005    0.627440069027E-001
    0.516020000000E+005    0.627501352873E-001
    0.516520000000E+005    0.627561540812E-001
    0.517020000000E+005    0.627620634704E-001
    0.517520000000E+005    0.627678636410E-001
    0.518020000000E+005    0.627735547788E-001
    0.518520000000E+005    0.627791370698E-001
    0.519020000000E+005    0.627846107001E-001
    0.519520000000E+005    0.627899758556E-001
    0.520020000000E+005    0.627952327223E-001
    0.520520000000E+005    0.628003814860E-001
    0.521020000000E+005    0.628054223328E-001
    0.521520000000E+005    0.628103554485E-001
    0.522020000000E+005    0.628151810190E-001
    0.522520000000E+005    0.628198992303E-001
    0.523020000000E+005    0.628245102681E-001
    0.523520000000E+005    0.628290143184E-001
    0.524020000000E+005    0.628334115669E-001
    0.524520000000E+005    0.628377021994E-001
    0.525020000000E+005    0.628418864018E-001
    0.525520000000E+005    0.628459643598E-001
    0.526020000000E+005    0.628499362590E-001
    0.526520000000E+005    0.628538022853E-001
    0.527020000000E+005    0.628575626242E-001
    0.527520000000E+005    0.628612174615E-001
    0.528020000000E+005    0.628647669827E-001
    0.528520000000E+005    0.628682113735E-001
    0.529020000000E+005    0.628715508193E-001
    0.529520000000E+005    0.628747855057E-001
    0.530020000000E+005    0.628779156182E-001
    0.530520000000E+005    0.628809413422E-001
    0.531020000000E+005    0.628838628631E-001
    0.531520000000E+005    0.628866803663E-001
    0.532020000000E+005    0.628893940371E-001
    0.532520000000E+005    0.628920040609E-001
    0.533020000000E+005    0.628945106228E-001
    0.533520000000E+005    0.628969139080E-001
    0.534020000000E+005    0.628992141018E-001
    0.534520000000E+005    0.629014113892E-001
    0.535020000000E+005    0.629035059553E-001
    0.535520000000E+005    0.629054979852E-001
    0.536020000000E+005    0.629073876637E-001
    0.536520000000E+005    0.629091751758E-001
    0.537020000000E+005    0.629108607065E-001
    0.537520000000E+005    0.629124444404E-001
    0.538020000000E+005    0.629139265625E-001
    0.538520000000E+005    0.629153072573E-001
    0.539020000000E+005    0.629165867096E-001
    0.539520000000E+005    0.629177651039E-001
    0.540020000000E+005    0.629188426248E-001
    0.540520000000E+005    0.629198194568E-001
    0.541020000000E+005    0.629206957844E-001
    0.541520000000E+005    0.629214717918E-001
    0.542020000000E+005    0.629221476634E-001
    0.542520000000E+005    0.629227235835E-001
    0.543020000000E+005    0.629231997362E-001
    0.543520000000E+005    0.629235763057E-001
    0.544020000000E+005    0.629238534759E-001
    0.544520000000E+005    0.629240314309E-001
    0.545020000000E+005    0.629241103547E-001
    0.545520000000E+005    0.629240904310E-001
    0.546020000000E+005    0.629239718436E-001
    0.546520000000E+005    0.629237547763E-001
    0.547020000000E+005    0.629234394127E-001
    0.547520000000E+005    0.629230259364E-001
    0.548020000000E+005    0.629225145309E-001
    0.548520000000E+005    0.629219053796E-001
    0.549020000000E+005    0.629211986658E-001
    0.549520000000E+005    0.629203945728E-001
    0.550020000000E+005    0.629194932839E-001
    0.550520000000E+005    0.629184949821E-001
    0.551020000000E+005    0.629173998505E-001
    0.551520000000E+005    0.629162080721E-001
    0.552020000000E+005    0.629149198297E-001
    0.552520000000E+005    0.629135353062E-001
    0.553020000000E+005    0.629120546842E-001
    0.553520000000E+005    0.629104781464E-001
    0.554020000000E+005    0.629088058753E-001
    0.554520000000E+005    0.629070380535E-001
    0.555020000000E+005    0.629051748633E-001
    0.555520000000E+005    0.629032164870E-001
    0.556020000000E+005    0.629011631068E-001
    0.556520000000E+005    0.628990149049E-001
    0.557020000000E+005    0.628967720632E-001
    0.557520000000E+005    0.628944347638E-001
    0.558020000000E+005    0.628920031884E-001
    0.558520000000E+005    0.628894775189E-001
    0.559020000000E+005    0.628868579369E-001
    0.559520000000E+005    0.628841446240E-001
    0.560020000000E+005    0.628813377616E-001
    0.560520000000E+005    0.628784375312E-001
    0.561020000000E+005    0.628754441141E-001
    0.561520000000E+005    0.628723576914E-001
    0.562020000000E+005    0.628691784443E-001
    0.562520000000E+005    0.628659065537E-001
    0.563020000000E+005    0.628625422006E-001
    0.563520000000E+005    0.628590855657E-001
    0.564020000000E+005    0.628555368298E-001
    0.564520000000E+005    0.628518961735E-001
    0.565020000000E+005    0.628481637773E-001
    0.565520000000E+005    0.628443398215E-001
    0.566020000000E+005    0.628404244865E-001
    0.566520000000E+005    0.628364179525E-001
    0.567020000000E+005    0.628323203995E-001
    0.567520000000E+005    0.628281320076E-001
    0.568020000000E+005    0.628238529566E-001
    0.568520000000E+005    0.628194834263E-001
    0.569020000000E+005    0.628150235963E-001
    0.569520000000E+005    0.628104736462E-001
    0.570020000000E+005    0.628058337554E-001
    0.570520000000E+005    0.628011041033E-001
    0.571020000000E+005    0.627962848691E-001
    0.571520000000E+005    0.627913762320E-001
    0.572020000000E+005    0.627863783708E-001
    0.572520000000E+005    0.627812914645E-001
    0.573020000000E+005    0.627761156919E-001
    0.573520000000E+005    0.627708512317E-001
    0.574020000000E+005    0.627654982623E-001
    0.574520000000E+005    0.627600569622E-001
    0.575020000000E+005    0.627545275097E-001
    0.575520000000E+005    0.627489100831E-001
    0.576020000000E+005    0.627432048604E-001
    0.576520000000E+005    0.627374120195E-001
    0.577020000000E+005    0.627315317384E-001
    0.577520000000E+005    0.627255641946E-001
    0.578020000000E+005    0.627195095659E-001
    0.578520000000E+005    0.627133680298E-001
    0.579020000000E+005    0.627071397635E-001
    0.579520000000E+005    0.627008249443E-001
    0.580020000000E+005    0.626944237493E-001
    0.580520000000E+005    0.626879363556E-001
    0.581020000000E+005    0.626813629400E-001
    0.581520000000E+005    0.626747036792E-001
    0.582020000000E+005    0.626679587499E-001
    0.582520000000E+005    0.626611283286E-001
    0.583020000000E+005    0.626542125916E-001
    0.583520000000E+005    0.626472117152E-001
    0.584020000000E+005    0.626401258754E-001
    0.584520000000E+005    0.626329552484E-001
    0.585020000000E+005    0.626257000098E-001
    0.585520000000E+005    0.626183603356E-001
    0.586020000000E+005    0.626109364012E-001
    0.586520000000E+005    0.626034283821E-001
    0.587020000000E+005    0.625958364537E-001
    0.587520000000E+005    0.625881607911E-001
    0.588020000000E+005    0.625804015695E-001
    0.588520000000E+005    0.625725589638E-001
    0.589020000000E+005    0.625646331488E-001
    0.589520000000E+005    0.625566242991E-001
    0.590020000000E+005    0.625485325893E-001
    0.590520000000E+005    0.625403581939E-001
    0.591020000000E+005    0.625321012870E-001
    0.591520000000E+005    0.625237620429E-001
    0.592020000000E+005    0.625153406354E-001
    0.592520000000E+005    0.625068372385E-001
    0.593020000000E+005    0.624982520260E-001
    0.593520000000E+005    0.624895851712E-001
    0.594020000000E+005    0.624808368479E-001
    0.594520000000E+005    0.624720072291E-001
    0.595020000000E+005    0.624630964881E-001
    0.595520000000E+005    0.624541047980E-001
    0.596020000000E+005    0.624450323315E-001
    0.596520000000E+005    0.624358792615E-001
    0.597020000000E+005    0.624266457606E-001
    0.597520000000E+005    0.624173320011E-001
    0.598020000000E+005    0.624079381555E-001
    0.598520000000E+005    0.623984643959E-001
    0.599020000000E+005    0.623889108944E-001
    0.599520000000E+005    0.623792778227E-001
    0.600020000000E+005    0.623695653527E-001
    0.600520000000E+005    0.623597736560E-001
    0.601020000000E+005    0.623499029040E-001
    0.601520000000E+005    0.623399532681E-001
    0.602020000000E+005    0.623299249193E-001
    0.602520000000E+005    0.623198180287E-001
    0.603020000000E+005    0.623096327672E-001
    0.603520000000E+005    0.622993693054E-001
    0.604020000000E+005    0.622890278140E-001
    0.604520000000E+005    0.622786084634E-001
    0.605020000000E+005    0.622681114238E-001
    0.605520000000E+005    0.622575368654E-001
    0.606020000000E+005    0.622468849581E-001
    0.606520000000E+005    0.622361558718E-001
    0.607020000000E+005    0.622253497761E-001
    0.607520000000E+005    0.622144668405E-001
    0.608020000000E+005    0.622035072345E-001
    0.608520000000E+005    0.621924711272E-001
    0.609020000000E+005    0.621813586877E-001
    0.609520000000E+005    0.621701700849E-001
    0.610020000000E+005    0.621589054875E-001
    0.610520000000E+005    0.621475650642E-001
    0.611020000000E+005    0.621361489835E-001
    0.611520000000E+005    0.621246574135E-001
    0.612020000000E+005    0.621130905225E-001
    0.612520000000E+005    0.621014484784E-001
    0.613020000000E+005    0.620897314491E-001
    0.613520000000E+005    0.620779396022E-001
    0.614020000000E+005    0.620660731053E-001
    0.614520000000E+005    0.620541321257E-001
    0.615020000000E+005    0.620421168305E-001
    0.615520000000E+005    0.620300273870E-001
    0.616020000000E+005    0.620178639619E-001
    0.616520000000E+005    0.620056267219E-001
    0.617020000000E+005    0.619933158337E-001
    0.617520000000E+005    0.619809314636E-001
    0.618020000000E+005    0.619684737779E-001
    0.618520000000E+005    0.619559429427E-001
    0.619020000000E+005    0.619433391240E-001
    0.619520000000E+005    0.619306624874E-001
    0.620020000000E+005    0.619179131986E-001
    0.620520000000E+005    0.619050914231E-001
    0.621020000000E+005    0.618921973261E-001
    0.621520000000E+005    0.618792310727E-001
    0.622020000000E+005    0.618661928280E-001
    0.622520000000E+005    0.618530827567E-001
    0.623020000000E+005    0.618399010234E-001
    0.623520000000E+005    0.618266477927E-001
    0.624020000000E+005    0.618133232289E-001
    0.624520000000E+005    0.617999274960E-001
    0.625020000000E+005    0.617864607581E-001
    0.625520000000E+005    0.617729231789E-001
    0.626020000000E+005    0.617593149222E-001
    0.626520000000E+005    0.617456361515E-001
    0.627020000000E+005    0.617318870300E-001
    0.627520000000E+005    0.617180677209E-001
    0.628020000000E+005    0.617041783872E-001
    0.628520000000E+005    0.616902191918E-001
    0.629020000000E+005    0.616761902972E-001
    0.629520000000E+005    0.616620918660E-001
    0.630020000000E+005    0.616479240605E-001
    0.630520000000E+005    0.616336870429E-001
    0.631020000000E+005    0.616193809751E-001
    0.631520000000E+005    0.616050060190E-001
    0.632020000000E+005    0.615905623362E-001
    0.632520000000E+005    0.615760500882E-001
    0.633020000000E+005    0.615614694364E-001
    0.633520000000E+005    0.615468205418E-001
    0.634020000000E+005    0.615321035655E-001
    0.634520000000E+005    0.615173186682E-001
    0.635020000000E+005    0.615024660106E-001
    0.635520000000E+005    0.614875457532E-001
    0.636020000000E+005    0.614725580562E-001
    0.636520000000E+005    0.614575030799E-001
    0.637020000000E+005    0.614423809840E-001
    0.637520000000E+005    0.614271919285E-001
    0.638020000000E+005    0.614119360730E-001
    0.638520000000E+005    0.613966135768E-001
    0.639020000000E+005    0.613812245993E-001
    0.639520000000E+005    0.613657692995E-001
    0.640020000000E+005    0.613502478364E-001
    0.640520000000E+005    0.613346603687E-001
    0.641020000000E+005    0.613190070550E-001
    0.641520000000E+005    0.613032880538E-001
    0.642020000000E+005    0.612875035232E-001
    0.642520000000E+005    0.612716536213E-001
    0.643020000000E+005    0.612557385060E-001
    0.643520000000E+005    0.612397583350E-001
    0.644020000000E+005    0.612237132659E-001
    0.644520000000E+005    0.612076034559E-001
    0.645020000000E+005    0.611914290624E-001
    0.645520000000E+005    0.611751902423E-001
    0.646020000000E+005    0.611588871524E-001
    0.646520000000E+005    0.611425199495E-001
    0.647020000000E+005    0.611260887899E-001
    0.647520000000E+005    0.611095938301E-001
    0.648020000000E+005    0.610930352262E-001
    0.648520000000E+005    0.610764131340E-001
    0.649020000000E+005    0.610597277095E-001
    0.649520000000E+005    0.610429791082E-001
    0.650020000000E+005    0.610261674855E-001
    0.650520000000E+005    0.610092929967E-001
    0.651020000000E+005    0.609923557970E-001
    0.651520000000E+005    0.609753560411E-001
    0.652020000000E+005    0.609582938838E-001
    0.652520000000E+005    0.609411694796E-001
    0.653020000000E+005    0.609239829830E-001
    0.653520000000E+005    0.609067345481E-001
    0.654020000000E+005    0.608894243289E-001
    0.654520000000E+005    0.608720524793E-001
    0.655020000000E+005    0.608546191529E-001
    0.655520000000E+005    0.608371245032E-001
    0.656020000000E+005    0.608195686835E-001
    0.656520000000E+005    0.608019518469E-001
    0.657020000000E+005    0.607842741464E-001
    0.657520000000E+005    0.607665357347E-001
    0.658020000000E+005    0.607487367644E-001
    0.658520000000E+005    0.607308773879E-001
    0.659020000000E+005    0.607129577574E-001
    0.659520000000E+005    0.606949780250E-001
    0.660020000000E+005    0.606769383426E-001
    0.660520000000E+005    0.606588388618E-001
    0.661020000000E+005    0.606406797341E-001
    0.661520000000E+005    0.606224611108E-001
    0.662020000000E+005    0.606041831432E-001
    0.662520000000E+005    0.605858459821E-001
    0.663020000000E+005    0.605674497783E-001
    0.663520000000E+005    0.605489946825E-001
    0.664020000000E+005    0.605304808451E-001
    0.664520000000E+005    0.605119084162E-001
    0.665020000000E+005    0.604932775460E-001
    0.665520000000E+005    0.604745883844E-001
    0.666020000000E+005    0.604558410809E-001
    0.666520000000E+005    0.604370357852E-001
    0.667020000000E+005    0.604181726466E-001
    0.667520000000E+005    0.603992518142E-001
    0.668020000000E+005    0.603802734370E-001
    0.668520000000E+005    0.603612376637E-001
    0.669020000000E+005    0.603421446430E-001
    0.669520000000E+005    0.603229945234E-001
    0.670020000000E+005    0.603037874529E-001
    0.670520000000E+005    0.602845235797E-001
    0.671020000000E+005    0.602652030517E-001
    0.671520000000E+005    0.602458260166E-001
    0.672020000000E+005    0.602263926218E-001
    0.672520000000E+005    0.602069030147E-001
    0.673020000000E+005    0.601873573424E-001
    0.673520000000E+005    0.601677557519E-001
    0.674020000000E+005    0.601480983899E-001
    0.674520000000E+005    0.601283854031E-001
    0.675020000000E+005    0.601086169379E-001
    0.675520000000E+005    0.600887931404E-001
    0.676020000000E+005    0.600689141567E-001
    0.676520000000E+005    0.600489801327E-001
    0.677020000000E+005    0.600289912141E-001
    0.677520000000E+005    0.600089475463E-001
    0.678020000000E+005    0.599888492747E-001
    0.678520000000E+005    0.599686965443E-001
    0.679020000000E+005    0.599484895001E-001
    0.679520000000E+005    0.599282282869E-001
    0.680020000000E+005    0.599079130492E-001
    0.680520000000E+005    0.598875439314E-001
    0.681020000000E+005    0.598671210777E-001
    0.681520000000E+005    0.598466446321E-001
    0.682020000000E+005    0.598261147385E-001
    0.682520000000E+005    0.598055315405E-001
    0.683020000000E+005    0.597848951816E-001
    0.683520000000E+005    0.597642058050E-001
    0.684020000000E+005    0.597434635538E-001
    0.684520000000E+005    0.597226685710E-001
    0.685020000000E+005    0.597018209992E-001
    0.685520000000E+005    0.596809209811E-001
    0.686020000000E+005    0.596599686589E-001
    0.686520000000E+005    0.596389641748E-001
    0.687020000000E+005    0.596179076708E-001
    0.687520000000E+005    0.595967992887E-001
    0.688020000000E+005    0.595756391701E-001
    0.688520000000E+005    0.595544274565E-001
    0.689020000000E+005    0.595331642891E-001
    0.689520000000E+005    0.595118498088E-001
    0.690020000000E+005    0.594904841567E-001
    0.690520000000E+005    0.594690674734E-001
    0.691020000000E+005    0.594475998994E-001
    0.691520000000E+005    0.594260815750E-001
    0.692020000000E+005    0.594045126403E-001
    0.692520000000E+005    0.593828932353E-001
    0.693020000000E+005    0.593612234997E-001
    0.693520000000E+005    0.593395035732E-001
    0.694020000000E+005    0.593177335950E-001
    0.694520000000E+005    0.592959137044E-001
    0.695020000000E+005    0.592740440405E-001
    0.695520000000E+005    0.592521247420E-001
    0.696020000000E+005    0.592301559475E-001
    0.696520000000E+005    0.592081377956E-001
    0.697020000000E+005    0.591860704245E-001
    0.697520000000E+005    0.591639539723E-001
    0.698020000000E+005    0.591417885769E-001
    0.698520000000E+005    0.591195743760E-001
    0.699020000000E+005    0.590973115071E-001
    0.699520000000E+005    0.590750001077E-001
    0.700020000000E+005    0.590526403147E-001
    0.700520000000E+005    0.590302322653E-001
    0.701020000000E+005    0.590077760961E-001
    0.701520000000E+005    0.589852719439E-001
    0.702020000000E+005    0.589627199449E-001
    0.702520000000E+005    0.589401202355E-001
    0.703020000000E+005    0.589174729516E-001
    0.703520000000E+005    0.588947782292E-001
    0.704020000000E+005    0.588720362038E-001
    0.704520000000E+005    0.588492470110E-001
    0.705020000000E+005    0.588264107861E-001
    0.705520000000E+005    0.588035276642E-001
    0.706020000000E+005    0.587805977801E-001
    0.706520000000E+005    0.587576212687E-001
    0.707020000000E+005    0.587345982645E-001
    0.707520000000E+005    0.587115289018E-001
    0.708020000000E+005    0.586884133149E-001
    0.708520000000E+005    0.586652516378E-001
    0.709020000000E+005    0.586420440041E-001
    0.709520000000E+005    0.586187905476E-001
    0.710020000000E+005    0.585954914018E-001
    0.710520000000E+005    0.585721466997E-001
    0.711020000000E+005    0.585487565746E-001
    0.711520000000E+005    0.585253211593E-001
    0.712020000000E+005    0.585018405864E-001
    0.712520000000E+005    0.584783149886E-001
    0.713020000000E+005    0.584547444981E-001
    0.713520000000E+005    0.584311292470E-001
    0.714020000000E+005    0.584074693673E-001
    0.714520000000E+005    0.583837649908E-001
    0.715020000000E+005    0.583600162490E-001
    0.715520000000E+005    0.583362232733E-001
    0.716020000000E+005    0.583123861950E-001
    0.716520000000E+005    0.582885051450E-001
    0.717020000000E+005    0.582645802542E-001
    0.717520000000E+005    0.582406116533E-001
    0.718020000000E+005    0.582165994726E-001
    0.718520000000E+005    0.581925438426E-001
    0.719020000000E+005    0.581684448932E-001
    0.719520000000E+005    0.581443027544E-001
    0.720020000000E+005    0.581201175559E-001
    0.720520000000E+005    0.580958894272E-001
    0.721020000000E+005    0.580716184977E-001
    0.721520000000E+005    0.580473048966E-001
    0.722020000000E+005    0.580229487528E-001
    0.722520000000E+005    0.579985501951E-001
    0.723020000000E+005    0.579741093522E-001
    0.723520000000E+005    0.579496263524E-001
    0.724020000000E+005    0.579251013241E-001
    0.724520000000E+005    0.579005343951E-001
    0.725020000000E+005    0.578759256935E-001
    0.725520000000E+005    0.578512753469E-001
    0.726020000000E+005    0.578265834828E-001
    0.726520000000E+005    0.578018502286E-001
    0.727020000000E+005    0.577770757112E-001
    0.727520000000E+005    0.577522600578E-001
    0.728020000000E+005    0.577274033950E-001
    0.728520000000E+005    0.577025058494E-001
    0.729020000000E+005    0.576775675474E-001
    0.729520000000E+005    0.576525886153E-001
    0.730020000000E+005    0.576275691789E-001
    0.730520000000E+005    0.576025093643E-001
    0.731020000000E+005    0.575774092970E-001
    0.731520000000E+005    0.575522691024E-001
    0.732020000000E+005    0.575270889059E-001
    0.732520000000E+005    0.575018688326E-001
    0.733020000000E+005    0.574766090074E-001
    0.733520000000E+005    0.574513095550E-001
    0.734020000000E+005    0.574259706000E-001
    0.734520000000E+005    0.574005922666E-001
    0.735020000000E+005    0.573751746792E-001
    0.735520000000E+005    0.573497179616E-001
    0.736020000000E+005    0.573242222378E-001
    0.736520000000E+005    0.572986876313E-001
    0.737020000000E+005    0.572731142655E-001
    0.737520000000E+005    0.572475022637E-001
    0.738020000000E+005    0.572218517491E-001
    0.738520000000E+005    0.571961628445E-001
    0.739020000000E+005    0.571704356725E-001
    0.739520000000E+005    0.571446703558E-001
    0.740020000000E+005    0.571188670166E-001
    0.740520000000E+005    0.570930257771E-001
    0.741020000000E+005    0.570671467594E-001
    0.741520000000E+005    0.570412300851E-001
    0.742020000000E+005    0.570152758759E-001
    0.742520000000E+005    0.569892842533E-001
    0.743020000000E+005    0.569632553384E-001
    0.743520000000E+005    0.569371892523E-001
    0.744020000000E+005    0.569110861159E-001
    0.744520000000E+005    0.568849460499E-001
    0.745020000000E+005    0.568587691748E-001
    0.745520000000E+005    0.568325556109E-001
    0.746020000000E+005    0.568063054785E-001
    0.746520000000E+005    0.567800188973E-001
    0.747020000000E+005    0.567536959873E-001
    0.747520000000E+005    0.567273368680E-001
    0.748020000000E+005    0.567009416589E-001
    0.748520000000E+005    0.566745104791E-001
    0.749020000000E+005    0.566480434478E-001
    0.749520000000E+005    0.566215406837E-001
    0.750020000000E+005    0.565950023057E-001
    0.750520000000E+005    0.565684284322E-001
    0.751020000000E+005    0.565418191815E-001
    0.751520000000E+005    0.565151746717E-001
    0.752020000000E+005    0.564884950210E-001
    0.752520000000E+005    0.564617803469E-001
    0.753020000000E+005    0.564350307672E-001
    0.753520000000E+005    0.564082463992E-001
    0.754020000000E+005    0.563814273602E-001
    0.754520000000E+005    0.563545737672E-001
    0.755020000000E+005    0.563276857372E-001
    0.755520000000E+005    0.563007633868E-001
    0.756020000000E+005    0.562738068325E-001
    0.756520000000E+005    0.562468161907E-001
    0.757020000000E+005    0.562197915775E-001
    0.757520000000E+005    0.561927331090E-001
    0.758020000000E+005    0.561656409008E-001
    0.758520000000E+005    0.561385150686E-001
    0.759020000000E+005    0.561113557279E-001
    0.759520000000E+005    0.560841629940E-001
    0.760020000000E+005    0.560569369817E-001
    0.760520000000E+005    0.560296778062E-001
    0.761020000000E+005    0.560023855821E-001
    0.761520000000E+005    0.559750604238E-001
    0.762020000000E+005    0.559477024459E-001
    0.762520000000E+005    0.559203117624E-001
    0.763020000000E+005    0.558928884874E-001
    0.763520000000E+005    0.558654327347E-001
    0.764020000000E+005    0.558379446179E-001
    0.764520000000E+005    0.558104242505E-001
    0.765020000000E+005    0.557828717457E-001
    0.765520000000E+005    0.557552872167E-001
    0.766020000000E+005    0.557276707764E-001
    0.766520000000E+005    0.557000225376E-001
    0.767020000000E+005    0.556723426127E-001
    0.767520000000E+005    0.556446311143E-001
    0.768020000000E+005    0.556168881545E-001
    0.768520000000E+005    0.555891138453E-001
    0.769020000000E+005    0.555613082986E-001
    0.769520000000E+005    0.555334716261E-001
    0.770020000000E+005    0.555056039393E-001
    0.770520000000E+005    0.554777053495E-001
    0.771020000000E+005    0.554497759678E-001
    0.771520000000E+005    0.554218159053E-001
    0.772020000000E+005    0.553938252727E-001
    0.772520000000E+005    0.553658041806E-001
    0.773020000000E+005    0.553377527394E-001
    0.773520000000E+005    0.553096710595E-001
    0.774020000000E+005    0.552815592509E-001
    0.774520000000E+005    0.552534174235E-001
    0.775020000000E+005    0.552252456871E-001
    0.775520000000E+005    0.551970441511E-001
    0.776020000000E+005    0.551688129250E-001
    0.776520000000E+005    0.551405521180E-001
    0.777020000000E+005    0.551122618392E-001
    0.777520000000E+005    0.550839421972E-001
    0.778020000000E+005    0.550555933009E-001
    0.778520000000E+005    0.550272152587E-001
    0.779020000000E+005    0.549988081790E-001
    0.779520000000E+005    0.549703721699E-001
    0.780020000000E+005    0.549419073393E-001
    0.780520000000E+005    0.549134137951E-001
    0.781020000000E+005    0.548848916449E-001
    0.781520000000E+005    0.548563409961E-001
    0.782020000000E+005    0.548277619560E-001
    0.782520000000E+005    0.547991546317E-001
    0.783020000000E+005    0.547705191302E-001
    0.783520000000E+005    0.547418555581E-001
    0.784020000000E+005    0.547131640221E-001
    0.784520000000E+005    0.546844446285E-001
    0.785020000000E+005    0.546556974836E-001
    0.785520000000E+005    0.546269226934E-001
    0.786020000000E+005    0.545981203638E-001
    0.786520000000E+005    0.545692906006E-001
    0.787020000000E+005    0.545404335092E-001
    0.787520000000E+005    0.545115491950E-001
    0.788020000000E+005    0.544826377631E-001
    0.788520000000E+005    0.544536993187E-001
    0.789020000000E+005    0.544247339665E-001
    0.789520000000E+005    0.543957418112E-001
    0.790020000000E+005    0.543667229573E-001
    0.790520000000E+005    0.543376775091E-001
    0.791020000000E+005    0.543086055708E-001
    0.791520000000E+005    0.542795072463E-001
    0.792020000000E+005    0.542503826394E-001
    0.792520000000E+005    0.542212318539E-001
    0.793020000000E+005    0.541920549930E-001
    0.793520000000E+005    0.541628521602E-001
    0.794020000000E+005    0.541336234585E-001
    0.794520000000E+005    0.541043689909E-001
    0.795020000000E+005    0.540750888602E-001
    0.795520000000E+005    0.540457831689E-001
    0.796020000000E+005    0.540164520195E-001
    0.796520000000E+005    0.539870955142E-001
    0.797020000000E+005    0.539577137552E-001
    0.797520000000E+005    0.539283068444E-001
    0.798020000000E+005    0.538988748834E-001
    0.798520000000E+005    0.538694179740E-001
    0.799020000000E+005    0.538399362174E-001
    0.799520000000E+005    0.538104297149E-001
    0.800020000000E+005    0.537808985677E-001
    0.800520000000E+005    0.537513428765E-001
    0.801020000000E+005    0.537217627422E-001
    0.801520000000E+005    0.536921582652E-001
    0.802020000000E+005    0.536625295460E-001
    0.802520000000E+005    0.536328766848E-001
    0.803020000000E+005    0.536031997816E-001
    0.803520000000E+005    0.535734989364E-001
    0.804020000000E+005    0.535437742488E-001
    0.804520000000E+005    0.535140258183E-001
    0.805020000000E+005    0.534842537445E-001
    0.805520000000E+005    0.534544581263E-001
    0.806020000000E+005    0.534246390630E-001
    0.806520000000E+005    0.533947966534E-001
    0.807020000000E+005    0.533649309961E-001
    0.807520000000E+005    0.533350421897E-001
    0.808020000000E+005    0.533051303326E-001
    0.808520000000E+005    0.532751955230E-001
    0.809020000000E+005    0.532452378589E-001
    0.809520000000E+005    0.532152574382E-001
    0.810020000000E+005    0.531852543585E-001
    0.810520000000E+005    0.531552287175E-001
    0.811020000000E+005    0.531251806124E-001
    0.811520000000E+005    0.530951101405E-001
    0.812020000000E+005    0.530650173988E-001
    0.812520000000E+005    0.530349024842E-001
    0.813020000000E+005    0.530047654933E-001
    0.813520000000E+005    0.529746065227E-001
    0.814020000000E+005    0.529444256688E-001
    0.814520000000E+005    0.529142230277E-001
    0.815020000000E+005    0.528839986956E-001
    0.815520000000E+005    0.528537527682E-001
    0.816020000000E+005    0.528234853413E-001
    0.816520000000E+005    0.527931965104E-001
    0.817020000000E+005    0.527628863710E-001
    0.817520000000E+005    0.527325550181E-001
    0.818020000000E+005    0.527022025468E-001
    0.818520000000E+005    0.526718290521E-001
    0.819020000000E+005    0.526414346287E-001
    0.819520000000E+005    0.526110193710E-001
    0.820020000000E+005    0.525805833736E-001
    0.820520000000E+005    0.525501267305E-001
    0.821020000000E+005    0.525196495360E-001
    0.821520000000E+005    0.524891518837E-001
    0.822020000000E+005    0.524586338676E-001
    0.822520000000E+005    0.524280955812E-001
    0.823020000000E+005    0.523975371179E-001
    0.823520000000E+005    0.523669585709E-001
    0.824020000000E+005    0.523363600333E-001
    0.824520000000E+005    0.523057415980E-001
    0.825020000000E+005    0.522751033578E-001
    0.825520000000E+005    0.522444454053E-001
    0.826020000000E+005    0.522137678329E-001
    0.826520000000E+005    0.521830707329E-001
    0.827020000000E+005    0.521523541974E-001
    0.827520000000E+005    0.521216183183E-001
    0.828020000000E+005    0.520908631874E-001
    0.828520000000E+005    0.520600888964E-001
    0.829020000000E+005    0.520292955367E-001
    0.829520000000E+005    0.519984831996E-001
    0.830020000000E+005    0.519676519762E-001
    0.830520000000E+005    0.519368019576E-001
    0.831020000000E+005    0.519059332345E-001
    0.831520000000E+005    0.518750458976E-001
    0.832020000000E+005    0.518441400375E-001
    0.832520000000E+005    0.518132157443E-001
    0.833020000000E+005    0.517822731084E-001
    0.833520000000E+005    0.517513122197E-001
    0.834020000000E+005    0.517203331681E-001
    0.834520000000E+005    0.516893360433E-001
    0.835020000000E+005    0.516583209348E-001
    0.835520000000E+005    0.516272879320E-001
    0.836020000000E+005    0.515962371242E-001
    0.836520000000E+005    0.515651686003E-001
    0.837020000000E+005    0.515340824494E-001
    0.837520000000E+005    0.515029787601E-001
    0.838020000000E+005    0.514718576210E-001
    0.838520000000E+005    0.514407191206E-001
    0.839020000000E+005    0.514095633471E-001
    0.839520000000E+005    0.513783903887E-001
    0.840020000000E+005    0.513472003332E-001
    0.840520000000E+005    0.513159932686E-001
    0.841020000000E+005    0.512847692823E-001
    0.841520000000E+005    0.512535284620E-001
    0.842020000000E+005    0.512222708950E-001
    0.842520000000E+005    0.511909966683E-001
    0.843020000000E+005    0.511597058691E-001
    0.843520000000E+005    0.511283985841E-001
    0.844020000000E+005    0.510970749001E-001
    0.844520000000E+005    0.510657349036E-001
    0.845020000000E+005    0.510343786810E-001
    0.845520000000E+005    0.510030063186E-001
    0.846020000000E+005    0.509716179023E-001
    0.846520000000E+005    0.509402135182E-001
    0.847020000000E+005    0.509087932520E-001
    0.847520000000E+005    0.508773571893E-001
    0.848020000000E+005    0.508459054155E-001
    0.848520000000E+005    0.508144380160E-001
    0.849020000000E+005    0.507829550758E-001
    0.849520000000E+005    0.507514566800E-001
    0.850020000000E+005    0.507199429135E-001
    0.850520000000E+005    0.506884138608E-001
    0.851020000000E+005    0.506568696066E-001
    0.851520000000E+005    0.506253102351E-001
    0.852020000000E+005    0.505937358307E-001
    0.852520000000E+005    0.505621464773E-001
    0.853020000000E+005    0.505305422589E-001
    0.853520000000E+005    0.504989232592E-001
    0.854020000000E+005    0.504672895619E-001
    0.854520000000E+005    0.504356412504E-001
    0.855020000000E+005    0.504039784080E-001
    0.855520000000E+005    0.503723011178E-001
    0.856020000000E+005    0.503406094628E-001
    0.856520000000E+005    0.503089035259E-001
    0.857020000000E+005    0.502771833897E-001
    0.857520000000E+005    0.502454491369E-001
    0.858020000000E+005    0.502137008497E-001
    0.858520000000E+005    0.501819386105E-001
    0.859020000000E+005    0.501501625012E-001
    0.859520000000E+005    0.501183726039E-001
    0.860020000000E+005    0.500865690002E-001
    0.860520000000E+005    0.500547517719E-001
    0.861020000000E+005    0.500229210004E-001
    0.861520000000E+005    0.499910767671E-001
    0.862020000000E+005    0.499592191530E-001
    0.862520000000E+005    0.499273482393E-001
    0.863020000000E+005    0.498954641068E-001
    0.863520000000E+005    0.498635668362E-001
    0.864020000000E+005    0.498316565081E-001
    0.864520000000E+005    0.497997332030E-001
    0.865020000000E+005    0.497677970011E-001
    0.865520000000E+005    0.497358479825E-001
    0.866020000000E+005    0.497038862273E-001
    0.866520000000E+005    0.496719118152E-001
    0.867020000000E+005    0.496399248259E-001
    0.867520000000E+005    0.496079253390E-001
    0.868020000000E+005    0.495759134338E-001
    0.868520000000E+005    0.495438891896E-001
    0.869020000000E+005    0.495118526854E-001
    0.869520000000E+005    0.494798040003E-001
    0.870020000000E+005    0.494477432129E-001
    0.870520000000E+005    0.494156704020E-001
    0.871020000000E+005    0.493835856460E-001
    0.871520000000E+005    0.493514890233E-001
    0.872020000000E+005    0.493193806120E-001
    0.872520000000E+005    0.492872604903E-001
    0.873020000000E+005    0.492551287360E-001
    0.873520000000E+005    0.492229854270E-001
    0.874020000000E+005    0.491908306407E-001
    0.874520000000E+005    0.491586644547E-001
    0.875020000000E+005    0.491264869463E-001
    0.875520000000E+005    0.490942981927E-001
    0.876020000000E+005    0.490620982709E-001
    0.876520000000E+005    0.490298872578E-001
    0.877020000000E+005    0.489976652301E-001
    0.877520000000E+005    0.489654322644E-001
    0.878020000000E+005    0.489331884372E-001
    0.878520000000E+005    0.489009338248E-001
    0.879020000000E+005    0.488686685033E-001
    0.879520000000E+005    0.488363925487E-001
    0.880020000000E+005    0.488041060370E-001
    0.880520000000E+005    0.487718090437E-001
    0.881020000000E+005    0.487395016447E-001
    0.881520000000E+005    0.487071839151E-001
    0.882020000000E+005    0.486748559304E-001
    0.882520000000E+005    0.486425177657E-001
    0.883020000000E+005    0.486101694960E-001
    0.883520000000E+005    0.485778111962E-001
    0.884020000000E+005    0.485454429410E-001
    0.884520000000E+005    0.485130648049E-001
    0.885020000000E+005    0.484806768624E-001
    0.885520000000E+005    0.484482791878E-001
    0.886020000000E+005    0.484158718553E-001
    0.886520000000E+005    0.483834549388E-001
    0.887020000000E+005    0.483510285121E-001
    0.887520000000E+005    0.483185926492E-001
    0.888020000000E+005    0.482861474234E-001
    0.888520000000E+005    0.482536929083E-001
    0.889020000000E+005    0.482212291771E-001
    0.889520000000E+005    0.481887563030E-001
    0.890020000000E+005    0.481562743590E-001
    0.890520000000E+005    0.481237834181E-001
    0.891020000000E+005    0.480912835528E-001
    0.891520000000E+005    0.480587748359E-001
    0.892020000000E+005    0.480262573397E-001
    0.892520000000E+005    0.479937311367E-001
    0.893020000000E+005    0.479611962988E-001
    0.893520000000E+005    0.479286528983E-001
    0.894020000000E+005    0.478961010070E-001
    0.894520000000E+005    0.478635406966E-001
    0.895020000000E+005    0.478309720387E-001
    0.895520000000E+005    0.477983951049E-001
    0.896020000000E+005    0.477658099664E-001
    0.896520000000E+005    0.477332166945E-001
    0.897020000000E+005    0.477006153601E-001
    0.897520000000E+005    0.476680060344E-001
    0.898020000000E+005    0.476353887879E-001
    0.898520000000E+005    0.476027636914E-001
    0.899020000000E+005    0.475701308153E-001
    0.899520000000E+005    0.475374902301E-001
    0.900020000000E+005    0.475048420059E-001
    0.900520000000E+005    0.474721862129E-001
    0.901020000000E+005    0.474395229210E-001
    0.901520000000E+005    0.474068522000E-001
    0.902020000000E+005    0.473741741196E-001
    0.902520000000E+005    0.473414887494E-001
    0.903020000000E+005    0.473087961587E-001
    0.903520000000E+005    0.472760964168E-001
    0.904020000000E+005    0.472433895928E-001
    0.904520000000E+005    0.472106757559E-001
    0.905020000000E+005    0.471779549747E-001
    0.905520000000E+005    0.471452273181E-001
    0.906020000000E+005    0.471124928546E-001
    0.906520000000E+005    0.470797516526E-001
    0.907020000000E+005    0.470470037806E-001
    0.907520000000E+005    0.470142493067E-001
    0.908020000000E+005    0.469814882989E-001
    0.908520000000E+005    0.469487208251E-001
    0.909020000000E+005    0.469159469532E-001
    0.909520000000E+005    0.468831667508E-001
    0.910020000000E+005    0.468503802853E-001
    0.910520000000E+005    0.468175876242E-001
    0.911020000000E+005    0.467847888347E-001
    0.911520000000E+005    0.467519839839E-001
    0.912020000000E+005    0.467191731388E-001
    0.912520000000E+005    0.466863563662E-001
    0.913020000000E+005    0.466535337328E-001
    0.913520000000E+005    0.466207053053E-001
    0.914020000000E+005    0.465878711500E-001
    0.914520000000E+005    0.465550313333E-001
    0.915020000000E+005    0.465221859213E-001
    0.915520000000E+005    0.464893349801E-001
    0.916020000000E+005    0.464564785756E-001
    0.916520000000E+005    0.464236167736E-001
    0.917020000000E+005    0.463907496397E-001
    0.917520000000E+005    0.463578772394E-001
    0.918020000000E+005    0.463249996381E-001
    0.918520000000E+005    0.462921169012E-001
    0.919020000000E+005    0.462592290936E-001
    0.919520000000E+005    0.462263362804E-001
    0.920020000000E+005    0.461934385264E-001
    0.920520000000E+005    0.461605358965E-001
    0.921020000000E+005    0.461276284551E-001
    0.921520000000E+005    0.460947162667E-001
    0.922020000000E+005    0.460617993958E-001
    0.922520000000E+005    0.460288779064E-001
    0.923020000000E+005    0.459959518626E-001
    0.923520000000E+005    0.459630213285E-001
    0.924020000000E+005    0.459300863678E-001
    0.924520000000E+005    0.458971470443E-001
    0.925020000000E+005    0.458642034214E-001
    0.925520000000E+005    0.458312555626E-001
    0.926020000000E+005    0.457983035312E-001
    0.926520000000E+005    0.457653473904E-001
    0.927020000000E+005    0.457323872032E-001
    0.927520000000E+005    0.456994230326E-001
    0.928020000000E+005    0.456664549412E-001
    0.928520000000E+005    0.456334829919E-001
    0.929020000000E+005    0.456005072471E-001
    0.929520000000E+005    0.455675277692E-001
    0.930020000000E+005    0.455345446205E-001
    0.930520000000E+005    0.455015578631E-001
    0.931020000000E+005    0.454685675591E-001
    0.931520000000E+005    0.454355737703E-001
    0.932020000000E+005    0.454025765586E-001
    0.932520000000E+005    0.453695759855E-001
    0.933020000000E+005    0.453365721126E-001
    0.933520000000E+005    0.453035650012E-001
    0.934020000000E+005    0.452705547127E-001
    0.934520000000E+005    0.452375413081E-001
    0.935020000000E+005    0.452045248485E-001
    0.935520000000E+005    0.451715053948E-001
    0.936020000000E+005    0.451384830076E-001
    0.936520000000E+005    0.451054577477E-001
    0.937020000000E+005    0.450724296755E-001
    0.937520000000E+005    0.450393988514E-001
    0.938020000000E+005    0.450063653357E-001
    0.938520000000E+005    0.449733291886E-001
    0.939020000000E+005    0.449402904699E-001
    0.939520000000E+005    0.449072492396E-001
    0.940020000000E+005    0.448742055575E-001
    0.940520000000E+005    0.448411594832E-001
    0.941020000000E+005    0.448081110762E-001
    0.941520000000E+005    0.447750603958E-001
    0.942020000000E+005    0.447420075015E-001
    0.942520000000E+005    0.447089524521E-001
    0.943020000000E+005    0.446758953069E-001
    0.943520000000E+005    0.446428361247E-001
    0.944020000000E+005    0.446097749643E-001
    0.944520000000E+005    0.445767118842E-001
    0.945020000000E+005    0.445436469431E-001
    0.945520000000E+005    0.445105801994E-001
    0.946020000000E+005    0.444775117112E-001
    0.946520000000E+005    0.444444415368E-001
    0.947020000000E+005    0.444113697342E-001
    0.947520000000E+005    0.443782963613E-001
    0.948020000000E+005    0.443452214760E-001
    0.948520000000E+005    0.443121451358E-001
    0.949020000000E+005    0.442790673983E-001
    0.949520000000E+005    0.442459883210E-001
    0.950020000000E+005    0.442129079612E-001
    0.950520000000E+005    0.441798263760E-001
    0.951020000000E+005    0.441467436225E-001
    0.951520000000E+005    0.441136597577E-001
    0.952020000000E+005    0.440805748383E-001
    0.952520000000E+005    0.440474889212E-001
    0.953020000000E+005    0.440144020628E-001
    0.953520000000E+005    0.439813143196E-001
    0.954020000000E+005    0.439482257480E-001
    0.954520000000E+005    0.439151364042E-001
    0.955020000000E+005    0.438820463443E-001
    0.955520000000E+005    0.438489556243E-001
    0.956020000000E+005    0.438158643000E-001
    0.956520000000E+005    0.437827724273E-001
    0.957020000000E+005    0.437496800617E-001
    0.957520000000E+005    0.437165872587E-001
    0.958020000000E+005    0.436834940737E-001
    0.958520000000E+005    0.436504005621E-001
    0.959020000000E+005    0.436173067789E-001
    0.959520000000E+005    0.435842127793E-001
    0.960020000000E+005    0.435511186180E-001
    0.960520000000E+005    0.435180243500E-001
    0.961020000000E+005    0.434849300299E-001
    0.961520000000E+005    0.434518357122E-001
    0.962020000000E+005    0.434187414515E-001
    0.962520000000E+005    0.433856473021E-001
    0.963020000000E+005    0.433525533181E-001
    0.963520000000E+005    0.433194595537E-001
    0.964020000000E+005    0.432863660628E-001
    0.964520000000E+005    0.432532728994E-001
    0.965020000000E+005    0.432201801172E-001
    0.965520000000E+005    0.431870877698E-001
    0.966020000000E+005    0.431539959107E-001
    0.966520000000E+005    0.431209045933E-001
    0.967020000000E+005    0.430878138710E-001
    0.967520000000E+005    0.430547237968E-001
    0.968020000000E+005    0.430216344240E-001
    0.968520000000E+005    0.429885458053E-001
    0.969020000000E+005    0.429554579936E-001
    0.969520000000E+005    0.429223710417E-001
    0.970020000000E+005    0.428892850021E-001
    0.970520000000E+005    0.428561999273E-001
    0.971020000000E+005    0.428231158697E-001
    0.971520000000E+005    0.427900328816E-001
    0.972020000000E+005    0.427569510150E-001
    0.972520000000E+005    0.427238703221E-001
    0.973020000000E+005    0.426907908546E-001
    0.973520000000E+005    0.426577126645E-001
    0.974020000000E+005    0.426246358035E-001
    0.974520000000E+005    0.425915603230E-001
    0.975020000000E+005    0.425584862745E-001
    0.975520000000E+005    0.425254137094E-001
    0.976020000000E+005    0.424923426790E-001
    0.976520000000E+005    0.424592732344E-001
    0.977020000000E+005    0.424262054265E-001
    0.977520000000E+005    0.423931393062E-001
    0.978020000000E+005    0.423600749244E-001
    0.978520000000E+005    0.423270123318E-001
    0.979020000000E+005    0.422939515788E-001
    0.979520000000E+005    0.422608927160E-001
    0.980020000000E+005    0.422278357936E-001
    0.980520000000E+005    0.421947808620E-001
    0.981020000000E+005    0.421617279712E-001
    0.981520000000E+005    0.421286771712E-001
    0.982020000000E+005    0.420956285119E-001
    0.982520000000E+005    0.420625820432E-001
    0.983020000000E+005    0.420295378146E-001
    0.983520000000E+005    0.419964958758E-001
    0.984020000000E+005    0.419634562763E-001
    0.984520000000E+005    0.419304190652E-001
    0.985020000000E+005    0.418973842920E-001
    0.985520000000E+005    0.418643520056E-001
    0.986020000000E+005    0.418313222552E-001
    0.986520000000E+005    0.417982950896E-001
    0.987020000000E+005    0.417652705576E-001
    0.987520000000E+005    0.417322487080E-001
    0.988020000000E+005    0.416992295892E-001
    0.988520000000E+005    0.416662132499E-001
    0.989020000000E+005    0.416331997382E-001
    0.989520000000E+005    0.416001891025E-001
    0.990020000000E+005    0.415671813909E-001
    0.990520000000E+005    0.415341766515E-001
    0.991020000000E+005    0.415011749322E-001
    0.991520000000E+005    0.414681762808E-001
    0.992020000000E+005    0.414351807450E-001
    0.992520000000E+005    0.414021883725E-001
    0.993020000000E+005    0.413691992106E-001
    0.993520000000E+005    0.413362133069E-001
    0.994020000000E+005    0.413032307085E-001
    0.994520000000E+005    0.412702514628E-001
    0.995020000000E+005    0.412372756167E-001
    0.995520000000E+005    0.412043032172E-001
    0.996020000000E+005    0.411713343111E-001
    0.996520000000E+005    0.411383689453E-001
    0.997020000000E+005    0.411054071663E-001
    0.997520000000E+005    0.410724490207E-001
    0.998020000000E+005    0.410394945550E-001
    0.998520000000E+005    0.410065438154E-001
    0.999020000000E+005    0.409735968482E-001
    0.999520000000E+005    0.409406536995E-001
