1.38655200e-02
1.85703520e-02
2.42390508e-02
3.09092475e-02
3.85578980e-02
4.68360336e-02
5.51430756e-02
6.34598080e-02
7.18616890e-02
8.02817951e-02
8.87668094e-02
9.73274383e-02
1.05929835e-01
1.14621328e-01
1.23397286e-01
1.32232108e-01
1.41140519e-01
1.50163867e-01
1.59254277e-01
1.68413539e-01
1.77642172e-01
1.86961588e-01
1.96353558e-01
2.05798788e-01
2.15289113e-01
2.24813479e-01
2.34357604e-01
2.43903700e-01
2.53430300e-01
2.62912235e-01
2.72320803e-01
2.81624170e-01
2.90788012e-01
2.99776404e-01
3.08552910e-01
3.17085139e-01
3.25338414e-01
3.33276678e-01
3.40874188e-01
3.48110606e-01
3.54971391e-01
3.61446945e-01
3.67534629e-01
3.73237557e-01
3.78563264e-01
3.83522415e-01
3.88128944e-01
3.92400150e-01
3.96353388e-01
4.00006615e-01
4.03377897e-01
4.06485031e-01
4.09345373e-01
4.11976086e-01
4.14392106e-01
4.16607861e-01
4.18636756e-01
4.20491164e-01
4.22182449e-01
4.23720999e-01
4.25116277e-01
4.26376869e-01
4.27510546e-01
4.28524320e-01
4.29424503e-01
4.30216765e-01
4.30906186e-01
4.31497309e-01
4.31994185e-01
4.32400419e-01
4.32719214e-01
4.32954973e-01
4.33108763e-01
4.33182647e-01
4.33178526e-01
4.33098056e-01
4.32942678e-01
4.32713635e-01
4.32411996e-01
4.32038673e-01
4.31594438e-01
4.31080497e-01
4.30497898e-01
4.29845789e-01
4.29124507e-01
4.28334320e-01
4.27475431e-01
4.26547991e-01
4.25552106e-01
4.24487908e-01
4.23356110e-01
4.22155676e-01
4.20886594e-01
4.19548848e-01
4.18142411e-01
4.16667258e-01
4.15123366e-01
4.13510662e-01
4.11828882e-01
4.10078028e-01
4.08258132e-01
4.06369246e-01
4.04411444e-01
4.02384829e-01
4.00289528e-01
3.98124897e-01
3.95891308e-01
3.93589349e-01
3.91219295e-01
3.88781456e-01
3.86276180e-01
3.83703854e-01
3.81064906e-01
3.78358969e-01
3.75586209e-01
3.72748214e-01
3.69845599e-01
3.66879025e-01
3.63849195e-01
3.60756856e-01
3.57602797e-01
3.54387853e-01
3.51112900e-01
3.47776863e-01
3.44382594e-01
3.40931208e-01
3.37423766e-01
3.33861367e-01
3.30245147e-01
3.26576275e-01
3.22855952e-01
3.19085410e-01
3.15265910e-01
3.11398734e-01
3.07485188e-01
3.03526312e-01
2.99522665e-01
2.95476756e-01
2.91389943e-01
2.87263585e-01
2.83099033e-01
2.78897629e-01
2.74660698e-01
2.70389545e-01
2.66085445e-01
2.61749643e-01
2.57383341e-01
2.52987700e-01
2.48563825e-01
2.44112767e-01
2.39635512e-01
2.35132978e-01
2.30606009e-01
2.26055368e-01
2.21481734e-01
2.16885699e-01
2.12267762e-01
2.07628326e-01
2.02967696e-01
1.98286080e-01
1.93583583e-01
1.88860212e-01
1.84115876e-01
1.79350388e-01
1.74563472e-01
1.69754764e-01
1.64923826e-01
1.60070152e-01
1.55193185e-01
1.50292329e-01
1.45366973e-01
1.40416519e-01
1.35440416e-01
1.30438175e-01
1.25409440e-01
1.20354038e-01
1.15272059e-01
1.10163947e-01
1.05030614e-01
9.98735931e-02
9.46952268e-02
8.94989073e-02
8.42893891e-02
7.90731907e-02
7.38591143e-02
6.86589199e-02
6.34881971e-02
5.83674890e-02
5.33237243e-02
4.83920090e-02
4.36177922e-02
3.90500131e-02
3.49306227e-02
3.14091591e-02
2.85075931e-02
2.62497353e-02
2.46613416e-02
2.37702263e-02
2.36063833e-02
2.42021174e-02
2.55921853e-02
2.78139496e-02
3.09075459e-02
3.49160639e-02
3.98857472e-02
4.55808037e-02
5.17503867e-02
5.83286889e-02
6.52570167e-02
7.24892330e-02
7.99897176e-02
8.77314215e-02
9.56941797e-02
1.03863324e-01
1.12228756e-01
1.20784651e-01
1.29526579e-01
1.38453063e-01
1.47564573e-01
1.56863224e-01
1.66352544e-01
1.76037298e-01
1.85923357e-01
1.96017589e-01
2.06331925e-01
2.16876839e-01
2.27658046e-01
2.38685942e-01
2.49971582e-01
2.61533898e-01
2.73391112e-01
2.85545675e-01
2.98010219e-01
3.10820466e-01
3.23973947e-01
3.37475479e-01
3.51368713e-01
3.65627005e-01
3.80271225e-01
3.95289169e-01
4.10665194e-01
4.26373236e-01
4.42367495e-01
4.58591507e-01
4.74969778e-01
4.91426053e-01
5.07859649e-01
5.24203026e-01
5.40360752e-01
5.56275090e-01
5.71925382e-01
5.87205773e-01
6.02154330e-01
6.16760413e-01
6.31017009e-01
6.44924005e-01