4.66127766e-04
1.26992553e-03
2.24934863e-03
3.39180156e-03
4.69194561e-03
6.13611626e-03
7.71344131e-03
9.41675403e-03
1.12247138e-02
1.31362262e-02
1.51325789e-02
1.71991484e-02
1.93306298e-02
2.15030771e-02
2.37024271e-02
2.59207864e-02
2.81385015e-02
3.03236129e-02
3.24736172e-02
3.45691867e-02
3.65900213e-02
3.85036268e-02
4.02939095e-02
4.19053329e-02
4.33278666e-02
4.45561662e-02
4.55829503e-02
4.64018731e-02
4.70080541e-02
4.73986708e-02
4.75735920e-02
4.75360183e-02
4.72930838e-02
4.68563678e-02
4.62422566e-02
4.54676444e-02
4.45588056e-02
4.35542881e-02
4.24893149e-02
4.14017089e-02
4.03288858e-02
3.93088888e-02
3.84001825e-02
3.76322609e-02
3.70296488e-02
3.66146049e-02
3.64049901e-02
3.64052511e-02
3.66209949e-02
3.70545017e-02
3.77052832e-02
3.85706153e-02
3.96468666e-02
4.09215821e-02
4.23528741e-02
4.39325787e-02
4.56437598e-02
4.74700293e-02
4.93958927e-02
5.14069729e-02
5.34901321e-02
5.56335178e-02
5.78265505e-02
6.00598734e-02
6.23252772e-02
6.46156100e-02
6.69246832e-02
6.92471753e-02
7.15785403e-02
7.39149211e-02
7.62530701e-02
7.85914864e-02
8.09267058e-02
8.32568129e-02
8.55803445e-02
8.78961593e-02
9.02033992e-02
9.25014543e-02
9.47899342e-02
9.70686417e-02
9.93375510e-02
1.01597079e-01
1.03847716e-01
1.06089165e-01
1.08321923e-01
1.10546584e-01
1.12763831e-01
1.14974430e-01
1.17179219e-01
1.19379132e-01
1.21575414e-01
1.23768654e-01
1.25959947e-01
1.28150439e-01
1.30341324e-01
1.32533845e-01
1.34729286e-01
1.36928959e-01
1.39134147e-01
1.41346265e-01
1.43566769e-01
1.45797150e-01
1.48038934e-01
1.50293679e-01
1.52562977e-01
1.54848232e-01
1.57151161e-01
1.59473549e-01
1.61817111e-01
1.64183582e-01
1.66574724e-01
1.68992314e-01
1.71438150e-01
1.73913876e-01
1.76421271e-01
1.78962399e-01
1.81539111e-01
1.84153268e-01
1.86806728e-01
1.89501352e-01
1.92238994e-01
1.95021500e-01
1.97850703e-01
2.00728196e-01
2.03656029e-01
2.06635993e-01
2.09669834e-01
2.12759270e-01
2.15905976e-01
2.19111589e-01
2.22377697e-01
2.25705837e-01
2.29097492e-01
2.32554083e-01
2.36076967e-01
2.39667435e-01
2.43326720e-01
2.47055968e-01
2.50856232e-01
2.54728485e-01
2.58673610e-01
2.62692401e-01
2.66785558e-01
2.70953688e-01
2.75197300e-01
2.79516805e-01
2.83912516e-01
2.88384647e-01
2.92933312e-01
2.97558528e-01
3.02260213e-01
3.07038188e-01
3.11892183e-01
3.16821833e-01
3.21826685e-01
3.26906201e-01
3.32059760e-01
3.37286663e-01
3.42586137e-01
3.47957340e-01
3.53399363e-01
3.58911240e-01
3.64491949e-01
3.70140419e-01
3.75855533e-01
3.81636138e-01
3.87481044e-01
3.93389034e-01
3.99358867e-01
4.05389282e-01
4.11479007e-01
4.17626756e-01
4.23831237e-01
4.30091162e-01
4.36405243e-01
4.42772199e-01
4.49190757e-01
4.55659658e-01
4.62177656e-01
4.68743522e-01
4.75356048e-01
4.82014044e-01
4.88716345e-01
4.95461806e-01
5.02249309e-01
5.09077761e-01
5.15946092e-01
5.22853259e-01
5.29798246e-01
5.36780059e-01
5.43797733e-01
5.50850323e-01
5.57936911e-01
5.65056600e-01
5.72208516e-01
5.79391803e-01
5.86605627e-01
5.93849168e-01
6.01121626e-01
6.08422211e-01
6.15750147e-01
6.23104667e-01
6.30485011e-01
6.37890424e-01
6.45320152e-01
6.52773439e-01
6.60249526e-01
6.67747641e-01
6.75267000e-01
6.82806802e-01
6.90366218e-01
6.97944391e-01
7.05540424e-01
7.13153375e-01
7.20782460e-01
7.28427497e-01
7.36086521e-01
7.43758326e-01
7.51441596e-01
7.59134892e-01
7.66836624e-01
7.74545028e-01
7.82258138e-01
7.89973753e-01
7.97691563e-01
8.05409333e-01
8.13121725e-01
8.20825143e-01
8.28515491e-01
8.36190976e-01
8.43848069e-01
8.51476340e-01
8.59068716e-01
8.66624355e-01
8.74128569e-01
8.81568926e-01
8.88942277e-01
8.96225909e-01
9.03409063e-01
9.10472964e-01
9.17399053e-01
9.24168246e-01
9.30760752e-01
9.37158971e-01
9.43347775e-01
9.49317522e-01
9.55062900e-01
9.60586693e-01
9.65895868e-01
9.71003330e-01
9.75924241e-01
9.80678193e-01
9.85282161e-01
9.89753437e-01
9.94108844e-01
9.98364143e-01