1.46159096e-03
2.26726368e-03
3.29899092e-03
4.54690615e-03
6.00552565e-03
7.67578856e-03
9.56051094e-03
1.16634769e-02
1.39950388e-02
1.65605595e-02
1.93732295e-02
2.24468865e-02
2.57927373e-02
2.94324251e-02
3.33852235e-02
3.76684211e-02
4.22525554e-02
4.69146287e-02
5.16437624e-02
5.64491009e-02
6.13397200e-02
6.63312620e-02
7.14289181e-02
7.66367560e-02
8.19620773e-02
8.74113897e-02
9.29901526e-02
9.87024972e-02
1.04550936e-01
1.10536084e-01
1.16656423e-01
1.22908126e-01
1.29284984e-01
1.35778450e-01
1.42377819e-01
1.49072957e-01
1.55849711e-01
1.62688939e-01
1.69575148e-01
1.76493202e-01
1.83428775e-01
1.90367453e-01
1.97297425e-01
2.04209298e-01
2.11095463e-01
2.17948648e-01
2.24762908e-01
2.31538148e-01
2.38272961e-01
2.44966911e-01
2.51620354e-01
2.58234265e-01
2.64809649e-01
2.71346664e-01
2.77849829e-01
2.84321318e-01
2.90763373e-01
2.97178251e-01
3.03568182e-01
3.09935342e-01
3.16281835e-01
3.22609671e-01
3.28920763e-01
3.35216916e-01
3.41499828e-01
3.47771086e-01
3.54032169e-01
3.60284449e-01
3.66529195e-01
3.72767575e-01
3.79000659e-01
3.85228383e-01
3.91452659e-01
3.97674379e-01
4.03894278e-01
4.10113015e-01
4.16331169e-01
4.22549249e-01
4.28767696e-01
4.34986885e-01
4.41207124e-01
4.47428382e-01
4.53650614e-01
4.59874623e-01
4.66100494e-01
4.72328255e-01
4.78557889e-01
4.84789325e-01
4.91022448e-01
4.97257069e-01
5.03492698e-01
5.09729541e-01
5.15967304e-01
5.22205646e-01
5.28444192e-01
5.34682523e-01
5.40920186e-01
5.47156706e-01
5.53391649e-01
5.59624442e-01
5.65854477e-01
5.72081108e-01
5.78303656e-01
5.84521407e-01
5.90733615e-01
5.96939751e-01
6.03138930e-01
6.09330184e-01
6.15512627e-01
6.21685340e-01
6.27847374e-01
6.33997746e-01
6.40135447e-01
6.46259648e-01
6.52369348e-01
6.58463166e-01
6.64539964e-01
6.70598572e-01
6.76637795e-01
6.82656407e-01
6.88653158e-01
6.94626769e-01
7.00575937e-01
7.06499709e-01
7.12396345e-01
7.18264447e-01
7.24102613e-01
7.29909422e-01
7.35683432e-01
7.41423185e-01
7.47127207e-01
7.52794009e-01
7.58422090e-01
7.64009940e-01
7.69556038e-01
7.75058888e-01
7.80517023e-01
7.85928794e-01
7.91292674e-01
7.96607144e-01
8.01870689e-01
8.07081807e-01
8.12239008e-01
8.17340818e-01
8.22385784e-01
8.27372474e-01
8.32299481e-01
8.37165425e-01
8.41968959e-01
8.46708768e-01
8.51383572e-01
8.55992130e-01
8.60533241e-01
8.65005747e-01
8.69408534e-01
8.73740530e-01
8.78000715e-01
8.82188112e-01
8.86301795e-01
8.90340885e-01
8.94304553e-01
8.98192017e-01
9.02002544e-01
9.05735448e-01
9.09390090e-01
9.12965874e-01
9.16462251e-01
9.19878710e-01
9.23214783e-01
9.26470039e-01
9.29644083e-01
9.32736555e-01
9.35747126e-01
9.38675494e-01
9.41521384e-01
9.44284543e-01
9.46964741e-01
9.49561766e-01
9.52075421e-01
9.54505523e-01
9.56851903e-01
9.59114397e-01
9.61292850e-01
9.63387110e-01
9.65397031e-01
9.67322465e-01
9.69163264e-01
9.70919277e-01
9.72590351e-01
9.74176327e-01
9.75677038e-01
9.77092313e-01
9.78421971e-01
9.79665824e-01
9.80823673e-01
9.81895311e-01
9.82880522e-01
9.83779081e-01
9.84590755e-01
9.85315301e-01
9.85952471e-01
9.86502013e-01
9.86963670e-01
9.87337182e-01
9.87622296e-01
9.87818759e-01
9.87926330e-01
9.87944783e-01
9.87873910e-01
9.87713535e-01
9.87463516e-01
9.87123759e-01
9.86694229e-01
9.86174970e-01
9.85565739e-01
9.84865203e-01
9.84075129e-01
9.83195992e-01
9.82228463e-01
9.81173457e-01
9.80032178e-01
9.78806183e-01
9.77497453e-01
9.76108474e-01
9.74637842e-01
9.73087939e-01
9.71467822e-01
9.69783146e-01
9.68040817e-01
9.66242589e-01
9.64393924e-01
9.62516656e-01
9.60625545e-01
9.58720088e-01
9.56834075e-01
9.54997177e-01
9.53215092e-01
9.51546225e-01
9.50018481e-01
9.48683391e-01
9.47594362e-01
9.46809163e-01
9.46391536e-01
9.46402951e-01
9.46902568e-01
9.47936825e-01
9.49544830e-01
9.51740304e-01
9.54529281e-01
9.57896053e-01
9.61812020e-01
9.66248822e-01
9.71161622e-01
9.76510983e-01
9.82257307e-01
9.88362068e-01