5.27974883e-01
5.33123681e-01
5.38007001e-01
5.42657691e-01
5.47103487e-01
5.51367851e-01
5.55467728e-01
5.59423480e-01
5.63250116e-01
5.66959485e-01
5.70561711e-01
5.74065446e-01
5.77478074e-01
5.80805890e-01
5.84054243e-01
5.87227661e-01
5.90329954e-01
5.93364304e-01
5.96333341e-01
5.99239207e-01
6.02083323e-01
6.04867403e-01
6.07592438e-01
6.10259089e-01
6.12867743e-01
6.15418537e-01
6.17911385e-01
6.20345997e-01
6.22721903e-01
6.25038468e-01
6.27294975e-01
6.29490490e-01
6.31623923e-01
6.33694102e-01
6.35699759e-01
6.37639537e-01
6.39512001e-01
6.41315649e-01
6.43048936e-01
6.44710195e-01
6.46297711e-01
6.47809772e-01
6.49244641e-01
6.50600561e-01
6.51875762e-01
6.53068467e-01
6.54176761e-01
6.55198755e-01
6.56132835e-01
6.56977276e-01
6.57730380e-01
6.58390492e-01
6.58956004e-01
6.59425363e-01
6.59797077e-01
6.60069009e-01
6.60240367e-01
6.60309966e-01
6.60276655e-01
6.60139383e-01
6.59897210e-01
6.59549311e-01
6.59094989e-01
6.58533677e-01
6.57864946e-01
6.57087561e-01
6.56202294e-01
6.55209222e-01
6.54108545e-01
6.52900629e-01
6.51586010e-01
6.50165396e-01
6.48639668e-01
6.47009884e-01
6.45277275e-01
6.43443250e-01
6.41509389e-01
6.39477440e-01
6.37348841e-01
6.35126108e-01
6.32811608e-01
6.30407727e-01
6.27916992e-01
6.25342058e-01
6.22685703e-01
6.19950811e-01
6.17140367e-01
6.14257440e-01
6.11305174e-01
6.08286774e-01
6.05205491e-01
6.02064611e-01
5.98867442e-01
5.95617300e-01
5.92317494e-01
5.88971318e-01
5.85582301e-01
5.82153572e-01
5.78688247e-01
5.75189431e-01
5.71660158e-01
5.68103380e-01
5.64521958e-01
5.60918659e-01
5.57296144e-01
5.53656970e-01
5.50003579e-01
5.46338299e-01
5.42663338e-01
5.38980786e-01
5.35292612e-01
5.31600995e-01
5.27908434e-01
5.24215533e-01
5.20523766e-01
5.16834495e-01
5.13148963e-01
5.09468305e-01
5.05793543e-01
5.02125599e-01
4.98465290e-01
4.94813338e-01
4.91170517e-01
4.87539124e-01
4.83917732e-01
4.80306702e-01
4.76706319e-01
4.73116798e-01
4.69538286e-01
4.65970871e-01
4.62414580e-01
4.58869577e-01
4.55337565e-01
4.51816385e-01
4.48305861e-01
4.44805781e-01
4.41315901e-01
4.37835947e-01
4.34365616e-01
4.30905052e-01
4.27454836e-01
4.24013059e-01
4.20579333e-01
4.17153264e-01
4.13734445e-01
4.10322469e-01
4.06916975e-01
4.03518809e-01
4.00126027e-01
3.96738211e-01
3.93354947e-01
3.89975832e-01
3.86600468e-01
3.83228622e-01
3.79860246e-01
3.76494232e-01
3.73130228e-01
3.69767893e-01
3.66406907e-01
3.63046965e-01
3.59687758e-01
3.56328796e-01
3.52969777e-01
3.49610469e-01
3.46250656e-01
3.42890148e-01
3.39528771e-01
3.36165582e-01
3.32800827e-01
3.29434512e-01
3.26066550e-01
3.22696876e-01
3.19325444e-01
3.15952211e-01
3.12575440e-01
3.09196628e-01
3.05815824e-01
3.02433101e-01
2.99048555e-01
2.95662308e-01
2.92274506e-01
2.88883445e-01
2.85490391e-01
2.82096149e-01
2.78700990e-01
2.75305214e-01
2.71909159e-01
2.68513200e-01
2.65117752e-01
2.61721488e-01
2.58325424e-01
2.54931256e-01
2.51539615e-01
2.48151200e-01
2.44766775e-01
2.41387186e-01
2.38013359e-01
2.34646316e-01
2.31287178e-01
2.27937141e-01
2.24595006e-01
2.21264889e-01
2.17948456e-01
2.14647532e-01
2.11364122e-01
2.08100426e-01
2.04858855e-01
2.01642049e-01
1.98452900e-01
1.95294567e-01
1.92170500e-01
1.89084459e-01
1.86040537e-01
1.83043180e-01
1.80097207e-01
1.77207826e-01
1.74380656e-01
1.71621733e-01
1.68937522e-01
1.66334918e-01
1.63821243e-01
1.61404226e-01
1.59091984e-01
1.56890625e-01
1.54807583e-01
1.52854862e-01
1.51041581e-01
1.49376885e-01
1.47869810e-01
1.46529128e-01
1.45357284e-01
1.44362644e-01
1.43556679e-01
1.42945116e-01
1.42528388e-01
1.42302653e-01
1.42278607e-01
1.42453425e-01
1.42808191e-01
1.43350944e-01
1.44061156e-01
1.44922913e-01
1.45918663e-01
1.47014438e-01
1.48179639e-01
1.49370428e-01
1.50520343e-01
1.51566019e-01
1.52409489e-01
1.52921158e-01
1.52925363e-01
1.52177604e-01
1.50327944e-01
1.46860789e-01
1.40955606e-01
1.31325517e-01