2.98028976e-02
2.84259729e-02
2.72063728e-02
2.61253206e-02
2.51650976e-02
2.43092436e-02
2.35562500e-02
2.28781011e-02
2.22583774e-02
2.16866674e-02
2.11535876e-02
2.06507174e-02
2.01705326e-02
1.97063415e-02
1.92522243e-02
1.88029767e-02
1.83540593e-02
1.79015512e-02
1.74421086e-02
1.69729276e-02
1.64970484e-02
1.60071509e-02
1.55015065e-02
1.49791041e-02
1.44393586e-02
1.38820918e-02
1.33075156e-02
1.27162163e-02
1.21091423e-02
1.14875915e-02
1.08554862e-02
1.02128849e-02
9.56079551e-03
8.90185346e-03
8.23900704e-03
7.57551051e-03
6.91491734e-03
6.26107379e-03
5.61830889e-03
4.99053080e-03
4.38202557e-03
3.79781761e-03
3.24319591e-03
2.72370721e-03
2.24514897e-03
1.81356205e-03
1.43446923e-03
1.11388259e-03
8.59420809e-04
6.78091517e-04
5.77101735e-04
5.63847476e-04
6.45902780e-04
8.31008207e-04
1.12705875e-03
1.53984779e-03
2.07954744e-03
2.75470302e-03
3.57374415e-03
4.54518084e-03
5.67758762e-03
6.97958743e-03
8.45983494e-03
1.01269996e-02
1.19897486e-02
1.40550640e-02
1.63333443e-02
1.88332232e-02
2.15631918e-02
2.45316468e-02
2.77468735e-02
3.12170300e-02
3.49501310e-02
3.89540334e-02
4.31364795e-02
4.73307585e-02
5.15448092e-02
5.57776706e-02
6.00281369e-02
6.42955547e-02
6.85790261e-02
7.28775875e-02
7.71902878e-02
8.15161895e-02
8.58543713e-02
9.02039303e-02
9.45639838e-02
9.89336721e-02
1.03312160e-01
1.07698641e-01
1.12092335e-01
1.16492495e-01
1.20898405e-01
1.25309384e-01
1.29724785e-01
1.34143997e-01
1.38566428e-01
1.42991540e-01
1.47418835e-01
1.51847851e-01
1.56278163e-01
1.60709387e-01
1.65141174e-01
1.69573215e-01
1.74005236e-01
1.78437000e-01
1.82868306e-01
1.87298986e-01
1.91728906e-01
1.96157962e-01
2.00586086e-01
2.05013174e-01
2.09439071e-01
2.13863965e-01
2.18287899e-01
2.22710942e-01
2.27133187e-01
2.31554749e-01
2.35975765e-01
2.40396394e-01
2.44816813e-01
2.49237220e-01
2.53657797e-01
2.58078397e-01
2.62499662e-01
2.66921859e-01
2.71345267e-01
2.75770179e-01
2.80196901e-01
2.84625750e-01
2.89057057e-01
2.93491117e-01
2.97927865e-01
3.02368130e-01
3.06812282e-01
3.11260703e-01
3.15713782e-01
3.20171913e-01
3.24635499e-01
3.29104836e-01
3.33580106e-01
3.38062109e-01
3.42551272e-01
3.47048028e-01
3.51552815e-01
3.56066072e-01
3.60588229e-01
3.65119408e-01
3.69660446e-01
3.74211795e-01
3.78773910e-01
3.83347243e-01
3.87932249e-01
3.92529339e-01
3.97138877e-01
4.01761511e-01
4.06397694e-01
4.11047871e-01
4.15712489e-01
4.20391986e-01
4.25086807e-01
4.29797442e-01
4.34524335e-01
4.39267908e-01
4.44028574e-01
4.48806744e-01
4.53602818e-01
4.58417420e-01
4.63250828e-01
4.68103387e-01
4.72975465e-01
4.77867420e-01
4.82779603e-01
4.87712357e-01
4.92666544e-01
4.97642038e-01
5.02639147e-01
5.07658169e-01
5.12699390e-01
5.17763087e-01
5.22849522e-01
5.27959550e-01
5.33093083e-01
5.38250172e-01
5.43431038e-01
5.48635890e-01
5.53864931e-01
5.59118349e-01
5.64396327e-01
5.69699633e-01
5.75028270e-01
5.80382015e-01
5.85761012e-01
5.91165394e-01
5.96595287e-01
6.02050811e-01
6.07532077e-01
6.13039190e-01
6.18572250e-01
6.24131362e-01
6.29717516e-01
6.35329876e-01
6.40968508e-01
6.46633475e-01
6.52324832e-01
6.58042630e-01
6.63786914e-01
6.69557720e-01
6.75355082e-01
6.81179025e-01
6.87029567e-01
6.92906719e-01
6.98810484e-01
7.04740854e-01
7.10697814e-01
7.16681336e-01
7.22691379e-01
7.28727890e-01
7.34790799e-01
7.40880020e-01
7.46995448e-01
7.53136955e-01
7.59304390e-01
7.65498551e-01
7.71719833e-01
7.77966775e-01
7.84239120e-01
7.90536569e-01
7.96858775e-01
8.03205337e-01
8.09578605e-01
8.15977942e-01
8.22400620e-01
8.28845980e-01
8.35315360e-01
8.41811730e-01
8.48328902e-01
8.54866468e-01
8.61432314e-01
8.68015998e-01
8.74622194e-01
8.81250063e-01
8.87896125e-01
8.94563989e-01
9.01249365e-01
9.07950379e-01
9.14672479e-01
9.21406537e-01
9.28152065e-01
9.34907730e-01
9.41670605e-01
9.48434900e-01
9.55189860e-01
9.61916487e-01
9.68589814e-01
9.75158357e-01