5.03832136e-02
6.35363639e-02
7.53531234e-02
8.62217979e-02
9.63786097e-02
1.05979704e-01
1.15123641e-01
1.23902903e-01
1.32380720e-01
1.40603076e-01
1.48606527e-01
1.56420649e-01
1.64069722e-01
1.71573925e-01
1.78950212e-01
1.86212958e-01
1.93374449e-01
2.00445260e-01
2.07434551e-01
2.14350298e-01
2.21196750e-01
2.27982971e-01
2.34714537e-01
2.41396253e-01
2.48032377e-01
2.54626690e-01
2.61182562e-01
2.67702993e-01
2.74190665e-01
2.80647969e-01
2.87076059e-01
2.93477695e-01
2.99855122e-01
3.06209825e-01
3.12543124e-01
3.18856183e-01
3.25150025e-01
3.31425547e-01
3.37683446e-01
3.43924591e-01
3.50149699e-01
3.56359209e-01
3.62553473e-01
3.68732762e-01
3.74897270e-01
3.81047116e-01
3.87182639e-01
3.93304010e-01
3.99410821e-01
4.05502914e-01
4.11580082e-01
4.17642063e-01
4.23688549e-01
4.29719186e-01
4.35733575e-01
4.41732123e-01
4.47713600e-01
4.53677394e-01
4.59622938e-01
4.65549631e-01
4.71456847e-01
4.77343929e-01
4.83210198e-01
4.89054951e-01
4.94877466e-01
5.00677687e-01
5.06454143e-01
5.12206035e-01
5.17932580e-01
5.23632990e-01
5.29306474e-01
5.34952244e-01
5.40569510e-01
5.46157494e-01
5.51715423e-01
5.57242538e-01
5.62738096e-01
5.68201372e-01
5.73631859e-01
5.79028682e-01
5.84391137e-01
5.89718606e-01
5.95010505e-01
6.00266283e-01
6.05485428e-01
6.10667469e-01
6.15811974e-01
6.20918555e-01
6.25986869e-01
6.31016615e-01
6.36007543e-01
6.40959444e-01
6.45872158e-01
6.50745571e-01
6.55579615e-01
6.60374266e-01
6.65129493e-01
6.69845385e-01
6.74522060e-01
6.79159664e-01
6.83758384e-01
6.88318440e-01
6.92840088e-01
6.97323615e-01
7.01769334e-01
7.06177590e-01
7.10548747e-01
7.14883195e-01
7.19181339e-01
7.23443604e-01
7.27670428e-01
7.31862231e-01
7.36019424e-01
7.40142557e-01
7.44232102e-01
7.48288533e-01
7.52312321e-01
7.56303937e-01
7.60263849e-01
7.64192516e-01
7.68090391e-01
7.71957916e-01
7.75795522e-01
7.79603614e-01
7.83382636e-01
7.87132978e-01
7.90855015e-01
7.94549101e-01
7.98215577e-01
8.01854758e-01
8.05466945e-01
8.09052419e-01
8.12611506e-01
8.16144382e-01
8.19651255e-01
8.23132309e-01
8.26587706e-01
8.30017584e-01
8.33422053e-01
8.36801237e-01
8.40155276e-01
8.43484103e-01
8.46787726e-01
8.50066132e-01
8.53319279e-01
8.56547103e-01
8.59749520e-01
8.62926559e-01
8.66077920e-01
8.69203436e-01
8.72302917e-01
8.75376149e-01
8.78422895e-01
8.81442916e-01
8.84435982e-01
8.87401682e-01
8.90339687e-01
8.93249647e-01
8.96131191e-01
8.98983931e-01
9.01807455e-01
9.04601295e-01
9.07364995e-01
9.10098088e-01
9.12800095e-01
9.15470518e-01
9.18108848e-01
9.20714383e-01
9.23286660e-01
9.25825146e-01
9.28329275e-01
9.30798469e-01
9.33232140e-01
9.35629684e-01
9.37990034e-01
9.40312939e-01
9.42597771e-01
9.44843893e-01
9.47050662e-01
9.49217427e-01
9.51343530e-01
9.53427725e-01
9.55469640e-01
9.57468770e-01
9.59424430e-01
9.61335930e-01
9.63202573e-01
9.65023656e-01
9.66798470e-01
9.68525639e-01
9.70204593e-01
9.71835007e-01
9.73416145e-01
9.74947262e-01
9.76427606e-01
9.77856416e-01
9.79232922e-01
9.80556344e-01
9.81825890e-01
9.83040742e-01
9.84198924e-01
9.85300760e-01
9.86345421e-01
9.87332067e-01
9.88259846e-01
9.89127893e-01
9.89935328e-01
9.90681261e-01
9.91364787e-01
9.91984990e-01
9.92540939e-01
9.93031693e-01
9.93456302e-01
9.93813802e-01
9.94103226e-01
9.94323596e-01
9.94473934e-01
9.94553260e-01
9.94560594e-01
9.94494964e-01
9.94355411e-01
9.94140989e-01
9.93850778e-01
9.93482190e-01
9.93033251e-01
9.92505214e-01
9.91897270e-01
9.91208680e-01
9.90438793e-01
9.89587065e-01
9.88647741e-01
9.87620557e-01
9.86509366e-01
9.85314198e-01
9.84031139e-01
9.82652820e-01
9.81190389e-01
9.79643637e-01
9.77994918e-01
9.76264977e-01
9.74443038e-01
9.72530009e-01
9.70532932e-01
9.68443477e-01
9.66271225e-01
9.64021057e-01
9.61681481e-01
9.59275646e-01
9.56808068e-01
9.54286813e-01
9.51726083e-01
9.49150533e-01
9.46602270e-01
9.44151742e-01
9.41896120e-01
9.40015097e-01