  2.0790021e-003  8.7628866e-003
  4.1580042e-003  1.4948454e-002
  6.2370062e-003  2.5773196e-002
  8.3160083e-003  3.3505155e-002
  1.0395010e-002  4.5876289e-002
  1.2474012e-002  5.2061856e-002
  1.4553015e-002  6.1340206e-002
  1.6632017e-002  6.7525773e-002
  1.8711019e-002  8.2989691e-002
  2.0790021e-002  8.9175258e-002
  2.2869023e-002  1.0000000e-001
  2.4948025e-002  1.0773196e-001
  2.7027027e-002  1.1546392e-001
  2.9106029e-002  1.2164948e-001
  3.1185031e-002  1.2010309e-001
  3.3264033e-002  1.3402062e-001
  3.5343035e-002  1.4020619e-001
  3.7422037e-002  1.4639175e-001
  3.9501040e-002  1.4793814e-001
  4.1580042e-002  1.6340206e-001
  4.3659044e-002  1.7113402e-001
  4.5738046e-002  1.7577320e-001
  4.7817048e-002  1.8041237e-001
  4.9896050e-002  1.8195876e-001
  5.1975052e-002  1.8195876e-001
  5.4054054e-002  1.8505155e-001
  5.6133056e-002  1.9123711e-001
  5.8212058e-002  1.9432990e-001
  6.0291060e-002  2.0051546e-001
  6.2370062e-002  1.9742268e-001
  6.4449064e-002  2.0979381e-001
  6.6528067e-002  2.1134021e-001
  6.8607069e-002  2.1288660e-001
  7.0686071e-002  2.1597938e-001
  7.2765073e-002  2.2061856e-001
  7.4844075e-002  2.2371134e-001
  7.6923077e-002  2.2371134e-001
  7.9002079e-002  2.2371134e-001
  8.1081081e-002  2.2216495e-001
  8.3160083e-002  2.2525773e-001
  8.5239085e-002  2.3144330e-001
  8.7318087e-002  2.2989691e-001
  8.9397089e-002  2.2989691e-001
  9.1476091e-002  2.3298969e-001
  9.3555094e-002  2.3453608e-001
  9.5634096e-002  2.3453608e-001
  9.7713098e-002  2.3453608e-001
  9.9792100e-002  2.3453608e-001
  1.0187110e-001  2.3453608e-001
  1.0395010e-001  2.3453608e-001
  1.0602911e-001  2.3608247e-001
  1.0810811e-001  2.3453608e-001
  1.1018711e-001  2.3453608e-001
  1.1226611e-001  2.3608247e-001
  1.1434511e-001  2.3453608e-001
  1.1642412e-001  2.3453608e-001
  1.1850312e-001  2.3453608e-001
  1.2058212e-001  2.3453608e-001
  1.2266112e-001  2.3453608e-001
  1.2474012e-001  2.3453608e-001
  1.2681913e-001  2.3298969e-001
  1.2889813e-001  2.3298969e-001
  1.3097713e-001  2.3298969e-001
  1.3305613e-001  2.3453608e-001
  1.3513514e-001  2.3298969e-001
  1.3721414e-001  2.3298969e-001
  1.3929314e-001  2.3144330e-001
  1.4137214e-001  2.3144330e-001
  1.4345114e-001  2.2680412e-001
  1.4553015e-001  2.2835052e-001
  1.4760915e-001  2.2835052e-001
  1.4968815e-001  2.2835052e-001
  1.5176715e-001  2.2680412e-001
  1.5384615e-001  2.2680412e-001
  1.5592516e-001  2.2371134e-001
  1.5800416e-001  2.2061856e-001
  1.6008316e-001  2.2216495e-001
  1.6216216e-001  2.2216495e-001
  1.6424116e-001  2.1907216e-001
  1.6632017e-001  2.1907216e-001
  1.6839917e-001  2.1752577e-001
  1.7047817e-001  2.1443299e-001
  1.7255717e-001  2.1443299e-001
  1.7463617e-001  2.1288660e-001
  1.7671518e-001  2.0824742e-001
  1.7879418e-001  2.0824742e-001
  1.8087318e-001  2.0670103e-001
  1.8295218e-001  2.0360825e-001
  1.8503119e-001  2.0206186e-001
  1.8711019e-001  2.0206186e-001
  1.8918919e-001  2.0051546e-001
  1.9126819e-001  1.9896907e-001
  1.9334719e-001  1.9896907e-001
  1.9542620e-001  1.9742268e-001
  1.9750520e-001  1.9278351e-001
  1.9958420e-001  1.9278351e-001
  2.0166320e-001  1.9432990e-001
  2.0374220e-001  1.9123711e-001
  2.0582121e-001  1.8969072e-001
  2.0790021e-001  1.8659794e-001
  2.0997921e-001  1.8505155e-001
  2.1205821e-001  1.8659794e-001
  2.1413721e-001  1.8505155e-001
  2.1621622e-001  1.7886598e-001
  2.1829522e-001  1.7731959e-001
  2.2037422e-001  1.7731959e-001
  2.2245322e-001  1.7731959e-001
  2.2453222e-001  1.7268041e-001
  2.2661123e-001  1.7113402e-001
  2.2869023e-001  1.6958763e-001
  2.3076923e-001  1.6958763e-001
  2.3284823e-001  1.6958763e-001
  2.3492723e-001  1.6649485e-001
  2.3700624e-001  1.6494845e-001
  2.3908524e-001  1.6494845e-001
  2.4116424e-001  1.6494845e-001
  2.4324324e-001  1.6340206e-001
  2.4532225e-001  1.6030928e-001
  2.4740125e-001  1.5721649e-001
  2.4948025e-001  1.5721649e-001
  2.5155925e-001  1.5567010e-001
  2.5363825e-001  1.5567010e-001
  2.5571726e-001  1.5412371e-001
  2.5779626e-001  1.5103093e-001
  2.5987526e-001  1.4793814e-001
  2.6195426e-001  1.4793814e-001
  2.6403326e-001  1.4793814e-001
  2.6611227e-001  1.4484536e-001
  2.6819127e-001  1.4329897e-001
  2.7027027e-001  1.4329897e-001
  2.7234927e-001  1.4329897e-001
  2.7442827e-001  1.4020619e-001
  2.7650728e-001  1.3711340e-001
  2.7858628e-001  1.3556701e-001
  2.8066528e-001  1.3711340e-001
  2.8274428e-001  1.3556701e-001
  2.8482328e-001  1.3402062e-001
  2.8690229e-001  1.3092784e-001
  2.8898129e-001  1.3092784e-001
  2.9106029e-001  1.3092784e-001
  2.9313929e-001  1.2938144e-001
  2.9521830e-001  1.2628866e-001
  2.9729730e-001  1.2474227e-001
  2.9937630e-001  1.2319588e-001
  3.0145530e-001  1.2474227e-001
  3.0353430e-001  1.2164948e-001
  3.0561331e-001  1.2010309e-001
  3.0769231e-001  1.2010309e-001
  3.0977131e-001  1.2010309e-001
  3.1185031e-001  1.1855670e-001
  3.1392931e-001  1.1701031e-001
  3.1600832e-001  1.1546392e-001
  3.1808732e-001  1.1391753e-001
  3.2016632e-001  1.1391753e-001
  3.2224532e-001  1.1237113e-001
  3.2432432e-001  1.1082474e-001
  3.2640333e-001  1.0773196e-001
  3.2848233e-001  1.0773196e-001
  3.3056133e-001  1.0773196e-001
  3.3264033e-001  1.0463918e-001
  3.3471933e-001  1.0463918e-001
  3.3679834e-001  1.0309278e-001
  3.3887734e-001  1.0309278e-001
  3.4095634e-001  1.0463918e-001
  3.4303534e-001  1.0309278e-001
  3.4511435e-001  1.0000000e-001
  3.4719335e-001  1.0000000e-001
  3.4927235e-001  9.8453608e-002
  3.5135135e-001  9.8453608e-002
  3.5343035e-001  9.6907216e-002
  3.5550936e-001  9.6907216e-002
  3.5758836e-001  9.5360825e-002
  3.5966736e-001  9.3814433e-002
  3.6174636e-001  9.2268041e-002
  3.6382536e-001  9.2268041e-002
  3.6590437e-001  9.0721649e-002
  3.6798337e-001  9.0721649e-002
  3.7006237e-001  9.0721649e-002
  3.7214137e-001  8.9175258e-002
  3.7422037e-001  8.6082474e-002
  3.7629938e-001  8.4536082e-002
  3.7837838e-001  8.4536082e-002
  3.8045738e-001  8.4536082e-002
  3.8253638e-001  8.2989691e-002
  3.8461538e-001  8.1443299e-002
  3.8669439e-001  8.1443299e-002
  3.8877339e-001  8.1443299e-002
  3.9085239e-001  8.1443299e-002
  3.9293139e-001  8.1443299e-002
  3.9501040e-001  7.9896907e-002
  3.9708940e-001  7.6804124e-002
  3.9916840e-001  7.5257732e-002
  4.0124740e-001  7.6804124e-002
  4.0332640e-001  7.6804124e-002
  4.0540541e-001  7.3711340e-002
  4.0748441e-001  7.3711340e-002
  4.0956341e-001  7.3711340e-002
  4.1164241e-001  7.2164948e-002
  4.1372141e-001  7.0618557e-002
  4.1580042e-001  6.9072165e-002
  4.1787942e-001  7.0618557e-002
  4.1995842e-001  6.9072165e-002
  4.2203742e-001  6.7525773e-002
  4.2411642e-001  6.5979381e-002
  4.2619543e-001  6.5979381e-002
  4.2827443e-001  6.5979381e-002
  4.3035343e-001  6.4432990e-002
  4.3243243e-001  6.2886598e-002
  4.3451143e-001  6.2886598e-002
  4.3659044e-001  6.2886598e-002
  4.3866944e-001  6.1340206e-002
  4.4074844e-001  5.9793814e-002
  4.4282744e-001  5.9793814e-002
  4.4490644e-001  5.8247423e-002
  4.4698545e-001  5.6701031e-002
  4.4906445e-001  5.5154639e-002
  4.5114345e-001  5.5154639e-002
  4.5322245e-001  5.5154639e-002
  4.5530146e-001  5.5154639e-002
  4.5738046e-001  5.2061856e-002
  4.5945946e-001  5.3608247e-002
  4.6153846e-001  5.2061856e-002
  4.6361746e-001  5.2061856e-002
  4.6569647e-001  4.8969072e-002
  4.6777547e-001  4.8969072e-002
  4.6985447e-001  4.7422680e-002
  4.7193347e-001  4.5876289e-002
  4.7401247e-001  4.5876289e-002
  4.7609148e-001  4.5876289e-002
  4.7817048e-001  4.2783505e-002
  4.8024948e-001  4.5876289e-002
  4.8232848e-001  4.4329897e-002
  4.8440748e-001  4.2783505e-002
  4.8648649e-001  3.9690722e-002
  4.8856549e-001  3.9690722e-002
  4.9064449e-001  3.6597938e-002
  4.9272349e-001  3.6597938e-002
  4.9480249e-001  3.6597938e-002
  4.9688150e-001  3.6597938e-002
  4.9896050e-001  3.5051546e-002
  5.0103950e-001  3.6597938e-002
  5.0311850e-001  3.3505155e-002
  5.0519751e-001  3.3505155e-002
  5.0727651e-001  3.1958763e-002
  5.0935551e-001  3.0412371e-002
  5.1143451e-001  3.0412371e-002
  5.1351351e-001  2.8865979e-002
  5.1559252e-001  2.8865979e-002
  5.1767152e-001  2.8865979e-002
  5.1975052e-001  2.7319588e-002
  5.2182952e-001  2.5773196e-002
  5.2390852e-001  2.5773196e-002
  5.2598753e-001  2.5773196e-002
  5.2806653e-001  2.5773196e-002
  5.3014553e-001  2.4226804e-002
  5.3222453e-001  2.4226804e-002
  5.3430353e-001  2.2680412e-002
  5.3638254e-001  2.2680412e-002
  5.3846154e-001  2.2680412e-002
  5.4054054e-001  2.1134021e-002
  5.4261954e-001  1.9587629e-002
  5.4469854e-001  1.9587629e-002
  5.4677755e-001  1.8041237e-002
  5.4885655e-001  1.8041237e-002
  5.5093555e-001  1.4948454e-002
  5.5301455e-001  1.4948454e-002
  5.5509356e-001  1.4948454e-002
  5.5717256e-001  1.4948454e-002
  5.5925156e-001  1.3402062e-002
  5.6133056e-001  1.1855670e-002
  5.6340956e-001  1.1855670e-002
  5.6548857e-001  1.3402062e-002
  5.6756757e-001  1.3402062e-002
  5.6964657e-001  1.0309278e-002
  5.7172557e-001  1.0309278e-002
  5.7380457e-001  1.0309278e-002
  5.7588358e-001  8.7628866e-003
  5.7796258e-001  8.7628866e-003
  5.8004158e-001  8.7628866e-003
  5.8212058e-001  7.2164948e-003
  5.8419958e-001  5.6701031e-003
  5.8627859e-001  5.6701031e-003
  5.8835759e-001  5.6701031e-003
  5.9043659e-001  4.1237113e-003
  5.9251559e-001  2.5773196e-003
  5.9459459e-001  4.1237113e-003
  5.9667360e-001  1.0309278e-003
  5.9875260e-001  1.0309278e-003
  6.0083160e-001 -5.1546392e-004
  6.0291060e-001 -2.0618557e-003
  6.0498960e-001 -5.1546392e-004
  6.0706861e-001 -2.0618557e-003
  6.0914761e-001 -2.0618557e-003
  6.1122661e-001 -2.0618557e-003
  6.1330561e-001 -3.6082474e-003
  6.1538462e-001 -3.6082474e-003
  6.1746362e-001 -3.6082474e-003
  6.1954262e-001 -3.6082474e-003
  6.2162162e-001 -3.6082474e-003
  6.2370062e-001 -8.2474227e-003
  6.2577963e-001 -9.7938144e-003
  6.2785863e-001 -8.2474227e-003
  6.2993763e-001 -9.7938144e-003
  6.3201663e-001 -1.1340206e-002
  6.3409563e-001 -1.1340206e-002
  6.3617464e-001 -1.2886598e-002
  6.3825364e-001 -1.1340206e-002
  6.4033264e-001 -1.4432990e-002
  6.4241164e-001 -1.5979381e-002
  6.4449064e-001 -1.5979381e-002
  6.4656965e-001 -1.5979381e-002
  6.4864865e-001 -1.7525773e-002
  6.5072765e-001 -1.9072165e-002
  6.5280665e-001 -2.0618557e-002
  6.5488565e-001 -2.0618557e-002
  6.5696466e-001 -2.0618557e-002
  6.5904366e-001 -2.0618557e-002
  6.6112266e-001 -2.2164948e-002
  6.6320166e-001 -2.0618557e-002
  6.6528067e-001 -2.3711340e-002
  6.6735967e-001 -2.5257732e-002
  6.6943867e-001 -2.3711340e-002
  6.7151767e-001 -2.6804124e-002
  6.7359667e-001 -2.8350515e-002
  6.7567568e-001 -2.9896907e-002
  6.7775468e-001 -2.9896907e-002
  6.7983368e-001 -2.9896907e-002
  6.8191268e-001 -3.2989691e-002
  6.8399168e-001 -3.4536082e-002
  6.8607069e-001 -3.2989691e-002
  6.8814969e-001 -3.2989691e-002
  6.9022869e-001 -3.4536082e-002
  6.9230769e-001 -3.6082474e-002
  6.9438669e-001 -4.0721649e-002
  6.9646570e-001 -4.0721649e-002
  6.9854470e-001 -4.0721649e-002
  7.0062370e-001 -4.2268041e-002
  7.0270270e-001 -4.2268041e-002
  7.0478170e-001 -4.5360825e-002
  7.0686071e-001 -4.5360825e-002
  7.0893971e-001 -4.6907216e-002
  7.1101871e-001 -5.0000000e-002
  7.1309771e-001 -4.8453608e-002
  7.1517672e-001 -5.3092784e-002
  7.1725572e-001 -5.3092784e-002
  7.1933472e-001 -5.1546392e-002
  7.2141372e-001 -5.4639175e-002
  7.2349272e-001 -5.6185567e-002
  7.2557173e-001 -5.7731959e-002
  7.2765073e-001 -5.7731959e-002
  7.2972973e-001 -5.7731959e-002
  7.3180873e-001 -6.0824742e-002
  7.3388773e-001 -6.2371134e-002
  7.3596674e-001 -6.3917526e-002
  7.3804574e-001 -6.3917526e-002
  7.4012474e-001 -6.3917526e-002
  7.4220374e-001 -6.7010309e-002
  7.4428274e-001 -7.1649485e-002
  7.4636175e-001 -7.3195876e-002
  7.4844075e-001 -7.6288660e-002
  7.5051975e-001 -7.7835052e-002
  7.5259875e-001 -7.9381443e-002
  7.5467775e-001 -7.9381443e-002
  7.5675676e-001 -8.2474227e-002
  7.5883576e-001 -8.2474227e-002
  7.6091476e-001 -8.2474227e-002
  7.6299376e-001 -8.8659794e-002
  7.6507277e-001 -9.1752577e-002
  7.6715177e-001 -9.1752577e-002
  7.6923077e-001 -9.1752577e-002
  7.7130977e-001 -9.6391753e-002
  7.7338877e-001 -9.7938144e-002
  7.7546778e-001 -1.0257732e-001
  7.7754678e-001 -1.0412371e-001
  7.7962578e-001 -1.0412371e-001
  7.8170478e-001 -1.1030928e-001
  7.8378378e-001 -1.1340206e-001
  7.8586279e-001 -1.1649485e-001
  7.8794179e-001 -1.1804124e-001
  7.9002079e-001 -1.1958763e-001
  7.9209979e-001 -1.2577320e-001
  7.9417879e-001 -1.3195876e-001
  7.9625780e-001 -1.3505155e-001
  7.9833680e-001 -1.3814433e-001
  8.0041580e-001 -1.4278351e-001
  8.0249480e-001 -1.4432990e-001
  8.0457380e-001 -1.5051546e-001
  8.0665281e-001 -1.5051546e-001
  8.0873181e-001 -1.5206186e-001
  8.1081081e-001 -1.5979381e-001
  8.1288981e-001 -1.6597938e-001
  8.1496881e-001 -1.7216495e-001
  8.1704782e-001 -1.7371134e-001
  8.1912682e-001 -1.7525773e-001
  8.2120582e-001 -1.8453608e-001
  8.2328482e-001 -1.8917526e-001
  8.2536383e-001 -1.9845361e-001
  8.2744283e-001 -2.0000000e-001
  8.2952183e-001 -2.0309278e-001
  8.3160083e-001 -2.1391753e-001
  8.3367983e-001 -2.2319588e-001
  8.3575884e-001 -2.2938144e-001
  8.3783784e-001 -2.3402062e-001
  8.3991684e-001 -2.4329897e-001
  8.4199584e-001 -2.4484536e-001
  8.4407484e-001 -2.5412371e-001
  8.4615385e-001 -2.5876289e-001
  8.4823285e-001 -2.6185567e-001
  8.5031185e-001 -2.7268041e-001
  8.5239085e-001 -2.8041237e-001
  8.5446985e-001 -2.8969072e-001
  8.5654886e-001 -2.9123711e-001
  8.5862786e-001 -2.9432990e-001
  8.6070686e-001 -3.0515464e-001
  8.6278586e-001 -3.1134021e-001
  8.6486486e-001 -3.2216495e-001
  8.6694387e-001 -3.2525773e-001
  8.6902287e-001 -3.2835052e-001
  8.7110187e-001 -3.4845361e-001
  8.7318087e-001 -3.5773196e-001
  8.7525988e-001 -3.5927835e-001
  8.7733888e-001 -3.6082474e-001
  8.7941788e-001 -3.6237113e-001
  8.8149688e-001 -3.7319588e-001
  8.8357588e-001 -3.8402062e-001
  8.8565489e-001 -3.8556701e-001
  8.8773389e-001 -3.8711340e-001
  8.8981289e-001 -3.9484536e-001
  8.9189189e-001 -4.0103093e-001
  8.9397089e-001 -4.0567010e-001
  8.9604990e-001 -4.0721649e-001
  8.9812890e-001 -4.0721649e-001
  9.0020790e-001 -4.1340206e-001
  9.0228690e-001 -4.1649485e-001
  9.0436590e-001 -4.1958763e-001
  9.0644491e-001 -4.1958763e-001
  9.0852391e-001 -4.1958763e-001
  9.1060291e-001 -4.1958763e-001
  9.1268191e-001 -4.1958763e-001
  9.1476091e-001 -4.2113402e-001
  9.1683992e-001 -4.1958763e-001
  9.1891892e-001 -4.1649485e-001
  9.2099792e-001 -4.1340206e-001
  9.2307692e-001 -4.0721649e-001
  9.2515593e-001 -4.0103093e-001
  9.2723493e-001 -4.0103093e-001
  9.2931393e-001 -3.9484536e-001
  9.3139293e-001 -3.9020619e-001
  9.3347193e-001 -3.8247423e-001
  9.3555094e-001 -3.7938144e-001
  9.3762994e-001 -3.6855670e-001
  9.3970894e-001 -3.5927835e-001
  9.4178794e-001 -3.5000000e-001
  9.4386694e-001 -3.3298969e-001
  9.4594595e-001 -3.2989691e-001
  9.4802495e-001 -3.2216495e-001
  9.5010395e-001 -3.1134021e-001
  9.5218295e-001 -2.8969072e-001
  9.5426195e-001 -2.7268041e-001
  9.5634096e-001 -2.7268041e-001
  9.5841996e-001 -2.6649485e-001
  9.6049896e-001 -2.4948454e-001
  9.6257796e-001 -2.4020619e-001
  9.6465696e-001 -2.1391753e-001
  9.6673597e-001 -2.0618557e-001
  9.6881497e-001 -1.9690722e-001
  9.7089397e-001 -1.6907216e-001
  9.7297297e-001 -1.6134021e-001
  9.7505198e-001 -1.5051546e-001
  9.7713098e-001 -1.4587629e-001
  9.7920998e-001 -1.3505155e-001
  9.8128898e-001 -1.2577320e-001
  9.8336798e-001 -9.0206186e-002
  9.8544699e-001 -8.0927835e-002
  9.8752599e-001 -6.5463918e-002
  9.8960499e-001 -5.9278351e-002
  9.9168399e-001 -4.0721649e-002
  9.9376299e-001 -3.6082474e-002
  9.9584200e-001 -3.4536082e-002
  9.9792100e-001 -9.7938144e-003
  1.0000000e+000 -1.4432990e-002
