TITLE = "0D Field KU"
VARIABLES = N ,"KU_Ha100Rem10Re100"
ZONE DATAPACKING = POINT
    0.200000000000E+001    0.560151387005E-035
    0.520000000000E+002    0.614714551093E-031
    0.102000000000E+003    0.239801223072E-024
    0.152000000000E+003    0.102697731644E-020
    0.202000000000E+003    0.288672222057E-018
    0.252000000000E+003    0.183261890665E-016
    0.302000000000E+003    0.453133611289E-015
    0.352000000000E+003    0.588779095666E-014
    0.402000000000E+003    0.482597121945E-013
    0.452000000000E+003    0.280934405943E-012
    0.502000000000E+003    0.125887645606E-011
    0.552000000000E+003    0.459580857256E-011
    0.602000000000E+003    0.142445996321E-010
    0.652000000000E+003    0.386552973567E-010
    0.702000000000E+003    0.940213644620E-010
    0.752000000000E+003    0.208742272585E-009
    0.802000000000E+003    0.429127852614E-009
    0.852000000000E+003    0.826263597008E-009
    0.902000000000E+003    0.150386257679E-008
    0.952000000000E+003    0.260686170558E-008
    0.100200000000E+004    0.433048353646E-008
    0.105200000000E+004    0.692947880661E-008
    0.110200000000E+004    0.107272855541E-007
    0.115200000000E+004    0.161248789498E-007
    0.120200000000E+004    0.236091263586E-007
    0.125200000000E+004    0.337604932869E-007
    0.130200000000E+004    0.472599707192E-007
    0.135200000000E+004    0.648951214496E-007
    0.140200000000E+004    0.875651761599E-007
    0.145200000000E+004    0.116285148221E-006
    0.150200000000E+004    0.152188977713E-006
    0.155200000000E+004    0.196531755076E-006
    0.160200000000E+004    0.250691098993E-006
    0.165200000000E+004    0.316167758584E-006
    0.170200000000E+004    0.394585486580E-006
    0.175200000000E+004    0.487690212233E-006
    0.180200000000E+004    0.597348542898E-006
    0.185200000000E+004    0.725545638549E-006
    0.190200000000E+004    0.874382528177E-006
    0.195200000000E+004    0.104607296506E-005
    0.200200000000E+004    0.124293993491E-005
    0.205200000000E+004    0.146741191566E-005
    0.210200000000E+004    0.172201893905E-005
    0.215200000000E+004    0.200938845519E-005
    0.220200000000E+004    0.233224098354E-005
    0.225200000000E+004    0.269338554717E-005
    0.230200000000E+004    0.309571491945E-005
    0.235200000000E+004    0.354220075001E-005
    0.240200000000E+004    0.403588866780E-005
    0.245200000000E+004    0.457989345926E-005
    0.250200000000E+004    0.517739437228E-005
    0.255200000000E+004    0.583163052490E-005
    0.260200000000E+004    0.654589635294E-005
    0.265200000000E+004    0.732353703574E-005
    0.270200000000E+004    0.816794388012E-005
    0.275200000000E+004    0.908254969517E-005
    0.280200000000E+004    0.100708242395E-004
    0.285200000000E+004    0.111362698448E-004
    0.290200000000E+004    0.122824172921E-004
    0.295200000000E+004    0.135128219361E-004
    0.300200000000E+004    0.148310599963E-004
    0.305200000000E+004    0.162407249076E-004
    0.310200000000E+004    0.177454236584E-004
    0.315200000000E+004    0.193487731119E-004
    0.320200000000E+004    0.210543963725E-004
    0.325200000000E+004    0.228659193039E-004
    0.330200000000E+004    0.247869673092E-004
    0.335200000000E+004    0.268211624131E-004
    0.340200000000E+004    0.289721205884E-004
    0.345200000000E+004    0.312434491980E-004
    0.350200000000E+004    0.336387444302E-004
    0.355200000000E+004    0.361615886741E-004
    0.360200000000E+004    0.388155478644E-004
    0.365200000000E+004    0.416041688963E-004
    0.370200000000E+004    0.445309772418E-004
    0.375200000000E+004    0.475994748634E-004
    0.380200000000E+004    0.508131384194E-004
    0.385200000000E+004    0.541754176483E-004
    0.390200000000E+004    0.576897337766E-004
    0.395200000000E+004    0.613594778371E-004
    0.400200000000E+004    0.651880088795E-004
    0.405200000000E+004    0.691786521483E-004
    0.410200000000E+004    0.733346973652E-004
    0.415200000000E+004    0.776593972549E-004
    0.420200000000E+004    0.821559663759E-004
    0.425200000000E+004    0.868275801960E-004
    0.430200000000E+004    0.916773742551E-004
    0.435200000000E+004    0.967084432525E-004
    0.440200000000E+004    0.101923839975E-003
    0.445200000000E+004    0.107326574096E-003
    0.450200000000E+004    0.112919610966E-003
    0.455200000000E+004    0.118705870555E-003
    0.460200000000E+004    0.124688226671E-003
    0.465200000000E+004    0.130869506474E-003
    0.470200000000E+004    0.137252490156E-003
    0.475200000000E+004    0.143839910606E-003
    0.480200000000E+004    0.150634452923E-003
    0.485200000000E+004    0.157638753716E-003
    0.490200000000E+004    0.164855400292E-003
    0.495200000000E+004    0.172286929889E-003
    0.500200000000E+004    0.179935829100E-003
    0.505200000000E+004    0.187804533615E-003
    0.510200000000E+004    0.195895428196E-003
    0.515200000000E+004    0.204210846742E-003
    0.520200000000E+004    0.212753072241E-003
    0.525200000000E+004    0.221524336500E-003
    0.530200000000E+004    0.230526819663E-003
    0.535200000000E+004    0.239762649652E-003
    0.540200000000E+004    0.249233901712E-003
    0.545200000000E+004    0.258942598216E-003
    0.550200000000E+004    0.268890708762E-003
    0.555200000000E+004    0.279080150457E-003
    0.560200000000E+004    0.289512788186E-003
    0.565200000000E+004    0.300190434686E-003
    0.570200000000E+004    0.311114850365E-003
    0.575200000000E+004    0.322287742938E-003
    0.580200000000E+004    0.333710767036E-003
    0.585200000000E+004    0.345385524006E-003
    0.590200000000E+004    0.357313561993E-003
    0.595200000000E+004    0.369496376287E-003
    0.600200000000E+004    0.381935409781E-003
    0.605200000000E+004    0.394632053310E-003
    0.610200000000E+004    0.407587645746E-003
    0.615200000000E+004    0.420803473823E-003
    0.620200000000E+004    0.434280771839E-003
    0.625200000000E+004    0.448020721411E-003
    0.630200000000E+004    0.462024451472E-003
    0.635200000000E+004    0.476293038568E-003
    0.640200000000E+004    0.490827507369E-003
    0.645200000000E+004    0.505628831186E-003
    0.650200000000E+004    0.520697932301E-003
    0.655200000000E+004    0.536035682009E-003
    0.660200000000E+004    0.551642900422E-003
    0.665200000000E+004    0.567520356224E-003
    0.670200000000E+004    0.583668766551E-003
    0.675200000000E+004    0.600088797170E-003
    0.680200000000E+004    0.616781062931E-003
    0.685200000000E+004    0.633746128356E-003
    0.690200000000E+004    0.650984508151E-003
    0.695200000000E+004    0.668496667456E-003
    0.700200000000E+004    0.686283021809E-003
    0.705200000000E+004    0.704343936932E-003
    0.710200000000E+004    0.722679728533E-003
    0.715200000000E+004    0.741290662326E-003
    0.720200000000E+004    0.760176954356E-003
    0.725200000000E+004    0.779338771552E-003
    0.730200000000E+004    0.798776232339E-003
    0.735200000000E+004    0.818489407071E-003
    0.740200000000E+004    0.838478318179E-003
    0.745200000000E+004    0.858742940049E-003
    0.750200000000E+004    0.879283198797E-003
    0.755200000000E+004    0.900098972144E-003
    0.760200000000E+004    0.921190089568E-003
    0.765200000000E+004    0.942556332736E-003
    0.770200000000E+004    0.964197436117E-003
    0.775200000000E+004    0.986113087545E-003
    0.780200000000E+004    0.100830292853E-002
    0.785200000000E+004    0.103076655431E-002
    0.790200000000E+004    0.105350351361E-002
    0.795200000000E+004    0.107651330846E-002
    0.800200000000E+004    0.109979539413E-002
    0.805200000000E+004    0.112334917943E-002
    0.810200000000E+004    0.114717402717E-002
    0.815200000000E+004    0.117126925481E-002
    0.820200000000E+004    0.119563413487E-002
    0.825200000000E+004    0.122026789515E-002
    0.830200000000E+004    0.124516971862E-002
    0.835200000000E+004    0.127033874312E-002
    0.840200000000E+004    0.129577406123E-002
    0.845200000000E+004    0.132147472027E-002
    0.850200000000E+004    0.134743972267E-002
    0.855200000000E+004    0.137366802648E-002
    0.860200000000E+004    0.140015854595E-002
    0.865200000000E+004    0.142691015179E-002
    0.870200000000E+004    0.145392167125E-002
    0.875200000000E+004    0.148119188784E-002
    0.880200000000E+004    0.150871954108E-002
    0.885200000000E+004    0.153650332634E-002
    0.890200000000E+004    0.156454189497E-002
    0.895200000000E+004    0.159283385473E-002
    0.900200000000E+004    0.162137777026E-002
    0.905200000000E+004    0.165017216356E-002
    0.910200000000E+004    0.167921551417E-002
    0.915200000000E+004    0.170850625900E-002
    0.920200000000E+004    0.173804279207E-002
    0.925200000000E+004    0.176782346427E-002
    0.930200000000E+004    0.179784658325E-002
    0.935200000000E+004    0.182811041372E-002
    0.940200000000E+004    0.185861317789E-002
    0.945200000000E+004    0.188935305600E-002
    0.950200000000E+004    0.192032818667E-002
    0.955200000000E+004    0.195153666700E-002
    0.960200000000E+004    0.198297655239E-002
    0.965200000000E+004    0.201464585629E-002
    0.970200000000E+004    0.204654255005E-002
    0.975200000000E+004    0.207866456312E-002
    0.980200000000E+004    0.211100978344E-002
    0.985200000000E+004    0.214357605809E-002
    0.990200000000E+004    0.217636119384E-002
    0.995200000000E+004    0.220936295758E-002
    0.100020000000E+005    0.224257907642E-002
    0.100520000000E+005    0.227600723765E-002
    0.101020000000E+005    0.230964508872E-002
    0.101520000000E+005    0.234349023742E-002
    0.102020000000E+005    0.237754025234E-002
    0.102520000000E+005    0.241179266370E-002
    0.103020000000E+005    0.244624496420E-002
    0.103520000000E+005    0.248089460979E-002
    0.104020000000E+005    0.251573902033E-002
    0.104520000000E+005    0.255077557985E-002
    0.105020000000E+005    0.258600163691E-002
    0.105520000000E+005    0.262141450495E-002
    0.106020000000E+005    0.265701146294E-002
    0.106520000000E+005    0.269278975642E-002
    0.107020000000E+005    0.272874659868E-002
    0.107520000000E+005    0.276487917204E-002
    0.108020000000E+005    0.280118462894E-002
    0.108520000000E+005    0.283766009289E-002
    0.109020000000E+005    0.287430265917E-002
    0.109520000000E+005    0.291110939558E-002
    0.110020000000E+005    0.294807734332E-002
    0.110520000000E+005    0.298520351828E-002
    0.111020000000E+005    0.302248491247E-002
    0.111520000000E+005    0.305991849578E-002
    0.112020000000E+005    0.309750121753E-002
    0.112520000000E+005    0.313523000794E-002
    0.113020000000E+005    0.317310177933E-002
    0.113520000000E+005    0.321111342723E-002
    0.114020000000E+005    0.324926183151E-002
    0.114520000000E+005    0.328754385774E-002
    0.115020000000E+005    0.332595635892E-002
    0.115520000000E+005    0.336449617727E-002
    0.116020000000E+005    0.340316014625E-002
    0.116520000000E+005    0.344194509230E-002
    0.117020000000E+005    0.348084783641E-002
    0.117520000000E+005    0.351986519548E-002
    0.118020000000E+005    0.355899398357E-002
    0.118520000000E+005    0.359823101324E-002
    0.119020000000E+005    0.363757309717E-002
    0.119520000000E+005    0.367701704993E-002
    0.120020000000E+005    0.371655969000E-002
    0.120520000000E+005    0.375619784161E-002
    0.121020000000E+005    0.379592833640E-002
    0.121520000000E+005    0.383574801486E-002
    0.122020000000E+005    0.387565372751E-002
    0.122520000000E+005    0.391564233606E-002
    0.123020000000E+005    0.395571071471E-002
    0.123520000000E+005    0.399585575166E-002
    0.124020000000E+005    0.403607435078E-002
    0.124520000000E+005    0.407636343333E-002
    0.125020000000E+005    0.411671993946E-002
    0.125520000000E+005    0.415714082960E-002
    0.126020000000E+005    0.419762308537E-002
    0.126520000000E+005    0.423816371052E-002
    0.127020000000E+005    0.427875973179E-002
    0.127520000000E+005    0.431940819993E-002
    0.128020000000E+005    0.436010619099E-002
    0.128520000000E+005    0.440085080760E-002
    0.129020000000E+005    0.444163918030E-002
    0.129520000000E+005    0.448246846860E-002
    0.130020000000E+005    0.452333586181E-002
    0.130520000000E+005    0.456423857958E-002
    0.131020000000E+005    0.460517387243E-002
    0.131520000000E+005    0.464613902230E-002
    0.132020000000E+005    0.468713134330E-002
    0.132520000000E+005    0.472814818267E-002
    0.133020000000E+005    0.476918692169E-002
    0.133520000000E+005    0.481024497660E-002
    0.134020000000E+005    0.485131979919E-002
    0.134520000000E+005    0.489240887724E-002
    0.135020000000E+005    0.493350973462E-002
    0.135520000000E+005    0.497461993161E-002
    0.136020000000E+005    0.501573706515E-002
    0.136520000000E+005    0.505685876945E-002
    0.137020000000E+005    0.509798271657E-002
    0.137520000000E+005    0.513910661720E-002
    0.138020000000E+005    0.518022822107E-002
    0.138520000000E+005    0.522134531730E-002
    0.139020000000E+005    0.526245573443E-002
    0.139520000000E+005    0.530355734040E-002
    0.140020000000E+005    0.534464804259E-002
    0.140520000000E+005    0.538572578807E-002
    0.141020000000E+005    0.542678856394E-002
    0.141520000000E+005    0.546783439787E-002
    0.142020000000E+005    0.550886135853E-002
    0.142520000000E+005    0.554986755585E-002
    0.143020000000E+005    0.559085114105E-002
    0.143520000000E+005    0.563181030653E-002
    0.144020000000E+005    0.567274328571E-002
    0.144520000000E+005    0.571364835303E-002
    0.145020000000E+005    0.575452382411E-002
    0.145520000000E+005    0.579536805611E-002
    0.146020000000E+005    0.583617944806E-002
    0.146520000000E+005    0.587695644122E-002
    0.147020000000E+005    0.591769751905E-002
    0.147520000000E+005    0.595840120721E-002
    0.148020000000E+005    0.599906607325E-002
    0.148520000000E+005    0.603969072651E-002
    0.149020000000E+005    0.608027381810E-002
    0.149520000000E+005    0.612081404106E-002
    0.150020000000E+005    0.616131013071E-002
    0.150520000000E+005    0.620176086493E-002
    0.151020000000E+005    0.624216506432E-002
    0.151520000000E+005    0.628252159217E-002
    0.152020000000E+005    0.632282935427E-002
    0.152520000000E+005    0.636308729867E-002
    0.153020000000E+005    0.640329441559E-002
    0.153520000000E+005    0.644344973746E-002
    0.154020000000E+005    0.648355233914E-002
    0.154520000000E+005    0.652360133825E-002
    0.155020000000E+005    0.656359589537E-002
    0.155520000000E+005    0.660353521419E-002
    0.156020000000E+005    0.664341854133E-002
    0.156520000000E+005    0.668324516620E-002
    0.157020000000E+005    0.672301442078E-002
    0.157520000000E+005    0.676272567961E-002
    0.158020000000E+005    0.680237835988E-002
    0.158520000000E+005    0.684197192177E-002
    0.159020000000E+005    0.688150586871E-002
    0.159520000000E+005    0.692097974758E-002
    0.160020000000E+005    0.696039314875E-002
    0.160520000000E+005    0.699974570592E-002
    0.161020000000E+005    0.703903709597E-002
    0.161520000000E+005    0.707826703881E-002
    0.162020000000E+005    0.711743529747E-002
    0.162520000000E+005    0.715654167828E-002
    0.163020000000E+005    0.719558603120E-002
    0.163520000000E+005    0.723456825009E-002
    0.164020000000E+005    0.727348827284E-002
    0.164520000000E+005    0.731234608134E-002
    0.165020000000E+005    0.735114170134E-002
    0.165520000000E+005    0.738987520230E-002
    0.166020000000E+005    0.742854669732E-002
    0.166520000000E+005    0.746715634329E-002
    0.167020000000E+005    0.750570434113E-002
    0.167520000000E+005    0.754419093608E-002
    0.168020000000E+005    0.758261641790E-002
    0.168520000000E+005    0.762098112097E-002
    0.169020000000E+005    0.765928542415E-002
    0.169520000000E+005    0.769752975061E-002
    0.170020000000E+005    0.773571456770E-002
    0.170520000000E+005    0.777384038692E-002
    0.171020000000E+005    0.781190776409E-002
    0.171520000000E+005    0.784991729954E-002
    0.172020000000E+005    0.788786963836E-002
    0.172520000000E+005    0.792576547046E-002
    0.173020000000E+005    0.796360553054E-002
    0.173520000000E+005    0.800139059783E-002
    0.174020000000E+005    0.803912149591E-002
    0.174520000000E+005    0.807679909248E-002
    0.175020000000E+005    0.811442429934E-002
    0.175520000000E+005    0.815199807248E-002
    0.176020000000E+005    0.818952141218E-002
    0.176520000000E+005    0.822699536305E-002
    0.177020000000E+005    0.826442101396E-002
    0.177520000000E+005    0.830179949779E-002
    0.178020000000E+005    0.833913199100E-002
    0.178520000000E+005    0.837641971332E-002
    0.179020000000E+005    0.841366392745E-002
    0.179520000000E+005    0.845086593888E-002
    0.180020000000E+005    0.848802709582E-002
    0.180520000000E+005    0.852514878911E-002
    0.181020000000E+005    0.856223245202E-002
    0.181520000000E+005    0.859927955986E-002
    0.182020000000E+005    0.863629162949E-002
    0.182520000000E+005    0.867327021868E-002
    0.183020000000E+005    0.871021692556E-002
    0.183520000000E+005    0.874713338815E-002
    0.184020000000E+005    0.878402128397E-002
    0.184520000000E+005    0.882088232971E-002
    0.185020000000E+005    0.885771828081E-002
    0.185520000000E+005    0.889453093092E-002
    0.186020000000E+005    0.893132211120E-002
    0.186520000000E+005    0.896809368944E-002
    0.187020000000E+005    0.900484756921E-002
    0.187520000000E+005    0.904158568899E-002
    0.188020000000E+005    0.907831002145E-002
    0.188520000000E+005    0.911502257274E-002
    0.189020000000E+005    0.915172538187E-002
    0.189520000000E+005    0.918842051985E-002
    0.190020000000E+005    0.922511008881E-002
    0.190520000000E+005    0.926179622086E-002
    0.191020000000E+005    0.929848107690E-002
    0.191520000000E+005    0.933516684544E-002
    0.192020000000E+005    0.937185574142E-002
    0.192520000000E+005    0.940855000518E-002
    0.193020000000E+005    0.944525190148E-002
    0.193520000000E+005    0.948196371837E-002
    0.194020000000E+005    0.951868776609E-002
    0.194520000000E+005    0.955542637568E-002
    0.195020000000E+005    0.959218189754E-002
    0.195520000000E+005    0.962895669987E-002
    0.196020000000E+005    0.966575316720E-002
    0.196520000000E+005    0.970257369899E-002
    0.197020000000E+005    0.973942070826E-002
    0.197520000000E+005    0.977629662029E-002
    0.198020000000E+005    0.981320387123E-002
    0.198520000000E+005    0.985014490655E-002
    0.199020000000E+005    0.988712217944E-002
    0.199520000000E+005    0.992413814900E-002
    0.200020000000E+005    0.996119527850E-002
    0.200520000000E+005    0.999829603372E-002
    0.201020000000E+005    0.100354428813E-001
    0.201520000000E+005    0.100726382873E-001
    0.202020000000E+005    0.101098847154E-001
    0.202520000000E+005    0.101471846259E-001
    0.203020000000E+005    0.101845404731E-001
    0.203520000000E+005    0.102219547042E-001
    0.204020000000E+005    0.102594297573E-001
    0.204520000000E+005    0.102969680592E-001
    0.205020000000E+005    0.103345720240E-001
    0.205520000000E+005    0.103722440513E-001
    0.206020000000E+005    0.104099865250E-001
    0.206520000000E+005    0.104478018112E-001
    0.207020000000E+005    0.104856922566E-001
    0.207520000000E+005    0.105236601873E-001
    0.208020000000E+005    0.105617079065E-001
    0.208520000000E+005    0.105998376926E-001
    0.209020000000E+005    0.106380517980E-001
    0.209520000000E+005    0.106763524471E-001
    0.210020000000E+005    0.107147418350E-001
    0.210520000000E+005    0.107532221261E-001
    0.211020000000E+005    0.107917954524E-001
    0.211520000000E+005    0.108304639126E-001
    0.212020000000E+005    0.108692295697E-001
    0.212520000000E+005    0.109080944502E-001
    0.213020000000E+005    0.109470605422E-001
    0.213520000000E+005    0.109861297941E-001
    0.214020000000E+005    0.110253041135E-001
    0.214520000000E+005    0.110645853657E-001
    0.215020000000E+005    0.111039753731E-001
    0.215520000000E+005    0.111434759138E-001
    0.216020000000E+005    0.111830887205E-001
    0.216520000000E+005    0.112228154792E-001
    0.217020000000E+005    0.112626578284E-001
    0.217520000000E+005    0.113026173578E-001
    0.218020000000E+005    0.113426956074E-001
    0.218520000000E+005    0.113828940670E-001
    0.219020000000E+005    0.114232141753E-001
    0.219520000000E+005    0.114636573193E-001
    0.220020000000E+005    0.115042248339E-001
    0.220520000000E+005    0.115449180009E-001
    0.221020000000E+005    0.115857380487E-001
    0.221520000000E+005    0.116266861514E-001
    0.222020000000E+005    0.116677634284E-001
    0.222520000000E+005    0.117089709443E-001
    0.223020000000E+005    0.117503097085E-001
    0.223520000000E+005    0.117917806751E-001
    0.224020000000E+005    0.118333847431E-001
    0.224520000000E+005    0.118751227559E-001
    0.225020000000E+005    0.119169955012E-001
    0.225520000000E+005    0.119590037112E-001
    0.226020000000E+005    0.120011480624E-001
    0.226520000000E+005    0.120434291755E-001
    0.227020000000E+005    0.120858476163E-001
    0.227520000000E+005    0.121284038952E-001
    0.228020000000E+005    0.121710984685E-001
    0.228520000000E+005    0.122139317379E-001
    0.229020000000E+005    0.122569040517E-001
    0.229520000000E+005    0.123000157046E-001
    0.230020000000E+005    0.123432669382E-001
    0.230520000000E+005    0.123866579416E-001
    0.231020000000E+005    0.124301888522E-001
    0.231520000000E+005    0.124738597559E-001
    0.232020000000E+005    0.125176706885E-001
    0.232520000000E+005    0.125616216361E-001
    0.233020000000E+005    0.126057125360E-001
    0.233520000000E+005    0.126499432775E-001
    0.234020000000E+005    0.126943137024E-001
    0.234520000000E+005    0.127388236060E-001
    0.235020000000E+005    0.127834727379E-001
    0.235520000000E+005    0.128282608031E-001
    0.236020000000E+005    0.128731874627E-001
    0.236520000000E+005    0.129182523352E-001
    0.237020000000E+005    0.129634549977E-001
    0.237520000000E+005    0.130087949865E-001
    0.238020000000E+005    0.130542717982E-001
    0.238520000000E+005    0.130998848908E-001
    0.239020000000E+005    0.131456336844E-001
    0.239520000000E+005    0.131915175624E-001
    0.240020000000E+005    0.132375358726E-001
    0.240520000000E+005    0.132836879284E-001
    0.241020000000E+005    0.133299730100E-001
    0.241520000000E+005    0.133763903653E-001
    0.242020000000E+005    0.134229392109E-001
    0.242520000000E+005    0.134696187334E-001
    0.243020000000E+005    0.135164280899E-001
    0.243520000000E+005    0.135633664094E-001
    0.244020000000E+005    0.136104327937E-001
    0.244520000000E+005    0.136576263183E-001
    0.245020000000E+005    0.137049460341E-001
    0.245520000000E+005    0.137523909677E-001
    0.246020000000E+005    0.137999601230E-001
    0.246520000000E+005    0.138476524817E-001
    0.247020000000E+005    0.138954670043E-001
    0.247520000000E+005    0.139434026311E-001
    0.248020000000E+005    0.139914582827E-001
    0.248520000000E+005    0.140396328614E-001
    0.249020000000E+005    0.140879252520E-001
    0.249520000000E+005    0.141363343225E-001
    0.250020000000E+005    0.141848589253E-001
    0.250520000000E+005    0.142334978976E-001
    0.251020000000E+005    0.142822500626E-001
    0.251520000000E+005    0.143311142296E-001
    0.252020000000E+005    0.143800891949E-001
    0.252520000000E+005    0.144291737430E-001
    0.253020000000E+005    0.144783666464E-001
    0.253520000000E+005    0.145276666671E-001
    0.254020000000E+005    0.145770725573E-001
    0.254520000000E+005    0.146265830592E-001
    0.255020000000E+005    0.146761969066E-001
    0.255520000000E+005    0.147259128247E-001
    0.256020000000E+005    0.147757295306E-001
    0.256520000000E+005    0.148256457340E-001
    0.257020000000E+005    0.148756601380E-001
    0.257520000000E+005    0.149257714388E-001
    0.258020000000E+005    0.149759783270E-001
    0.258520000000E+005    0.150262794880E-001
    0.259020000000E+005    0.150766736019E-001
    0.259520000000E+005    0.151271593441E-001
    0.260020000000E+005    0.151777353859E-001
    0.260520000000E+005    0.152284003943E-001
    0.261020000000E+005    0.152791530326E-001
    0.261520000000E+005    0.153299919607E-001
    0.262020000000E+005    0.153809158357E-001
    0.262520000000E+005    0.154319233119E-001
    0.263020000000E+005    0.154830130413E-001
    0.263520000000E+005    0.155341836738E-001
    0.264020000000E+005    0.155854338574E-001
    0.264520000000E+005    0.156367622382E-001
    0.265020000000E+005    0.156881674607E-001
    0.265520000000E+005    0.157396481682E-001
    0.266020000000E+005    0.157912030030E-001
    0.266520000000E+005    0.158428306064E-001
    0.267020000000E+005    0.158945296191E-001
    0.267520000000E+005    0.159462986815E-001
    0.268020000000E+005    0.159981364338E-001
    0.268520000000E+005    0.160500415156E-001
    0.269020000000E+005    0.161020125669E-001
    0.269520000000E+005    0.161540482273E-001
    0.270020000000E+005    0.162061471367E-001
    0.270520000000E+005    0.162583079356E-001
    0.271020000000E+005    0.163105292650E-001
    0.271520000000E+005    0.163628097664E-001
    0.272020000000E+005    0.164151480825E-001
    0.272520000000E+005    0.164675428566E-001
    0.273020000000E+005    0.165199927330E-001
    0.273520000000E+005    0.165724963570E-001
    0.274020000000E+005    0.166250523750E-001
    0.274520000000E+005    0.166776594346E-001
    0.275020000000E+005    0.167303161849E-001
    0.275520000000E+005    0.167830212764E-001
    0.276020000000E+005    0.168357733613E-001
    0.276520000000E+005    0.168885710935E-001
    0.277020000000E+005    0.169414131284E-001
    0.277520000000E+005    0.169942981233E-001
    0.278020000000E+005    0.170472247370E-001
    0.278520000000E+005    0.171001916304E-001
    0.279020000000E+005    0.171531974663E-001
    0.279520000000E+005    0.172062409094E-001
    0.280020000000E+005    0.172593206269E-001
    0.280520000000E+005    0.173124352879E-001
    0.281020000000E+005    0.173655835639E-001
    0.281520000000E+005    0.174187641285E-001
    0.282020000000E+005    0.174719756577E-001
    0.282520000000E+005    0.175252168295E-001
    0.283020000000E+005    0.175784863245E-001
    0.283520000000E+005    0.176317828258E-001
    0.284020000000E+005    0.176851050188E-001
    0.284520000000E+005    0.177384515917E-001
    0.285020000000E+005    0.177918212353E-001
    0.285520000000E+005    0.178452126429E-001
    0.286020000000E+005    0.178986245103E-001
    0.286520000000E+005    0.179520555363E-001
    0.287020000000E+005    0.180055044219E-001
    0.287520000000E+005    0.180589698711E-001
    0.288020000000E+005    0.181124505906E-001
    0.288520000000E+005    0.181659452902E-001
    0.289020000000E+005    0.182194526823E-001
    0.289520000000E+005    0.182729714824E-001
    0.290020000000E+005    0.183265004091E-001
    0.290520000000E+005    0.183800381836E-001
    0.291020000000E+005    0.184335835301E-001
    0.291520000000E+005    0.184871351760E-001
    0.292020000000E+005    0.185406918516E-001
    0.292520000000E+005    0.185942522906E-001
    0.293020000000E+005    0.186478152299E-001
    0.293520000000E+005    0.187013794097E-001
    0.294020000000E+005    0.187549435736E-001
    0.294520000000E+005    0.188085064683E-001
    0.295020000000E+005    0.188620668442E-001
    0.295520000000E+005    0.189156234549E-001
    0.296020000000E+005    0.189691750577E-001
    0.296520000000E+005    0.190227204136E-001
    0.297020000000E+005    0.190762582875E-001
    0.297520000000E+005    0.191297874479E-001
    0.298020000000E+005    0.191833066676E-001
    0.298520000000E+005    0.192368147231E-001
    0.299020000000E+005    0.192903103954E-001
    0.299520000000E+005    0.193437924693E-001
    0.300020000000E+005    0.193972597340E-001
    0.300520000000E+005    0.194507109834E-001
    0.301020000000E+005    0.195041450160E-001
    0.301520000000E+005    0.195575606348E-001
    0.302020000000E+005    0.196109566481E-001
    0.302520000000E+005    0.196643318692E-001
    0.303020000000E+005    0.197176851164E-001
    0.303520000000E+005    0.197710152135E-001
    0.304020000000E+005    0.198243209896E-001
    0.304520000000E+005    0.198776012796E-001
    0.305020000000E+005    0.199308549242E-001
    0.305520000000E+005    0.199840807702E-001
    0.306020000000E+005    0.200372776709E-001
    0.306520000000E+005    0.200904444858E-001
    0.307020000000E+005    0.201435800813E-001
    0.307520000000E+005    0.201966833303E-001
    0.308020000000E+005    0.202497531131E-001
    0.308520000000E+005    0.203027883169E-001
    0.309020000000E+005    0.203557878366E-001
    0.309520000000E+005    0.204087505748E-001
    0.310020000000E+005    0.204616754421E-001
    0.310520000000E+005    0.205145613573E-001
    0.311020000000E+005    0.205674072478E-001
    0.311520000000E+005    0.206202120496E-001
    0.312020000000E+005    0.206729747074E-001
    0.312520000000E+005    0.207256941751E-001
    0.313020000000E+005    0.207783694163E-001
    0.313520000000E+005    0.208309994038E-001
    0.314020000000E+005    0.208835831206E-001
    0.314520000000E+005    0.209361195600E-001
    0.315020000000E+005    0.209886077257E-001
    0.315520000000E+005    0.210410466319E-001
    0.316020000000E+005    0.210934353041E-001
    0.316520000000E+005    0.211457727787E-001
    0.317020000000E+005    0.211980581035E-001
    0.317520000000E+005    0.212502903382E-001
    0.318020000000E+005    0.213024685545E-001
    0.318520000000E+005    0.213545918361E-001
    0.319020000000E+005    0.214066592797E-001
    0.319520000000E+005    0.214586699943E-001
    0.320020000000E+005    0.215106231024E-001
    0.320520000000E+005    0.215625177394E-001
    0.321020000000E+005    0.216143530542E-001
    0.321520000000E+005    0.216661282095E-001
    0.322020000000E+005    0.217178423820E-001
    0.322520000000E+005    0.217694947628E-001
    0.323020000000E+005    0.218210845574E-001
    0.323520000000E+005    0.218726109861E-001
    0.324020000000E+005    0.219240732842E-001
    0.324520000000E+005    0.219754707023E-001
    0.325020000000E+005    0.220268025061E-001
    0.325520000000E+005    0.220780679773E-001
    0.326020000000E+005    0.221292664131E-001
    0.326520000000E+005    0.221803971272E-001
    0.327020000000E+005    0.222314594493E-001
    0.327520000000E+005    0.222824527259E-001
    0.328020000000E+005    0.223333763201E-001
    0.328520000000E+005    0.223842296121E-001
    0.329020000000E+005    0.224350119992E-001
    0.329520000000E+005    0.224857228959E-001
    0.330020000000E+005    0.225363617341E-001
    0.330520000000E+005    0.225869279637E-001
    0.331020000000E+005    0.226374210523E-001
    0.331520000000E+005    0.226878404858E-001
    0.332020000000E+005    0.227381857681E-001
    0.332520000000E+005    0.227884564219E-001
    0.333020000000E+005    0.228386519883E-001
    0.333520000000E+005    0.228887720270E-001
    0.334020000000E+005    0.229388161167E-001
    0.334520000000E+005    0.229887838553E-001
    0.335020000000E+005    0.230386748598E-001
    0.335520000000E+005    0.230884887664E-001
    0.336020000000E+005    0.231382252313E-001
    0.336520000000E+005    0.231878839299E-001
    0.337020000000E+005    0.232374645578E-001
    0.337520000000E+005    0.232869668303E-001
    0.338020000000E+005    0.233363904826E-001
    0.338520000000E+005    0.233857352702E-001
    0.339020000000E+005    0.234350009689E-001
    0.339520000000E+005    0.234841873748E-001
    0.340020000000E+005    0.235332943046E-001
    0.340520000000E+005    0.235823215958E-001
    0.341020000000E+005    0.236312691064E-001
    0.341520000000E+005    0.236801367153E-001
    0.342020000000E+005    0.237289243223E-001
    0.342520000000E+005    0.237776318482E-001
    0.343020000000E+005    0.238262592349E-001
    0.343520000000E+005    0.238748064454E-001
    0.344020000000E+005    0.239232734640E-001
    0.344520000000E+005    0.239716602963E-001
    0.345020000000E+005    0.240199669695E-001
    0.345520000000E+005    0.240681935322E-001
    0.346020000000E+005    0.241163400543E-001
    0.346520000000E+005    0.241644066277E-001
    0.347020000000E+005    0.242123933654E-001
    0.347520000000E+005    0.242603004024E-001
    0.348020000000E+005    0.243081278954E-001
    0.348520000000E+005    0.243558760228E-001
    0.349020000000E+005    0.244035449849E-001
    0.349520000000E+005    0.244511350039E-001
    0.350020000000E+005    0.244986463236E-001
    0.350520000000E+005    0.245460792100E-001
    0.351020000000E+005    0.245934339507E-001
    0.351520000000E+005    0.246407108553E-001
    0.352020000000E+005    0.246879102553E-001
    0.352520000000E+005    0.247350325041E-001
    0.353020000000E+005    0.247820779770E-001
    0.353520000000E+005    0.248290470713E-001
    0.354020000000E+005    0.248759402060E-001
    0.354520000000E+005    0.249227578222E-001
    0.355020000000E+005    0.249695003825E-001
    0.355520000000E+005    0.250161683716E-001
    0.356020000000E+005    0.250627622955E-001
    0.356520000000E+005    0.251092826823E-001
    0.357020000000E+005    0.251557300815E-001
    0.357520000000E+005    0.252021050643E-001
    0.358020000000E+005    0.252484082236E-001
    0.358520000000E+005    0.252946401735E-001
    0.359020000000E+005    0.253408015495E-001
    0.359520000000E+005    0.253868930084E-001
    0.360020000000E+005    0.254329152283E-001
    0.360520000000E+005    0.254788689081E-001
    0.361020000000E+005    0.255247547679E-001
    0.361520000000E+005    0.255705735487E-001
    0.362020000000E+005    0.256163260121E-001
    0.362520000000E+005    0.256620129406E-001
    0.363020000000E+005    0.257076351368E-001
    0.363520000000E+005    0.257531934240E-001
    0.364020000000E+005    0.257986886454E-001
    0.364520000000E+005    0.258441216644E-001
    0.365020000000E+005    0.258894933641E-001
    0.365520000000E+005    0.259348046473E-001
    0.366020000000E+005    0.259800564365E-001
    0.366520000000E+005    0.260252496733E-001
    0.367020000000E+005    0.260703853185E-001
    0.367520000000E+005    0.261154643519E-001
    0.368020000000E+005    0.261604877718E-001
    0.368520000000E+005    0.262054565950E-001
    0.369020000000E+005    0.262503718564E-001
    0.369520000000E+005    0.262952346091E-001
    0.370020000000E+005    0.263400459237E-001
    0.370520000000E+005    0.263848068884E-001
    0.371020000000E+005    0.264295186087E-001
    0.371520000000E+005    0.264741822067E-001
    0.372020000000E+005    0.265187988215E-001
    0.372520000000E+005    0.265633696082E-001
    0.373020000000E+005    0.266078957380E-001
    0.373520000000E+005    0.266523783978E-001
    0.374020000000E+005    0.266968187900E-001
    0.374520000000E+005    0.267412181318E-001
    0.375020000000E+005    0.267855776555E-001
    0.375520000000E+005    0.268298986074E-001
    0.376020000000E+005    0.268741822480E-001
    0.376520000000E+005    0.269184298513E-001
    0.377020000000E+005    0.269626427047E-001
    0.377520000000E+005    0.270068221082E-001
    0.378020000000E+005    0.270509693745E-001
    0.378520000000E+005    0.270950858283E-001
    0.379020000000E+005    0.271391728058E-001
    0.379520000000E+005    0.271832316549E-001
    0.380020000000E+005    0.272272637337E-001
    0.380520000000E+005    0.272712704113E-001
    0.381020000000E+005    0.273152530661E-001
    0.381520000000E+005    0.273592130864E-001
    0.382020000000E+005    0.274031518692E-001
    0.382520000000E+005    0.274470708204E-001
    0.383020000000E+005    0.274909713536E-001
    0.383520000000E+005    0.275348548902E-001
    0.384020000000E+005    0.275787228587E-001
    0.384520000000E+005    0.276225766941E-001
    0.385020000000E+005    0.276664178377E-001
    0.385520000000E+005    0.277102477360E-001
    0.386020000000E+005    0.277540678410E-001
    0.386520000000E+005    0.277978796088E-001
    0.387020000000E+005    0.278416844998E-001
    0.387520000000E+005    0.278854839778E-001
    0.388020000000E+005    0.279292795096E-001
    0.388520000000E+005    0.279730725643E-001
    0.389020000000E+005    0.280168646131E-001
    0.389520000000E+005    0.280606571280E-001
    0.390020000000E+005    0.281044515823E-001
    0.390520000000E+005    0.281482494490E-001
    0.391020000000E+005    0.281920522009E-001
    0.391520000000E+005    0.282358613098E-001
    0.392020000000E+005    0.282796782462E-001
    0.392520000000E+005    0.283235044781E-001
    0.393020000000E+005    0.283673414711E-001
    0.393520000000E+005    0.284111906876E-001
    0.394020000000E+005    0.284550535859E-001
    0.394520000000E+005    0.284989316199E-001
    0.395020000000E+005    0.285428262387E-001
    0.395520000000E+005    0.285867388856E-001
    0.396020000000E+005    0.286306709979E-001
    0.396520000000E+005    0.286746240061E-001
    0.397020000000E+005    0.287185993334E-001
    0.397520000000E+005    0.287625983950E-001
    0.398020000000E+005    0.288066225978E-001
    0.398520000000E+005    0.288506733393E-001
    0.399020000000E+005    0.288947520077E-001
    0.399520000000E+005    0.289388599807E-001
    0.400020000000E+005    0.289829986255E-001
    0.400520000000E+005    0.290271692978E-001
    0.401020000000E+005    0.290713733413E-001
    0.401520000000E+005    0.291156120876E-001
    0.402020000000E+005    0.291598868549E-001
    0.402520000000E+005    0.292041989480E-001
    0.403020000000E+005    0.292485496577E-001
    0.403520000000E+005    0.292929402599E-001
    0.404020000000E+005    0.293373720155E-001
    0.404520000000E+005    0.293818461696E-001
    0.405020000000E+005    0.294263639514E-001
    0.405520000000E+005    0.294709265730E-001
    0.406020000000E+005    0.295155352295E-001
    0.406520000000E+005    0.295601910983E-001
    0.407020000000E+005    0.296048953384E-001
    0.407520000000E+005    0.296496490905E-001
    0.408020000000E+005    0.296944534757E-001
    0.408520000000E+005    0.297393095959E-001
    0.409020000000E+005    0.297842185327E-001
    0.409520000000E+005    0.298291813474E-001
    0.410020000000E+005    0.298741990804E-001
    0.410520000000E+005    0.299192727506E-001
    0.411020000000E+005    0.299644033555E-001
    0.411520000000E+005    0.300095918702E-001
    0.412020000000E+005    0.300548392474E-001
    0.412520000000E+005    0.301001464169E-001
    0.413020000000E+005    0.301455142854E-001
    0.413520000000E+005    0.301909437359E-001
    0.414020000000E+005    0.302364356276E-001
    0.414520000000E+005    0.302819907955E-001
    0.415020000000E+005    0.303276100501E-001
    0.415520000000E+005    0.303732941770E-001
    0.416020000000E+005    0.304190439369E-001
    0.416520000000E+005    0.304648600648E-001
    0.417020000000E+005    0.305107432704E-001
    0.417520000000E+005    0.305566942374E-001
    0.418020000000E+005    0.306027136238E-001
    0.418520000000E+005    0.306488020608E-001
    0.419020000000E+005    0.306949601536E-001
    0.419520000000E+005    0.307411884806E-001
    0.420020000000E+005    0.307874875932E-001
    0.420520000000E+005    0.308338580161E-001
    0.421020000000E+005    0.308803002469E-001
    0.421520000000E+005    0.309268147558E-001
    0.422020000000E+005    0.309734019859E-001
    0.422520000000E+005    0.310200623528E-001
    0.423020000000E+005    0.310667962448E-001
    0.423520000000E+005    0.311136040223E-001
    0.424020000000E+005    0.311604860184E-001
    0.424520000000E+005    0.312074425384E-001
    0.425020000000E+005    0.312544738602E-001
    0.425520000000E+005    0.313015802338E-001
    0.426020000000E+005    0.313487618817E-001
    0.426520000000E+005    0.313960189987E-001
    0.427020000000E+005    0.314433517522E-001
    0.427520000000E+005    0.314907602820E-001
    0.428020000000E+005    0.315382447003E-001
    0.428520000000E+005    0.315858050922E-001
    0.429020000000E+005    0.316334415153E-001
    0.429520000000E+005    0.316811540000E-001
    0.430020000000E+005    0.317289425499E-001
    0.430520000000E+005    0.317768071413E-001
    0.431020000000E+005    0.318247477242E-001
    0.431520000000E+005    0.318727642215E-001
    0.432020000000E+005    0.319208565299E-001
    0.432520000000E+005    0.319690245199E-001
    0.433020000000E+005    0.320172680356E-001
    0.433520000000E+005    0.320655868955E-001
    0.434020000000E+005    0.321139808922E-001
    0.434520000000E+005    0.321624497930E-001
    0.435020000000E+005    0.322109933399E-001
    0.435520000000E+005    0.322596112501E-001
    0.436020000000E+005    0.323083032158E-001
    0.436520000000E+005    0.323570689050E-001
    0.437020000000E+005    0.324059079613E-001
    0.437520000000E+005    0.324548200045E-001
    0.438020000000E+005    0.325038046307E-001
    0.438520000000E+005    0.325528614128E-001
    0.439020000000E+005    0.326019899003E-001
    0.439520000000E+005    0.326511896206E-001
    0.440020000000E+005    0.327004600781E-001
    0.440520000000E+005    0.327498007555E-001
    0.441020000000E+005    0.327992111136E-001
    0.441520000000E+005    0.328486905918E-001
    0.442020000000E+005    0.328982386084E-001
    0.442520000000E+005    0.329478545608E-001
    0.443020000000E+005    0.329975378264E-001
    0.443520000000E+005    0.330472877623E-001
    0.444020000000E+005    0.330971037059E-001
    0.444520000000E+005    0.331469849754E-001
    0.445020000000E+005    0.331969308700E-001
    0.445520000000E+005    0.332469406704E-001
    0.446020000000E+005    0.332970136390E-001
    0.446520000000E+005    0.333471490202E-001
    0.447020000000E+005    0.333973460411E-001
    0.447520000000E+005    0.334476039119E-001
    0.448020000000E+005    0.334979218257E-001
    0.448520000000E+005    0.335482989594E-001
    0.449020000000E+005    0.335987344742E-001
    0.449520000000E+005    0.336492275152E-001
    0.450020000000E+005    0.336997772128E-001
    0.450520000000E+005    0.337503826823E-001
    0.451020000000E+005    0.338010430245E-001
    0.451520000000E+005    0.338517573263E-001
    0.452020000000E+005    0.339025246608E-001
    0.452520000000E+005    0.339533440879E-001
    0.453020000000E+005    0.340042146543E-001
    0.453520000000E+005    0.340551353945E-001
    0.454020000000E+005    0.341061053305E-001
    0.454520000000E+005    0.341571234726E-001
    0.455020000000E+005    0.342081888194E-001
    0.455520000000E+005    0.342593003588E-001
    0.456020000000E+005    0.343104570676E-001
    0.456520000000E+005    0.343616579124E-001
    0.457020000000E+005    0.344129018498E-001
    0.457520000000E+005    0.344641878265E-001
    0.458020000000E+005    0.345155147802E-001
    0.458520000000E+005    0.345668816392E-001
    0.459020000000E+005    0.346182873236E-001
    0.459520000000E+005    0.346697307449E-001
    0.460020000000E+005    0.347212108068E-001
    0.460520000000E+005    0.347727264052E-001
    0.461020000000E+005    0.348242764288E-001
    0.461520000000E+005    0.348758597594E-001
    0.462020000000E+005    0.349274752720E-001
    0.462520000000E+005    0.349791218354E-001
    0.463020000000E+005    0.350307983122E-001
    0.463520000000E+005    0.350825035594E-001
    0.464020000000E+005    0.351342364285E-001
    0.464520000000E+005    0.351859957659E-001
    0.465020000000E+005    0.352377804132E-001
    0.465520000000E+005    0.352895892076E-001
    0.466020000000E+005    0.353414209817E-001
    0.466520000000E+005    0.353932745646E-001
    0.467020000000E+005    0.354451487813E-001
    0.467520000000E+005    0.354970424537E-001
    0.468020000000E+005    0.355489544004E-001
    0.468520000000E+005    0.356008834371E-001
    0.469020000000E+005    0.356528283771E-001
    0.469520000000E+005    0.357047880312E-001
    0.470020000000E+005    0.357567612081E-001
    0.470520000000E+005    0.358087467148E-001
    0.471020000000E+005    0.358607433566E-001
    0.471520000000E+005    0.359127499374E-001
    0.472020000000E+005    0.359647652601E-001
    0.472520000000E+005    0.360167881268E-001
    0.473020000000E+005    0.360688173388E-001
    0.473520000000E+005    0.361208516971E-001
    0.474020000000E+005    0.361728900025E-001
    0.474520000000E+005    0.362249310557E-001
    0.475020000000E+005    0.362769736580E-001
    0.475520000000E+005    0.363290166109E-001
    0.476020000000E+005    0.363810587167E-001
    0.476520000000E+005    0.364330987785E-001
    0.477020000000E+005    0.364851356007E-001
    0.477520000000E+005    0.365371679888E-001
    0.478020000000E+005    0.365891947499E-001
    0.478520000000E+005    0.366412146930E-001
    0.479020000000E+005    0.366932266287E-001
    0.479520000000E+005    0.367452293700E-001
    0.480020000000E+005    0.367972217318E-001
    0.480520000000E+005    0.368492025320E-001
    0.481020000000E+005    0.369011705907E-001
    0.481520000000E+005    0.369531247311E-001
    0.482020000000E+005    0.370050637794E-001
    0.482520000000E+005    0.370569865650E-001
    0.483020000000E+005    0.371088919207E-001
    0.483520000000E+005    0.371607786827E-001
    0.484020000000E+005    0.372126456913E-001
    0.484520000000E+005    0.372644917903E-001
    0.485020000000E+005    0.373163158279E-001
    0.485520000000E+005    0.373681166564E-001
    0.486020000000E+005    0.374198931324E-001
    0.486520000000E+005    0.374716441172E-001
    0.487020000000E+005    0.375233684770E-001
    0.487520000000E+005    0.375750650826E-001
    0.488020000000E+005    0.376267328100E-001
    0.488520000000E+005    0.376783705404E-001
    0.489020000000E+005    0.377299771604E-001
    0.489520000000E+005    0.377815515621E-001
    0.490020000000E+005    0.378330926432E-001
    0.490520000000E+005    0.378845993074E-001
    0.491020000000E+005    0.379360704642E-001
    0.491520000000E+005    0.379875050295E-001
    0.492020000000E+005    0.380389019251E-001
    0.492520000000E+005    0.380902600796E-001
    0.493020000000E+005    0.381415784280E-001
    0.493520000000E+005    0.381928559120E-001
    0.494020000000E+005    0.382440914802E-001
    0.494520000000E+005    0.382952840882E-001
    0.495020000000E+005    0.383464326990E-001
    0.495520000000E+005    0.383975362824E-001
    0.496020000000E+005    0.384485938161E-001
    0.496520000000E+005    0.384996042851E-001
    0.497020000000E+005    0.385505666823E-001
    0.497520000000E+005    0.386014800084E-001
    0.498020000000E+005    0.386523432719E-001
    0.498520000000E+005    0.387031554897E-001
    0.499020000000E+005    0.387539156869E-001
    0.499520000000E+005    0.388046228968E-001
    0.500020000000E+005    0.388552761616E-001
    0.500520000000E+005    0.389058745318E-001
    0.501020000000E+005    0.389564170670E-001
    0.501520000000E+005    0.390069028355E-001
    0.502020000000E+005    0.390573309147E-001
    0.502520000000E+005    0.391077003914E-001
    0.503020000000E+005    0.391580103614E-001
    0.503520000000E+005    0.392082599302E-001
    0.504020000000E+005    0.392584482128E-001
    0.504520000000E+005    0.393085743339E-001
    0.505020000000E+005    0.393586374279E-001
    0.505520000000E+005    0.394086366395E-001
    0.506020000000E+005    0.394585711230E-001
    0.506520000000E+005    0.395084400433E-001
    0.507020000000E+005    0.395582425754E-001
    0.507520000000E+005    0.396079779048E-001
    0.508020000000E+005    0.396576452276E-001
    0.508520000000E+005    0.397072437505E-001
    0.509020000000E+005    0.397567726911E-001
    0.509520000000E+005    0.398062312779E-001
    0.510020000000E+005    0.398556187504E-001
    0.510520000000E+005    0.399049343591E-001
    0.511020000000E+005    0.399541773661E-001
    0.511520000000E+005    0.400033470445E-001
    0.512020000000E+005    0.400524426791E-001
    0.512520000000E+005    0.401014635663E-001
    0.513020000000E+005    0.401504090142E-001
    0.513520000000E+005    0.401992783425E-001
    0.514020000000E+005    0.402480708832E-001
    0.514520000000E+005    0.402967859799E-001
    0.515020000000E+005    0.403454229886E-001
    0.515520000000E+005    0.403939812775E-001
    0.516020000000E+005    0.404424602270E-001
    0.516520000000E+005    0.404908592302E-001
    0.517020000000E+005    0.405391776923E-001
    0.517520000000E+005    0.405874150314E-001
    0.518020000000E+005    0.406355706784E-001
    0.518520000000E+005    0.406836440769E-001
    0.519020000000E+005    0.407316346833E-001
    0.519520000000E+005    0.407795419670E-001
    0.520020000000E+005    0.408273654107E-001
    0.520520000000E+005    0.408751045101E-001
    0.521020000000E+005    0.409227587740E-001
    0.521520000000E+005    0.409703277250E-001
    0.522020000000E+005    0.410178108985E-001
    0.522520000000E+005    0.410652078439E-001
    0.523020000000E+005    0.411125181239E-001
    0.523520000000E+005    0.411597413149E-001
    0.524020000000E+005    0.412068770071E-001
    0.524520000000E+005    0.412539248042E-001
    0.525020000000E+005    0.413008843241E-001
    0.525520000000E+005    0.413477551984E-001
    0.526020000000E+005    0.413945370728E-001
    0.526520000000E+005    0.414412296070E-001
    0.527020000000E+005    0.414878324746E-001
    0.527520000000E+005    0.415343453637E-001
    0.528020000000E+005    0.415807679763E-001
    0.528520000000E+005    0.416271000290E-001
    0.529020000000E+005    0.416733412522E-001
    0.529520000000E+005    0.417194913912E-001
    0.530020000000E+005    0.417655502052E-001
    0.530520000000E+005    0.418115174683E-001
    0.531020000000E+005    0.418573929688E-001
    0.531520000000E+005    0.419031765094E-001
    0.532020000000E+005    0.419488679077E-001
    0.532520000000E+005    0.419944669954E-001
    0.533020000000E+005    0.420399736193E-001
    0.533520000000E+005    0.420853876404E-001
    0.534020000000E+005    0.421307089346E-001
    0.534520000000E+005    0.421759373924E-001
    0.535020000000E+005    0.422210729187E-001
    0.535520000000E+005    0.422661154336E-001
    0.536020000000E+005    0.423110648713E-001
    0.536520000000E+005    0.423559211812E-001
    0.537020000000E+005    0.424006843271E-001
    0.537520000000E+005    0.424453542876E-001
    0.538020000000E+005    0.424899310559E-001
    0.538520000000E+005    0.425344146400E-001
    0.539020000000E+005    0.425788050624E-001
    0.539520000000E+005    0.426231023604E-001
    0.540020000000E+005    0.426673065860E-001
    0.540520000000E+005    0.427114178055E-001
    0.541020000000E+005    0.427554361002E-001
    0.541520000000E+005    0.427993615655E-001
    0.542020000000E+005    0.428431943118E-001
    0.542520000000E+005    0.428869344636E-001
    0.543020000000E+005    0.429305821601E-001
    0.543520000000E+005    0.429741375548E-001
    0.544020000000E+005    0.430176008156E-001
    0.544520000000E+005    0.430609721247E-001
    0.545020000000E+005    0.431042516786E-001
    0.545520000000E+005    0.431474396879E-001
    0.546020000000E+005    0.431905363774E-001
    0.546520000000E+005    0.432335419861E-001
    0.547020000000E+005    0.432764567669E-001
    0.547520000000E+005    0.433192809865E-001
    0.548020000000E+005    0.433620149258E-001
    0.548520000000E+005    0.434046588792E-001
    0.549020000000E+005    0.434472131550E-001
    0.549520000000E+005    0.434896780750E-001
    0.550020000000E+005    0.435320539746E-001
    0.550520000000E+005    0.435743412026E-001
    0.551020000000E+005    0.436165401211E-001
    0.551520000000E+005    0.436586511055E-001
    0.552020000000E+005    0.437006745445E-001
    0.552520000000E+005    0.437426108395E-001
    0.553020000000E+005    0.437844604052E-001
    0.553520000000E+005    0.438262236687E-001
    0.554020000000E+005    0.438679010701E-001
    0.554520000000E+005    0.439094930620E-001
    0.555020000000E+005    0.439510001094E-001
    0.555520000000E+005    0.439924226895E-001
    0.556020000000E+005    0.440337612920E-001
    0.556520000000E+005    0.440750164183E-001
    0.557020000000E+005    0.441161885820E-001
    0.557520000000E+005    0.441572783082E-001
    0.558020000000E+005    0.441982861339E-001
    0.558520000000E+005    0.442392126073E-001
    0.559020000000E+005    0.442800582880E-001
    0.559520000000E+005    0.443208237470E-001
    0.560020000000E+005    0.443615095658E-001
    0.560520000000E+005    0.444021163372E-001
    0.561020000000E+005    0.444426446645E-001
    0.561520000000E+005    0.444830951615E-001
    0.562020000000E+005    0.445234684522E-001
    0.562520000000E+005    0.445637651710E-001
    0.563020000000E+005    0.446039859621E-001
    0.563520000000E+005    0.446441314795E-001
    0.564020000000E+005    0.446842023868E-001
    0.564520000000E+005    0.447241993572E-001
    0.565020000000E+005    0.447641230727E-001
    0.565520000000E+005    0.448039742248E-001
    0.566020000000E+005    0.448437535136E-001
    0.566520000000E+005    0.448834616477E-001
    0.567020000000E+005    0.449230993443E-001
    0.567520000000E+005    0.449626673289E-001
    0.568020000000E+005    0.450021663347E-001
    0.568520000000E+005    0.450415971030E-001
    0.569020000000E+005    0.450809603824E-001
    0.569520000000E+005    0.451202569292E-001
    0.570020000000E+005    0.451594875066E-001
    0.570520000000E+005    0.451986528847E-001
    0.571020000000E+005    0.452377538404E-001
    0.571520000000E+005    0.452767911570E-001
    0.572020000000E+005    0.453157656241E-001
    0.572520000000E+005    0.453546780373E-001
    0.573020000000E+005    0.453935291978E-001
    0.573520000000E+005    0.454323199127E-001
    0.574020000000E+005    0.454710509939E-001
    0.574520000000E+005    0.455097232588E-001
    0.575020000000E+005    0.455483375294E-001
    0.575520000000E+005    0.455868946323E-001
    0.576020000000E+005    0.456253953985E-001
    0.576520000000E+005    0.456638406628E-001
    0.577020000000E+005    0.457022312641E-001
    0.577520000000E+005    0.457405680449E-001
    0.578020000000E+005    0.457788518508E-001
    0.578520000000E+005    0.458170835307E-001
    0.579020000000E+005    0.458552639362E-001
    0.579520000000E+005    0.458933939213E-001
    0.580020000000E+005    0.459314743426E-001
    0.580520000000E+005    0.459695060586E-001
    0.581020000000E+005    0.460074899296E-001
    0.581520000000E+005    0.460454268174E-001
    0.582020000000E+005    0.460833175850E-001
    0.582520000000E+005    0.461211630966E-001
    0.583020000000E+005    0.461589642170E-001
    0.583520000000E+005    0.461967218114E-001
    0.584020000000E+005    0.462344367455E-001
    0.584520000000E+005    0.462721098846E-001
    0.585020000000E+005    0.463097420939E-001
    0.585520000000E+005    0.463473342381E-001
    0.586020000000E+005    0.463848871808E-001
    0.586520000000E+005    0.464224017848E-001
    0.587020000000E+005    0.464598789113E-001
    0.587520000000E+005    0.464973194199E-001
    0.588020000000E+005    0.465347241686E-001
    0.588520000000E+005    0.465720940129E-001
    0.589020000000E+005    0.466094298060E-001
    0.589520000000E+005    0.466467323985E-001
    0.590020000000E+005    0.466840026381E-001
    0.590520000000E+005    0.467212413692E-001
    0.591020000000E+005    0.467584494329E-001
    0.591520000000E+005    0.467956276665E-001
    0.592020000000E+005    0.468327769033E-001
    0.592520000000E+005    0.468698979725E-001
    0.593020000000E+005    0.469069916988E-001
    0.593520000000E+005    0.469440589024E-001
    0.594020000000E+005    0.469811003982E-001
    0.594520000000E+005    0.470181169961E-001
    0.595020000000E+005    0.470551095005E-001
    0.595520000000E+005    0.470920787103E-001
    0.596020000000E+005    0.471290254182E-001
    0.596520000000E+005    0.471659504109E-001
    0.597020000000E+005    0.472028544686E-001
    0.597520000000E+005    0.472397383651E-001
    0.598020000000E+005    0.472766028671E-001
    0.598520000000E+005    0.473134487344E-001
    0.599020000000E+005    0.473502767192E-001
    0.599520000000E+005    0.473870875666E-001
    0.600020000000E+005    0.474238820135E-001
    0.600520000000E+005    0.474606607892E-001
    0.601020000000E+005    0.474974246146E-001
    0.601520000000E+005    0.475341742023E-001
    0.602020000000E+005    0.475709102563E-001
    0.602520000000E+005    0.476076334718E-001
    0.603020000000E+005    0.476443445349E-001
    0.603520000000E+005    0.476810441227E-001
    0.604020000000E+005    0.477177329028E-001
    0.604520000000E+005    0.477544115333E-001
    0.605020000000E+005    0.477910806624E-001
    0.605520000000E+005    0.478277409284E-001
    0.606020000000E+005    0.478643929597E-001
    0.606520000000E+005    0.479010373742E-001
    0.607020000000E+005    0.479376747794E-001
    0.607520000000E+005    0.479743057721E-001
    0.608020000000E+005    0.480109309386E-001
    0.608520000000E+005    0.480475508540E-001
    0.609020000000E+005    0.480841660823E-001
    0.609520000000E+005    0.481207771765E-001
    0.610020000000E+005    0.481573846781E-001
    0.610520000000E+005    0.481939891170E-001
    0.611020000000E+005    0.482305910115E-001
    0.611520000000E+005    0.482671908684E-001
    0.612020000000E+005    0.483037891823E-001
    0.612520000000E+005    0.483403864358E-001
    0.613020000000E+005    0.483769830995E-001
    0.613520000000E+005    0.484135796317E-001
    0.614020000000E+005    0.484501764784E-001
    0.614520000000E+005    0.484867740732E-001
    0.615020000000E+005    0.485233728371E-001
    0.615520000000E+005    0.485599731785E-001
    0.616020000000E+005    0.485965754930E-001
    0.616520000000E+005    0.486331801635E-001
    0.617020000000E+005    0.486697875602E-001
    0.617520000000E+005    0.487063980402E-001
    0.618020000000E+005    0.487430119475E-001
    0.618520000000E+005    0.487796296132E-001
    0.619020000000E+005    0.488162513553E-001
    0.619520000000E+005    0.488528774787E-001
    0.620020000000E+005    0.488895082750E-001
    0.620520000000E+005    0.489261440224E-001
    0.621020000000E+005    0.489627849862E-001
    0.621520000000E+005    0.489994314182E-001
    0.622020000000E+005    0.490360835568E-001
    0.622520000000E+005    0.490727416272E-001
    0.623020000000E+005    0.491094058411E-001
    0.623520000000E+005    0.491460763970E-001
    0.624020000000E+005    0.491827534799E-001
    0.624520000000E+005    0.492194372616E-001
    0.625020000000E+005    0.492561279002E-001
    0.625520000000E+005    0.492928255408E-001
    0.626020000000E+005    0.493295303150E-001
    0.626520000000E+005    0.493662423410E-001
    0.627020000000E+005    0.494029617240E-001
    0.627520000000E+005    0.494396885556E-001
    0.628020000000E+005    0.494764229143E-001
    0.628520000000E+005    0.495131648655E-001
    0.629020000000E+005    0.495499144613E-001
    0.629520000000E+005    0.495866717408E-001
    0.630020000000E+005    0.496234367301E-001
    0.630520000000E+005    0.496602094421E-001
    0.631020000000E+005    0.496969898770E-001
    0.631520000000E+005    0.497337780220E-001
    0.632020000000E+005    0.497705738515E-001
    0.632520000000E+005    0.498073773272E-001
    0.633020000000E+005    0.498441883983E-001
    0.633520000000E+005    0.498810070012E-001
    0.634020000000E+005    0.499178330599E-001
    0.634520000000E+005    0.499546664860E-001
    0.635020000000E+005    0.499915071790E-001
    0.635520000000E+005    0.500283550259E-001
    0.636020000000E+005    0.500652099017E-001
    0.636520000000E+005    0.501020716696E-001
    0.637020000000E+005    0.501389401806E-001
    0.637520000000E+005    0.501758152741E-001
    0.638020000000E+005    0.502126967778E-001
    0.638520000000E+005    0.502495845079E-001
    0.639020000000E+005    0.502864782691E-001
    0.639520000000E+005    0.503233778549E-001
    0.640020000000E+005    0.503602830473E-001
    0.640520000000E+005    0.503971936177E-001
    0.641020000000E+005    0.504341093264E-001
    0.641520000000E+005    0.504710299227E-001
    0.642020000000E+005    0.505079551456E-001
    0.642520000000E+005    0.505448847234E-001
    0.643020000000E+005    0.505818183741E-001
    0.643520000000E+005    0.506187558053E-001
    0.644020000000E+005    0.506556967149E-001
    0.644520000000E+005    0.506926407905E-001
    0.645020000000E+005    0.507295877102E-001
    0.645520000000E+005    0.507665371423E-001
    0.646020000000E+005    0.508034887456E-001
    0.646520000000E+005    0.508404421698E-001
    0.647020000000E+005    0.508773970554E-001
    0.647520000000E+005    0.509143530336E-001
    0.648020000000E+005    0.509513097273E-001
    0.648520000000E+005    0.509882667502E-001
    0.649020000000E+005    0.510252237079E-001
    0.649520000000E+005    0.510621801974E-001
    0.650020000000E+005    0.510991358076E-001
    0.650520000000E+005    0.511360901196E-001
    0.651020000000E+005    0.511730427064E-001
    0.651520000000E+005    0.512099931334E-001
    0.652020000000E+005    0.512469409586E-001
    0.652520000000E+005    0.512838857325E-001
    0.653020000000E+005    0.513208269987E-001
    0.653520000000E+005    0.513577642937E-001
    0.654020000000E+005    0.513946971470E-001
    0.654520000000E+005    0.514316250818E-001
    0.655020000000E+005    0.514685476147E-001
    0.655520000000E+005    0.515054642559E-001
    0.656020000000E+005    0.515423745097E-001
    0.656520000000E+005    0.515792778744E-001
    0.657020000000E+005    0.516161738424E-001
    0.657520000000E+005    0.516530619008E-001
    0.658020000000E+005    0.516899415310E-001
    0.658520000000E+005    0.517268122093E-001
    0.659020000000E+005    0.517636734070E-001
    0.659520000000E+005    0.518005245904E-001
    0.660020000000E+005    0.518373652212E-001
    0.660520000000E+005    0.518741947565E-001
    0.661020000000E+005    0.519110126490E-001
    0.661520000000E+005    0.519478183473E-001
    0.662020000000E+005    0.519846112959E-001
    0.662520000000E+005    0.520213909356E-001
    0.663020000000E+005    0.520581567033E-001
    0.663520000000E+005    0.520949080326E-001
    0.664020000000E+005    0.521316443536E-001
    0.664520000000E+005    0.521683650934E-001
    0.665020000000E+005    0.522050696761E-001
    0.665520000000E+005    0.522417575228E-001
    0.666020000000E+005    0.522784280520E-001
    0.666520000000E+005    0.523150806798E-001
    0.667020000000E+005    0.523517148200E-001
    0.667520000000E+005    0.523883298840E-001
    0.668020000000E+005    0.524249252814E-001
    0.668520000000E+005    0.524615004199E-001
    0.669020000000E+005    0.524980547054E-001
    0.669520000000E+005    0.525345875426E-001
    0.670020000000E+005    0.525710983344E-001
    0.670520000000E+005    0.526075864828E-001
    0.671020000000E+005    0.526440513887E-001
    0.671520000000E+005    0.526804924519E-001
    0.672020000000E+005    0.527169090718E-001
    0.672520000000E+005    0.527533006468E-001
    0.673020000000E+005    0.527896665752E-001
    0.673520000000E+005    0.528260062548E-001
    0.674020000000E+005    0.528623190833E-001
    0.674520000000E+005    0.528986044584E-001
    0.675020000000E+005    0.529348617780E-001
    0.675520000000E+005    0.529710904402E-001
    0.676020000000E+005    0.530072898436E-001
    0.676520000000E+005    0.530434593872E-001
    0.677020000000E+005    0.530795984709E-001
    0.677520000000E+005    0.531157064954E-001
    0.678020000000E+005    0.531517828622E-001
    0.678520000000E+005    0.531878269743E-001
    0.679020000000E+005    0.532238382355E-001
    0.679520000000E+005    0.532598160512E-001
    0.680020000000E+005    0.532957598284E-001
    0.680520000000E+005    0.533316689755E-001
    0.681020000000E+005    0.533675429028E-001
    0.681520000000E+005    0.534033810226E-001
    0.682020000000E+005    0.534391827489E-001
    0.682520000000E+005    0.534749474981E-001
    0.683020000000E+005    0.535106746888E-001
    0.683520000000E+005    0.535463637418E-001
    0.684020000000E+005    0.535820140807E-001
    0.684520000000E+005    0.536176251314E-001
    0.685020000000E+005    0.536531963227E-001
    0.685520000000E+005    0.536887270862E-001
    0.686020000000E+005    0.537242168565E-001
    0.686520000000E+005    0.537596650710E-001
    0.687020000000E+005    0.537950711706E-001
    0.687520000000E+005    0.538304345994E-001
    0.688020000000E+005    0.538657548046E-001
    0.688520000000E+005    0.539010312371E-001
    0.689020000000E+005    0.539362633515E-001
    0.689520000000E+005    0.539714506059E-001
    0.690020000000E+005    0.540065924621E-001
    0.690520000000E+005    0.540416883861E-001
    0.691020000000E+005    0.540767378475E-001
    0.691520000000E+005    0.541117403202E-001
    0.692020000000E+005    0.541466952822E-001
    0.692520000000E+005    0.541816022159E-001
    0.693020000000E+005    0.542164606077E-001
    0.693520000000E+005    0.542512699488E-001
    0.694020000000E+005    0.542860297348E-001
    0.694520000000E+005    0.543207394657E-001
    0.695020000000E+005    0.543553986465E-001
    0.695520000000E+005    0.543900067868E-001
    0.696020000000E+005    0.544245634011E-001
    0.696520000000E+005    0.544590680089E-001
    0.697020000000E+005    0.544935201346E-001
    0.697520000000E+005    0.545279193077E-001
    0.698020000000E+005    0.545622650631E-001
    0.698520000000E+005    0.545965569405E-001
    0.699020000000E+005    0.546307944853E-001
    0.699520000000E+005    0.546649772483E-001
    0.700020000000E+005    0.546991047853E-001
    0.700520000000E+005    0.547331766582E-001
    0.701020000000E+005    0.547671924342E-001
    0.701520000000E+005    0.548011516861E-001
    0.702020000000E+005    0.548350539926E-001
    0.702520000000E+005    0.548688989380E-001
    0.703020000000E+005    0.549026861127E-001
    0.703520000000E+005    0.549364151128E-001
    0.704020000000E+005    0.549700855404E-001
    0.704520000000E+005    0.550036970037E-001
    0.705020000000E+005    0.550372491169E-001
    0.705520000000E+005    0.550707415004E-001
    0.706020000000E+005    0.551041737807E-001
    0.706520000000E+005    0.551375455906E-001
    0.707020000000E+005    0.551708565693E-001
    0.707520000000E+005    0.552041063622E-001
    0.708020000000E+005    0.552372946210E-001
    0.708520000000E+005    0.552704210041E-001
    0.709020000000E+005    0.553034851762E-001
    0.709520000000E+005    0.553364868085E-001
    0.710020000000E+005    0.553694255789E-001
    0.710520000000E+005    0.554023011718E-001
    0.711020000000E+005    0.554351132783E-001
    0.711520000000E+005    0.554678615961E-001
    0.712020000000E+005    0.555005458297E-001
    0.712520000000E+005    0.555331656905E-001
    0.713020000000E+005    0.555657208963E-001
    0.713520000000E+005    0.555982111721E-001
    0.714020000000E+005    0.556306362496E-001
    0.714520000000E+005    0.556629958674E-001
    0.715020000000E+005    0.556952897709E-001
    0.715520000000E+005    0.557275177127E-001
    0.716020000000E+005    0.557596794521E-001
    0.716520000000E+005    0.557917747556E-001
    0.717020000000E+005    0.558238033966E-001
    0.717520000000E+005    0.558557651555E-001
    0.718020000000E+005    0.558876598198E-001
    0.718520000000E+005    0.559194871842E-001
    0.719020000000E+005    0.559512470502E-001
    0.719520000000E+005    0.559829392267E-001
    0.720020000000E+005    0.560145635296E-001
    0.720520000000E+005    0.560461197820E-001
    0.721020000000E+005    0.560776078139E-001
    0.721520000000E+005    0.561090274627E-001
    0.722020000000E+005    0.561403785730E-001
    0.722520000000E+005    0.561716609963E-001
    0.723020000000E+005    0.562028745916E-001
    0.723520000000E+005    0.562340192249E-001
    0.724020000000E+005    0.562650947695E-001
    0.724520000000E+005    0.562961011056E-001
    0.725020000000E+005    0.563270381209E-001
    0.725520000000E+005    0.563579057103E-001
    0.726020000000E+005    0.563887037756E-001
    0.726520000000E+005    0.564194322260E-001
    0.727020000000E+005    0.564500909778E-001
    0.727520000000E+005    0.564806799546E-001
    0.728020000000E+005    0.565111990869E-001
    0.728520000000E+005    0.565416483125E-001
    0.729020000000E+005    0.565720275765E-001
    0.729520000000E+005    0.566023368308E-001
    0.730020000000E+005    0.566325760345E-001
    0.730520000000E+005    0.566627451541E-001
    0.731020000000E+005    0.566928441628E-001
    0.731520000000E+005    0.567228730410E-001
    0.732020000000E+005    0.567528317761E-001
    0.732520000000E+005    0.567827203627E-001
    0.733020000000E+005    0.568125388021E-001
    0.733520000000E+005    0.568422871028E-001
    0.734020000000E+005    0.568719652801E-001
    0.734520000000E+005    0.569015733564E-001
    0.735020000000E+005    0.569311113608E-001
    0.735520000000E+005    0.569605793293E-001
    0.736020000000E+005    0.569899773048E-001
    0.736520000000E+005    0.570193053369E-001
    0.737020000000E+005    0.570485634821E-001
    0.737520000000E+005    0.570777518034E-001
    0.738020000000E+005    0.571068703707E-001
    0.738520000000E+005    0.571359192605E-001
    0.739020000000E+005    0.571648985559E-001
    0.739520000000E+005    0.571938083463E-001
    0.740020000000E+005    0.572226487282E-001
    0.740520000000E+005    0.572514198039E-001
    0.741020000000E+005    0.572801216827E-001
    0.741520000000E+005    0.573087544800E-001
    0.742020000000E+005    0.573373183175E-001
    0.742520000000E+005    0.573658133234E-001
    0.743020000000E+005    0.573942396318E-001
    0.743520000000E+005    0.574225973834E-001
    0.744020000000E+005    0.574508867248E-001
    0.744520000000E+005    0.574791078085E-001
    0.745020000000E+005    0.575072607933E-001
    0.745520000000E+005    0.575353458439E-001
    0.746020000000E+005    0.575633631308E-001
    0.746520000000E+005    0.575913128303E-001
    0.747020000000E+005    0.576191951247E-001
    0.747520000000E+005    0.576470102018E-001
    0.748020000000E+005    0.576747582551E-001
    0.748520000000E+005    0.577024394837E-001
    0.749020000000E+005    0.577300540922E-001
    0.749520000000E+005    0.577576022906E-001
    0.750020000000E+005    0.577850842943E-001
    0.750520000000E+005    0.578125003241E-001
    0.751020000000E+005    0.578398506058E-001
    0.751520000000E+005    0.578671353706E-001
    0.752020000000E+005    0.578943548546E-001
    0.752520000000E+005    0.579215092990E-001
    0.753020000000E+005    0.579485989499E-001
    0.753520000000E+005    0.579756240583E-001
    0.754020000000E+005    0.580025848798E-001
    0.754520000000E+005    0.580294816748E-001
    0.755020000000E+005    0.580563147084E-001
    0.755520000000E+005    0.580830842501E-001
    0.756020000000E+005    0.581097905739E-001
    0.756520000000E+005    0.581364339580E-001
    0.757020000000E+005    0.581630146851E-001
    0.757520000000E+005    0.581895330419E-001
    0.758020000000E+005    0.582159893193E-001
    0.758520000000E+005    0.582423838121E-001
    0.759020000000E+005    0.582687168192E-001
    0.759520000000E+005    0.582949886431E-001
    0.760020000000E+005    0.583211995902E-001
    0.760520000000E+005    0.583473499704E-001
    0.761020000000E+005    0.583734400972E-001
    0.761520000000E+005    0.583994702877E-001
    0.762020000000E+005    0.584254408621E-001
    0.762520000000E+005    0.584513521439E-001
    0.763020000000E+005    0.584772044601E-001
    0.763520000000E+005    0.585029981402E-001
    0.764020000000E+005    0.585287335172E-001
    0.764520000000E+005    0.585544109267E-001
    0.765020000000E+005    0.585800307069E-001
    0.765520000000E+005    0.586055931991E-001
    0.766020000000E+005    0.586310987469E-001
    0.766520000000E+005    0.586565476964E-001
    0.767020000000E+005    0.586819403959E-001
    0.767520000000E+005    0.587072771963E-001
    0.768020000000E+005    0.587325584504E-001
    0.768520000000E+005    0.587577845132E-001
    0.769020000000E+005    0.587829557415E-001
    0.769520000000E+005    0.588080724940E-001
    0.770020000000E+005    0.588331351312E-001
    0.770520000000E+005    0.588581440153E-001
    0.771020000000E+005    0.588830995097E-001
    0.771520000000E+005    0.589080019796E-001
    0.772020000000E+005    0.589328517913E-001
    0.772520000000E+005    0.589576493123E-001
    0.773020000000E+005    0.589823949113E-001
    0.773520000000E+005    0.590070889581E-001
    0.774020000000E+005    0.590317318230E-001
    0.774520000000E+005    0.590563238774E-001
    0.775020000000E+005    0.590808654934E-001
    0.775520000000E+005    0.591053570434E-001
    0.776020000000E+005    0.591297989005E-001
    0.776520000000E+005    0.591541914380E-001
    0.777020000000E+005    0.591785350295E-001
    0.777520000000E+005    0.592028300487E-001
    0.778020000000E+005    0.592270768694E-001
    0.778520000000E+005    0.592512758653E-001
    0.779020000000E+005    0.592754274098E-001
    0.779520000000E+005    0.592995318760E-001
    0.780020000000E+005    0.593235896369E-001
    0.780520000000E+005    0.593476010646E-001
    0.781020000000E+005    0.593715665308E-001
    0.781520000000E+005    0.593954864064E-001
    0.782020000000E+005    0.594193610615E-001
    0.782520000000E+005    0.594431908653E-001
    0.783020000000E+005    0.594669761858E-001
    0.783520000000E+005    0.594907173901E-001
    0.784020000000E+005    0.595144148439E-001
    0.784520000000E+005    0.595380689115E-001
    0.785020000000E+005    0.595616799558E-001
    0.785520000000E+005    0.595852483383E-001
    0.786020000000E+005    0.596087744185E-001
    0.786520000000E+005    0.596322585546E-001
    0.787020000000E+005    0.596557011024E-001
    0.787520000000E+005    0.596791024162E-001
    0.788020000000E+005    0.597024628479E-001
    0.788520000000E+005    0.597257827475E-001
    0.789020000000E+005    0.597490624627E-001
    0.789520000000E+005    0.597723023386E-001
    0.790020000000E+005    0.597955027182E-001
    0.790520000000E+005    0.598186639417E-001
    0.791020000000E+005    0.598417863467E-001
    0.791520000000E+005    0.598648702682E-001
    0.792020000000E+005    0.598879160383E-001
    0.792520000000E+005    0.599109239861E-001
    0.793020000000E+005    0.599338944379E-001
    0.793520000000E+005    0.599568277166E-001
    0.794020000000E+005    0.599797241422E-001
    0.794520000000E+005    0.600025840314E-001
    0.795020000000E+005    0.600254076973E-001
    0.795520000000E+005    0.600481954498E-001
    0.796020000000E+005    0.600709475952E-001
    0.796520000000E+005    0.600936644362E-001
    0.797020000000E+005    0.601163462718E-001
    0.797520000000E+005    0.601389933973E-001
    0.798020000000E+005    0.601616061041E-001
    0.798520000000E+005    0.601841846796E-001
    0.799020000000E+005    0.602067294074E-001
    0.799520000000E+005    0.602292405668E-001
    0.800020000000E+005    0.602517184331E-001
    0.800520000000E+005    0.602741632774E-001
    0.801020000000E+005    0.602965753664E-001
    0.801520000000E+005    0.603189549626E-001
    0.802020000000E+005    0.603413023240E-001
    0.802520000000E+005    0.603636177041E-001
    0.803020000000E+005    0.603859013518E-001
    0.803520000000E+005    0.604081535115E-001
    0.804020000000E+005    0.604303744229E-001
    0.804520000000E+005    0.604525643209E-001
    0.805020000000E+005    0.604747234357E-001
    0.805520000000E+005    0.604968519927E-001
    0.806020000000E+005    0.605189502122E-001
    0.806520000000E+005    0.605410183097E-001
    0.807020000000E+005    0.605630564957E-001
    0.807520000000E+005    0.605850649756E-001
    0.808020000000E+005    0.606070439498E-001
    0.808520000000E+005    0.606289936134E-001
    0.809020000000E+005    0.606509141564E-001
    0.809520000000E+005    0.606728057635E-001
    0.810020000000E+005    0.606946686143E-001
    0.810520000000E+005    0.607165028830E-001
    0.811020000000E+005    0.607383087383E-001
    0.811520000000E+005    0.607600863438E-001
    0.812020000000E+005    0.607818358575E-001
    0.812520000000E+005    0.608035574321E-001
    0.813020000000E+005    0.608252512145E-001
    0.813520000000E+005    0.608469173465E-001
    0.814020000000E+005    0.608685559642E-001
    0.814520000000E+005    0.608901671980E-001
    0.815020000000E+005    0.609117511730E-001
    0.815520000000E+005    0.609333080086E-001
    0.816020000000E+005    0.609548378185E-001
    0.816520000000E+005    0.609763407109E-001
    0.817020000000E+005    0.609978167882E-001
    0.817520000000E+005    0.610192661473E-001
    0.818020000000E+005    0.610406888793E-001
    0.818520000000E+005    0.610620850697E-001
    0.819020000000E+005    0.610834547983E-001
    0.819520000000E+005    0.611047981392E-001
    0.820020000000E+005    0.611261151609E-001
    0.820520000000E+005    0.611474059260E-001
    0.821020000000E+005    0.611686704916E-001
    0.821520000000E+005    0.611899089089E-001
    0.822020000000E+005    0.612111212236E-001
    0.822520000000E+005    0.612323074756E-001
    0.823020000000E+005    0.612534676991E-001
    0.823520000000E+005    0.612746019229E-001
    0.824020000000E+005    0.612957101697E-001
    0.824520000000E+005    0.613167924569E-001
    0.825020000000E+005    0.613378487960E-001
    0.825520000000E+005    0.613588791931E-001
    0.826020000000E+005    0.613798836486E-001
    0.826520000000E+005    0.614008621574E-001
    0.827020000000E+005    0.614218147087E-001
    0.827520000000E+005    0.614427412862E-001
    0.828020000000E+005    0.614636418682E-001
    0.828520000000E+005    0.614845164273E-001
    0.829020000000E+005    0.615053649309E-001
    0.829520000000E+005    0.615261873408E-001
    0.830020000000E+005    0.615469836134E-001
    0.830520000000E+005    0.615677536997E-001
    0.831020000000E+005    0.615884975456E-001
    0.831520000000E+005    0.616092150914E-001
    0.832020000000E+005    0.616299062723E-001
    0.832520000000E+005    0.616505710183E-001
    0.833020000000E+005    0.616712092540E-001
    0.833520000000E+005    0.616918208993E-001
    0.834020000000E+005    0.617124058684E-001
    0.834520000000E+005    0.617329640711E-001
    0.835020000000E+005    0.617534954116E-001
    0.835520000000E+005    0.617739997895E-001
    0.836020000000E+005    0.617944770993E-001
    0.836520000000E+005    0.618149272309E-001
    0.837020000000E+005    0.618353500692E-001
    0.837520000000E+005    0.618557454942E-001
    0.838020000000E+005    0.618761133814E-001
    0.838520000000E+005    0.618964536017E-001
    0.839020000000E+005    0.619167660213E-001
    0.839520000000E+005    0.619370505018E-001
    0.840020000000E+005    0.619573069004E-001
    0.840520000000E+005    0.619775350700E-001
    0.841020000000E+005    0.619977348588E-001
    0.841520000000E+005    0.620179061112E-001
    0.842020000000E+005    0.620380486669E-001
    0.842520000000E+005    0.620581623617E-001
    0.843020000000E+005    0.620782470273E-001
    0.843520000000E+005    0.620983024911E-001
    0.844020000000E+005    0.621183285770E-001
    0.844520000000E+005    0.621383251044E-001
    0.845020000000E+005    0.621582918895E-001
    0.845520000000E+005    0.621782287442E-001
    0.846020000000E+005    0.621981354770E-001
    0.846520000000E+005    0.622180118927E-001
    0.847020000000E+005    0.622378577926E-001
    0.847520000000E+005    0.622576729744E-001
    0.848020000000E+005    0.622774572326E-001
    0.848520000000E+005    0.622972103581E-001
    0.849020000000E+005    0.623169321388E-001
    0.849520000000E+005    0.623366223592E-001
    0.850020000000E+005    0.623562808009E-001
    0.850520000000E+005    0.623759072424E-001
    0.851020000000E+005    0.623955014591E-001
    0.851520000000E+005    0.624150632237E-001
    0.852020000000E+005    0.624345923060E-001
    0.852520000000E+005    0.624540884733E-001
    0.853020000000E+005    0.624735514900E-001
    0.853520000000E+005    0.624929811180E-001
    0.854020000000E+005    0.625123771167E-001
    0.854520000000E+005    0.625317392434E-001
    0.855020000000E+005    0.625510672525E-001
    0.855520000000E+005    0.625703608968E-001
    0.856020000000E+005    0.625896199265E-001
    0.856520000000E+005    0.626088440898E-001
    0.857020000000E+005    0.626280331331E-001
    0.857520000000E+005    0.626471868006E-001
    0.858020000000E+005    0.626663048349E-001
    0.858520000000E+005    0.626853869767E-001
    0.859020000000E+005    0.627044329652E-001
    0.859520000000E+005    0.627234425377E-001
    0.860020000000E+005    0.627424154303E-001
    0.860520000000E+005    0.627613513776E-001
    0.861020000000E+005    0.627802501128E-001
    0.861520000000E+005    0.627991113677E-001
    0.862020000000E+005    0.628179348733E-001
    0.862520000000E+005    0.628367203590E-001
    0.863020000000E+005    0.628554675536E-001
    0.863520000000E+005    0.628741761849E-001
    0.864020000000E+005    0.628928459795E-001
    0.864520000000E+005    0.629114766636E-001
    0.865020000000E+005    0.629300679626E-001
    0.865520000000E+005    0.629486196012E-001
    0.866020000000E+005    0.629671313037E-001
    0.866520000000E+005    0.629856027938E-001
    0.867020000000E+005    0.630040337948E-001
    0.867520000000E+005    0.630224240299E-001
    0.868020000000E+005    0.630407732220E-001
    0.868520000000E+005    0.630590810937E-001
    0.869020000000E+005    0.630773473677E-001
    0.869520000000E+005    0.630955717667E-001
    0.870020000000E+005    0.631137540134E-001
    0.870520000000E+005    0.631318938309E-001
    0.871020000000E+005    0.631499909422E-001
    0.871520000000E+005    0.631680450708E-001
    0.872020000000E+005    0.631860559407E-001
    0.872520000000E+005    0.632040232762E-001
    0.873020000000E+005    0.632219468022E-001
    0.873520000000E+005    0.632398262443E-001
    0.874020000000E+005    0.632576613285E-001
    0.874520000000E+005    0.632754517820E-001
    0.875020000000E+005    0.632931973325E-001
    0.875520000000E+005    0.633108977087E-001
    0.876020000000E+005    0.633285526403E-001
    0.876520000000E+005    0.633461618581E-001
    0.877020000000E+005    0.633637250938E-001
    0.877520000000E+005    0.633812420806E-001
    0.878020000000E+005    0.633987125527E-001
    0.878520000000E+005    0.634161362457E-001
    0.879020000000E+005    0.634335128967E-001
    0.879520000000E+005    0.634508422439E-001
    0.880020000000E+005    0.634681240275E-001
    0.880520000000E+005    0.634853579890E-001
    0.881020000000E+005    0.635025438714E-001
    0.881520000000E+005    0.635196814198E-001
    0.882020000000E+005    0.635367703807E-001
    0.882520000000E+005    0.635538105028E-001
    0.883020000000E+005    0.635708015362E-001
    0.883520000000E+005    0.635877432335E-001
    0.884020000000E+005    0.636046353488E-001
    0.884520000000E+005    0.636214776387E-001
    0.885020000000E+005    0.636382698616E-001
    0.885520000000E+005    0.636550117783E-001
    0.886020000000E+005    0.636717031517E-001
    0.886520000000E+005    0.636883437471E-001
    0.887020000000E+005    0.637049333320E-001
    0.887520000000E+005    0.637214716765E-001
    0.888020000000E+005    0.637379585529E-001
    0.888520000000E+005    0.637543937362E-001
    0.889020000000E+005    0.637707770039E-001
    0.889520000000E+005    0.637871081361E-001
    0.890020000000E+005    0.638033869154E-001
    0.890520000000E+005    0.638196131275E-001
    0.891020000000E+005    0.638357865603E-001
    0.891520000000E+005    0.638519070049E-001
    0.892020000000E+005    0.638679742551E-001
    0.892520000000E+005    0.638839881076E-001
    0.893020000000E+005    0.638999483620E-001
    0.893520000000E+005    0.639158548209E-001
    0.894020000000E+005    0.639317072897E-001
    0.894520000000E+005    0.639475055773E-001
    0.895020000000E+005    0.639632494951E-001
    0.895520000000E+005    0.639789388582E-001
    0.896020000000E+005    0.639945734845E-001
    0.896520000000E+005    0.640101531952E-001
    0.897020000000E+005    0.640256778147E-001
    0.897520000000E+005    0.640411471707E-001
    0.898020000000E+005    0.640565610942E-001
    0.898520000000E+005    0.640719194196E-001
    0.899020000000E+005    0.640872219846E-001
    0.899520000000E+005    0.641024686302E-001
    0.900020000000E+005    0.641176592011E-001
    0.900520000000E+005    0.641327935453E-001
    0.901020000000E+005    0.641478715141E-001
    0.901520000000E+005    0.641628929627E-001
    0.902020000000E+005    0.641778577496E-001
    0.902520000000E+005    0.641927657369E-001
    0.903020000000E+005    0.642076167903E-001
    0.903520000000E+005    0.642224107791E-001
    0.904020000000E+005    0.642371475764E-001
    0.904520000000E+005    0.642518270587E-001
    0.905020000000E+005    0.642664491064E-001
    0.905520000000E+005    0.642810136034E-001
    0.906020000000E+005    0.642955204376E-001
    0.906520000000E+005    0.643099695004E-001
    0.907020000000E+005    0.643243606870E-001
    0.907520000000E+005    0.643386938965E-001
    0.908020000000E+005    0.643529690316E-001
    0.908520000000E+005    0.643671859991E-001
    0.909020000000E+005    0.643813447092E-001
    0.909520000000E+005    0.643954450763E-001
    0.910020000000E+005    0.644094870186E-001
    0.910520000000E+005    0.644234704578E-001
    0.911020000000E+005    0.644373953200E-001
    0.911520000000E+005    0.644512615347E-001
    0.912020000000E+005    0.644650690356E-001
    0.912520000000E+005    0.644788177602E-001
    0.913020000000E+005    0.644925076498E-001
    0.913520000000E+005    0.645061386497E-001
    0.914020000000E+005    0.645197107091E-001
    0.914520000000E+005    0.645332237811E-001
    0.915020000000E+005    0.645466778228E-001
    0.915520000000E+005    0.645600727950E-001
    0.916020000000E+005    0.645734086627E-001
    0.916520000000E+005    0.645866853946E-001
    0.917020000000E+005    0.645999029634E-001
    0.917520000000E+005    0.646130613458E-001
    0.918020000000E+005    0.646261605223E-001
    0.918520000000E+005    0.646392004773E-001
    0.919020000000E+005    0.646521811992E-001
    0.919520000000E+005    0.646651026803E-001
    0.920020000000E+005    0.646779649168E-001
    0.920520000000E+005    0.646907679088E-001
    0.921020000000E+005    0.647035116602E-001
    0.921520000000E+005    0.647161961789E-001
    0.922020000000E+005    0.647288214766E-001
    0.922520000000E+005    0.647413875689E-001
    0.923020000000E+005    0.647538944752E-001
    0.923520000000E+005    0.647663422189E-001
    0.924020000000E+005    0.647787308271E-001
    0.924520000000E+005    0.647910603307E-001
    0.925020000000E+005    0.648033307644E-001
    0.925520000000E+005    0.648155421669E-001
    0.926020000000E+005    0.648276945805E-001
    0.926520000000E+005    0.648397880512E-001
    0.927020000000E+005    0.648518226289E-001
    0.927520000000E+005    0.648637983672E-001
    0.928020000000E+005    0.648757153233E-001
    0.928520000000E+005    0.648875735583E-001
    0.929020000000E+005    0.648993731368E-001
    0.929520000000E+005    0.649111141271E-001
    0.930020000000E+005    0.649227966012E-001
    0.930520000000E+005    0.649344206346E-001
    0.931020000000E+005    0.649459863066E-001
    0.931520000000E+005    0.649574936998E-001
    0.932020000000E+005    0.649689429005E-001
    0.932520000000E+005    0.649803339985E-001
    0.933020000000E+005    0.649916670872E-001
    0.933520000000E+005    0.650029422632E-001
    0.934020000000E+005    0.650141596269E-001
    0.934520000000E+005    0.650253192819E-001
    0.935020000000E+005    0.650364213352E-001
    0.935520000000E+005    0.650474658972E-001
    0.936020000000E+005    0.650584530817E-001
    0.936520000000E+005    0.650693830057E-001
    0.937020000000E+005    0.650802557895E-001
    0.937520000000E+005    0.650910715568E-001
    0.938020000000E+005    0.651018304342E-001
    0.938520000000E+005    0.651125325518E-001
    0.939020000000E+005    0.651231780428E-001
    0.939520000000E+005    0.651337670433E-001
    0.940020000000E+005    0.651442996927E-001
    0.940520000000E+005    0.651547761333E-001
    0.941020000000E+005    0.651651965107E-001
    0.941520000000E+005    0.651755609731E-001
    0.942020000000E+005    0.651858696719E-001
    0.942520000000E+005    0.651961227613E-001
    0.943020000000E+005    0.652063203985E-001
    0.943520000000E+005    0.652164627434E-001
    0.944020000000E+005    0.652265499587E-001
    0.944520000000E+005    0.652365822100E-001
    0.945020000000E+005    0.652465596655E-001
    0.945520000000E+005    0.652564824961E-001
    0.946020000000E+005    0.652663508753E-001
    0.946520000000E+005    0.652761649793E-001
    0.947020000000E+005    0.652859249868E-001
    0.947520000000E+005    0.652956310791E-001
    0.948020000000E+005    0.653052834398E-001
    0.948520000000E+005    0.653148822551E-001
    0.949020000000E+005    0.653244277135E-001
    0.949520000000E+005    0.653339200059E-001
    0.950020000000E+005    0.653433593256E-001
    0.950520000000E+005    0.653527458679E-001
    0.951020000000E+005    0.653620798305E-001
    0.951520000000E+005    0.653713614132E-001
    0.952020000000E+005    0.653805908181E-001
    0.952520000000E+005    0.653897682492E-001
    0.953020000000E+005    0.653988939126E-001
    0.953520000000E+005    0.654079680164E-001
    0.954020000000E+005    0.654169907705E-001
    0.954520000000E+005    0.654259623869E-001
    0.955020000000E+005    0.654348830794E-001
    0.955520000000E+005    0.654437530636E-001
    0.956020000000E+005    0.654525725568E-001
    0.956520000000E+005    0.654613417780E-001
    0.957020000000E+005    0.654700609479E-001
    0.957520000000E+005    0.654787302888E-001
    0.958020000000E+005    0.654873500247E-001
    0.958520000000E+005    0.654959203808E-001
    0.959020000000E+005    0.655044415841E-001
    0.959520000000E+005    0.655129138627E-001
    0.960020000000E+005    0.655213374464E-001
    0.960520000000E+005    0.655297125660E-001
    0.961020000000E+005    0.655380394538E-001
    0.961520000000E+005    0.655463183432E-001
    0.962020000000E+005    0.655545494687E-001
    0.962520000000E+005    0.655627330660E-001
    0.963020000000E+005    0.655708693720E-001
    0.963520000000E+005    0.655789586243E-001
    0.964020000000E+005    0.655870010618E-001
    0.964520000000E+005    0.655949969240E-001
    0.965020000000E+005    0.656029464514E-001
    0.965520000000E+005    0.656108498854E-001
    0.966020000000E+005    0.656187074680E-001
    0.966520000000E+005    0.656265194420E-001
    0.967020000000E+005    0.656342860508E-001
    0.967520000000E+005    0.656420075383E-001
    0.968020000000E+005    0.656496841493E-001
    0.968520000000E+005    0.656573161287E-001
    0.969020000000E+005    0.656649037221E-001
    0.969520000000E+005    0.656724471754E-001
    0.970020000000E+005    0.656799467348E-001
    0.970520000000E+005    0.656874026469E-001
    0.971020000000E+005    0.656948151585E-001
    0.971520000000E+005    0.657021845165E-001
    0.972020000000E+005    0.657095109682E-001
    0.972520000000E+005    0.657167947606E-001
    0.973020000000E+005    0.657240361411E-001
    0.973520000000E+005    0.657312353569E-001
    0.974020000000E+005    0.657383926551E-001
    0.974520000000E+005    0.657455082828E-001
    0.975020000000E+005    0.657525824868E-001
    0.975520000000E+005    0.657596155139E-001
    0.976020000000E+005    0.657666076105E-001
    0.976520000000E+005    0.657735590226E-001
    0.977020000000E+005    0.657804699960E-001
    0.977520000000E+005    0.657873407759E-001
    0.978020000000E+005    0.657941716072E-001
    0.978520000000E+005    0.658009627343E-001
    0.979020000000E+005    0.658077144008E-001
    0.979520000000E+005    0.658144268499E-001
    0.980020000000E+005    0.658211003242E-001
    0.980520000000E+005    0.658277350653E-001
    0.981020000000E+005    0.658343313144E-001
    0.981520000000E+005    0.658408893115E-001
    0.982020000000E+005    0.658474092962E-001
    0.982520000000E+005    0.658538915068E-001
    0.983020000000E+005    0.658603361809E-001
    0.983520000000E+005    0.658667435550E-001
    0.984020000000E+005    0.658731138646E-001
    0.984520000000E+005    0.658794473441E-001
    0.985020000000E+005    0.658857442267E-001
    0.985520000000E+005    0.658920047447E-001
    0.986020000000E+005    0.658982291289E-001
    0.986520000000E+005    0.659044176089E-001
    0.987020000000E+005    0.659105704130E-001
    0.987520000000E+005    0.659166877683E-001
    0.988020000000E+005    0.659227699003E-001
    0.988520000000E+005    0.659288170332E-001
    0.989020000000E+005    0.659348293896E-001
    0.989520000000E+005    0.659408071908E-001
    0.990020000000E+005    0.659467506563E-001
    0.990520000000E+005    0.659526600043E-001
    0.991020000000E+005    0.659585354509E-001
    0.991520000000E+005    0.659643772111E-001
    0.992020000000E+005    0.659701854977E-001
    0.992520000000E+005    0.659759605221E-001
    0.993020000000E+005    0.659817024936E-001
    0.993520000000E+005    0.659874116199E-001
    0.994020000000E+005    0.659930881068E-001
    0.994520000000E+005    0.659987321582E-001
    0.995020000000E+005    0.660043439760E-001
    0.995520000000E+005    0.660099237601E-001
    0.996020000000E+005    0.660154717085E-001
    0.996520000000E+005    0.660209880172E-001
    0.997020000000E+005    0.660264728801E-001
    0.997520000000E+005    0.660319264889E-001
    0.998020000000E+005    0.660373490332E-001
    0.998520000000E+005    0.660427407005E-001
    0.999020000000E+005    0.660481016760E-001
    0.999520000000E+005    0.660534321430E-001
