TITLE = "0D Field KU"
VARIABLES = N ,"KU_Ha10Rem100Re10000"
ZONE DATAPACKING = POINT
    0.200000000000E+001    0.560151387005E-043
    0.520000000000E+002    0.442012322797E-040
    0.102000000000E+003    0.156778276090E-039
    0.152000000000E+003    0.341284885944E-039
    0.202000000000E+003    0.580656484557E-039
    0.252000000000E+003    0.889769319125E-039
    0.302000000000E+003    0.124888178668E-038
    0.352000000000E+003    0.207108232583E-038
    0.402000000000E+003    0.124609964101E-037
    0.452000000000E+003    0.147928764115E-036
    0.502000000000E+003    0.181419350105E-035
    0.552000000000E+003    0.179172994773E-034
    0.602000000000E+003    0.137915635366E-033
    0.652000000000E+003    0.878919403306E-033
    0.702000000000E+003    0.482895597567E-032
    0.752000000000E+003    0.233413737306E-031
    0.802000000000E+003    0.101040797712E-030
    0.852000000000E+003    0.397158956758E-030
    0.902000000000E+003    0.143355447068E-029
    0.952000000000E+003    0.479579893550E-029
    0.100200000000E+004    0.149847731271E-028
    0.105200000000E+004    0.440190505626E-028
    0.110200000000E+004    0.122262081523E-027
    0.115200000000E+004    0.322651326318E-027
    0.120200000000E+004    0.812531612238E-027
    0.125200000000E+004    0.196001919427E-026
    0.130200000000E+004    0.454412868497E-026
    0.135200000000E+004    0.101556738716E-025
    0.140200000000E+004    0.219378590321E-025
    0.145200000000E+004    0.459141194281E-025
    0.150200000000E+004    0.933042205102E-025
    0.155200000000E+004    0.184461707746E-024
    0.160200000000E+004    0.355409495627E-024
    0.165200000000E+004    0.668449229268E-024
    0.170200000000E+004    0.122902821646E-023
    0.175200000000E+004    0.221203695098E-023
    0.180200000000E+004    0.390206667535E-023
    0.185200000000E+004    0.675398665624E-023
    0.190200000000E+004    0.114826350612E-022
    0.195200000000E+004    0.191936074826E-022
    0.200200000000E+004    0.315712498911E-022
    0.205200000000E+004    0.511452293301E-022
    0.210200000000E+004    0.816637007613E-022
    0.215200000000E+004    0.128609373174E-021
    0.220200000000E+004    0.199905004992E-021
    0.225200000000E+004    0.306867355158E-021
    0.230200000000E+004    0.465483731755E-021
    0.235200000000E+004    0.698103402684E-021
    0.240200000000E+004    0.103565767088E-020
    0.245200000000E+004    0.152054781080E-020
    0.250200000000E+004    0.221036974286E-020
    0.255200000000E+004    0.318267878859E-020
    0.260200000000E+004    0.454103754628E-020
    0.265200000000E+004    0.642263536331E-020
    0.270200000000E+004    0.900781954418E-020
    0.275200000000E+004    0.125319367779E-019
    0.280200000000E+004    0.172999487982E-019
    0.285200000000E+004    0.237043594353E-019
    0.290200000000E+004    0.322470714540E-019
    0.295200000000E+004    0.435658812289E-019
    0.300200000000E+004    0.584664178327E-019
    0.305200000000E+004    0.779604408776E-019
    0.310200000000E+004    0.103311528510E-018
    0.315200000000E+004    0.136089313990E-018
    0.320200000000E+004    0.178233566028E-018
    0.325200000000E+004    0.232129554923E-018
    0.330200000000E+004    0.300696303684E-018
    0.335200000000E+004    0.387489490413E-018
    0.340200000000E+004    0.496820945570E-018
    0.345200000000E+004    0.633896875342E-018
    0.350200000000E+004    0.804977139373E-018
    0.355200000000E+004    0.101755811834E-017
    0.360200000000E+004    0.128058192311E-017
    0.365200000000E+004    0.160467492288E-017
    0.370200000000E+004    0.200241880352E-017
    0.375200000000E+004    0.248865761024E-017
    0.380200000000E+004    0.308084447834E-017
    0.385200000000E+004    0.379943201368E-017
    0.390200000000E+004    0.466831054789E-017
    0.395200000000E+004    0.571529876389E-017
    0.400200000000E+004    0.697269146208E-017
    0.405200000000E+004    0.847786951781E-017
    0.410200000000E+004    0.102739773642E-016
    0.415200000000E+004    0.124106736218E-016
    0.420200000000E+004    0.149449607847E-016
    0.425200000000E+004    0.179421001659E-016
    0.430200000000E+004    0.214766185940E-016
    0.435200000000E+004    0.256334136456E-016
    0.440200000000E+004    0.305089644906E-016
    0.445200000000E+004    0.362126557135E-016
    0.450200000000E+004    0.428682217648E-016
    0.455200000000E+004    0.506153199757E-016
    0.460200000000E+004    0.596112403535E-016
    0.465200000000E+004    0.700327606478E-016
    0.470200000000E+004    0.820781554472E-016
    0.475200000000E+004    0.959693683314E-016
    0.480200000000E+004    0.111954356359E-015
    0.485200000000E+004    0.130309616423E-015
    0.490200000000E+004    0.151342903238E-015
    0.495200000000E+004    0.175396148980E-015
    0.500200000000E+004    0.202848594783E-015
    0.505200000000E+004    0.234120144558E-015
    0.510200000000E+004    0.269674951762E-015
    0.515200000000E+004    0.310025249961E-015
    0.520200000000E+004    0.355735438207E-015
    0.525200000000E+004    0.407426432426E-015
    0.530200000000E+004    0.465780294147E-015
    0.535200000000E+004    0.531545148089E-015
    0.540200000000E+004    0.605540400223E-015
    0.545200000000E+004    0.688662268062E-015
    0.550200000000E+004    0.781889635045E-015
    0.555200000000E+004    0.886290240966E-015
    0.560200000000E+004    0.100302722049E-014
    0.565200000000E+004    0.113336600186E-014
    0.570200000000E+004    0.127868157800E-014
    0.575200000000E+004    0.144046616212E-014
    0.580200000000E+004    0.162033724025E-014
    0.585200000000E+004    0.182004603273E-014
    0.590200000000E+004    0.204148637716E-014
    0.595200000000E+004    0.228670404482E-014
    0.600200000000E+004    0.255790650307E-014
    0.605200000000E+004    0.285747313568E-014
    0.610200000000E+004    0.318796593338E-014
    0.615200000000E+004    0.355214066677E-014
    0.620200000000E+004    0.395295855346E-014
    0.625200000000E+004    0.439359843158E-014
    0.630200000000E+004    0.487746945132E-014
    0.635200000000E+004    0.540822429649E-014
    0.640200000000E+004    0.598977294748E-014
    0.645200000000E+004    0.662629699732E-014
    0.650200000000E+004    0.732226453213E-014
    0.655200000000E+004    0.808244558727E-014
    0.660200000000E+004    0.891192819011E-014
    0.665200000000E+004    0.981613500053E-014
    0.670200000000E+004    0.108008405597E-013
    0.675200000000E+004    0.118721891581E-013
    0.680200000000E+004    0.130367133320E-013
    0.685200000000E+004    0.143013530006E-013
    0.690200000000E+004    0.156734752520E-013
    0.695200000000E+004    0.171608947877E-013
    0.700200000000E+004    0.187718950371E-013
    0.705200000000E+004    0.205152499494E-013
    0.710200000000E+004    0.224002464720E-013
    0.715200000000E+004    0.244367077264E-013
    0.720200000000E+004    0.266350168869E-013
    0.725200000000E+004    0.290061417733E-013
    0.730200000000E+004    0.315616601645E-013
    0.735200000000E+004    0.343137858406E-013
    0.740200000000E+004    0.372753953616E-013
    0.745200000000E+004    0.404600555897E-013
    0.750200000000E+004    0.438820519629E-013
    0.755200000000E+004    0.475564175258E-013
    0.760200000000E+004    0.514989627245E-013
    0.765200000000E+004    0.557263059718E-013
    0.770200000000E+004    0.602559049897E-013
    0.775200000000E+004    0.651060889320E-013
    0.780200000000E+004    0.702960912967E-013
    0.785200000000E+004    0.758460836290E-013
    0.790200000000E+004    0.817772100229E-013
    0.795200000000E+004    0.881116224243E-013
    0.800200000000E+004    0.948725167412E-013
    0.805200000000E+004    0.102084169763E-012
    0.810200000000E+004    0.109771976894E-012
    0.815200000000E+004    0.117962490708E-012
    0.820200000000E+004    0.126683460316E-012
    0.825200000000E+004    0.135963871567E-012
    0.830200000000E+004    0.145833988067E-012
    0.835200000000E+004    0.156325393029E-012
    0.840200000000E+004    0.167471031961E-012
    0.845200000000E+004    0.179305256172E-012
    0.850200000000E+004    0.191863867125E-012
    0.855200000000E+004    0.205184161620E-012
    0.860200000000E+004    0.219304977815E-012
    0.865200000000E+004    0.234266742078E-012
    0.870200000000E+004    0.250111516689E-012
    0.875200000000E+004    0.266883048368E-012
    0.880200000000E+004    0.284626817646E-012
    0.885200000000E+004    0.303390089076E-012
    0.890200000000E+004    0.323221962272E-012
    0.895200000000E+004    0.344173423798E-012
    0.900200000000E+004    0.366297399880E-012
    0.905200000000E+004    0.389648809959E-012
    0.910200000000E+004    0.414284621073E-012
    0.915200000000E+004    0.440263903072E-012
    0.920200000000E+004    0.467647884664E-012
    0.925200000000E+004    0.496500010284E-012
    0.930200000000E+004    0.526885997786E-012
    0.935200000000E+004    0.558873896967E-012
    0.940200000000E+004    0.592534148897E-012
    0.945200000000E+004    0.627939646074E-012
    0.950200000000E+004    0.665165793391E-012
    0.955200000000E+004    0.704290569909E-012
    0.960200000000E+004    0.745394591439E-012
    0.965200000000E+004    0.788561173927E-012
    0.970200000000E+004    0.833876397633E-012
    0.975200000000E+004    0.881429172111E-012
    0.980200000000E+004    0.931311301971E-012
    0.985200000000E+004    0.983617553435E-012
    0.990200000000E+004    0.103844572167E-011
    0.995200000000E+004    0.109589669888E-011
    0.100020000000E+005    0.115607454321E-011
    0.100520000000E+005    0.121908654838E-011
    0.101020000000E+005    0.128504331409E-011
    0.101520000000E+005    0.135405881718E-011
    0.102020000000E+005    0.142625048353E-011
    0.102520000000E+005    0.150173926074E-011
    0.103020000000E+005    0.158064969149E-011
    0.103520000000E+005    0.166310998772E-011
    0.104020000000E+005    0.174925210538E-011
    0.104520000000E+005    0.183921182013E-011
    0.105020000000E+005    0.193312880349E-011
    0.105520000000E+005    0.203114669993E-011
    0.106020000000E+005    0.213341320452E-011
    0.106520000000E+005    0.224008014131E-011
    0.107020000000E+005    0.235130354240E-011
    0.107520000000E+005    0.246724372772E-011
    0.108020000000E+005    0.258806538540E-011
    0.108520000000E+005    0.271393765292E-011
    0.109020000000E+005    0.284503419880E-011
    0.109520000000E+005    0.298153330504E-011
    0.110020000000E+005    0.312361795015E-011
    0.110520000000E+005    0.327147589281E-011
    0.111020000000E+005    0.342529975621E-011
    0.111520000000E+005    0.358528711298E-011
    0.112020000000E+005    0.375164057070E-011
    0.112520000000E+005    0.392456785808E-011
    0.113020000000E+005    0.410428191170E-011
    0.113520000000E+005    0.429100096337E-011
    0.114020000000E+005    0.448494862800E-011
    0.114520000000E+005    0.468635399217E-011
    0.115020000000E+005    0.489545170314E-011
    0.115520000000E+005    0.511248205849E-011
    0.116020000000E+005    0.533769109630E-011
    0.116520000000E+005    0.557133068589E-011
    0.117020000000E+005    0.581365861901E-011
    0.117520000000E+005    0.606493870169E-011
    0.118020000000E+005    0.632544084650E-011
    0.118520000000E+005    0.659544116535E-011
    0.119020000000E+005    0.687522206285E-011
    0.119520000000E+005    0.716507233005E-011
    0.120020000000E+005    0.746528723878E-011
    0.120520000000E+005    0.777616863640E-011
    0.121020000000E+005    0.809802504103E-011
    0.121520000000E+005    0.843117173724E-011
    0.122020000000E+005    0.877593087225E-011
    0.122520000000E+005    0.913263155243E-011
    0.123020000000E+005    0.950160994044E-011
    0.123520000000E+005    0.988320935260E-011
    0.124020000000E+005    0.102777803568E-010
    0.124520000000E+005    0.106856808708E-010
    0.125020000000E+005    0.111072762608E-010
    0.125520000000E+005    0.115429394408E-010
    0.126020000000E+005    0.119930509718E-010
    0.126520000000E+005    0.124579991617E-010
    0.127020000000E+005    0.129381801656E-010
    0.127520000000E+005    0.134339980863E-010
    0.128020000000E+005    0.139458650752E-010
    0.128520000000E+005    0.144742014337E-010
    0.129020000000E+005    0.150194357147E-010
    0.129520000000E+005    0.155820048247E-010
    0.130020000000E+005    0.161623541257E-010
    0.130520000000E+005    0.167609375380E-010
    0.131020000000E+005    0.173782176432E-010
    0.131520000000E+005    0.180146657873E-010
    0.132020000000E+005    0.186707621837E-010
    0.132520000000E+005    0.193469960176E-010
    0.133020000000E+005    0.200438655497E-010
    0.133520000000E+005    0.207618782203E-010
    0.134020000000E+005    0.215015507541E-010
    0.134520000000E+005    0.222634092649E-010
    0.135020000000E+005    0.230479893603E-010
    0.135520000000E+005    0.238558362475E-010
    0.136020000000E+005    0.246875048382E-010
    0.136520000000E+005    0.255435598547E-010
    0.137020000000E+005    0.264245759356E-010
    0.137520000000E+005    0.273311377416E-010
    0.138020000000E+005    0.282638400624E-010
    0.138520000000E+005    0.292232879226E-010
    0.139020000000E+005    0.302100966887E-010
    0.139520000000E+005    0.312248921756E-010
    0.140020000000E+005    0.322683107539E-010
    0.140520000000E+005    0.333409994566E-010
    0.141020000000E+005    0.344436160869E-010
    0.141520000000E+005    0.355768293250E-010
    0.142020000000E+005    0.367413188363E-010
    0.142520000000E+005    0.379377753783E-010
    0.143020000000E+005    0.391669009092E-010
    0.143520000000E+005    0.404294086952E-010
    0.144020000000E+005    0.417260234188E-010
    0.144520000000E+005    0.430574812866E-010
    0.145020000000E+005    0.444245301378E-010
    0.145520000000E+005    0.458279295524E-010
    0.146020000000E+005    0.472684509593E-010
    0.146520000000E+005    0.487468777450E-010
    0.147020000000E+005    0.502640053619E-010
    0.147520000000E+005    0.518206414370E-010
    0.148020000000E+005    0.534176058801E-010
    0.148520000000E+005    0.550557309929E-010
    0.149020000000E+005    0.567358615774E-010
    0.149520000000E+005    0.584588550444E-010
    0.150020000000E+005    0.602255815226E-010
    0.150520000000E+005    0.620369239669E-010
    0.151020000000E+005    0.638937782677E-010
    0.151520000000E+005    0.657970533588E-010
    0.152020000000E+005    0.677476713269E-010
    0.152520000000E+005    0.697465675200E-010
    0.153020000000E+005    0.717946906558E-010
    0.153520000000E+005    0.738930029310E-010
    0.154020000000E+005    0.760424801294E-010
    0.154520000000E+005    0.782441117310E-010
    0.155020000000E+005    0.804989010200E-010
    0.155520000000E+005    0.828078651937E-010
    0.156020000000E+005    0.851720354710E-010
    0.156520000000E+005    0.875924572008E-010
    0.157020000000E+005    0.900701899700E-010
    0.157520000000E+005    0.926063077123E-010
    0.158020000000E+005    0.952018988160E-010
    0.158520000000E+005    0.978580662325E-010
    0.159020000000E+005    0.100575927584E-009
    0.159520000000E+005    0.103356615272E-009
    0.160020000000E+005    0.106201276583E-009
    0.160520000000E+005    0.109111073801E-009
    0.161020000000E+005    0.112087184310E-009
    0.161520000000E+005    0.115130800704E-009
    0.162020000000E+005    0.118243130894E-009
    0.162520000000E+005    0.121425398216E-009
    0.163020000000E+005    0.124678841538E-009
    0.163520000000E+005    0.128004715365E-009
    0.164020000000E+005    0.131404289948E-009
    0.164520000000E+005    0.134878851392E-009
    0.165020000000E+005    0.138429701758E-009
    0.165520000000E+005    0.142058159175E-009
    0.166020000000E+005    0.145765557941E-009
    0.166520000000E+005    0.149553248634E-009
    0.167020000000E+005    0.153422598214E-009
    0.167520000000E+005    0.157374990133E-009
    0.168020000000E+005    0.161411824434E-009
    0.168520000000E+005    0.165534517865E-009
    0.169020000000E+005    0.169744503977E-009
    0.169520000000E+005    0.174043233232E-009
    0.170020000000E+005    0.178432173109E-009
    0.170520000000E+005    0.182912808207E-009
    0.171020000000E+005    0.187486640350E-009
    0.171520000000E+005    0.192155188690E-009
    0.172020000000E+005    0.196919989815E-009
    0.172520000000E+005    0.201782597846E-009
    0.173020000000E+005    0.206744584550E-009
    0.173520000000E+005    0.211807539433E-009
    0.174020000000E+005    0.216973069852E-009
    0.174520000000E+005    0.222242801113E-009
    0.175020000000E+005    0.227618376574E-009
    0.175520000000E+005    0.233101457750E-009
    0.176020000000E+005    0.238693724414E-009
    0.176520000000E+005    0.244396874697E-009
    0.177020000000E+005    0.250212625193E-009
    0.177520000000E+005    0.256142711060E-009
    0.178020000000E+005    0.262188886117E-009
    0.178520000000E+005    0.268352922951E-009
    0.179020000000E+005    0.274636613015E-009
    0.179520000000E+005    0.281041766728E-009
    0.180020000000E+005    0.287570213574E-009
    0.180520000000E+005    0.294223802206E-009
    0.181020000000E+005    0.301004400543E-009
    0.181520000000E+005    0.307913895869E-009
    0.182020000000E+005    0.314954194932E-009
    0.182520000000E+005    0.322127224045E-009
    0.183020000000E+005    0.329434929182E-009
    0.183520000000E+005    0.336879276079E-009
    0.184020000000E+005    0.344462250329E-009
    0.184520000000E+005    0.352185857480E-009
    0.185020000000E+005    0.360052123137E-009
    0.185520000000E+005    0.368063093050E-009
    0.186020000000E+005    0.376220833221E-009
    0.186520000000E+005    0.384527429993E-009
    0.187020000000E+005    0.392984990149E-009
    0.187520000000E+005    0.401595641009E-009
    0.188020000000E+005    0.410361530521E-009
    0.188520000000E+005    0.419284827362E-009
    0.189020000000E+005    0.428367721029E-009
    0.189520000000E+005    0.437612421935E-009
    0.190020000000E+005    0.447021161503E-009
    0.190520000000E+005    0.456596192259E-009
    0.191020000000E+005    0.466339787928E-009
    0.191520000000E+005    0.476254243523E-009
    0.192020000000E+005    0.486341875443E-009
    0.192520000000E+005    0.496605021562E-009
    0.193020000000E+005    0.507046041322E-009
    0.193520000000E+005    0.517667315827E-009
    0.194020000000E+005    0.528471247930E-009
    0.194520000000E+005    0.539460262330E-009
    0.195020000000E+005    0.550636805659E-009
    0.195520000000E+005    0.562003346571E-009
    0.196020000000E+005    0.573562375838E-009
    0.196520000000E+005    0.585316406435E-009
    0.197020000000E+005    0.597267973630E-009
    0.197520000000E+005    0.609419635076E-009
    0.198020000000E+005    0.621773970896E-009
    0.198520000000E+005    0.634333583775E-009
    0.199020000000E+005    0.647101099043E-009
    0.199520000000E+005    0.660079164770E-009
    0.200020000000E+005    0.673270451847E-009
    0.200520000000E+005    0.686677654074E-009
    0.201020000000E+005    0.700303488251E-009
    0.201520000000E+005    0.714150694257E-009
    0.202020000000E+005    0.728222035144E-009
    0.202520000000E+005    0.742520297215E-009
    0.203020000000E+005    0.757048290114E-009
    0.203520000000E+005    0.771808846908E-009
    0.204020000000E+005    0.786804824174E-009
    0.204520000000E+005    0.802039102081E-009
    0.205020000000E+005    0.817514584473E-009
    0.205520000000E+005    0.833234198954E-009
    0.206020000000E+005    0.849200896971E-009
    0.206520000000E+005    0.865417653894E-009
    0.207020000000E+005    0.881887469100E-009
    0.207520000000E+005    0.898613366056E-009
    0.208020000000E+005    0.915598392396E-009
    0.208520000000E+005    0.932845620007E-009
    0.209020000000E+005    0.950358145105E-009
    0.209520000000E+005    0.968139088320E-009
    0.210020000000E+005    0.986191594769E-009
    0.210520000000E+005    0.100451883414E-008
    0.211020000000E+005    0.102312400078E-008
    0.211520000000E+005    0.104201031375E-008
    0.212020000000E+005    0.106118101693E-008
    0.212520000000E+005    0.108063937907E-008
    0.213020000000E+005    0.110038869388E-008
    0.213520000000E+005    0.112043228014E-008
    0.214020000000E+005    0.114077348170E-008
    0.214520000000E+005    0.116141566763E-008
    0.215020000000E+005    0.118236223227E-008
    0.215520000000E+005    0.120361659528E-008
    0.216020000000E+005    0.122518220175E-008
    0.216520000000E+005    0.124706252227E-008
    0.217020000000E+005    0.126926105298E-008
    0.217520000000E+005    0.129178131567E-008
    0.218020000000E+005    0.131462685785E-008
    0.218520000000E+005    0.133780125280E-008
    0.219020000000E+005    0.136130809966E-008
    0.219520000000E+005    0.138515102352E-008
    0.220020000000E+005    0.140933367546E-008
    0.220520000000E+005    0.143385973263E-008
    0.221020000000E+005    0.145873289833E-008
    0.221520000000E+005    0.148395690209E-008
    0.222020000000E+005    0.150953549971E-008
    0.222520000000E+005    0.153547247334E-008
    0.223020000000E+005    0.156177163158E-008
    0.223520000000E+005    0.158843680949E-008
    0.224020000000E+005    0.161547186873E-008
    0.224520000000E+005    0.164288069757E-008
    0.225020000000E+005    0.167066721097E-008
    0.225520000000E+005    0.169883535069E-008
    0.226020000000E+005    0.172738908528E-008
    0.226520000000E+005    0.175633241023E-008
    0.227020000000E+005    0.178566934796E-008
    0.227520000000E+005    0.181540394795E-008
    0.228020000000E+005    0.184554028676E-008
    0.228520000000E+005    0.187608246812E-008
    0.229020000000E+005    0.190703462298E-008
    0.229520000000E+005    0.193840090958E-008
    0.230020000000E+005    0.197018551351E-008
    0.230520000000E+005    0.200239264780E-008
    0.231020000000E+005    0.203502655294E-008
    0.231520000000E+005    0.206809149695E-008
    0.232020000000E+005    0.210159177548E-008
    0.232520000000E+005    0.213553171184E-008
    0.233020000000E+005    0.216991565705E-008
    0.233520000000E+005    0.220474798994E-008
    0.234020000000E+005    0.224003311717E-008
    0.234520000000E+005    0.227577547333E-008
    0.235020000000E+005    0.231197952095E-008
    0.235520000000E+005    0.234864975060E-008
    0.236020000000E+005    0.238579068095E-008
    0.236520000000E+005    0.242340685878E-008
    0.237020000000E+005    0.246150285911E-008
    0.237520000000E+005    0.250008328520E-008
    0.238020000000E+005    0.253915276862E-008
    0.238520000000E+005    0.257871596932E-008
    0.239020000000E+005    0.261877757569E-008
    0.239520000000E+005    0.265934230458E-008
    0.240020000000E+005    0.270041490141E-008
    0.240520000000E+005    0.274200014017E-008
    0.241020000000E+005    0.278410282353E-008
    0.241520000000E+005    0.282672778283E-008
    0.242020000000E+005    0.286987987819E-008
    0.242520000000E+005    0.291356399853E-008
    0.243020000000E+005    0.295778506166E-008
    0.243520000000E+005    0.300254801428E-008
    0.244020000000E+005    0.304785783207E-008
    0.244520000000E+005    0.309371951972E-008
    0.245020000000E+005    0.314013811102E-008
    0.245520000000E+005    0.318711866887E-008
    0.246020000000E+005    0.323466628532E-008
    0.246520000000E+005    0.328278608169E-008
    0.247020000000E+005    0.333148320854E-008
    0.247520000000E+005    0.338076284576E-008
    0.248020000000E+005    0.343063020263E-008
    0.248520000000E+005    0.348109051784E-008
    0.249020000000E+005    0.353214905954E-008
    0.249520000000E+005    0.358381112541E-008
    0.250020000000E+005    0.363608204269E-008
    0.250520000000E+005    0.368896716824E-008
    0.251020000000E+005    0.374247188856E-008
    0.251520000000E+005    0.379660161987E-008
    0.252020000000E+005    0.385136180814E-008
    0.252520000000E+005    0.390675792913E-008
    0.253020000000E+005    0.396279548843E-008
    0.253520000000E+005    0.401948002154E-008
    0.254020000000E+005    0.407681709388E-008
    0.254520000000E+005    0.413481230082E-008
    0.255020000000E+005    0.419347126778E-008
    0.255520000000E+005    0.425279965022E-008
    0.256020000000E+005    0.431280313370E-008
    0.256520000000E+005    0.437348743395E-008
    0.257020000000E+005    0.443485829685E-008
    0.257520000000E+005    0.449692149852E-008
    0.258020000000E+005    0.455968284537E-008
    0.258520000000E+005    0.462314817410E-008
    0.259020000000E+005    0.468732335175E-008
    0.259520000000E+005    0.475221427576E-008
    0.260020000000E+005    0.481782687400E-008
    0.260520000000E+005    0.488416710482E-008
    0.261020000000E+005    0.495124095704E-008
    0.261520000000E+005    0.501905445007E-008
    0.262020000000E+005    0.508761363386E-008
    0.262520000000E+005    0.515692458902E-008
    0.263020000000E+005    0.522699342678E-008
    0.263520000000E+005    0.529782628908E-008
    0.264020000000E+005    0.536942934860E-008
    0.264520000000E+005    0.544180880878E-008
    0.265020000000E+005    0.551497090385E-008
    0.265520000000E+005    0.558892189889E-008
    0.266020000000E+005    0.566366808985E-008
    0.266520000000E+005    0.573921580358E-008
    0.267020000000E+005    0.581557139788E-008
    0.267520000000E+005    0.589274126151E-008
    0.268020000000E+005    0.597073181425E-008
    0.268520000000E+005    0.604954950692E-008
    0.269020000000E+005    0.612920082141E-008
    0.269520000000E+005    0.620969227070E-008
    0.270020000000E+005    0.629103039894E-008
    0.270520000000E+005    0.637322178142E-008
    0.271020000000E+005    0.645627302464E-008
    0.271520000000E+005    0.654019076632E-008
    0.272020000000E+005    0.662498167546E-008
    0.272520000000E+005    0.671065245234E-008
    0.273020000000E+005    0.679720982855E-008
    0.273520000000E+005    0.688466056704E-008
    0.274020000000E+005    0.697301146214E-008
    0.274520000000E+005    0.706226933958E-008
    0.275020000000E+005    0.715244105653E-008
    0.275520000000E+005    0.724353350160E-008
    0.276020000000E+005    0.733555359493E-008
    0.276520000000E+005    0.742850828814E-008
    0.277020000000E+005    0.752240456442E-008
    0.277520000000E+005    0.761724943850E-008
    0.278020000000E+005    0.771304995673E-008
    0.278520000000E+005    0.780981319707E-008
    0.279020000000E+005    0.790754626912E-008
    0.279520000000E+005    0.800625631418E-008
    0.280020000000E+005    0.810595050521E-008
    0.280520000000E+005    0.820663604690E-008
    0.281020000000E+005    0.830832017569E-008
    0.281520000000E+005    0.841101015979E-008
    0.282020000000E+005    0.851471329917E-008
    0.282520000000E+005    0.861943692566E-008
    0.283020000000E+005    0.872518840289E-008
    0.283520000000E+005    0.883197512634E-008
    0.284020000000E+005    0.893980452340E-008
    0.284520000000E+005    0.904868405334E-008
    0.285020000000E+005    0.915862120734E-008
    0.285520000000E+005    0.926962350854E-008
    0.286020000000E+005    0.938169851204E-008
    0.286520000000E+005    0.949485380490E-008
    0.287020000000E+005    0.960909700621E-008
    0.287520000000E+005    0.972443576705E-008
    0.288020000000E+005    0.984087777057E-008
    0.288520000000E+005    0.995843073194E-008
    0.289020000000E+005    0.100771023984E-007
    0.289520000000E+005    0.101969005494E-007
    0.290020000000E+005    0.103178329963E-007
    0.290520000000E+005    0.104399075828E-007
    0.291020000000E+005    0.105631321845E-007
    0.291520000000E+005    0.106875147095E-007
    0.292020000000E+005    0.108130630976E-007
    0.292520000000E+005    0.109397853213E-007
    0.293020000000E+005    0.110676893850E-007
    0.293520000000E+005    0.111967833254E-007
    0.294020000000E+005    0.113270752115E-007
    0.294520000000E+005    0.114585731443E-007
    0.295020000000E+005    0.115912852574E-007
    0.295520000000E+005    0.117252197166E-007
    0.296020000000E+005    0.118603847197E-007
    0.296520000000E+005    0.119967884973E-007
    0.297020000000E+005    0.121344393119E-007
    0.297520000000E+005    0.122733454584E-007
    0.298020000000E+005    0.124135152644E-007
    0.298520000000E+005    0.125549570893E-007
    0.299020000000E+005    0.126976793253E-007
    0.299520000000E+005    0.128416903969E-007
    0.300020000000E+005    0.129869987607E-007
    0.300520000000E+005    0.131336129061E-007
    0.301020000000E+005    0.132815413547E-007
    0.301520000000E+005    0.134307926605E-007
    0.302020000000E+005    0.135813754100E-007
    0.302520000000E+005    0.137332982221E-007
    0.303020000000E+005    0.138865697482E-007
    0.303520000000E+005    0.140411986721E-007
    0.304020000000E+005    0.141971937101E-007
    0.304520000000E+005    0.143545636109E-007
    0.305020000000E+005    0.145133171557E-007
    0.305520000000E+005    0.146734631584E-007
    0.306020000000E+005    0.148350104651E-007
    0.306520000000E+005    0.149979679545E-007
    0.307020000000E+005    0.151623445379E-007
    0.307520000000E+005    0.153281491589E-007
    0.308020000000E+005    0.154953907939E-007
    0.308520000000E+005    0.156640784516E-007
    0.309020000000E+005    0.158342211734E-007
    0.309520000000E+005    0.160058280330E-007
    0.310020000000E+005    0.161789081370E-007
    0.310520000000E+005    0.163534706241E-007
    0.311020000000E+005    0.165295246659E-007
    0.311520000000E+005    0.167070794665E-007
    0.312020000000E+005    0.168861442623E-007
    0.312520000000E+005    0.170667283226E-007
    0.313020000000E+005    0.172488409490E-007
    0.313520000000E+005    0.174324914758E-007
    0.314020000000E+005    0.176176892698E-007
    0.314520000000E+005    0.178044437305E-007
    0.315020000000E+005    0.179927642898E-007
    0.315520000000E+005    0.181826604122E-007
    0.316020000000E+005    0.183741415948E-007
    0.316520000000E+005    0.185672173674E-007
    0.317020000000E+005    0.187618972922E-007
    0.317520000000E+005    0.189581909639E-007
    0.318020000000E+005    0.191561080101E-007
    0.318520000000E+005    0.193556580906E-007
    0.319020000000E+005    0.195568508980E-007
    0.319520000000E+005    0.197596961574E-007
    0.320020000000E+005    0.199642036265E-007
    0.320520000000E+005    0.201703830955E-007
    0.321020000000E+005    0.203782443873E-007
    0.321520000000E+005    0.205877973572E-007
    0.322020000000E+005    0.207990518931E-007
    0.322520000000E+005    0.210120179156E-007
    0.323020000000E+005    0.212267053777E-007
    0.323520000000E+005    0.214431242650E-007
    0.324020000000E+005    0.216612845957E-007
    0.324520000000E+005    0.218811964204E-007
    0.325020000000E+005    0.221028698223E-007
    0.325520000000E+005    0.223263149173E-007
    0.326020000000E+005    0.225515418537E-007
    0.326520000000E+005    0.227785608122E-007
    0.327020000000E+005    0.230073820063E-007
    0.327520000000E+005    0.232380156818E-007
    0.328020000000E+005    0.234704721171E-007
    0.328520000000E+005    0.237047616230E-007
    0.329020000000E+005    0.239408945430E-007
    0.329520000000E+005    0.241788812529E-007
    0.330020000000E+005    0.244187321611E-007
    0.330520000000E+005    0.246604577084E-007
    0.331020000000E+005    0.249040683681E-007
    0.331520000000E+005    0.251495746460E-007
    0.332020000000E+005    0.253969870804E-007
    0.332520000000E+005    0.256463162419E-007
    0.333020000000E+005    0.258975727336E-007
    0.333520000000E+005    0.261507671910E-007
    0.334020000000E+005    0.264059102822E-007
    0.334520000000E+005    0.266630127075E-007
    0.335020000000E+005    0.269220851997E-007
    0.335520000000E+005    0.271831385241E-007
    0.336020000000E+005    0.274461834780E-007
    0.336520000000E+005    0.277112308915E-007
    0.337020000000E+005    0.279782916269E-007
    0.337520000000E+005    0.282473765789E-007
    0.338020000000E+005    0.285184966744E-007
    0.338520000000E+005    0.287916628727E-007
    0.339020000000E+005    0.290668861655E-007
    0.339520000000E+005    0.293441775768E-007
    0.340020000000E+005    0.296235481629E-007
    0.340520000000E+005    0.299050090121E-007
    0.341020000000E+005    0.301885712455E-007
    0.341520000000E+005    0.304742460159E-007
    0.342020000000E+005    0.307620445088E-007
    0.342520000000E+005    0.310519779417E-007
    0.343020000000E+005    0.313440575644E-007
    0.343520000000E+005    0.316382946588E-007
    0.344020000000E+005    0.319347005391E-007
    0.344520000000E+005    0.322332865516E-007
    0.345020000000E+005    0.325340640749E-007
    0.345520000000E+005    0.328370445197E-007
    0.346020000000E+005    0.331422393287E-007
    0.346520000000E+005    0.334496599768E-007
    0.347020000000E+005    0.337593179711E-007
    0.347520000000E+005    0.340712248507E-007
    0.348020000000E+005    0.343853921868E-007
    0.348520000000E+005    0.347018315826E-007
    0.349020000000E+005    0.350205546735E-007
    0.349520000000E+005    0.353415731267E-007
    0.350020000000E+005    0.356648986415E-007
    0.350520000000E+005    0.359905429494E-007
    0.351020000000E+005    0.363185178136E-007
    0.351520000000E+005    0.366488350293E-007
    0.352020000000E+005    0.369815064238E-007
    0.352520000000E+005    0.373165438562E-007
    0.353020000000E+005    0.376539592175E-007
    0.353520000000E+005    0.379937644306E-007
    0.354020000000E+005    0.383359714503E-007
    0.354520000000E+005    0.386805922633E-007
    0.355020000000E+005    0.390276388880E-007
    0.355520000000E+005    0.393771233747E-007
    0.356020000000E+005    0.397290578055E-007
    0.356520000000E+005    0.400834542942E-007
    0.357020000000E+005    0.404403249865E-007
    0.357520000000E+005    0.407996820597E-007
    0.358020000000E+005    0.411615377229E-007
    0.358520000000E+005    0.415259042167E-007
    0.359020000000E+005    0.418927938137E-007
    0.359520000000E+005    0.422622188180E-007
    0.360020000000E+005    0.426341915651E-007
    0.360520000000E+005    0.430087244226E-007
    0.361020000000E+005    0.433858297892E-007
    0.361520000000E+005    0.437655200955E-007
    0.362020000000E+005    0.441478078035E-007
    0.362520000000E+005    0.445327054068E-007
    0.363020000000E+005    0.449202254305E-007
    0.363520000000E+005    0.453103804311E-007
    0.364020000000E+005    0.457031829965E-007
    0.364520000000E+005    0.460986457464E-007
    0.365020000000E+005    0.464967813314E-007
    0.365520000000E+005    0.468976024339E-007
    0.366020000000E+005    0.473011217674E-007
    0.366520000000E+005    0.477073520770E-007
    0.367020000000E+005    0.481163061389E-007
    0.367520000000E+005    0.485279967606E-007
    0.368020000000E+005    0.489424367811E-007
    0.368520000000E+005    0.493596390704E-007
    0.369020000000E+005    0.497796165298E-007
    0.369520000000E+005    0.502023820918E-007
    0.370020000000E+005    0.506279487202E-007
    0.370520000000E+005    0.510563294097E-007
    0.371020000000E+005    0.514875371864E-007
    0.371520000000E+005    0.519215851073E-007
    0.372020000000E+005    0.523584862604E-007
    0.372520000000E+005    0.527982537650E-007
    0.373020000000E+005    0.532409007714E-007
    0.373520000000E+005    0.536864404605E-007
    0.374020000000E+005    0.541348860447E-007
    0.374520000000E+005    0.545862507671E-007
    0.375020000000E+005    0.550405479015E-007
    0.375520000000E+005    0.554977907531E-007
    0.376020000000E+005    0.559579926574E-007
    0.376520000000E+005    0.564211669811E-007
    0.377020000000E+005    0.568873271216E-007
    0.377520000000E+005    0.573564865071E-007
    0.378020000000E+005    0.578286585965E-007
    0.378520000000E+005    0.583038568795E-007
    0.379020000000E+005    0.587820948764E-007
    0.379520000000E+005    0.592633861382E-007
    0.380020000000E+005    0.597477442465E-007
    0.380520000000E+005    0.602351828138E-007
    0.381020000000E+005    0.607257154827E-007
    0.381520000000E+005    0.612193559266E-007
    0.382020000000E+005    0.617161178496E-007
    0.382520000000E+005    0.622160149859E-007
    0.383020000000E+005    0.627190611005E-007
    0.383520000000E+005    0.632252699887E-007
    0.384020000000E+005    0.637346554761E-007
    0.384520000000E+005    0.642472314189E-007
    0.385020000000E+005    0.647630117035E-007
    0.385520000000E+005    0.652820102466E-007
    0.386020000000E+005    0.658042409952E-007
    0.386520000000E+005    0.663297179265E-007
    0.387020000000E+005    0.668584550482E-007
    0.387520000000E+005    0.673904663979E-007
    0.388020000000E+005    0.679257660433E-007
    0.388520000000E+005    0.684643680826E-007
    0.389020000000E+005    0.690062866437E-007
    0.389520000000E+005    0.695515358847E-007
    0.390020000000E+005    0.701001299939E-007
    0.390520000000E+005    0.706520831893E-007
    0.391020000000E+005    0.712074097192E-007
    0.391520000000E+005    0.717661238616E-007
    0.392020000000E+005    0.723282399244E-007
    0.392520000000E+005    0.728937722455E-007
    0.393020000000E+005    0.734627351925E-007
    0.393520000000E+005    0.740351431630E-007
    0.394020000000E+005    0.746110105842E-007
    0.394520000000E+005    0.751903519132E-007
    0.395020000000E+005    0.757731816365E-007
    0.395520000000E+005    0.763595142705E-007
    0.396020000000E+005    0.769493643614E-007
    0.396520000000E+005    0.775427464846E-007
    0.397020000000E+005    0.781396752454E-007
    0.397520000000E+005    0.787401652786E-007
    0.398020000000E+005    0.793442312482E-007
    0.398520000000E+005    0.799518878481E-007
    0.399020000000E+005    0.805631498013E-007
    0.399520000000E+005    0.811780318605E-007
    0.400020000000E+005    0.817965488073E-007
    0.400520000000E+005    0.824187154532E-007
    0.401020000000E+005    0.830445466386E-007
    0.401520000000E+005    0.836740572332E-007
    0.402020000000E+005    0.843072621361E-007
    0.402520000000E+005    0.849441762755E-007
    0.403020000000E+005    0.855848146087E-007
    0.403520000000E+005    0.862291921221E-007
    0.404020000000E+005    0.868773238312E-007
    0.404520000000E+005    0.875292247808E-007
    0.405020000000E+005    0.881849100442E-007
    0.405520000000E+005    0.888443947242E-007
    0.406020000000E+005    0.895076939522E-007
    0.406520000000E+005    0.901748228885E-007
    0.407020000000E+005    0.908457967225E-007
    0.407520000000E+005    0.915206306722E-007
    0.408020000000E+005    0.921993399844E-007
    0.408520000000E+005    0.928819399349E-007
    0.409020000000E+005    0.935684458279E-007
    0.409520000000E+005    0.942588729964E-007
    0.410020000000E+005    0.949532368021E-007
    0.410520000000E+005    0.956515526353E-007
    0.411020000000E+005    0.963538359147E-007
    0.411520000000E+005    0.970601020877E-007
    0.412020000000E+005    0.977703666301E-007
    0.412520000000E+005    0.984846450461E-007
    0.413020000000E+005    0.992029528686E-007
    0.413520000000E+005    0.999253056585E-007
    0.414020000000E+005    0.100651719005E-006
    0.414520000000E+005    0.101382208526E-006
    0.415020000000E+005    0.102116789868E-006
    0.415520000000E+005    0.102855478704E-006
    0.416020000000E+005    0.103598290737E-006
    0.416520000000E+005    0.104345241698E-006
    0.417020000000E+005    0.105096347345E-006
    0.417520000000E+005    0.105851623464E-006
    0.418020000000E+005    0.106611085871E-006
    0.418520000000E+005    0.107374750407E-006
    0.419020000000E+005    0.108142632944E-006
    0.419520000000E+005    0.108914749380E-006
    0.420020000000E+005    0.109691115642E-006
    0.420520000000E+005    0.110471747683E-006
    0.421020000000E+005    0.111256661485E-006
    0.421520000000E+005    0.112045873059E-006
    0.422020000000E+005    0.112839398442E-006
    0.422520000000E+005    0.113637253698E-006
    0.423020000000E+005    0.114439454920E-006
    0.423520000000E+005    0.115246018229E-006
    0.424020000000E+005    0.116056959772E-006
    0.424520000000E+005    0.116872295725E-006
    0.425020000000E+005    0.117692042291E-006
    0.425520000000E+005    0.118516215699E-006
    0.426020000000E+005    0.119344832207E-006
    0.426520000000E+005    0.120177908101E-006
    0.427020000000E+005    0.121015459691E-006
    0.427520000000E+005    0.121857503319E-006
    0.428020000000E+005    0.122704055349E-006
    0.428520000000E+005    0.123555132176E-006
    0.429020000000E+005    0.124410750222E-006
    0.429520000000E+005    0.125270925933E-006
    0.430020000000E+005    0.126135675785E-006
    0.430520000000E+005    0.127005016281E-006
    0.431020000000E+005    0.127878963948E-006
    0.431520000000E+005    0.128757535343E-006
    0.432020000000E+005    0.129640747049E-006
    0.432520000000E+005    0.130528615675E-006
    0.433020000000E+005    0.131421157858E-006
    0.433520000000E+005    0.132318390260E-006
    0.434020000000E+005    0.133220329572E-006
    0.434520000000E+005    0.134126992511E-006
    0.435020000000E+005    0.135038395818E-006
    0.435520000000E+005    0.135954556264E-006
    0.436020000000E+005    0.136875490646E-006
    0.436520000000E+005    0.137801215785E-006
    0.437020000000E+005    0.138731748531E-006
    0.437520000000E+005    0.139667105759E-006
    0.438020000000E+005    0.140607304372E-006
    0.438520000000E+005    0.141552361296E-006
    0.439020000000E+005    0.142502293488E-006
    0.439520000000E+005    0.143457117928E-006
    0.440020000000E+005    0.144416851621E-006
    0.440520000000E+005    0.145381511602E-006
    0.441020000000E+005    0.146351114930E-006
    0.441520000000E+005    0.147325678689E-006
    0.442020000000E+005    0.148305219990E-006
    0.442520000000E+005    0.149289755971E-006
    0.443020000000E+005    0.150279303795E-006
    0.443520000000E+005    0.151273880651E-006
    0.444020000000E+005    0.152273503752E-006
    0.444520000000E+005    0.153278190340E-006
    0.445020000000E+005    0.154287957681E-006
    0.445520000000E+005    0.155302823067E-006
    0.446020000000E+005    0.156322803814E-006
    0.446520000000E+005    0.157347917267E-006
    0.447020000000E+005    0.158378180794E-006
    0.447520000000E+005    0.159413611788E-006
    0.448020000000E+005    0.160454227671E-006
    0.448520000000E+005    0.161500045886E-006
    0.449020000000E+005    0.162551083904E-006
    0.449520000000E+005    0.163607359221E-006
    0.450020000000E+005    0.164668889358E-006
    0.450520000000E+005    0.165735691860E-006
    0.451020000000E+005    0.166807784301E-006
    0.451520000000E+005    0.167885184275E-006
    0.452020000000E+005    0.168967909405E-006
    0.452520000000E+005    0.170055977337E-006
    0.453020000000E+005    0.171149405744E-006
    0.453520000000E+005    0.172248212321E-006
    0.454020000000E+005    0.173352414791E-006
    0.454520000000E+005    0.174462030900E-006
    0.455020000000E+005    0.175577078418E-006
    0.455520000000E+005    0.176697575143E-006
    0.456020000000E+005    0.177823538895E-006
    0.456520000000E+005    0.178954987519E-006
    0.457020000000E+005    0.180091938885E-006
    0.457520000000E+005    0.181234410889E-006
    0.458020000000E+005    0.182382421448E-006
    0.458520000000E+005    0.183535988508E-006
    0.459020000000E+005    0.184695130035E-006
    0.459520000000E+005    0.185859864023E-006
    0.460020000000E+005    0.187030208489E-006
    0.460520000000E+005    0.188206181473E-006
    0.461020000000E+005    0.189387801041E-006
    0.461520000000E+005    0.190575085282E-006
    0.462020000000E+005    0.191768052311E-006
    0.462520000000E+005    0.192966720266E-006
    0.463020000000E+005    0.194171107307E-006
    0.463520000000E+005    0.195381231622E-006
    0.464020000000E+005    0.196597111420E-006
    0.464520000000E+005    0.197818764935E-006
    0.465020000000E+005    0.199046210425E-006
    0.465520000000E+005    0.200279466172E-006
    0.466020000000E+005    0.201518550480E-006
    0.466520000000E+005    0.202763481679E-006
    0.467020000000E+005    0.204014278121E-006
    0.467520000000E+005    0.205270958184E-006
    0.468020000000E+005    0.206533540266E-006
    0.468520000000E+005    0.207802042792E-006
    0.469020000000E+005    0.209076484208E-006
    0.469520000000E+005    0.210356882986E-006
    0.470020000000E+005    0.211643257618E-006
    0.470520000000E+005    0.212935626622E-006
    0.471020000000E+005    0.214234008539E-006
    0.471520000000E+005    0.215538421932E-006
    0.472020000000E+005    0.216848885388E-006
    0.472520000000E+005    0.218165417517E-006
    0.473020000000E+005    0.219488036952E-006
    0.473520000000E+005    0.220816762350E-006
    0.474020000000E+005    0.222151612390E-006
    0.474520000000E+005    0.223492605774E-006
    0.475020000000E+005    0.224839761228E-006
    0.475520000000E+005    0.226193097498E-006
    0.476020000000E+005    0.227552633356E-006
    0.476520000000E+005    0.228918387595E-006
    0.477020000000E+005    0.230290379032E-006
    0.477520000000E+005    0.231668626506E-006
    0.478020000000E+005    0.233053148877E-006
    0.478520000000E+005    0.234443965030E-006
    0.479020000000E+005    0.235841093872E-006
    0.479520000000E+005    0.237244554332E-006
    0.480020000000E+005    0.238654365361E-006
    0.480520000000E+005    0.240070545932E-006
    0.481020000000E+005    0.241493115043E-006
    0.481520000000E+005    0.242922091711E-006
    0.482020000000E+005    0.244357494977E-006
    0.482520000000E+005    0.245799343903E-006
    0.483020000000E+005    0.247247657575E-006
    0.483520000000E+005    0.248702455100E-006
    0.484020000000E+005    0.250163755607E-006
    0.484520000000E+005    0.251631578246E-006
    0.485020000000E+005    0.253105942190E-006
    0.485520000000E+005    0.254586866634E-006
    0.486020000000E+005    0.256074370795E-006
    0.486520000000E+005    0.257568473911E-006
    0.487020000000E+005    0.259069195241E-006
    0.487520000000E+005    0.260576554068E-006
    0.488020000000E+005    0.262090569695E-006
    0.488520000000E+005    0.263611261447E-006
    0.489020000000E+005    0.265138648670E-006
    0.489520000000E+005    0.266672750732E-006
    0.490020000000E+005    0.268213587022E-006
    0.490520000000E+005    0.269761176950E-006
    0.491020000000E+005    0.271315539950E-006
    0.491520000000E+005    0.272876695474E-006
    0.492020000000E+005    0.274444662995E-006
    0.492520000000E+005    0.276019462011E-006
    0.493020000000E+005    0.277601112038E-006
    0.493520000000E+005    0.279189632613E-006
    0.494020000000E+005    0.280785043295E-006
    0.494520000000E+005    0.282387363663E-006
    0.495020000000E+005    0.283996613320E-006
    0.495520000000E+005    0.285612811885E-006
    0.496020000000E+005    0.287235979002E-006
    0.496520000000E+005    0.288866134333E-006
    0.497020000000E+005    0.290503297562E-006
    0.497520000000E+005    0.292147488394E-006
    0.498020000000E+005    0.293798726553E-006
    0.498520000000E+005    0.295457031786E-006
    0.499020000000E+005    0.297122423857E-006
    0.499520000000E+005    0.298794922555E-006
    0.500020000000E+005    0.300474547685E-006
    0.500520000000E+005    0.302161319075E-006
    0.501020000000E+005    0.303855256573E-006
    0.501520000000E+005    0.305556380046E-006
    0.502020000000E+005    0.307264709383E-006
    0.502520000000E+005    0.308980264491E-006
    0.503020000000E+005    0.310703065300E-006
    0.503520000000E+005    0.312433131756E-006
    0.504020000000E+005    0.314170483829E-006
    0.504520000000E+005    0.315915141507E-006
    0.505020000000E+005    0.317667124798E-006
    0.505520000000E+005    0.319426453729E-006
    0.506020000000E+005    0.321193148350E-006
    0.506520000000E+005    0.322967228726E-006
    0.507020000000E+005    0.324748714946E-006
    0.507520000000E+005    0.326537627116E-006
    0.508020000000E+005    0.328333985363E-006
    0.508520000000E+005    0.330137809832E-006
    0.509020000000E+005    0.331949120689E-006
    0.509520000000E+005    0.333767938119E-006
    0.510020000000E+005    0.335594282326E-006
    0.510520000000E+005    0.337428173534E-006
    0.511020000000E+005    0.339269631985E-006
    0.511520000000E+005    0.341118677941E-006
    0.512020000000E+005    0.342975331684E-006
    0.512520000000E+005    0.344839613514E-006
    0.513020000000E+005    0.346711543750E-006
    0.513520000000E+005    0.348591142730E-006
    0.514020000000E+005    0.350478430813E-006
    0.514520000000E+005    0.352373428374E-006
    0.515020000000E+005    0.354276155809E-006
    0.515520000000E+005    0.356186633531E-006
    0.516020000000E+005    0.358104881973E-006
    0.516520000000E+005    0.360030921587E-006
    0.517020000000E+005    0.361964772842E-006
    0.517520000000E+005    0.363906456227E-006
    0.518020000000E+005    0.365855992250E-006
    0.518520000000E+005    0.367813401436E-006
    0.519020000000E+005    0.369778704329E-006
    0.519520000000E+005    0.371751921492E-006
    0.520020000000E+005    0.373733073506E-006
    0.520520000000E+005    0.375722180970E-006
    0.521020000000E+005    0.377719264500E-006
    0.521520000000E+005    0.379724344734E-006
    0.522020000000E+005    0.381737442324E-006
    0.522520000000E+005    0.383758577943E-006
    0.523020000000E+005    0.385787772280E-006
    0.523520000000E+005    0.387825046043E-006
    0.524020000000E+005    0.389870419957E-006
    0.524520000000E+005    0.391923914767E-006
    0.525020000000E+005    0.393985551234E-006
    0.525520000000E+005    0.396055350137E-006
    0.526020000000E+005    0.398133332273E-006
    0.526520000000E+005    0.400219518456E-006
    0.527020000000E+005    0.402313929519E-006
    0.527520000000E+005    0.404416586312E-006
    0.528020000000E+005    0.406527509701E-006
    0.528520000000E+005    0.408646720571E-006
    0.529020000000E+005    0.410774239826E-006
    0.529520000000E+005    0.412910088383E-006
    0.530020000000E+005    0.415054287180E-006
    0.530520000000E+005    0.417206857171E-006
    0.531020000000E+005    0.419367819327E-006
    0.531520000000E+005    0.421537194637E-006
    0.532020000000E+005    0.423715004105E-006
    0.532520000000E+005    0.425901268755E-006
    0.533020000000E+005    0.428096009626E-006
    0.533520000000E+005    0.430299247775E-006
    0.534020000000E+005    0.432511004274E-006
    0.534520000000E+005    0.434731300213E-006
    0.535020000000E+005    0.436960156701E-006
    0.535520000000E+005    0.439197594860E-006
    0.536020000000E+005    0.441443635830E-006
    0.536520000000E+005    0.443698300769E-006
    0.537020000000E+005    0.445961610850E-006
    0.537520000000E+005    0.448233587264E-006
    0.538020000000E+005    0.450514251216E-006
    0.538520000000E+005    0.452803623929E-006
    0.539020000000E+005    0.455101726643E-006
    0.539520000000E+005    0.457408580614E-006
    0.540020000000E+005    0.459724207113E-006
    0.540520000000E+005    0.462048627428E-006
    0.541020000000E+005    0.464381862864E-006
    0.541520000000E+005    0.466723934740E-006
    0.542020000000E+005    0.469074864393E-006
    0.542520000000E+005    0.471434673176E-006
    0.543020000000E+005    0.473803382456E-006
    0.543520000000E+005    0.476181013618E-006
    0.544020000000E+005    0.478567588062E-006
    0.544520000000E+005    0.480963127203E-006
    0.545020000000E+005    0.483367652474E-006
    0.545520000000E+005    0.485781185320E-006
    0.546020000000E+005    0.488203747206E-006
    0.546520000000E+005    0.490635359610E-006
    0.547020000000E+005    0.493076044024E-006
    0.547520000000E+005    0.495525821960E-006
    0.548020000000E+005    0.497984714941E-006
    0.548520000000E+005    0.500452744508E-006
    0.549020000000E+005    0.502929932217E-006
    0.549520000000E+005    0.505416299638E-006
    0.550020000000E+005    0.507911868357E-006
    0.550520000000E+005    0.510416659975E-006
    0.551020000000E+005    0.512930696108E-006
    0.551520000000E+005    0.515453998388E-006
    0.552020000000E+005    0.517986588462E-006
    0.552520000000E+005    0.520528487990E-006
    0.553020000000E+005    0.523079718648E-006
    0.553520000000E+005    0.525640302128E-006
    0.554020000000E+005    0.528210260135E-006
    0.554520000000E+005    0.530789614390E-006
    0.555020000000E+005    0.533378386627E-006
    0.555520000000E+005    0.535976598598E-006
    0.556020000000E+005    0.538584272066E-006
    0.556520000000E+005    0.541201428811E-006
    0.557020000000E+005    0.543828090625E-006
    0.557520000000E+005    0.546464279317E-006
    0.558020000000E+005    0.549110016708E-006
    0.558520000000E+005    0.551765324636E-006
    0.559020000000E+005    0.554430224952E-006
    0.559520000000E+005    0.557104739520E-006
    0.560020000000E+005    0.559788890219E-006
    0.560520000000E+005    0.562482698944E-006
    0.561020000000E+005    0.565186187601E-006
    0.561520000000E+005    0.567899378111E-006
    0.562020000000E+005    0.570622292411E-006
    0.562520000000E+005    0.573354952450E-006
    0.563020000000E+005    0.576097380190E-006
    0.563520000000E+005    0.578849597609E-006
    0.564020000000E+005    0.581611626697E-006
    0.564520000000E+005    0.584383489459E-006
    0.565020000000E+005    0.587165207913E-006
    0.565520000000E+005    0.589956804090E-006
    0.566020000000E+005    0.592758300035E-006
    0.566520000000E+005    0.595569717808E-006
    0.567020000000E+005    0.598391079481E-006
    0.567520000000E+005    0.601222407138E-006
    0.568020000000E+005    0.604063722879E-006
    0.568520000000E+005    0.606915048816E-006
    0.569020000000E+005    0.609776407075E-006
    0.569520000000E+005    0.612647819793E-006
    0.570020000000E+005    0.615529309122E-006
    0.570520000000E+005    0.618420897228E-006
    0.571020000000E+005    0.621322606287E-006
    0.571520000000E+005    0.624234458492E-006
    0.572020000000E+005    0.627156476044E-006
    0.572520000000E+005    0.630088681162E-006
    0.573020000000E+005    0.633031096073E-006
    0.573520000000E+005    0.635983743021E-006
    0.574020000000E+005    0.638946644260E-006
    0.574520000000E+005    0.641919822057E-006
    0.575020000000E+005    0.644903298693E-006
    0.575520000000E+005    0.647897096460E-006
    0.576020000000E+005    0.650901237664E-006
    0.576520000000E+005    0.653915744622E-006
    0.577020000000E+005    0.656940639664E-006
    0.577520000000E+005    0.659975945132E-006
    0.578020000000E+005    0.663021683381E-006
    0.578520000000E+005    0.666077876778E-006
    0.579020000000E+005    0.669144547702E-006
    0.579520000000E+005    0.672221718544E-006
    0.580020000000E+005    0.675309411708E-006
    0.580520000000E+005    0.678407649609E-006
    0.581020000000E+005    0.681516454674E-006
    0.581520000000E+005    0.684635849343E-006
    0.582020000000E+005    0.687765856067E-006
    0.582520000000E+005    0.690906497308E-006
    0.583020000000E+005    0.694057795542E-006
    0.583520000000E+005    0.697219773256E-006
    0.584020000000E+005    0.700392452946E-006
    0.584520000000E+005    0.703575857124E-006
    0.585020000000E+005    0.706770008311E-006
    0.585520000000E+005    0.709974929039E-006
    0.586020000000E+005    0.713190641854E-006
    0.586520000000E+005    0.716417169310E-006
    0.587020000000E+005    0.719654533975E-006
    0.587520000000E+005    0.722902758428E-006
    0.588020000000E+005    0.726161865259E-006
    0.588520000000E+005    0.729431877068E-006
    0.589020000000E+005    0.732712816467E-006
    0.589520000000E+005    0.736004706081E-006
    0.590020000000E+005    0.739307568543E-006
    0.590520000000E+005    0.742621426500E-006
    0.591020000000E+005    0.745946302606E-006
    0.591520000000E+005    0.749282219530E-006
    0.592020000000E+005    0.752629199949E-006
    0.592520000000E+005    0.755987266553E-006
    0.593020000000E+005    0.759356442041E-006
    0.593520000000E+005    0.762736749124E-006
    0.594020000000E+005    0.766128210522E-006
    0.594520000000E+005    0.769530848968E-006
    0.595020000000E+005    0.772944687204E-006
    0.595520000000E+005    0.776369747982E-006
    0.596020000000E+005    0.779806054065E-006
    0.596520000000E+005    0.783253628228E-006
    0.597020000000E+005    0.786712493253E-006
    0.597520000000E+005    0.790182671936E-006
    0.598020000000E+005    0.793664187081E-006
    0.598520000000E+005    0.797157061502E-006
    0.599020000000E+005    0.800661318025E-006
    0.599520000000E+005    0.804176979484E-006
    0.600020000000E+005    0.807704068724E-006
    0.600520000000E+005    0.811242608600E-006
    0.601020000000E+005    0.814792621978E-006
    0.601520000000E+005    0.818354131731E-006
    0.602020000000E+005    0.821927160745E-006
    0.602520000000E+005    0.825511731914E-006
    0.603020000000E+005    0.829107868143E-006
    0.603520000000E+005    0.832715592344E-006
    0.604020000000E+005    0.836334927443E-006
    0.604520000000E+005    0.839965896371E-006
    0.605020000000E+005    0.843608522071E-006
    0.605520000000E+005    0.847262827497E-006
    0.606020000000E+005    0.850928835608E-006
    0.606520000000E+005    0.854606569377E-006
    0.607020000000E+005    0.858296051784E-006
    0.607520000000E+005    0.861997305817E-006
    0.608020000000E+005    0.865710354477E-006
    0.608520000000E+005    0.869435220771E-006
    0.609020000000E+005    0.873171927716E-006
    0.609520000000E+005    0.876920498339E-006
    0.610020000000E+005    0.880680955675E-006
    0.610520000000E+005    0.884453322768E-006
    0.611020000000E+005    0.888237622671E-006
    0.611520000000E+005    0.892033878447E-006
    0.612020000000E+005    0.895842113167E-006
    0.612520000000E+005    0.899662349910E-006
    0.613020000000E+005    0.903494611764E-006
    0.613520000000E+005    0.907338921828E-006
    0.614020000000E+005    0.911195303207E-006
    0.614520000000E+005    0.915063779015E-006
    0.615020000000E+005    0.918944372375E-006
    0.615520000000E+005    0.922837106419E-006
    0.616020000000E+005    0.926742004287E-006
    0.616520000000E+005    0.930659089126E-006
    0.617020000000E+005    0.934588384094E-006
    0.617520000000E+005    0.938529912355E-006
    0.618020000000E+005    0.942483697083E-006
    0.618520000000E+005    0.946449761459E-006
    0.619020000000E+005    0.950428128672E-006
    0.619520000000E+005    0.954418821920E-006
    0.620020000000E+005    0.958421864409E-006
    0.620520000000E+005    0.962437279352E-006
    0.621020000000E+005    0.966465089970E-006
    0.621520000000E+005    0.970505319494E-006
    0.622020000000E+005    0.974557991160E-006
    0.622520000000E+005    0.978623128214E-006
    0.623020000000E+005    0.982700753908E-006
    0.623520000000E+005    0.986790891504E-006
    0.624020000000E+005    0.990893564268E-006
    0.624520000000E+005    0.995008795478E-006
    0.625020000000E+005    0.999136608415E-006
    0.625520000000E+005    0.100327702637E-005
    0.626020000000E+005    0.100743007265E-005
    0.626520000000E+005    0.101159577054E-005
    0.627020000000E+005    0.101577414338E-005
    0.627520000000E+005    0.101996521447E-005
    0.628020000000E+005    0.102416900714E-005
    0.628520000000E+005    0.102838554473E-005
    0.629020000000E+005    0.103261485059E-005
    0.629520000000E+005    0.103685694805E-005
    0.630020000000E+005    0.104111186048E-005
    0.630520000000E+005    0.104537961124E-005
    0.631020000000E+005    0.104966022370E-005
    0.631520000000E+005    0.105395372124E-005
    0.632020000000E+005    0.105826012723E-005
    0.632520000000E+005    0.106257946508E-005
    0.633020000000E+005    0.106691175817E-005
    0.633520000000E+005    0.107125702992E-005
    0.634020000000E+005    0.107561530373E-005
    0.634520000000E+005    0.107998660302E-005
    0.635020000000E+005    0.108437095122E-005
    0.635520000000E+005    0.108876837175E-005
    0.636020000000E+005    0.109317888806E-005
    0.636520000000E+005    0.109760252358E-005
    0.637020000000E+005    0.110203930177E-005
    0.637520000000E+005    0.110648924608E-005
    0.638020000000E+005    0.111095237998E-005
    0.638520000000E+005    0.111542872693E-005
    0.639020000000E+005    0.111991831040E-005
    0.639520000000E+005    0.112442115389E-005
    0.640020000000E+005    0.112893728088E-005
    0.640520000000E+005    0.113346671485E-005
    0.641020000000E+005    0.113800947931E-005
    0.641520000000E+005    0.114256559777E-005
    0.642020000000E+005    0.114713509373E-005
    0.642520000000E+005    0.115171799072E-005
    0.643020000000E+005    0.115631431225E-005
    0.643520000000E+005    0.116092408185E-005
    0.644020000000E+005    0.116554732306E-005
    0.644520000000E+005    0.117018405942E-005
    0.645020000000E+005    0.117483431447E-005
    0.645520000000E+005    0.117949811177E-005
    0.646020000000E+005    0.118417547486E-005
    0.646520000000E+005    0.118886642732E-005
    0.647020000000E+005    0.119357099270E-005
    0.647520000000E+005    0.119828919459E-005
    0.648020000000E+005    0.120302105656E-005
    0.648520000000E+005    0.120776660220E-005
    0.649020000000E+005    0.121252585508E-005
    0.649520000000E+005    0.121729883882E-005
    0.650020000000E+005    0.122208557699E-005
    0.650520000000E+005    0.122688609322E-005
    0.651020000000E+005    0.123170041111E-005
    0.651520000000E+005    0.123652855427E-005
    0.652020000000E+005    0.124137054632E-005
    0.652520000000E+005    0.124622641088E-005
    0.653020000000E+005    0.125109617159E-005
    0.653520000000E+005    0.125597985208E-005
    0.654020000000E+005    0.126087747598E-005
    0.654520000000E+005    0.126578906695E-005
    0.655020000000E+005    0.127071464862E-005
    0.655520000000E+005    0.127565424465E-005
    0.656020000000E+005    0.128060787870E-005
    0.656520000000E+005    0.128557557442E-005
    0.657020000000E+005    0.129055735549E-005
    0.657520000000E+005    0.129555324557E-005
    0.658020000000E+005    0.130056326835E-005
    0.658520000000E+005    0.130558744749E-005
    0.659020000000E+005    0.131062580668E-005
    0.659520000000E+005    0.131567836961E-005
    0.660020000000E+005    0.132074515997E-005
    0.660520000000E+005    0.132582620146E-005
    0.661020000000E+005    0.133092151778E-005
    0.661520000000E+005    0.133603113263E-005
    0.662020000000E+005    0.134115506971E-005
    0.662520000000E+005    0.134629335275E-005
    0.663020000000E+005    0.135144600546E-005
    0.663520000000E+005    0.135661305156E-005
    0.664020000000E+005    0.136179451476E-005
    0.664520000000E+005    0.136699041881E-005
    0.665020000000E+005    0.137220078743E-005
    0.665520000000E+005    0.137742564435E-005
    0.666020000000E+005    0.138266501332E-005
    0.666520000000E+005    0.138791891807E-005
    0.667020000000E+005    0.139318738236E-005
    0.667520000000E+005    0.139847042992E-005
    0.668020000000E+005    0.140376808453E-005
    0.668520000000E+005    0.140908036992E-005
    0.669020000000E+005    0.141440730986E-005
    0.669520000000E+005    0.141974892812E-005
    0.670020000000E+005    0.142510524846E-005
    0.670520000000E+005    0.143047629464E-005
    0.671020000000E+005    0.143586209045E-005
    0.671520000000E+005    0.144126265966E-005
    0.672020000000E+005    0.144667802604E-005
    0.672520000000E+005    0.145210821338E-005
    0.673020000000E+005    0.145755324546E-005
    0.673520000000E+005    0.146301314607E-005
    0.674020000000E+005    0.146848793901E-005
    0.674520000000E+005    0.147397764806E-005
    0.675020000000E+005    0.147948229703E-005
    0.675520000000E+005    0.148500190970E-005
    0.676020000000E+005    0.149053650989E-005
    0.676520000000E+005    0.149608612140E-005
    0.677020000000E+005    0.150165076803E-005
    0.677520000000E+005    0.150723047360E-005
    0.678020000000E+005    0.151282526192E-005
    0.678520000000E+005    0.151843515680E-005
    0.679020000000E+005    0.152406018206E-005
    0.679520000000E+005    0.152970036152E-005
    0.680020000000E+005    0.153535571901E-005
    0.680520000000E+005    0.154102627834E-005
    0.681020000000E+005    0.154671206335E-005
    0.681520000000E+005    0.155241309787E-005
    0.682020000000E+005    0.155812940571E-005
    0.682520000000E+005    0.156386101073E-005
    0.683020000000E+005    0.156960793676E-005
    0.683520000000E+005    0.157537020762E-005
    0.684020000000E+005    0.158114784717E-005
    0.684520000000E+005    0.158694087924E-005
    0.685020000000E+005    0.159274932768E-005
    0.685520000000E+005    0.159857321634E-005
    0.686020000000E+005    0.160441256905E-005
    0.686520000000E+005    0.161026740968E-005
    0.687020000000E+005    0.161613776207E-005
    0.687520000000E+005    0.162202365007E-005
    0.688020000000E+005    0.162792509754E-005
    0.688520000000E+005    0.163384212833E-005
    0.689020000000E+005    0.163977476631E-005
    0.689520000000E+005    0.164572303532E-005
    0.690020000000E+005    0.165168695924E-005
    0.690520000000E+005    0.165766656193E-005
    0.691020000000E+005    0.166366186724E-005
    0.691520000000E+005    0.166967289904E-005
    0.692020000000E+005    0.167569968121E-005
    0.692520000000E+005    0.168174223759E-005
    0.693020000000E+005    0.168780059208E-005
    0.693520000000E+005    0.169387476853E-005
    0.694020000000E+005    0.169996479081E-005
    0.694520000000E+005    0.170607068280E-005
    0.695020000000E+005    0.171219246838E-005
    0.695520000000E+005    0.171833017140E-005
    0.696020000000E+005    0.172448381576E-005
    0.696520000000E+005    0.173065342533E-005
    0.697020000000E+005    0.173683902398E-005
    0.697520000000E+005    0.174304063560E-005
    0.698020000000E+005    0.174925828405E-005
    0.698520000000E+005    0.175549199322E-005
    0.699020000000E+005    0.176174178700E-005
    0.699520000000E+005    0.176800768925E-005
    0.700020000000E+005    0.177428972387E-005
    0.700520000000E+005    0.178058791473E-005
    0.701020000000E+005    0.178690228572E-005
    0.701520000000E+005    0.179323286072E-005
    0.702020000000E+005    0.179957966361E-005
    0.702520000000E+005    0.180594271829E-005
    0.703020000000E+005    0.181232204862E-005
    0.703520000000E+005    0.181871767850E-005
    0.704020000000E+005    0.182512963182E-005
    0.704520000000E+005    0.183155793245E-005
    0.705020000000E+005    0.183800260428E-005
    0.705520000000E+005    0.184446367121E-005
    0.706020000000E+005    0.185094115711E-005
    0.706520000000E+005    0.185743508586E-005
    0.707020000000E+005    0.186394548137E-005
    0.707520000000E+005    0.187047236751E-005
    0.708020000000E+005    0.187701576816E-005
    0.708520000000E+005    0.188357570722E-005
    0.709020000000E+005    0.189015220857E-005
    0.709520000000E+005    0.189674529609E-005
    0.710020000000E+005    0.190335499367E-005
    0.710520000000E+005    0.190998132520E-005
    0.711020000000E+005    0.191662431456E-005
    0.711520000000E+005    0.192328398563E-005
    0.712020000000E+005    0.192996036230E-005
    0.712520000000E+005    0.193665346845E-005
    0.713020000000E+005    0.194336332797E-005
    0.713520000000E+005    0.195008996473E-005
    0.714020000000E+005    0.195683340263E-005
    0.714520000000E+005    0.196359366553E-005
    0.715020000000E+005    0.197037077733E-005
    0.715520000000E+005    0.197716476189E-005
    0.716020000000E+005    0.198397564311E-005
    0.716520000000E+005    0.199080344487E-005
    0.717020000000E+005    0.199764819102E-005
    0.717520000000E+005    0.200450990547E-005
    0.718020000000E+005    0.201138861207E-005
    0.718520000000E+005    0.201828433472E-005
    0.719020000000E+005    0.202519709727E-005
    0.719520000000E+005    0.203212692361E-005
    0.720020000000E+005    0.203907383760E-005
    0.720520000000E+005    0.204603786313E-005
    0.721020000000E+005    0.205301902405E-005
    0.721520000000E+005    0.206001734424E-005
    0.722020000000E+005    0.206703284756E-005
    0.722520000000E+005    0.207406555789E-005
    0.723020000000E+005    0.208111549908E-005
    0.723520000000E+005    0.208818269501E-005
    0.724020000000E+005    0.209526716952E-005
    0.724520000000E+005    0.210236894650E-005
    0.725020000000E+005    0.210948804978E-005
    0.725520000000E+005    0.211662450324E-005
    0.726020000000E+005    0.212377833073E-005
    0.726520000000E+005    0.213094955611E-005
    0.727020000000E+005    0.213813820322E-005
    0.727520000000E+005    0.214534429592E-005
    0.728020000000E+005    0.215256785806E-005
    0.728520000000E+005    0.215980891350E-005
    0.729020000000E+005    0.216706748606E-005
    0.729520000000E+005    0.217434359961E-005
    0.730020000000E+005    0.218163727798E-005
    0.730520000000E+005    0.218894854502E-005
    0.731020000000E+005    0.219627742456E-005
    0.731520000000E+005    0.220362394045E-005
    0.732020000000E+005    0.221098811651E-005
    0.732520000000E+005    0.221836997658E-005
    0.733020000000E+005    0.222576954450E-005
    0.733520000000E+005    0.223318684408E-005
    0.734020000000E+005    0.224062189917E-005
    0.734520000000E+005    0.224807473357E-005
    0.735020000000E+005    0.225554537113E-005
    0.735520000000E+005    0.226303383564E-005
    0.736020000000E+005    0.227054015095E-005
    0.736520000000E+005    0.227806434085E-005
    0.737020000000E+005    0.228560642916E-005
    0.737520000000E+005    0.229316643970E-005
    0.738020000000E+005    0.230074439627E-005
    0.738520000000E+005    0.230834032268E-005
    0.739020000000E+005    0.231595424272E-005
    0.739520000000E+005    0.232358618022E-005
    0.740020000000E+005    0.233123615895E-005
    0.740520000000E+005    0.233890420271E-005
    0.741020000000E+005    0.234659033531E-005
    0.741520000000E+005    0.235429458052E-005
    0.742020000000E+005    0.236201696213E-005
    0.742520000000E+005    0.236975750394E-005
    0.743020000000E+005    0.237751622972E-005
    0.743520000000E+005    0.238529316325E-005
    0.744020000000E+005    0.239308832830E-005
    0.744520000000E+005    0.240090174865E-005
    0.745020000000E+005    0.240873344807E-005
    0.745520000000E+005    0.241658345033E-005
    0.746020000000E+005    0.242445177918E-005
    0.746520000000E+005    0.243233845839E-005
    0.747020000000E+005    0.244024351172E-005
    0.747520000000E+005    0.244816696292E-005
    0.748020000000E+005    0.245610883574E-005
    0.748520000000E+005    0.246406915393E-005
    0.749020000000E+005    0.247204794123E-005
    0.749520000000E+005    0.248004522139E-005
    0.750020000000E+005    0.248806101814E-005
    0.750520000000E+005    0.249609535522E-005
    0.751020000000E+005    0.250414825635E-005
    0.751520000000E+005    0.251221974526E-005
    0.752020000000E+005    0.252030984569E-005
    0.752520000000E+005    0.252841858134E-005
    0.753020000000E+005    0.253654597594E-005
    0.753520000000E+005    0.254469205319E-005
    0.754020000000E+005    0.255285683681E-005
    0.754520000000E+005    0.256104035050E-005
    0.755020000000E+005    0.256924261797E-005
    0.755520000000E+005    0.257746366290E-005
    0.756020000000E+005    0.258570350900E-005
    0.756520000000E+005    0.259396217996E-005
    0.757020000000E+005    0.260223969946E-005
    0.757520000000E+005    0.261053609119E-005
    0.758020000000E+005    0.261885137881E-005
    0.758520000000E+005    0.262718558602E-005
    0.759020000000E+005    0.263553873647E-005
    0.759520000000E+005    0.264391085383E-005
    0.760020000000E+005    0.265230196177E-005
    0.760520000000E+005    0.266071208395E-005
    0.761020000000E+005    0.266914124401E-005
    0.761520000000E+005    0.267758946561E-005
    0.762020000000E+005    0.268605677239E-005
    0.762520000000E+005    0.269454318799E-005
    0.763020000000E+005    0.270304873605E-005
    0.763520000000E+005    0.271157344021E-005
    0.764020000000E+005    0.272011732408E-005
    0.764520000000E+005    0.272868041130E-005
    0.765020000000E+005    0.273726272548E-005
    0.765520000000E+005    0.274586429023E-005
    0.766020000000E+005    0.275448512917E-005
    0.766520000000E+005    0.276312526590E-005
    0.767020000000E+005    0.277178472402E-005
    0.767520000000E+005    0.278046352713E-005
    0.768020000000E+005    0.278916169882E-005
    0.768520000000E+005    0.279787926267E-005
    0.769020000000E+005    0.280661624227E-005
    0.769520000000E+005    0.281537266119E-005
    0.770020000000E+005    0.282414854300E-005
    0.770520000000E+005    0.283294391128E-005
    0.771020000000E+005    0.284175878958E-005
    0.771520000000E+005    0.285059320147E-005
    0.772020000000E+005    0.285944717049E-005
    0.772520000000E+005    0.286832072018E-005
    0.773020000000E+005    0.287721387411E-005
    0.773520000000E+005    0.288612665579E-005
    0.774020000000E+005    0.289505908876E-005
    0.774520000000E+005    0.290401119656E-005
    0.775020000000E+005    0.291298300269E-005
    0.775520000000E+005    0.292197453068E-005
    0.776020000000E+005    0.293098580404E-005
    0.776520000000E+005    0.294001684627E-005
    0.777020000000E+005    0.294906768088E-005
    0.777520000000E+005    0.295813833136E-005
    0.778020000000E+005    0.296722882119E-005
    0.778520000000E+005    0.297633917387E-005
    0.779020000000E+005    0.298546941287E-005
    0.779520000000E+005    0.299461956166E-005
    0.780020000000E+005    0.300378964372E-005
    0.780520000000E+005    0.301297968251E-005
    0.781020000000E+005    0.302218970147E-005
    0.781520000000E+005    0.303141972407E-005
    0.782020000000E+005    0.304066977374E-005
    0.782520000000E+005    0.304993987393E-005
    0.783020000000E+005    0.305923004807E-005
    0.783520000000E+005    0.306854031959E-005
    0.784020000000E+005    0.307787071191E-005
    0.784520000000E+005    0.308722124845E-005
    0.785020000000E+005    0.309659195261E-005
    0.785520000000E+005    0.310598284781E-005
    0.786020000000E+005    0.311539395744E-005
    0.786520000000E+005    0.312482530489E-005
    0.787020000000E+005    0.313427691355E-005
    0.787520000000E+005    0.314374880679E-005
    0.788020000000E+005    0.315324100801E-005
    0.788520000000E+005    0.316275354055E-005
    0.789020000000E+005    0.317228642779E-005
    0.789520000000E+005    0.318183969308E-005
    0.790020000000E+005    0.319141335977E-005
    0.790520000000E+005    0.320100745120E-005
    0.791020000000E+005    0.321062199072E-005
    0.791520000000E+005    0.322025700164E-005
    0.792020000000E+005    0.322991250730E-005
    0.792520000000E+005    0.323958853102E-005
    0.793020000000E+005    0.324928509610E-005
    0.793520000000E+005    0.325900222585E-005
    0.794020000000E+005    0.326873994357E-005
    0.794520000000E+005    0.327849827255E-005
    0.795020000000E+005    0.328827723608E-005
    0.795520000000E+005    0.329807685743E-005
    0.796020000000E+005    0.330789715989E-005
    0.796520000000E+005    0.331773816670E-005
    0.797020000000E+005    0.332759990115E-005
    0.797520000000E+005    0.333748238646E-005
    0.798020000000E+005    0.334738564590E-005
    0.798520000000E+005    0.335730970270E-005
    0.799020000000E+005    0.336725458010E-005
    0.799520000000E+005    0.337722030131E-005
    0.800020000000E+005    0.338720688956E-005
    0.800520000000E+005    0.339721436805E-005
    0.801020000000E+005    0.340724276000E-005
    0.801520000000E+005    0.341729208860E-005
    0.802020000000E+005    0.342736237703E-005
    0.802520000000E+005    0.343745364850E-005
    0.803020000000E+005    0.344756592616E-005
    0.803520000000E+005    0.345769923319E-005
    0.804020000000E+005    0.346785359275E-005
    0.804520000000E+005    0.347802902800E-005
    0.805020000000E+005    0.348822556208E-005
    0.805520000000E+005    0.349844321814E-005
    0.806020000000E+005    0.350868201931E-005
    0.806520000000E+005    0.351894198871E-005
    0.807020000000E+005    0.352922314947E-005
    0.807520000000E+005    0.353952552469E-005
    0.808020000000E+005    0.354984913748E-005
    0.808520000000E+005    0.356019401093E-005
    0.809020000000E+005    0.357056016814E-005
    0.809520000000E+005    0.358094763218E-005
    0.810020000000E+005    0.359135642614E-005
    0.810520000000E+005    0.360178657307E-005
    0.811020000000E+005    0.361223809603E-005
    0.811520000000E+005    0.362271101809E-005
    0.812020000000E+005    0.363320536227E-005
    0.812520000000E+005    0.364372115163E-005
    0.813020000000E+005    0.365425840917E-005
    0.813520000000E+005    0.366481715794E-005
    0.814020000000E+005    0.367539742093E-005
    0.814520000000E+005    0.368599922116E-005
    0.815020000000E+005    0.369662258162E-005
    0.815520000000E+005    0.370726752530E-005
    0.816020000000E+005    0.371793407518E-005
    0.816520000000E+005    0.372862225424E-005
    0.817020000000E+005    0.373933208544E-005
    0.817520000000E+005    0.375006359174E-005
    0.818020000000E+005    0.376081679609E-005
    0.818520000000E+005    0.377159172144E-005
    0.819020000000E+005    0.378238839071E-005
    0.819520000000E+005    0.379320682683E-005
    0.820020000000E+005    0.380404705271E-005
    0.820520000000E+005    0.381490909128E-005
    0.821020000000E+005    0.382579296542E-005
    0.821520000000E+005    0.383669869804E-005
    0.822020000000E+005    0.384762631201E-005
    0.822520000000E+005    0.385857583022E-005
    0.823020000000E+005    0.386954727553E-005
    0.823520000000E+005    0.388054067080E-005
    0.824020000000E+005    0.389155603888E-005
    0.824520000000E+005    0.390259340261E-005
    0.825020000000E+005    0.391365278484E-005
    0.825520000000E+005    0.392473420838E-005
    0.826020000000E+005    0.393583769606E-005
    0.826520000000E+005    0.394696327068E-005
    0.827020000000E+005    0.395811095504E-005
    0.827520000000E+005    0.396928077194E-005
    0.828020000000E+005    0.398047274415E-005
    0.828520000000E+005    0.399168689447E-005
    0.829020000000E+005    0.400292324564E-005
    0.829520000000E+005    0.401418182043E-005
    0.830020000000E+005    0.402546264159E-005
    0.830520000000E+005    0.403676573185E-005
    0.831020000000E+005    0.404809111395E-005
    0.831520000000E+005    0.405943881061E-005
    0.832020000000E+005    0.407080884455E-005
    0.832520000000E+005    0.408220123846E-005
    0.833020000000E+005    0.409361601505E-005
    0.833520000000E+005    0.410505319701E-005
    0.834020000000E+005    0.411651280700E-005
    0.834520000000E+005    0.412799486770E-005
    0.835020000000E+005    0.413949940177E-005
    0.835520000000E+005    0.415102643186E-005
    0.836020000000E+005    0.416257598061E-005
    0.836520000000E+005    0.417414807066E-005
    0.837020000000E+005    0.418574272463E-005
    0.837520000000E+005    0.419735996513E-005
    0.838020000000E+005    0.420899981477E-005
    0.838520000000E+005    0.422066229614E-005
    0.839020000000E+005    0.423234743184E-005
    0.839520000000E+005    0.424405524444E-005
    0.840020000000E+005    0.425578575650E-005
    0.840520000000E+005    0.426753899060E-005
    0.841020000000E+005    0.427931496927E-005
    0.841520000000E+005    0.429111371506E-005
    0.842020000000E+005    0.430293525050E-005
    0.842520000000E+005    0.431477959811E-005
    0.843020000000E+005    0.432664678041E-005
    0.843520000000E+005    0.433853681989E-005
    0.844020000000E+005    0.435044973905E-005
    0.844520000000E+005    0.436238556038E-005
    0.845020000000E+005    0.437434430634E-005
    0.845520000000E+005    0.438632599940E-005
    0.846020000000E+005    0.439833066202E-005
    0.846520000000E+005    0.441035831665E-005
    0.847020000000E+005    0.442240898571E-005
    0.847520000000E+005    0.443448269164E-005
    0.848020000000E+005    0.444657945684E-005
    0.848520000000E+005    0.445869930373E-005
    0.849020000000E+005    0.447084225471E-005
    0.849520000000E+005    0.448300833216E-005
    0.850020000000E+005    0.449519755845E-005
    0.850520000000E+005    0.450740995596E-005
    0.851020000000E+005    0.451964554704E-005
    0.851520000000E+005    0.453190435404E-005
    0.852020000000E+005    0.454418639930E-005
    0.852520000000E+005    0.455649170514E-005
    0.853020000000E+005    0.456882029388E-005
    0.853520000000E+005    0.458117218783E-005
    0.854020000000E+005    0.459354740929E-005
    0.854520000000E+005    0.460594598055E-005
    0.855020000000E+005    0.461836792387E-005
    0.855520000000E+005    0.463081326154E-005
    0.856020000000E+005    0.464328201580E-005
    0.856520000000E+005    0.465577420890E-005
    0.857020000000E+005    0.466828986308E-005
    0.857520000000E+005    0.468082900057E-005
    0.858020000000E+005    0.469339164358E-005
    0.858520000000E+005    0.470597781432E-005
    0.859020000000E+005    0.471858753498E-005
    0.859520000000E+005    0.473122082775E-005
    0.860020000000E+005    0.474387771480E-005
    0.860520000000E+005    0.475655821830E-005
    0.861020000000E+005    0.476926236040E-005
    0.861520000000E+005    0.478199016325E-005
    0.862020000000E+005    0.479474164898E-005
    0.862520000000E+005    0.480751683971E-005
    0.863020000000E+005    0.482031575755E-005
    0.863520000000E+005    0.483313842460E-005
    0.864020000000E+005    0.484598486297E-005
    0.864520000000E+005    0.485885509472E-005
    0.865020000000E+005    0.487174914193E-005
    0.865520000000E+005    0.488466702665E-005
    0.866020000000E+005    0.489760877094E-005
    0.866520000000E+005    0.491057439683E-005
    0.867020000000E+005    0.492356392634E-005
    0.867520000000E+005    0.493657738151E-005
    0.868020000000E+005    0.494961478433E-005
    0.868520000000E+005    0.496267615679E-005
    0.869020000000E+005    0.497576152088E-005
    0.869520000000E+005    0.498887089858E-005
    0.870020000000E+005    0.500200431184E-005
    0.870520000000E+005    0.501516178262E-005
    0.871020000000E+005    0.502834333286E-005
    0.871520000000E+005    0.504154898449E-005
    0.872020000000E+005    0.505477875942E-005
    0.872520000000E+005    0.506803267956E-005
    0.873020000000E+005    0.508131076682E-005
    0.873520000000E+005    0.509461304307E-005
    0.874020000000E+005    0.510793953019E-005
    0.874520000000E+005    0.512129025005E-005
    0.875020000000E+005    0.513466522449E-005
    0.875520000000E+005    0.514806447536E-005
    0.876020000000E+005    0.516148802448E-005
    0.876520000000E+005    0.517493589368E-005
    0.877020000000E+005    0.518840810477E-005
    0.877520000000E+005    0.520190467953E-005
    0.878020000000E+005    0.521542563976E-005
    0.878520000000E+005    0.522897100723E-005
    0.879020000000E+005    0.524254080370E-005
    0.879520000000E+005    0.525613505093E-005
    0.880020000000E+005    0.526975377064E-005
    0.880520000000E+005    0.528339698458E-005
    0.881020000000E+005    0.529706471446E-005
    0.881520000000E+005    0.531075698197E-005
    0.882020000000E+005    0.532447380883E-005
    0.882520000000E+005    0.533821521671E-005
    0.883020000000E+005    0.535198122728E-005
    0.883520000000E+005    0.536577186220E-005
    0.884020000000E+005    0.537958714312E-005
    0.884520000000E+005    0.539342709168E-005
    0.885020000000E+005    0.540729172949E-005
    0.885520000000E+005    0.542118107819E-005
    0.886020000000E+005    0.543509515936E-005
    0.886520000000E+005    0.544903399459E-005
    0.887020000000E+005    0.546299760547E-005
    0.887520000000E+005    0.547698601356E-005
    0.888020000000E+005    0.549099924042E-005
    0.888520000000E+005    0.550503730759E-005
    0.889020000000E+005    0.551910023660E-005
    0.889520000000E+005    0.553318804897E-005
    0.890020000000E+005    0.554730076621E-005
    0.890520000000E+005    0.556143840982E-005
    0.891020000000E+005    0.557560100127E-005
    0.891520000000E+005    0.558978856205E-005
    0.892020000000E+005    0.560400111361E-005
    0.892520000000E+005    0.561823867739E-005
    0.893020000000E+005    0.563250127485E-005
    0.893520000000E+005    0.564678892739E-005
    0.894020000000E+005    0.566110165644E-005
    0.894520000000E+005    0.567543948339E-005
    0.895020000000E+005    0.568980242964E-005
    0.895520000000E+005    0.570419051655E-005
    0.896020000000E+005    0.571860376549E-005
    0.896520000000E+005    0.573304219782E-005
    0.897020000000E+005    0.574750583488E-005
    0.897520000000E+005    0.576199469799E-005
    0.898020000000E+005    0.577650880846E-005
    0.898520000000E+005    0.579104818761E-005
    0.899020000000E+005    0.580561285672E-005
    0.899520000000E+005    0.582020283708E-005
    0.900020000000E+005    0.583481814994E-005
    0.900520000000E+005    0.584945881656E-005
    0.901020000000E+005    0.586412485820E-005
    0.901520000000E+005    0.587881629606E-005
    0.902020000000E+005    0.589353315138E-005
    0.902520000000E+005    0.590827544536E-005
    0.903020000000E+005    0.592304319918E-005
    0.903520000000E+005    0.593783643404E-005
    0.904020000000E+005    0.595265517110E-005
    0.904520000000E+005    0.596749943151E-005
    0.905020000000E+005    0.598236923641E-005
    0.905520000000E+005    0.599726460694E-005
    0.906020000000E+005    0.601218556422E-005
    0.906520000000E+005    0.602713212935E-005
    0.907020000000E+005    0.604210432342E-005
    0.907520000000E+005    0.605710216751E-005
    0.908020000000E+005    0.607212568270E-005
    0.908520000000E+005    0.608717489003E-005
    0.909020000000E+005    0.610224981054E-005
    0.909520000000E+005    0.611735046528E-005
    0.910020000000E+005    0.613247687524E-005
    0.910520000000E+005    0.614762906145E-005
    0.911020000000E+005    0.616280704489E-005
    0.911520000000E+005    0.617801084653E-005
    0.912020000000E+005    0.619324048735E-005
    0.912520000000E+005    0.620849598829E-005
    0.913020000000E+005    0.622377737030E-005
    0.913520000000E+005    0.623908465431E-005
    0.914020000000E+005    0.625441786123E-005
    0.914520000000E+005    0.626977701196E-005
    0.915020000000E+005    0.628516212739E-005
    0.915520000000E+005    0.630057322839E-005
    0.916020000000E+005    0.631601033583E-005
    0.916520000000E+005    0.633147347057E-005
    0.917020000000E+005    0.634696265342E-005
    0.917520000000E+005    0.636247790523E-005
    0.918020000000E+005    0.637801924680E-005
    0.918520000000E+005    0.639358669893E-005
    0.919020000000E+005    0.640918028240E-005
    0.919520000000E+005    0.642480001799E-005
    0.920020000000E+005    0.644044592645E-005
    0.920520000000E+005    0.645611802853E-005
    0.921020000000E+005    0.647181634496E-005
    0.921520000000E+005    0.648754089646E-005
    0.922020000000E+005    0.650329170374E-005
    0.922520000000E+005    0.651906878750E-005
    0.923020000000E+005    0.653487216840E-005
    0.923520000000E+005    0.655070186712E-005
    0.924020000000E+005    0.656655790430E-005
    0.924520000000E+005    0.658244030060E-005
    0.925020000000E+005    0.659834907663E-005
    0.925520000000E+005    0.661428425302E-005
    0.926020000000E+005    0.663024585035E-005
    0.926520000000E+005    0.664623388922E-005
    0.927020000000E+005    0.666224839019E-005
    0.927520000000E+005    0.667828937384E-005
    0.928020000000E+005    0.669435686070E-005
    0.928520000000E+005    0.671045087131E-005
    0.929020000000E+005    0.672657142619E-005
    0.929520000000E+005    0.674271854584E-005
    0.930020000000E+005    0.675889225076E-005
    0.930520000000E+005    0.677509256142E-005
    0.931020000000E+005    0.679131949830E-005
    0.931520000000E+005    0.680757308184E-005
    0.932020000000E+005    0.682385333248E-005
    0.932520000000E+005    0.684016027064E-005
    0.933020000000E+005    0.685649391675E-005
    0.933520000000E+005    0.687285429118E-005
    0.934020000000E+005    0.688924141434E-005
    0.934520000000E+005    0.690565530659E-005
    0.935020000000E+005    0.692209598828E-005
    0.935520000000E+005    0.693856347976E-005
    0.936020000000E+005    0.695505780136E-005
    0.936520000000E+005    0.697157897340E-005
    0.937020000000E+005    0.698812701617E-005
    0.937520000000E+005    0.700470194996E-005
    0.938020000000E+005    0.702130379505E-005
    0.938520000000E+005    0.703793257170E-005
    0.939020000000E+005    0.705458830015E-005
    0.939520000000E+005    0.707127100064E-005
    0.940020000000E+005    0.708798069339E-005
    0.940520000000E+005    0.710471739860E-005
    0.941020000000E+005    0.712148113646E-005
    0.941520000000E+005    0.713827192715E-005
    0.942020000000E+005    0.715508979083E-005
    0.942520000000E+005    0.717193474765E-005
    0.943020000000E+005    0.718880681775E-005
    0.943520000000E+005    0.720570602125E-005
    0.944020000000E+005    0.722263237826E-005
    0.944520000000E+005    0.723958590887E-005
    0.945020000000E+005    0.725656663315E-005
    0.945520000000E+005    0.727357457118E-005
    0.946020000000E+005    0.729060974300E-005
    0.946520000000E+005    0.730767216866E-005
    0.947020000000E+005    0.732476186817E-005
    0.947520000000E+005    0.734187886154E-005
    0.948020000000E+005    0.735902316877E-005
    0.948520000000E+005    0.737619480984E-005
    0.949020000000E+005    0.739339380472E-005
    0.949520000000E+005    0.741062017336E-005
    0.950020000000E+005    0.742787393569E-005
    0.950520000000E+005    0.744515511164E-005
    0.951020000000E+005    0.746246372112E-005
    0.951520000000E+005    0.747979978402E-005
    0.952020000000E+005    0.749716332023E-005
    0.952520000000E+005    0.751455434961E-005
    0.953020000000E+005    0.753197289201E-005
    0.953520000000E+005    0.754941896728E-005
    0.954020000000E+005    0.756689259523E-005
    0.954520000000E+005    0.758439379567E-005
    0.955020000000E+005    0.760192258841E-005
    0.955520000000E+005    0.761947899322E-005
    0.956020000000E+005    0.763706302986E-005
    0.956520000000E+005    0.765467471810E-005
    0.957020000000E+005    0.767231407765E-005
    0.957520000000E+005    0.768998112826E-005
    0.958020000000E+005    0.770767588962E-005
    0.958520000000E+005    0.772539838144E-005
    0.959020000000E+005    0.774314862338E-005
    0.959520000000E+005    0.776092663512E-005
    0.960020000000E+005    0.777873243630E-005
    0.960520000000E+005    0.779656604657E-005
    0.961020000000E+005    0.781442748553E-005
    0.961520000000E+005    0.783231677281E-005
    0.962020000000E+005    0.785023392798E-005
    0.962520000000E+005    0.786817897063E-005
    0.963020000000E+005    0.788615192032E-005
    0.963520000000E+005    0.790415279660E-005
    0.964020000000E+005    0.792218161900E-005
    0.964520000000E+005    0.794023840705E-005
    0.965020000000E+005    0.795832318023E-005
    0.965520000000E+005    0.797643595805E-005
    0.966020000000E+005    0.799457675997E-005
    0.966520000000E+005    0.801274560547E-005
    0.967020000000E+005    0.803094251397E-005
    0.967520000000E+005    0.804916750492E-005
    0.968020000000E+005    0.806742059772E-005
    0.968520000000E+005    0.808570181179E-005
    0.969020000000E+005    0.810401116649E-005
    0.969520000000E+005    0.812234868121E-005
    0.970020000000E+005    0.814071437531E-005
    0.970520000000E+005    0.815910826811E-005
    0.971020000000E+005    0.817753037896E-005
    0.971520000000E+005    0.819598072715E-005
    0.972020000000E+005    0.821445933199E-005
    0.972520000000E+005    0.823296621276E-005
    0.973020000000E+005    0.825150138872E-005
    0.973520000000E+005    0.827006487913E-005
    0.974020000000E+005    0.828865670322E-005
    0.974520000000E+005    0.830727688022E-005
    0.975020000000E+005    0.832592542932E-005
    0.975520000000E+005    0.834460236973E-005
    0.976020000000E+005    0.836330772062E-005
    0.976520000000E+005    0.838204150115E-005
    0.977020000000E+005    0.840080373046E-005
    0.977520000000E+005    0.841959442770E-005
    0.978020000000E+005    0.843841361196E-005
    0.978520000000E+005    0.845726130237E-005
    0.979020000000E+005    0.847613751799E-005
    0.979520000000E+005    0.849504227791E-005
    0.980020000000E+005    0.851397560118E-005
    0.980520000000E+005    0.853293750684E-005
    0.981020000000E+005    0.855192801391E-005
    0.981520000000E+005    0.857094714140E-005
    0.982020000000E+005    0.858999490831E-005
    0.982520000000E+005    0.860907133363E-005
    0.983020000000E+005    0.862817643630E-005
    0.983520000000E+005    0.864731023529E-005
    0.984020000000E+005    0.866647274953E-005
    0.984520000000E+005    0.868566399793E-005
    0.985020000000E+005    0.870488399940E-005
    0.985520000000E+005    0.872413277283E-005
    0.986020000000E+005    0.874341033709E-005
    0.986520000000E+005    0.876271671103E-005
    0.987020000000E+005    0.878205191351E-005
    0.987520000000E+005    0.880141596334E-005
    0.988020000000E+005    0.882080887933E-005
    0.988520000000E+005    0.884023068029E-005
    0.989020000000E+005    0.885968138499E-005
    0.989520000000E+005    0.887916101221E-005
    0.990020000000E+005    0.889866958068E-005
    0.990520000000E+005    0.891820710914E-005
    0.991020000000E+005    0.893777361631E-005
    0.991520000000E+005    0.895736912090E-005
    0.992020000000E+005    0.897699364159E-005
    0.992520000000E+005    0.899664719705E-005
    0.993020000000E+005    0.901632980595E-005
    0.993520000000E+005    0.903604148692E-005
    0.994020000000E+005    0.905578225858E-005
    0.994520000000E+005    0.907555213956E-005
    0.995020000000E+005    0.909535114843E-005
    0.995520000000E+005    0.911517930379E-005
    0.996020000000E+005    0.913503662419E-005
    0.996520000000E+005    0.915492312819E-005
    0.997020000000E+005    0.917483883431E-005
    0.997520000000E+005    0.919478376107E-005
    0.998020000000E+005    0.921475792697E-005
    0.998520000000E+005    0.923476135050E-005
    0.999020000000E+005    0.925479405013E-005
    0.999520000000E+005    0.927485604431E-005
