TITLE = "0D Field KU"
VARIABLES = N ,"KU_Ha10Rem10Re10000"
ZONE DATAPACKING = POINT
    0.200000000000E+001    0.560151387005E-043
    0.520000000000E+002    0.621478454359E-039
    0.102000000000E+003    0.245093399137E-032
    0.152000000000E+003    0.110578750480E-028
    0.202000000000E+003    0.331808676031E-026
    0.252000000000E+003    0.225091381437E-024
    0.302000000000E+003    0.594041984889E-023
    0.352000000000E+003    0.823153594883E-022
    0.402000000000E+003    0.719118688754E-021
    0.452000000000E+003    0.445932674663E-020
    0.502000000000E+003    0.212724257249E-019
    0.552000000000E+003    0.826099043936E-019
    0.602000000000E+003    0.272124717945E-018
    0.652000000000E+003    0.784026642009E-018
    0.702000000000E+003    0.202235139767E-017
    0.752000000000E+003    0.475562951485E-017
    0.802000000000E+003    0.103413894561E-016
    0.852000000000E+003    0.210336957067E-016
    0.902000000000E+003    0.403847841510E-016
    0.952000000000E+003    0.737491885222E-016
    0.100200000000E+004    0.128895903887E-015
    0.105200000000E+004    0.216731377707E-015
    0.110200000000E+004    0.352133647324E-015
    0.115200000000E+004    0.554895831087E-015
    0.120200000000E+004    0.850775366726E-015
    0.125200000000E+004    0.127264380455E-014
    0.130200000000E+004    0.186173065253E-014
    0.135200000000E+004    0.266895382370E-014
    0.140200000000E+004    0.375632867964E-014
    0.145200000000E+004    0.519844746194E-014
    0.150200000000E+004    0.708402100842E-014
    0.155200000000E+004    0.951747496901E-014
    0.160200000000E+004    0.126205930624E-013
    0.165200000000E+004    0.165342000489E-013
    0.170200000000E+004    0.214198771029E-013
    0.175200000000E+004    0.274617024012E-013
    0.180200000000E+004    0.348680101288E-013
    0.185200000000E+004    0.438731617065E-013
    0.190200000000E+004    0.547393237892E-013
    0.195200000000E+004    0.677582484039E-013
    0.200200000000E+004    0.832530512969E-013
    0.205200000000E+004    0.101579984880E-012
    0.210200000000E+004    0.123130202052E-012
    0.215200000000E+004    0.148331507008E-012
    0.220200000000E+004    0.177650089299E-012
    0.225200000000E+004    0.211592237926E-012
    0.230200000000E+004    0.250706032940E-012
    0.235200000000E+004    0.295583012857E-012
    0.240200000000E+004    0.346859816860E-012
    0.245200000000E+004    0.405219801142E-012
    0.250200000000E+004    0.471394628442E-012
    0.255200000000E+004    0.546165829221E-012
    0.260200000000E+004    0.630366332531E-012
    0.265200000000E+004    0.724881964868E-012
    0.270200000000E+004    0.830652915888E-012
    0.275200000000E+004    0.948675170702E-012
    0.280200000000E+004    0.108000190922E-011
    0.285200000000E+004    0.122574487345E-011
    0.290200000000E+004    0.138707570363E-011
    0.295200000000E+004    0.156522724303E-011
    0.300200000000E+004    0.176149481046E-011
    0.305200000000E+004    0.197723743939E-011
    0.310200000000E+004    0.221387908264E-011
    0.315200000000E+004    0.247290978282E-011
    0.320200000000E+004    0.275588680936E-011
    0.325200000000E+004    0.306443576396E-011
    0.330200000000E+004    0.340025165589E-011
    0.335200000000E+004    0.376509994849E-011
    0.340200000000E+004    0.416081757661E-011
    0.345200000000E+004    0.458931393372E-011
    0.350200000000E+004    0.505257182790E-011
    0.355200000000E+004    0.555264840612E-011
    0.360200000000E+004    0.609167604781E-011
    0.365200000000E+004    0.667186322924E-011
    0.370200000000E+004    0.729549536109E-011
    0.375200000000E+004    0.796493560104E-011
    0.380200000000E+004    0.868262564198E-011
    0.385200000000E+004    0.945108647519E-011
    0.390200000000E+004    0.102729191271E-010
    0.395200000000E+004    0.111508053683E-010
    0.400200000000E+004    0.120875083960E-010
    0.405200000000E+004    0.130858734894E-010
    0.410200000000E+004    0.141488286425E-010
    0.415200000000E+004    0.152793851752E-010
    0.420200000000E+004    0.164806383246E-010
    0.425200000000E+004    0.177557678169E-010
    0.430200000000E+004    0.191080384180E-010
    0.435200000000E+004    0.205408004608E-010
    0.440200000000E+004    0.220574903505E-010
    0.445200000000E+004    0.236616310452E-010
    0.450200000000E+004    0.253568325167E-010
    0.455200000000E+004    0.271467921933E-010
    0.460200000000E+004    0.290352953858E-010
    0.465200000000E+004    0.310262156989E-010
    0.470200000000E+004    0.331235154264E-010
    0.475200000000E+004    0.353312459290E-010
    0.480200000000E+004    0.376535479916E-010
    0.485200000000E+004    0.400946521616E-010
    0.490200000000E+004    0.426588790685E-010
    0.495200000000E+004    0.453506397264E-010
    0.500200000000E+004    0.481744358250E-010
    0.505200000000E+004    0.511348600067E-010
    0.510200000000E+004    0.542365961346E-010
    0.515200000000E+004    0.574844195451E-010
    0.520200000000E+004    0.608831972863E-010
    0.525200000000E+004    0.644378883395E-010
    0.530200000000E+004    0.681535438232E-010
    0.535200000000E+004    0.720353071837E-010
    0.540200000000E+004    0.760884143730E-010
    0.545200000000E+004    0.803181940177E-010
    0.550200000000E+004    0.847300675796E-010
    0.555200000000E+004    0.893295495075E-010
    0.560200000000E+004    0.941222473774E-010
    0.565200000000E+004    0.991138620192E-010
    0.570200000000E+004    0.104310187629E-009
    0.575200000000E+004    0.109717111867E-009
    0.580200000000E+004    0.115340615946E-009
    0.585200000000E+004    0.121186774710E-009
    0.590200000000E+004    0.127261756709E-009
    0.595200000000E+004    0.133571824263E-009
    0.600200000000E+004    0.140123333528E-009
    0.605200000000E+004    0.146922734541E-009
    0.610200000000E+004    0.153976571260E-009
    0.615200000000E+004    0.161291481590E-009
    0.620200000000E+004    0.168874197395E-009
    0.625200000000E+004    0.176731544507E-009
    0.630200000000E+004    0.184870442730E-009
    0.635200000000E+004    0.193297905833E-009
    0.640200000000E+004    0.202021041550E-009
    0.645200000000E+004    0.211047051562E-009
    0.650200000000E+004    0.220383231479E-009
    0.655200000000E+004    0.230036970808E-009
    0.660200000000E+004    0.240015752906E-009
    0.665200000000E+004    0.250327154930E-009
    0.670200000000E+004    0.260978847782E-009
    0.675200000000E+004    0.271978596051E-009
    0.680200000000E+004    0.283334257951E-009
    0.685200000000E+004    0.295053785257E-009
    0.690200000000E+004    0.307145223235E-009
    0.695200000000E+004    0.319616710565E-009
    0.700200000000E+004    0.332476479250E-009
    0.705200000000E+004    0.345732854518E-009
    0.710200000000E+004    0.359394254721E-009
    0.715200000000E+004    0.373469191230E-009
    0.720200000000E+004    0.387966268326E-009
    0.725200000000E+004    0.402894183100E-009
    0.730200000000E+004    0.418261725337E-009
    0.735200000000E+004    0.434077777404E-009
    0.740200000000E+004    0.450351314121E-009
    0.745200000000E+004    0.467091402632E-009
    0.750200000000E+004    0.484307202264E-009
    0.755200000000E+004    0.502007964383E-009
    0.760200000000E+004    0.520203032253E-009
    0.765200000000E+004    0.538901840895E-009
    0.770200000000E+004    0.558113916941E-009
    0.775200000000E+004    0.577848878491E-009
    0.780200000000E+004    0.598116434958E-009
    0.785200000000E+004    0.618926386907E-009
    0.790200000000E+004    0.640288625889E-009
    0.795200000000E+004    0.662213134269E-009
    0.800200000000E+004    0.684709985049E-009
    0.805200000000E+004    0.707789341704E-009
    0.810200000000E+004    0.731461458004E-009
    0.815200000000E+004    0.755736677848E-009
    0.820200000000E+004    0.780625435086E-009
    0.825200000000E+004    0.806138253339E-009
    0.830200000000E+004    0.832285745807E-009
    0.835200000000E+004    0.859078615078E-009
    0.840200000000E+004    0.886527652928E-009
    0.845200000000E+004    0.914643740129E-009
    0.850200000000E+004    0.943437846251E-009
    0.855200000000E+004    0.972921029475E-009
    0.860200000000E+004    0.100310443640E-008
    0.865200000000E+004    0.103399930182E-008
    0.870200000000E+004    0.106561694858E-008
    0.875200000000E+004    0.109796878729E-008
    0.880200000000E+004    0.113106631615E-008
    0.885200000000E+004    0.116492112076E-008
    0.890200000000E+004    0.119954487384E-008
    0.895200000000E+004    0.123494933509E-008
    0.900200000000E+004    0.127114635092E-008
    0.905200000000E+004    0.130814785430E-008
    0.910200000000E+004    0.134596586447E-008
    0.915200000000E+004    0.138461248681E-008
    0.920200000000E+004    0.142409991251E-008
    0.925200000000E+004    0.146444041843E-008
    0.930200000000E+004    0.150564636681E-008
    0.935200000000E+004    0.154773020508E-008
    0.940200000000E+004    0.159070446563E-008
    0.945200000000E+004    0.163458176556E-008
    0.950200000000E+004    0.167937480651E-008
    0.955200000000E+004    0.172509637437E-008
    0.960200000000E+004    0.177175933910E-008
    0.965200000000E+004    0.181937665444E-008
    0.970200000000E+004    0.186796135770E-008
    0.975200000000E+004    0.191752656951E-008
    0.980200000000E+004    0.196808549360E-008
    0.985200000000E+004    0.201965141655E-008
    0.990200000000E+004    0.207223770758E-008
    0.995200000000E+004    0.212585781829E-008
    0.100020000000E+005    0.218052528242E-008
    0.100520000000E+005    0.223625371565E-008
    0.101020000000E+005    0.229305681528E-008
    0.101520000000E+005    0.235094836002E-008
    0.102020000000E+005    0.240994220978E-008
    0.102520000000E+005    0.247005230535E-008
    0.103020000000E+005    0.253129266824E-008
    0.103520000000E+005    0.259367740039E-008
    0.104020000000E+005    0.265722068396E-008
    0.104520000000E+005    0.272193678104E-008
    0.105020000000E+005    0.278784003345E-008
    0.105520000000E+005    0.285494486244E-008
    0.106020000000E+005    0.292326576844E-008
    0.106520000000E+005    0.299281733086E-008
    0.107020000000E+005    0.306361420780E-008
    0.107520000000E+005    0.313567113582E-008
    0.108020000000E+005    0.320900292971E-008
    0.108520000000E+005    0.328362448222E-008
    0.109020000000E+005    0.335955076381E-008
    0.109520000000E+005    0.343679682239E-008
    0.110020000000E+005    0.351537778308E-008
    0.110520000000E+005    0.359530884792E-008
    0.111020000000E+005    0.367660529568E-008
    0.111520000000E+005    0.375928248156E-008
    0.112020000000E+005    0.384335583696E-008
    0.112520000000E+005    0.392884086926E-008
    0.113020000000E+005    0.401575316152E-008
    0.113520000000E+005    0.410410837223E-008
    0.114020000000E+005    0.419392223508E-008
    0.114520000000E+005    0.428521055869E-008
    0.115020000000E+005    0.437798922633E-008
    0.115520000000E+005    0.447227419570E-008
    0.116020000000E+005    0.456808149869E-008
    0.116520000000E+005    0.466542724111E-008
    0.117020000000E+005    0.476432760243E-008
    0.117520000000E+005    0.486479883555E-008
    0.118020000000E+005    0.496685726652E-008
    0.118520000000E+005    0.507051929430E-008
    0.119020000000E+005    0.517580139047E-008
    0.119520000000E+005    0.528272009902E-008
    0.120020000000E+005    0.539129203606E-008
    0.120520000000E+005    0.550153388961E-008
    0.121020000000E+005    0.561346241933E-008
    0.121520000000E+005    0.572709445627E-008
    0.122020000000E+005    0.584244690259E-008
    0.122520000000E+005    0.595953673135E-008
    0.123020000000E+005    0.607838098620E-008
    0.123520000000E+005    0.619899678116E-008
    0.124020000000E+005    0.632140130034E-008
    0.124520000000E+005    0.644561179773E-008
    0.125020000000E+005    0.657164559693E-008
    0.125520000000E+005    0.669952009089E-008
    0.126020000000E+005    0.682925274170E-008
    0.126520000000E+005    0.696086108026E-008
    0.127020000000E+005    0.709436270608E-008
    0.127520000000E+005    0.722977528699E-008
    0.128020000000E+005    0.736711655892E-008
    0.128520000000E+005    0.750640432564E-008
    0.129020000000E+005    0.764765645849E-008
    0.129520000000E+005    0.779089089619E-008
    0.130020000000E+005    0.793612564452E-008
    0.130520000000E+005    0.808337877610E-008
    0.131020000000E+005    0.823266843016E-008
    0.131520000000E+005    0.838401281223E-008
    0.132020000000E+005    0.853743019392E-008
    0.132520000000E+005    0.869293891267E-008
    0.133020000000E+005    0.885055737150E-008
    0.133520000000E+005    0.901030403878E-008
    0.134020000000E+005    0.917219744795E-008
    0.134520000000E+005    0.933625619733E-008
    0.135020000000E+005    0.950249894979E-008
    0.135520000000E+005    0.967094443254E-008
    0.136020000000E+005    0.984161143691E-008
    0.136520000000E+005    0.100145188180E-007
    0.137020000000E+005    0.101896854946E-007
    0.137520000000E+005    0.103671304487E-007
    0.138020000000E+005    0.105468727256E-007
    0.138520000000E+005    0.107289314333E-007
    0.139020000000E+005    0.109133257424E-007
    0.139520000000E+005    0.111000748860E-007
    0.140020000000E+005    0.112891981593E-007
    0.140520000000E+005    0.114807149193E-007
    0.141020000000E+005    0.116746445845E-007
    0.141520000000E+005    0.118710066351E-007
    0.142020000000E+005    0.120698206121E-007
    0.142520000000E+005    0.122711061176E-007
    0.143020000000E+005    0.124748828145E-007
    0.143520000000E+005    0.126811704257E-007
    0.144020000000E+005    0.128899887347E-007
    0.144520000000E+005    0.131013575846E-007
    0.145020000000E+005    0.133152968784E-007
    0.145520000000E+005    0.135318265785E-007
    0.146020000000E+005    0.137509667063E-007
    0.146520000000E+005    0.139727373424E-007
    0.147020000000E+005    0.141971586261E-007
    0.147520000000E+005    0.144242507551E-007
    0.148020000000E+005    0.146540339854E-007
    0.148520000000E+005    0.148865286311E-007
    0.149020000000E+005    0.151217550638E-007
    0.149520000000E+005    0.153597337128E-007
    0.150020000000E+005    0.156004850648E-007
    0.150520000000E+005    0.158440296633E-007
    0.151020000000E+005    0.160903881089E-007
    0.151520000000E+005    0.163395810585E-007
    0.152020000000E+005    0.165916292256E-007
    0.152520000000E+005    0.168465533797E-007
    0.153020000000E+005    0.171043743461E-007
    0.153520000000E+005    0.173651130060E-007
    0.154020000000E+005    0.176287902956E-007
    0.154520000000E+005    0.178954272067E-007
    0.155020000000E+005    0.181650447858E-007
    0.155520000000E+005    0.184376641341E-007
    0.156020000000E+005    0.187133064074E-007
    0.156520000000E+005    0.189919928158E-007
    0.157020000000E+005    0.192737446231E-007
    0.157520000000E+005    0.195585831473E-007
    0.158020000000E+005    0.198465297597E-007
    0.158520000000E+005    0.201376058849E-007
    0.159020000000E+005    0.204318330007E-007
    0.159520000000E+005    0.207292326378E-007
    0.160020000000E+005    0.210298263794E-007
    0.160520000000E+005    0.213336358612E-007
    0.161020000000E+005    0.216406827711E-007
    0.161520000000E+005    0.219509888490E-007
    0.162020000000E+005    0.222645758865E-007
    0.162520000000E+005    0.225814657265E-007
    0.163020000000E+005    0.229016802634E-007
    0.163520000000E+005    0.232252414427E-007
    0.164020000000E+005    0.235521712605E-007
    0.164520000000E+005    0.238824917637E-007
    0.165020000000E+005    0.242162250495E-007
    0.165520000000E+005    0.245533932653E-007
    0.166020000000E+005    0.248940186085E-007
    0.166520000000E+005    0.252381233260E-007
    0.167020000000E+005    0.255857297144E-007
    0.167520000000E+005    0.259368601194E-007
    0.168020000000E+005    0.262915369359E-007
    0.168520000000E+005    0.266497826076E-007
    0.169020000000E+005    0.270116196268E-007
    0.169520000000E+005    0.273770705341E-007
    0.170020000000E+005    0.277461579184E-007
    0.170520000000E+005    0.281189044166E-007
    0.171020000000E+005    0.284953327130E-007
    0.171520000000E+005    0.288754655399E-007
    0.172020000000E+005    0.292593256766E-007
    0.172520000000E+005    0.296469359495E-007
    0.173020000000E+005    0.300383192319E-007
    0.173520000000E+005    0.304334984439E-007
    0.174020000000E+005    0.308324965518E-007
    0.174520000000E+005    0.312353365684E-007
    0.175020000000E+005    0.316420415522E-007
    0.175520000000E+005    0.320526346078E-007
    0.176020000000E+005    0.324671388851E-007
    0.176520000000E+005    0.328855775796E-007
    0.177020000000E+005    0.333079739320E-007
    0.177520000000E+005    0.337343512276E-007
    0.178020000000E+005    0.341647327969E-007
    0.178520000000E+005    0.345991420146E-007
    0.179020000000E+005    0.350376022999E-007
    0.179520000000E+005    0.354801371160E-007
    0.180020000000E+005    0.359267699700E-007
    0.180520000000E+005    0.363775244128E-007
    0.181020000000E+005    0.368324240387E-007
    0.181520000000E+005    0.372914924854E-007
    0.182020000000E+005    0.377547534334E-007
    0.182520000000E+005    0.382222306064E-007
    0.183020000000E+005    0.386939477705E-007
    0.183520000000E+005    0.391699287345E-007
    0.184020000000E+005    0.396501973492E-007
    0.184520000000E+005    0.401347775075E-007
    0.185020000000E+005    0.406236931443E-007
    0.185520000000E+005    0.411169682360E-007
    0.186020000000E+005    0.416146268005E-007
    0.186520000000E+005    0.421166928969E-007
    0.187020000000E+005    0.426231906253E-007
    0.187520000000E+005    0.431341441266E-007
    0.188020000000E+005    0.436495775826E-007
    0.188520000000E+005    0.441695152152E-007
    0.189020000000E+005    0.446939812865E-007
    0.189520000000E+005    0.452230000990E-007
    0.190020000000E+005    0.457565959948E-007
    0.190520000000E+005    0.462947933555E-007
    0.191020000000E+005    0.468376166023E-007
    0.191520000000E+005    0.473850901957E-007
    0.192020000000E+005    0.479372386352E-007
    0.192520000000E+005    0.484940864589E-007
    0.193020000000E+005    0.490556582439E-007
    0.193520000000E+005    0.496219786054E-007
    0.194020000000E+005    0.501930721973E-007
    0.194520000000E+005    0.507689637111E-007
    0.195020000000E+005    0.513496778765E-007
    0.195520000000E+005    0.519352394607E-007
    0.196020000000E+005    0.525256732684E-007
    0.196520000000E+005    0.531210041417E-007
    0.197020000000E+005    0.537212569596E-007
    0.197520000000E+005    0.543264566383E-007
    0.198020000000E+005    0.549366281303E-007
    0.198520000000E+005    0.555517964249E-007
    0.199020000000E+005    0.561719865478E-007
    0.199520000000E+005    0.567972235607E-007
    0.200020000000E+005    0.574275325613E-007
    0.200520000000E+005    0.580629386829E-007
    0.201020000000E+005    0.587034670947E-007
    0.201520000000E+005    0.593491430010E-007
    0.202020000000E+005    0.599999916415E-007
    0.202520000000E+005    0.606560382907E-007
    0.203020000000E+005    0.613173082581E-007
    0.203520000000E+005    0.619838268879E-007
    0.204020000000E+005    0.626556195585E-007
    0.204520000000E+005    0.633327116828E-007
    0.205020000000E+005    0.640151287077E-007
    0.205520000000E+005    0.647028961140E-007
    0.206020000000E+005    0.653960394163E-007
    0.206520000000E+005    0.660945841626E-007
    0.207020000000E+005    0.667985559343E-007
    0.207520000000E+005    0.675079803461E-007
    0.208020000000E+005    0.682228830455E-007
    0.208520000000E+005    0.689432897129E-007
    0.209020000000E+005    0.696692260614E-007
    0.209520000000E+005    0.704007178364E-007
    0.210020000000E+005    0.711377908156E-007
    0.210520000000E+005    0.718804708089E-007
    0.211020000000E+005    0.726287836581E-007
    0.211520000000E+005    0.733827552365E-007
    0.212020000000E+005    0.741424114493E-007
    0.212520000000E+005    0.749077782327E-007
    0.213020000000E+005    0.756788815545E-007
    0.213520000000E+005    0.764557474133E-007
    0.214020000000E+005    0.772384018385E-007
    0.214520000000E+005    0.780268708902E-007
    0.215020000000E+005    0.788211806592E-007
    0.215520000000E+005    0.796213572662E-007
    0.216020000000E+005    0.804274268626E-007
    0.216520000000E+005    0.812394156293E-007
    0.217020000000E+005    0.820573497772E-007
    0.217520000000E+005    0.828812555468E-007
    0.218020000000E+005    0.837111592082E-007
    0.218520000000E+005    0.845470870605E-007
    0.219020000000E+005    0.853890654320E-007
    0.219520000000E+005    0.862371206802E-007
    0.220020000000E+005    0.870912791910E-007
    0.220520000000E+005    0.879515673791E-007
    0.221020000000E+005    0.888180116877E-007
    0.221520000000E+005    0.896906385880E-007
    0.222020000000E+005    0.905694745795E-007
    0.222520000000E+005    0.914545461896E-007
    0.223020000000E+005    0.923458799735E-007
    0.223520000000E+005    0.932435025137E-007
    0.224020000000E+005    0.941474404205E-007
    0.224520000000E+005    0.950577203313E-007
    0.225020000000E+005    0.959743689104E-007
    0.225520000000E+005    0.968974128494E-007
    0.226020000000E+005    0.978268788664E-007
    0.226520000000E+005    0.987627937061E-007
    0.227020000000E+005    0.997051841396E-007
    0.227520000000E+005    0.100654076965E-006
    0.228020000000E+005    0.101609499004E-006
    0.228520000000E+005    0.102571477108E-006
    0.229020000000E+005    0.103540038152E-006
    0.229520000000E+005    0.104515209036E-006
    0.230020000000E+005    0.105497016687E-006
    0.230520000000E+005    0.106485488057E-006
    0.231020000000E+005    0.107480650121E-006
    0.231520000000E+005    0.108482529882E-006
    0.232020000000E+005    0.109491154367E-006
    0.232520000000E+005    0.110506550626E-006
    0.233020000000E+005    0.111528745735E-006
    0.233520000000E+005    0.112557766794E-006
    0.234020000000E+005    0.113593640927E-006
    0.234520000000E+005    0.114636395283E-006
    0.235020000000E+005    0.115686057033E-006
    0.235520000000E+005    0.116742653373E-006
    0.236020000000E+005    0.117806211523E-006
    0.236520000000E+005    0.118876758725E-006
    0.237020000000E+005    0.119954322244E-006
    0.237520000000E+005    0.121038929370E-006
    0.238020000000E+005    0.122130607415E-006
    0.238520000000E+005    0.123229383713E-006
    0.239020000000E+005    0.124335285622E-006
    0.239520000000E+005    0.125448340521E-006
    0.240020000000E+005    0.126568575812E-006
    0.240520000000E+005    0.127696018919E-006
    0.241020000000E+005    0.128830697289E-006
    0.241520000000E+005    0.129972638390E-006
    0.242020000000E+005    0.131121869710E-006
    0.242520000000E+005    0.132278418762E-006
    0.243020000000E+005    0.133442313079E-006
    0.243520000000E+005    0.134613580213E-006
    0.244020000000E+005    0.135792247740E-006
    0.244520000000E+005    0.136978343256E-006
    0.245020000000E+005    0.138171894377E-006
    0.245520000000E+005    0.139372928741E-006
    0.246020000000E+005    0.140581474006E-006
    0.246520000000E+005    0.141797557850E-006
    0.247020000000E+005    0.143021207971E-006
    0.247520000000E+005    0.144252452087E-006
    0.248020000000E+005    0.145491317938E-006
    0.248520000000E+005    0.146737833281E-006
    0.249020000000E+005    0.147992025893E-006
    0.249520000000E+005    0.149253923573E-006
    0.250020000000E+005    0.150523554136E-006
    0.250520000000E+005    0.151800945418E-006
    0.251020000000E+005    0.153086125274E-006
    0.251520000000E+005    0.154379121578E-006
    0.252020000000E+005    0.155679962221E-006
    0.252520000000E+005    0.156988675116E-006
    0.253020000000E+005    0.158305288190E-006
    0.253520000000E+005    0.159629829393E-006
    0.254020000000E+005    0.160962326689E-006
    0.254520000000E+005    0.162302808064E-006
    0.255020000000E+005    0.163651301517E-006
    0.255520000000E+005    0.165007835070E-006
    0.256020000000E+005    0.166372436760E-006
    0.256520000000E+005    0.167745134640E-006
    0.257020000000E+005    0.169125956784E-006
    0.257520000000E+005    0.170514931280E-006
    0.258020000000E+005    0.171912086234E-006
    0.258520000000E+005    0.173317449770E-006
    0.259020000000E+005    0.174731050027E-006
    0.259520000000E+005    0.176152915163E-006
    0.260020000000E+005    0.177583073350E-006
    0.260520000000E+005    0.179021552777E-006
    0.261020000000E+005    0.180468381650E-006
    0.261520000000E+005    0.181923588192E-006
    0.262020000000E+005    0.183387200639E-006
    0.262520000000E+005    0.184859247245E-006
    0.263020000000E+005    0.186339756280E-006
    0.263520000000E+005    0.187828756027E-006
    0.264020000000E+005    0.189326274788E-006
    0.264520000000E+005    0.190832340878E-006
    0.265020000000E+005    0.192346982627E-006
    0.265520000000E+005    0.193870228380E-006
    0.266020000000E+005    0.195402106499E-006
    0.266520000000E+005    0.196942645358E-006
    0.267020000000E+005    0.198491873348E-006
    0.267520000000E+005    0.200049818872E-006
    0.268020000000E+005    0.201616510350E-006
    0.268520000000E+005    0.203191976214E-006
    0.269020000000E+005    0.204776244911E-006
    0.269520000000E+005    0.206369344902E-006
    0.270020000000E+005    0.207971304661E-006
    0.270520000000E+005    0.209582152678E-006
    0.271020000000E+005    0.211201917454E-006
    0.271520000000E+005    0.212830627505E-006
    0.272020000000E+005    0.214468311360E-006
    0.272520000000E+005    0.216114997560E-006
    0.273020000000E+005    0.217770714660E-006
    0.273520000000E+005    0.219435491228E-006
    0.274020000000E+005    0.221109355846E-006
    0.274520000000E+005    0.222792337106E-006
    0.275020000000E+005    0.224484463615E-006
    0.275520000000E+005    0.226185763990E-006
    0.276020000000E+005    0.227896266863E-006
    0.276520000000E+005    0.229616000876E-006
    0.277020000000E+005    0.231344994684E-006
    0.277520000000E+005    0.233083276955E-006
    0.278020000000E+005    0.234830876365E-006
    0.278520000000E+005    0.236587821607E-006
    0.279020000000E+005    0.238354141381E-006
    0.279520000000E+005    0.240129864401E-006
    0.280020000000E+005    0.241915019391E-006
    0.280520000000E+005    0.243709635088E-006
    0.281020000000E+005    0.245513740237E-006
    0.281520000000E+005    0.247327363597E-006
    0.282020000000E+005    0.249150533935E-006
    0.282520000000E+005    0.250983280032E-006
    0.283020000000E+005    0.252825630677E-006
    0.283520000000E+005    0.254677614670E-006
    0.284020000000E+005    0.256539260822E-006
    0.284520000000E+005    0.258410597953E-006
    0.285020000000E+005    0.260291654894E-006
    0.285520000000E+005    0.262182460486E-006
    0.286020000000E+005    0.264083043580E-006
    0.286520000000E+005    0.265993433037E-006
    0.287020000000E+005    0.267913657725E-006
    0.287520000000E+005    0.269843746525E-006
    0.288020000000E+005    0.271783728325E-006
    0.288520000000E+005    0.273733632023E-006
    0.289020000000E+005    0.275693486528E-006
    0.289520000000E+005    0.277663320754E-006
    0.290020000000E+005    0.279643163628E-006
    0.290520000000E+005    0.281633044083E-006
    0.291020000000E+005    0.283632991062E-006
    0.291520000000E+005    0.285643033516E-006
    0.292020000000E+005    0.287663200405E-006
    0.292520000000E+005    0.289693520697E-006
    0.293020000000E+005    0.291734023368E-006
    0.293520000000E+005    0.293784737402E-006
    0.294020000000E+005    0.295845691792E-006
    0.294520000000E+005    0.297916915538E-006
    0.295020000000E+005    0.299998437648E-006
    0.295520000000E+005    0.302090287137E-006
    0.296020000000E+005    0.304192493029E-006
    0.296520000000E+005    0.306305084354E-006
    0.297020000000E+005    0.308428090151E-006
    0.297520000000E+005    0.310561539463E-006
    0.298020000000E+005    0.312705461344E-006
    0.298520000000E+005    0.314859884853E-006
    0.299020000000E+005    0.317024839055E-006
    0.299520000000E+005    0.319200353023E-006
    0.300020000000E+005    0.321386455838E-006
    0.300520000000E+005    0.323583176584E-006
    0.301020000000E+005    0.325790544354E-006
    0.301520000000E+005    0.328008588248E-006
    0.302020000000E+005    0.330237337369E-006
    0.302520000000E+005    0.332476820829E-006
    0.303020000000E+005    0.334727067746E-006
    0.303520000000E+005    0.336988107241E-006
    0.304020000000E+005    0.339259968444E-006
    0.304520000000E+005    0.341542680489E-006
    0.305020000000E+005    0.343836272516E-006
    0.305520000000E+005    0.346140773671E-006
    0.306020000000E+005    0.348456213104E-006
    0.306520000000E+005    0.350782619971E-006
    0.307020000000E+005    0.353120023434E-006
    0.307520000000E+005    0.355468452659E-006
    0.308020000000E+005    0.357827936816E-006
    0.308520000000E+005    0.360198505082E-006
    0.309020000000E+005    0.362580186638E-006
    0.309520000000E+005    0.364973010668E-006
    0.310020000000E+005    0.367377006363E-006
    0.310520000000E+005    0.369792202917E-006
    0.311020000000E+005    0.372218629529E-006
    0.311520000000E+005    0.374656315400E-006
    0.312020000000E+005    0.377105289739E-006
    0.312520000000E+005    0.379565581755E-006
    0.313020000000E+005    0.382037220664E-006
    0.313520000000E+005    0.384520235684E-006
    0.314020000000E+005    0.387014656038E-006
    0.314520000000E+005    0.389520510951E-006
    0.315020000000E+005    0.392037829652E-006
    0.315520000000E+005    0.394566641375E-006
    0.316020000000E+005    0.397106975355E-006
    0.316520000000E+005    0.399658860831E-006
    0.317020000000E+005    0.402222327047E-006
    0.317520000000E+005    0.404797403246E-006
    0.318020000000E+005    0.407384118678E-006
    0.318520000000E+005    0.409982502593E-006
    0.319020000000E+005    0.412592584245E-006
    0.319520000000E+005    0.415214392890E-006
    0.320020000000E+005    0.417847957788E-006
    0.320520000000E+005    0.420493308198E-006
    0.321020000000E+005    0.423150473385E-006
    0.321520000000E+005    0.425819482614E-006
    0.322020000000E+005    0.428500365154E-006
    0.322520000000E+005    0.431193150273E-006
    0.323020000000E+005    0.433897867244E-006
    0.323520000000E+005    0.436614545340E-006
    0.324020000000E+005    0.439343213837E-006
    0.324520000000E+005    0.442083902011E-006
    0.325020000000E+005    0.444836639141E-006
    0.325520000000E+005    0.447601454507E-006
    0.326020000000E+005    0.450378377389E-006
    0.326520000000E+005    0.453167437071E-006
    0.327020000000E+005    0.455968662836E-006
    0.327520000000E+005    0.458782083968E-006
    0.328020000000E+005    0.461607729754E-006
    0.328520000000E+005    0.464445629479E-006
    0.329020000000E+005    0.467295812432E-006
    0.329520000000E+005    0.470158307900E-006
    0.330020000000E+005    0.473033145172E-006
    0.330520000000E+005    0.475920353536E-006
    0.331020000000E+005    0.478819962283E-006
    0.331520000000E+005    0.481732000702E-006
    0.332020000000E+005    0.484656498084E-006
    0.332520000000E+005    0.487593483718E-006
    0.333020000000E+005    0.490542986895E-006
    0.333520000000E+005    0.493505036904E-006
    0.334020000000E+005    0.496479663037E-006
    0.334520000000E+005    0.499466894583E-006
    0.335020000000E+005    0.502466760831E-006
    0.335520000000E+005    0.505479291070E-006
    0.336020000000E+005    0.508504514590E-006
    0.336520000000E+005    0.511542460678E-006
    0.337020000000E+005    0.514593158622E-006
    0.337520000000E+005    0.517656637708E-006
    0.338020000000E+005    0.520732927222E-006
    0.338520000000E+005    0.523822056449E-006
    0.339020000000E+005    0.526924054673E-006
    0.339520000000E+005    0.530038951176E-006
    0.340020000000E+005    0.533166775240E-006
    0.340520000000E+005    0.536307556146E-006
    0.341020000000E+005    0.539461323171E-006
    0.341520000000E+005    0.542628105595E-006
    0.342020000000E+005    0.545807932691E-006
    0.342520000000E+005    0.549000833735E-006
    0.343020000000E+005    0.552206837999E-006
    0.343520000000E+005    0.555425974754E-006
    0.344020000000E+005    0.558658273269E-006
    0.344520000000E+005    0.561903762810E-006
    0.345020000000E+005    0.565162472643E-006
    0.345520000000E+005    0.568434432029E-006
    0.346020000000E+005    0.571719670230E-006
    0.346520000000E+005    0.575018216503E-006
    0.347020000000E+005    0.578330100105E-006
    0.347520000000E+005    0.581655350288E-006
    0.348020000000E+005    0.584993996304E-006
    0.348520000000E+005    0.588346067400E-006
    0.349020000000E+005    0.591711592821E-006
    0.349520000000E+005    0.595090601811E-006
    0.350020000000E+005    0.598483123608E-006
    0.350520000000E+005    0.601889187450E-006
    0.351020000000E+005    0.605308822570E-006
    0.351520000000E+005    0.608742058199E-006
    0.352020000000E+005    0.612188923563E-006
    0.352520000000E+005    0.615649447888E-006
    0.353020000000E+005    0.619123660392E-006
    0.353520000000E+005    0.622611590294E-006
    0.354020000000E+005    0.626113266808E-006
    0.354520000000E+005    0.629628719142E-006
    0.355020000000E+005    0.633157976504E-006
    0.355520000000E+005    0.636701068095E-006
    0.356020000000E+005    0.640258023116E-006
    0.356520000000E+005    0.643828870759E-006
    0.357020000000E+005    0.647413640216E-006
    0.357520000000E+005    0.651012360674E-006
    0.358020000000E+005    0.654625061315E-006
    0.358520000000E+005    0.658251771317E-006
    0.359020000000E+005    0.661892519853E-006
    0.359520000000E+005    0.665547336095E-006
    0.360020000000E+005    0.669216249205E-006
    0.360520000000E+005    0.672899288346E-006
    0.361020000000E+005    0.676596482672E-006
    0.361520000000E+005    0.680307861334E-006
    0.362020000000E+005    0.684033453479E-006
    0.362520000000E+005    0.687773288249E-006
    0.363020000000E+005    0.691527394779E-006
    0.363520000000E+005    0.695295802202E-006
    0.364020000000E+005    0.699078539643E-006
    0.364520000000E+005    0.702875636223E-006
    0.365020000000E+005    0.706687121059E-006
    0.365520000000E+005    0.710513023262E-006
    0.366020000000E+005    0.714353371935E-006
    0.366520000000E+005    0.718208196180E-006
    0.367020000000E+005    0.722077525090E-006
    0.367520000000E+005    0.725961387754E-006
    0.368020000000E+005    0.729859813254E-006
    0.368520000000E+005    0.733772830669E-006
    0.369020000000E+005    0.737700469069E-006
    0.369520000000E+005    0.741642757519E-006
    0.370020000000E+005    0.745599725080E-006
    0.370520000000E+005    0.749571400803E-006
    0.371020000000E+005    0.753557813738E-006
    0.371520000000E+005    0.757558992923E-006
    0.372020000000E+005    0.761574967395E-006
    0.372520000000E+005    0.765605766182E-006
    0.373020000000E+005    0.769651418306E-006
    0.373520000000E+005    0.773711952781E-006
    0.374020000000E+005    0.777787398618E-006
    0.374520000000E+005    0.781877784818E-006
    0.375020000000E+005    0.785983140377E-006
    0.375520000000E+005    0.790103494284E-006
    0.376020000000E+005    0.794238875521E-006
    0.376520000000E+005    0.798389313062E-006
    0.377020000000E+005    0.802554835877E-006
    0.377520000000E+005    0.806735472926E-006
    0.378020000000E+005    0.810931253163E-006
    0.378520000000E+005    0.815142205534E-006
    0.379020000000E+005    0.819368358980E-006
    0.379520000000E+005    0.823609742432E-006
    0.380020000000E+005    0.827866384816E-006
    0.380520000000E+005    0.832138315048E-006
    0.381020000000E+005    0.836425562038E-006
    0.381520000000E+005    0.840728154689E-006
    0.382020000000E+005    0.845046121894E-006
    0.382520000000E+005    0.849379492542E-006
    0.383020000000E+005    0.853728295510E-006
    0.383520000000E+005    0.858092559670E-006
    0.384020000000E+005    0.862472313885E-006
    0.384520000000E+005    0.866867587010E-006
    0.385020000000E+005    0.871278407892E-006
    0.385520000000E+005    0.875704805370E-006
    0.386020000000E+005    0.880146808276E-006
    0.386520000000E+005    0.884604445431E-006
    0.387020000000E+005    0.889077745650E-006
    0.387520000000E+005    0.893566737738E-006
    0.388020000000E+005    0.898071450493E-006
    0.388520000000E+005    0.902591912703E-006
    0.389020000000E+005    0.907128153149E-006
    0.389520000000E+005    0.911680200603E-006
    0.390020000000E+005    0.916248083826E-006
    0.390520000000E+005    0.920831831574E-006
    0.391020000000E+005    0.925431472591E-006
    0.391520000000E+005    0.930047035614E-006
    0.392020000000E+005    0.934678549369E-006
    0.392520000000E+005    0.939326042575E-006
    0.393020000000E+005    0.943989543942E-006
    0.393520000000E+005    0.948669082169E-006
    0.394020000000E+005    0.953364685947E-006
    0.394520000000E+005    0.958076383957E-006
    0.395020000000E+005    0.962804204872E-006
    0.395520000000E+005    0.967548177354E-006
    0.396020000000E+005    0.972308330057E-006
    0.396520000000E+005    0.977084691623E-006
    0.397020000000E+005    0.981877290688E-006
    0.397520000000E+005    0.986686155876E-006
    0.398020000000E+005    0.991511315800E-006
    0.398520000000E+005    0.996352799067E-006
    0.399020000000E+005    0.100121063427E-005
    0.399520000000E+005    0.100608485000E-005
    0.400020000000E+005    0.101097547482E-005
    0.400520000000E+005    0.101588253731E-005
    0.401020000000E+005    0.102080606601E-005
    0.401520000000E+005    0.102574608948E-005
    0.402020000000E+005    0.103070263625E-005
    0.402520000000E+005    0.103567573483E-005
    0.403020000000E+005    0.104066541376E-005
    0.403520000000E+005    0.104567170152E-005
    0.404020000000E+005    0.105069462662E-005
    0.404520000000E+005    0.105573421753E-005
    0.405020000000E+005    0.106079050273E-005
    0.405520000000E+005    0.106586351068E-005
    0.406020000000E+005    0.107095326983E-005
    0.406520000000E+005    0.107605980862E-005
    0.407020000000E+005    0.108118315548E-005
    0.407520000000E+005    0.108632333883E-005
    0.408020000000E+005    0.109148038708E-005
    0.408520000000E+005    0.109665432862E-005
    0.409020000000E+005    0.110184519184E-005
    0.409520000000E+005    0.110705300511E-005
    0.410020000000E+005    0.111227779680E-005
    0.410520000000E+005    0.111751959526E-005
    0.411020000000E+005    0.112277842882E-005
    0.411520000000E+005    0.112805432583E-005
    0.412020000000E+005    0.113334731460E-005
    0.412520000000E+005    0.113865742343E-005
    0.413020000000E+005    0.114398468062E-005
    0.413520000000E+005    0.114932911446E-005
    0.414020000000E+005    0.115469075322E-005
    0.414520000000E+005    0.116006962515E-005
    0.415020000000E+005    0.116546575851E-005
    0.415520000000E+005    0.117087918153E-005
    0.416020000000E+005    0.117630992244E-005
    0.416520000000E+005    0.118175800946E-005
    0.417020000000E+005    0.118722347078E-005
    0.417520000000E+005    0.119270633459E-005
    0.418020000000E+005    0.119820662908E-005
    0.418520000000E+005    0.120372438241E-005
    0.419020000000E+005    0.120925962272E-005
    0.419520000000E+005    0.121481237817E-005
    0.420020000000E+005    0.122038267689E-005
    0.420520000000E+005    0.122597054698E-005
    0.421020000000E+005    0.123157601655E-005
    0.421520000000E+005    0.123719911370E-005
    0.422020000000E+005    0.124283986651E-005
    0.422520000000E+005    0.124849830303E-005
    0.423020000000E+005    0.125417445134E-005
    0.423520000000E+005    0.125986833946E-005
    0.424020000000E+005    0.126557999544E-005
    0.424520000000E+005    0.127130944727E-005
    0.425020000000E+005    0.127705672298E-005
    0.425520000000E+005    0.128282185055E-005
    0.426020000000E+005    0.128860485796E-005
    0.426520000000E+005    0.129440577317E-005
    0.427020000000E+005    0.130022462413E-005
    0.427520000000E+005    0.130606143880E-005
    0.428020000000E+005    0.131191624508E-005
    0.428520000000E+005    0.131778907090E-005
    0.429020000000E+005    0.132367994416E-005
    0.429520000000E+005    0.132958889274E-005
    0.430020000000E+005    0.133551594451E-005
    0.430520000000E+005    0.134146112734E-005
    0.431020000000E+005    0.134742446908E-005
    0.431520000000E+005    0.135340599755E-005
    0.432020000000E+005    0.135940574058E-005
    0.432520000000E+005    0.136542372598E-005
    0.433020000000E+005    0.137145998153E-005
    0.433520000000E+005    0.137751453502E-005
    0.434020000000E+005    0.138358741421E-005
    0.434520000000E+005    0.138967864686E-005
    0.435020000000E+005    0.139578826069E-005
    0.435520000000E+005    0.140191628345E-005
    0.436020000000E+005    0.140806274284E-005
    0.436520000000E+005    0.141422766655E-005
    0.437020000000E+005    0.142041108226E-005
    0.437520000000E+005    0.142661301766E-005
    0.438020000000E+005    0.143283350039E-005
    0.438520000000E+005    0.143907255809E-005
    0.439020000000E+005    0.144533021839E-005
    0.439520000000E+005    0.145160650890E-005
    0.440020000000E+005    0.145790145723E-005
    0.440520000000E+005    0.146421509095E-005
    0.441020000000E+005    0.147054743763E-005
    0.441520000000E+005    0.147689852484E-005
    0.442020000000E+005    0.148326838010E-005
    0.442520000000E+005    0.148965703096E-005
    0.443020000000E+005    0.149606450491E-005
    0.443520000000E+005    0.150249082946E-005
    0.444020000000E+005    0.150893603209E-005
    0.444520000000E+005    0.151540014028E-005
    0.445020000000E+005    0.152188318146E-005
    0.445520000000E+005    0.152838518309E-005
    0.446020000000E+005    0.153490617258E-005
    0.446520000000E+005    0.154144617735E-005
    0.447020000000E+005    0.154800522479E-005
    0.447520000000E+005    0.155458334228E-005
    0.448020000000E+005    0.156118055718E-005
    0.448520000000E+005    0.156779689685E-005
    0.449020000000E+005    0.157443238861E-005
    0.449520000000E+005    0.158108705980E-005
    0.450020000000E+005    0.158776093771E-005
    0.450520000000E+005    0.159445404963E-005
    0.451020000000E+005    0.160116642284E-005
    0.451520000000E+005    0.160789808460E-005
    0.452020000000E+005    0.161464906215E-005
    0.452520000000E+005    0.162141938272E-005
    0.453020000000E+005    0.162820907351E-005
    0.453520000000E+005    0.163501816174E-005
    0.454020000000E+005    0.164184667458E-005
    0.454520000000E+005    0.164869463920E-005
    0.455020000000E+005    0.165556208274E-005
    0.455520000000E+005    0.166244903236E-005
    0.456020000000E+005    0.166935551515E-005
    0.456520000000E+005    0.167628155824E-005
    0.457020000000E+005    0.168322718870E-005
    0.457520000000E+005    0.169019243362E-005
    0.458020000000E+005    0.169717732004E-005
    0.458520000000E+005    0.170418187502E-005
    0.459020000000E+005    0.171120612556E-005
    0.459520000000E+005    0.171825009870E-005
    0.460020000000E+005    0.172531382141E-005
    0.460520000000E+005    0.173239732067E-005
    0.461020000000E+005    0.173950062346E-005
    0.461520000000E+005    0.174662375670E-005
    0.462020000000E+005    0.175376674734E-005
    0.462520000000E+005    0.176092962229E-005
    0.463020000000E+005    0.176811240843E-005
    0.463520000000E+005    0.177531513266E-005
    0.464020000000E+005    0.178253782184E-005
    0.464520000000E+005    0.178978050282E-005
    0.465020000000E+005    0.179704320242E-005
    0.465520000000E+005    0.180432594747E-005
    0.466020000000E+005    0.181162876476E-005
    0.466520000000E+005    0.181895168108E-005
    0.467020000000E+005    0.182629472318E-005
    0.467520000000E+005    0.183365791784E-005
    0.468020000000E+005    0.184104129176E-005
    0.468520000000E+005    0.184844487168E-005
    0.469020000000E+005    0.185586868429E-005
    0.469520000000E+005    0.186331275627E-005
    0.470020000000E+005    0.187077711430E-005
    0.470520000000E+005    0.187826178502E-005
    0.471020000000E+005    0.188576679506E-005
    0.471520000000E+005    0.189329217104E-005
    0.472020000000E+005    0.190083793956E-005
    0.472520000000E+005    0.190840412721E-005
    0.473020000000E+005    0.191599076054E-005
    0.473520000000E+005    0.192359786610E-005
    0.474020000000E+005    0.193122547044E-005
    0.474520000000E+005    0.193887360005E-005
    0.475020000000E+005    0.194654228145E-005
    0.475520000000E+005    0.195423154110E-005
    0.476020000000E+005    0.196194140547E-005
    0.476520000000E+005    0.196967190102E-005
    0.477020000000E+005    0.197742305416E-005
    0.477520000000E+005    0.198519489131E-005
    0.478020000000E+005    0.199298743886E-005
    0.478520000000E+005    0.200080072318E-005
    0.479020000000E+005    0.200863477065E-005
    0.479520000000E+005    0.201648960760E-005
    0.480020000000E+005    0.202436526035E-005
    0.480520000000E+005    0.203226175521E-005
    0.481020000000E+005    0.204017911847E-005
    0.481520000000E+005    0.204811737641E-005
    0.482020000000E+005    0.205607655527E-005
    0.482520000000E+005    0.206405668130E-005
    0.483020000000E+005    0.207205778071E-005
    0.483520000000E+005    0.208007987971E-005
    0.484020000000E+005    0.208812300447E-005
    0.484520000000E+005    0.209618718117E-005
    0.485020000000E+005    0.210427243595E-005
    0.485520000000E+005    0.211237879494E-005
    0.486020000000E+005    0.212050628426E-005
    0.486520000000E+005    0.212865493000E-005
    0.487020000000E+005    0.213682475824E-005
    0.487520000000E+005    0.214501579503E-005
    0.488020000000E+005    0.215322806642E-005
    0.488520000000E+005    0.216146159843E-005
    0.489020000000E+005    0.216971641706E-005
    0.489520000000E+005    0.217799254831E-005
    0.490020000000E+005    0.218629001813E-005
    0.490520000000E+005    0.219460885248E-005
    0.491020000000E+005    0.220294907730E-005
    0.491520000000E+005    0.221131071849E-005
    0.492020000000E+005    0.221969380196E-005
    0.492520000000E+005    0.222809835357E-005
    0.493020000000E+005    0.223652439919E-005
    0.493520000000E+005    0.224497196467E-005
    0.494020000000E+005    0.225344107581E-005
    0.494520000000E+005    0.226193175844E-005
    0.495020000000E+005    0.227044403832E-005
    0.495520000000E+005    0.227897794124E-005
    0.496020000000E+005    0.228753349293E-005
    0.496520000000E+005    0.229611071914E-005
    0.497020000000E+005    0.230470964556E-005
    0.497520000000E+005    0.231333029790E-005
    0.498020000000E+005    0.232197270183E-005
    0.498520000000E+005    0.233063688300E-005
    0.499020000000E+005    0.233932286706E-005
    0.499520000000E+005    0.234803067961E-005
    0.500020000000E+005    0.235676034627E-005
    0.500520000000E+005    0.236551189261E-005
    0.501020000000E+005    0.237428534419E-005
    0.501520000000E+005    0.238308072656E-005
    0.502020000000E+005    0.239189806524E-005
    0.502520000000E+005    0.240073738574E-005
    0.503020000000E+005    0.240959871354E-005
    0.503520000000E+005    0.241848207412E-005
    0.504020000000E+005    0.242738749292E-005
    0.504520000000E+005    0.243631499537E-005
    0.505020000000E+005    0.244526460688E-005
    0.505520000000E+005    0.245423635285E-005
    0.506020000000E+005    0.246323025865E-005
    0.506520000000E+005    0.247224634962E-005
    0.507020000000E+005    0.248128465112E-005
    0.507520000000E+005    0.249034518844E-005
    0.508020000000E+005    0.249942798690E-005
    0.508520000000E+005    0.250853307175E-005
    0.509020000000E+005    0.251766046827E-005
    0.509520000000E+005    0.252681020170E-005
    0.510020000000E+005    0.253598229724E-005
    0.510520000000E+005    0.254517678010E-005
    0.511020000000E+005    0.255439367547E-005
    0.511520000000E+005    0.256363300849E-005
    0.512020000000E+005    0.257289480432E-005
    0.512520000000E+005    0.258217908808E-005
    0.513020000000E+005    0.259148588487E-005
    0.513520000000E+005    0.260081521977E-005
    0.514020000000E+005    0.261016711785E-005
    0.514520000000E+005    0.261954160414E-005
    0.515020000000E+005    0.262893870369E-005
    0.515520000000E+005    0.263835844149E-005
    0.516020000000E+005    0.264780084252E-005
    0.516520000000E+005    0.265726593175E-005
    0.517020000000E+005    0.266675373414E-005
    0.517520000000E+005    0.267626427460E-005
    0.518020000000E+005    0.268579757805E-005
    0.518520000000E+005    0.269535366936E-005
    0.519020000000E+005    0.270493257341E-005
    0.519520000000E+005    0.271453431505E-005
    0.520020000000E+005    0.272415891910E-005
    0.520520000000E+005    0.273380641036E-005
    0.521020000000E+005    0.274347681364E-005
    0.521520000000E+005    0.275317015370E-005
    0.522020000000E+005    0.276288645527E-005
    0.522520000000E+005    0.277262574311E-005
    0.523020000000E+005    0.278238804190E-005
    0.523520000000E+005    0.279217337634E-005
    0.524020000000E+005    0.280198177111E-005
    0.524520000000E+005    0.281181325083E-005
    0.525020000000E+005    0.282166784015E-005
    0.525520000000E+005    0.283154556368E-005
    0.526020000000E+005    0.284144644599E-005
    0.526520000000E+005    0.285137051167E-005
    0.527020000000E+005    0.286131778524E-005
    0.527520000000E+005    0.287128829126E-005
    0.528020000000E+005    0.288128205421E-005
    0.528520000000E+005    0.289129909859E-005
    0.529020000000E+005    0.290133944886E-005
    0.529520000000E+005    0.291140312948E-005
    0.530020000000E+005    0.292149016486E-005
    0.530520000000E+005    0.293160057941E-005
    0.531020000000E+005    0.294173439753E-005
    0.531520000000E+005    0.295189164356E-005
    0.532020000000E+005    0.296207234187E-005
    0.532520000000E+005    0.297227651677E-005
    0.533020000000E+005    0.298250419256E-005
    0.533520000000E+005    0.299275539353E-005
    0.534020000000E+005    0.300303014395E-005
    0.534520000000E+005    0.301332846805E-005
    0.535020000000E+005    0.302365039005E-005
    0.535520000000E+005    0.303399593417E-005
    0.536020000000E+005    0.304436512457E-005
    0.536520000000E+005    0.305475798543E-005
    0.537020000000E+005    0.306517454087E-005
    0.537520000000E+005    0.307561481502E-005
    0.538020000000E+005    0.308607883197E-005
    0.538520000000E+005    0.309656661581E-005
    0.539020000000E+005    0.310707819059E-005
    0.539520000000E+005    0.311761358034E-005
    0.540020000000E+005    0.312817280909E-005
    0.540520000000E+005    0.313875590082E-005
    0.541020000000E+005    0.314936287952E-005
    0.541520000000E+005    0.315999376912E-005
    0.542020000000E+005    0.317064859357E-005
    0.542520000000E+005    0.318132737678E-005
    0.543020000000E+005    0.319203014263E-005
    0.543520000000E+005    0.320275691501E-005
    0.544020000000E+005    0.321350771774E-005
    0.544520000000E+005    0.322428257467E-005
    0.545020000000E+005    0.323508150960E-005
    0.545520000000E+005    0.324590454632E-005
    0.546020000000E+005    0.325675170858E-005
    0.546520000000E+005    0.326762302014E-005
    0.547020000000E+005    0.327851850472E-005
    0.547520000000E+005    0.328943818601E-005
    0.548020000000E+005    0.330038208771E-005
    0.548520000000E+005    0.331135023346E-005
    0.549020000000E+005    0.332234264692E-005
    0.549520000000E+005    0.333335935168E-005
    0.550020000000E+005    0.334440037136E-005
    0.550520000000E+005    0.335546572952E-005
    0.551020000000E+005    0.336655544973E-005
    0.551520000000E+005    0.337766955550E-005
    0.552020000000E+005    0.338880807036E-005
    0.552520000000E+005    0.339997101780E-005
    0.553020000000E+005    0.341115842127E-005
    0.553520000000E+005    0.342237030424E-005
    0.554020000000E+005    0.343360669013E-005
    0.554520000000E+005    0.344486760233E-005
    0.555020000000E+005    0.345615306424E-005
    0.555520000000E+005    0.346746309922E-005
    0.556020000000E+005    0.347879773061E-005
    0.556520000000E+005    0.349015698173E-005
    0.557020000000E+005    0.350154087587E-005
    0.557520000000E+005    0.351294943632E-005
    0.558020000000E+005    0.352438268633E-005
    0.558520000000E+005    0.353584064912E-005
    0.559020000000E+005    0.354732334793E-005
    0.559520000000E+005    0.355883080593E-005
    0.560020000000E+005    0.357036304629E-005
    0.560520000000E+005    0.358192009217E-005
    0.561020000000E+005    0.359350196668E-005
    0.561520000000E+005    0.360510869294E-005
    0.562020000000E+005    0.361674029403E-005
    0.562520000000E+005    0.362839679301E-005
    0.563020000000E+005    0.364007821291E-005
    0.563520000000E+005    0.365178457676E-005
    0.564020000000E+005    0.366351590755E-005
    0.564520000000E+005    0.367527222827E-005
    0.565020000000E+005    0.368705356185E-005
    0.565520000000E+005    0.369885993124E-005
    0.566020000000E+005    0.371069135934E-005
    0.566520000000E+005    0.372254786904E-005
    0.567020000000E+005    0.373442948321E-005
    0.567520000000E+005    0.374633622469E-005
    0.568020000000E+005    0.375826811631E-005
    0.568520000000E+005    0.377022518086E-005
    0.569020000000E+005    0.378220744113E-005
    0.569520000000E+005    0.379421491988E-005
    0.570020000000E+005    0.380624763983E-005
    0.570520000000E+005    0.381830562370E-005
    0.571020000000E+005    0.383038889419E-005
    0.571520000000E+005    0.384249747396E-005
    0.572020000000E+005    0.385463138567E-005
    0.572520000000E+005    0.386679065193E-005
    0.573020000000E+005    0.387897529535E-005
    0.573520000000E+005    0.389118533853E-005
    0.574020000000E+005    0.390342080400E-005
    0.574520000000E+005    0.391568171432E-005
    0.575020000000E+005    0.392796809200E-005
    0.575520000000E+005    0.394027995954E-005
    0.576020000000E+005    0.395261733940E-005
    0.576520000000E+005    0.396498025404E-005
    0.577020000000E+005    0.397736872588E-005
    0.577520000000E+005    0.398978277733E-005
    0.578020000000E+005    0.400222243079E-005
    0.578520000000E+005    0.401468770859E-005
    0.579020000000E+005    0.402717863310E-005
    0.579520000000E+005    0.403969522662E-005
    0.580020000000E+005    0.405223751145E-005
    0.580520000000E+005    0.406480550987E-005
    0.581020000000E+005    0.407739924412E-005
    0.581520000000E+005    0.409001873644E-005
    0.582020000000E+005    0.410266400903E-005
    0.582520000000E+005    0.411533508407E-005
    0.583020000000E+005    0.412803198373E-005
    0.583520000000E+005    0.414075473016E-005
    0.584020000000E+005    0.415350334546E-005
    0.584520000000E+005    0.416627785173E-005
    0.585020000000E+005    0.417907827105E-005
    0.585520000000E+005    0.419190462547E-005
    0.586020000000E+005    0.420475693702E-005
    0.586520000000E+005    0.421763522770E-005
    0.587020000000E+005    0.423053951949E-005
    0.587520000000E+005    0.424346983437E-005
    0.588020000000E+005    0.425642619427E-005
    0.588520000000E+005    0.426940862110E-005
    0.589020000000E+005    0.428241713676E-005
    0.589520000000E+005    0.429545176313E-005
    0.590020000000E+005    0.430851252205E-005
    0.590520000000E+005    0.432159943536E-005
    0.591020000000E+005    0.433471252485E-005
    0.591520000000E+005    0.434785181231E-005
    0.592020000000E+005    0.436101731950E-005
    0.592520000000E+005    0.437420906816E-005
    0.593020000000E+005    0.438742708000E-005
    0.593520000000E+005    0.440067137672E-005
    0.594020000000E+005    0.441394197999E-005
    0.594520000000E+005    0.442723891145E-005
    0.595020000000E+005    0.444056219273E-005
    0.595520000000E+005    0.445391184544E-005
    0.596020000000E+005    0.446728789115E-005
    0.596520000000E+005    0.448069035142E-005
    0.597020000000E+005    0.449411924779E-005
    0.597520000000E+005    0.450757460177E-005
    0.598020000000E+005    0.452105643484E-005
    0.598520000000E+005    0.453456476849E-005
    0.599020000000E+005    0.454809962414E-005
    0.599520000000E+005    0.456166102323E-005
    0.600020000000E+005    0.457524898716E-005
    0.600520000000E+005    0.458886353729E-005
    0.601020000000E+005    0.460250469499E-005
    0.601520000000E+005    0.461617248159E-005
    0.602020000000E+005    0.462986691839E-005
    0.602520000000E+005    0.464358802669E-005
    0.603020000000E+005    0.465733582774E-005
    0.603520000000E+005    0.467111034278E-005
    0.604020000000E+005    0.468491159304E-005
    0.604520000000E+005    0.469873959972E-005
    0.605020000000E+005    0.471259438397E-005
    0.605520000000E+005    0.472647596696E-005
    0.606020000000E+005    0.474038436981E-005
    0.606520000000E+005    0.475431961362E-005
    0.607020000000E+005    0.476828171948E-005
    0.607520000000E+005    0.478227070844E-005
    0.608020000000E+005    0.479628660154E-005
    0.608520000000E+005    0.481032941980E-005
    0.609020000000E+005    0.482439918421E-005
    0.609520000000E+005    0.483849591572E-005
    0.610020000000E+005    0.485261963530E-005
    0.610520000000E+005    0.486677036385E-005
    0.611020000000E+005    0.488094812228E-005
    0.611520000000E+005    0.489515293147E-005
    0.612020000000E+005    0.490938481226E-005
    0.612520000000E+005    0.492364378549E-005
    0.613020000000E+005    0.493792987197E-005
    0.613520000000E+005    0.495224309248E-005
    0.614020000000E+005    0.496658346778E-005
    0.614520000000E+005    0.498095101861E-005
    0.615020000000E+005    0.499534576569E-005
    0.615520000000E+005    0.500976772971E-005
    0.616020000000E+005    0.502421693135E-005
    0.616520000000E+005    0.503869339123E-005
    0.617020000000E+005    0.505319713000E-005
    0.617520000000E+005    0.506772816826E-005
    0.618020000000E+005    0.508228652657E-005
    0.618520000000E+005    0.509687222550E-005
    0.619020000000E+005    0.511148528558E-005
    0.619520000000E+005    0.512612572731E-005
    0.620020000000E+005    0.514079357119E-005
    0.620520000000E+005    0.515548883768E-005
    0.621020000000E+005    0.517021154721E-005
    0.621520000000E+005    0.518496172021E-005
    0.622020000000E+005    0.519973937706E-005
    0.622520000000E+005    0.521454453815E-005
    0.623020000000E+005    0.522937722381E-005
    0.623520000000E+005    0.524423745437E-005
    0.624020000000E+005    0.525912525014E-005
    0.624520000000E+005    0.527404063139E-005
    0.625020000000E+005    0.528898361838E-005
    0.625520000000E+005    0.530395423134E-005
    0.626020000000E+005    0.531895249048E-005
    0.626520000000E+005    0.533397841599E-005
    0.627020000000E+005    0.534903202802E-005
    0.627520000000E+005    0.536411334673E-005
    0.628020000000E+005    0.537922239222E-005
    0.628520000000E+005    0.539435918459E-005
    0.629020000000E+005    0.540952374392E-005
    0.629520000000E+005    0.542471609024E-005
    0.630020000000E+005    0.543993624359E-005
    0.630520000000E+005    0.545518422396E-005
    0.631020000000E+005    0.547046005133E-005
    0.631520000000E+005    0.548576374566E-005
    0.632020000000E+005    0.550109532688E-005
    0.632520000000E+005    0.551645481489E-005
    0.633020000000E+005    0.553184222959E-005
    0.633520000000E+005    0.554725759083E-005
    0.634020000000E+005    0.556270091846E-005
    0.634520000000E+005    0.557817223228E-005
    0.635020000000E+005    0.559367155210E-005
    0.635520000000E+005    0.560919889767E-005
    0.636020000000E+005    0.562475428875E-005
    0.636520000000E+005    0.564033774506E-005
    0.637020000000E+005    0.565594928630E-005
    0.637520000000E+005    0.567158893214E-005
    0.638020000000E+005    0.568725670224E-005
    0.638520000000E+005    0.570295261623E-005
    0.639020000000E+005    0.571867669371E-005
    0.639520000000E+005    0.573442895426E-005
    0.640020000000E+005    0.575020941745E-005
    0.640520000000E+005    0.576601810281E-005
    0.641020000000E+005    0.578185502986E-005
    0.641520000000E+005    0.579772021808E-005
    0.642020000000E+005    0.581361368695E-005
    0.642520000000E+005    0.582953545590E-005
    0.643020000000E+005    0.584548554435E-005
    0.643520000000E+005    0.586146397171E-005
    0.644020000000E+005    0.587747075734E-005
    0.644520000000E+005    0.589350592059E-005
    0.645020000000E+005    0.590956948080E-005
    0.645520000000E+005    0.592566145726E-005
    0.646020000000E+005    0.594178186925E-005
    0.646520000000E+005    0.595793073604E-005
    0.647020000000E+005    0.597410807685E-005
    0.647520000000E+005    0.599031391089E-005
    0.648020000000E+005    0.600654825735E-005
    0.648520000000E+005    0.602281113540E-005
    0.649020000000E+005    0.603910256417E-005
    0.649520000000E+005    0.605542256278E-005
    0.650020000000E+005    0.607177115032E-005
    0.650520000000E+005    0.608814834586E-005
    0.651020000000E+005    0.610455416845E-005
    0.651520000000E+005    0.612098863711E-005
    0.652020000000E+005    0.613745177084E-005
    0.652520000000E+005    0.615394358861E-005
    0.653020000000E+005    0.617046410938E-005
    0.653520000000E+005    0.618701335208E-005
    0.654020000000E+005    0.620359133562E-005
    0.654520000000E+005    0.622019807886E-005
    0.655020000000E+005    0.623683360068E-005
    0.655520000000E+005    0.625349791991E-005
    0.656020000000E+005    0.627019105536E-005
    0.656520000000E+005    0.628691302582E-005
    0.657020000000E+005    0.630366385006E-005
    0.657520000000E+005    0.632044354681E-005
    0.658020000000E+005    0.633725213479E-005
    0.658520000000E+005    0.635408963270E-005
    0.659020000000E+005    0.637095605922E-005
    0.659520000000E+005    0.638785143297E-005
    0.660020000000E+005    0.640477577261E-005
    0.660520000000E+005    0.642172909671E-005
    0.661020000000E+005    0.643871142386E-005
    0.661520000000E+005    0.645572277262E-005
    0.662020000000E+005    0.647276316151E-005
    0.662520000000E+005    0.648983260904E-005
    0.663020000000E+005    0.650693113370E-005
    0.663520000000E+005    0.652405875394E-005
    0.664020000000E+005    0.654121548820E-005
    0.664520000000E+005    0.655840135489E-005
    0.665020000000E+005    0.657561637240E-005
    0.665520000000E+005    0.659286055911E-005
    0.666020000000E+005    0.661013393334E-005
    0.666520000000E+005    0.662743651343E-005
    0.667020000000E+005    0.664476831766E-005
    0.667520000000E+005    0.666212936430E-005
    0.668020000000E+005    0.667951967162E-005
    0.668520000000E+005    0.669693925782E-005
    0.669020000000E+005    0.671438814111E-005
    0.669520000000E+005    0.673186633967E-005
    0.670020000000E+005    0.674937387166E-005
    0.670520000000E+005    0.676691075520E-005
    0.671020000000E+005    0.678447700840E-005
    0.671520000000E+005    0.680207264934E-005
    0.672020000000E+005    0.681969769609E-005
    0.672520000000E+005    0.683735216668E-005
    0.673020000000E+005    0.685503607913E-005
    0.673520000000E+005    0.687274945142E-005
    0.674020000000E+005    0.689049230152E-005
    0.674520000000E+005    0.690826464737E-005
    0.675020000000E+005    0.692606650689E-005
    0.675520000000E+005    0.694389789798E-005
    0.676020000000E+005    0.696175883851E-005
    0.676520000000E+005    0.697964934632E-005
    0.677020000000E+005    0.699756943925E-005
    0.677520000000E+005    0.701551913508E-005
    0.678020000000E+005    0.703349845161E-005
    0.678520000000E+005    0.705150740658E-005
    0.679020000000E+005    0.706954601772E-005
    0.679520000000E+005    0.708761430274E-005
    0.680020000000E+005    0.710571227933E-005
    0.680520000000E+005    0.712383996514E-005
    0.681020000000E+005    0.714199737781E-005
    0.681520000000E+005    0.716018453495E-005
    0.682020000000E+005    0.717840145416E-005
    0.682520000000E+005    0.719664815298E-005
    0.683020000000E+005    0.721492464898E-005
    0.683520000000E+005    0.723323095967E-005
    0.684020000000E+005    0.725156710253E-005
    0.684520000000E+005    0.726993309505E-005
    0.685020000000E+005    0.728832895467E-005
    0.685520000000E+005    0.730675469881E-005
    0.686020000000E+005    0.732521034488E-005
    0.686520000000E+005    0.734369591024E-005
    0.687020000000E+005    0.736221141227E-005
    0.687520000000E+005    0.738075686827E-005
    0.688020000000E+005    0.739933229557E-005
    0.688520000000E+005    0.741793771143E-005
    0.689020000000E+005    0.743657313313E-005
    0.689520000000E+005    0.745523857790E-005
    0.690020000000E+005    0.747393406294E-005
    0.690520000000E+005    0.749265960545E-005
    0.691020000000E+005    0.751141522259E-005
    0.691520000000E+005    0.753020093150E-005
    0.692020000000E+005    0.754901674930E-005
    0.692520000000E+005    0.756786269309E-005
    0.693020000000E+005    0.758673877993E-005
    0.693520000000E+005    0.760564502686E-005
    0.694020000000E+005    0.762458145092E-005
    0.694520000000E+005    0.764354806910E-005
    0.695020000000E+005    0.766254489839E-005
    0.695520000000E+005    0.768157195572E-005
    0.696020000000E+005    0.770062925803E-005
    0.696520000000E+005    0.771971682222E-005
    0.697020000000E+005    0.773883466518E-005
    0.697520000000E+005    0.775798280376E-005
    0.698020000000E+005    0.777716125480E-005
    0.698520000000E+005    0.779637003511E-005
    0.699020000000E+005    0.781560916147E-005
    0.699520000000E+005    0.783487865066E-005
    0.700020000000E+005    0.785417851940E-005
    0.700520000000E+005    0.787350878442E-005
    0.701020000000E+005    0.789286946240E-005
    0.701520000000E+005    0.791226057003E-005
    0.702020000000E+005    0.793168212393E-005
    0.702520000000E+005    0.795113414074E-005
    0.703020000000E+005    0.797061663706E-005
    0.703520000000E+005    0.799012962945E-005
    0.704020000000E+005    0.800967313447E-005
    0.704520000000E+005    0.802924716866E-005
    0.705020000000E+005    0.804885174850E-005
    0.705520000000E+005    0.806848689048E-005
    0.706020000000E+005    0.808815261106E-005
    0.706520000000E+005    0.810784892668E-005
    0.707020000000E+005    0.812757585374E-005
    0.707520000000E+005    0.814733340862E-005
    0.708020000000E+005    0.816712160770E-005
    0.708520000000E+005    0.818694046731E-005
    0.709020000000E+005    0.820679000376E-005
    0.709520000000E+005    0.822667023335E-005
    0.710020000000E+005    0.824658117235E-005
    0.710520000000E+005    0.826652283700E-005
    0.711020000000E+005    0.828649524352E-005
    0.711520000000E+005    0.830649840811E-005
    0.712020000000E+005    0.832653234694E-005
    0.712520000000E+005    0.834659707617E-005
    0.713020000000E+005    0.836669261192E-005
    0.713520000000E+005    0.838681897029E-005
    0.714020000000E+005    0.840697616737E-005
    0.714520000000E+005    0.842716421921E-005
    0.715020000000E+005    0.844738314184E-005
    0.715520000000E+005    0.846763295128E-005
    0.716020000000E+005    0.848791366350E-005
    0.716520000000E+005    0.850822529447E-005
    0.717020000000E+005    0.852856786013E-005
    0.717520000000E+005    0.854894137640E-005
    0.718020000000E+005    0.856934585916E-005
    0.718520000000E+005    0.858978132429E-005
    0.719020000000E+005    0.861024778762E-005
    0.719520000000E+005    0.863074526498E-005
    0.720020000000E+005    0.865127377216E-005
    0.720520000000E+005    0.867183332495E-005
    0.721020000000E+005    0.869242393908E-005
    0.721520000000E+005    0.871304563029E-005
    0.722020000000E+005    0.873369841428E-005
    0.722520000000E+005    0.875438230673E-005
    0.723020000000E+005    0.877509732329E-005
    0.723520000000E+005    0.879584347960E-005
    0.724020000000E+005    0.881662079126E-005
    0.724520000000E+005    0.883742927387E-005
    0.725020000000E+005    0.885826894298E-005
    0.725520000000E+005    0.887913981413E-005
    0.726020000000E+005    0.890004190284E-005
    0.726520000000E+005    0.892097522460E-005
    0.727020000000E+005    0.894193979487E-005
    0.727520000000E+005    0.896293562911E-005
    0.728020000000E+005    0.898396274272E-005
    0.728520000000E+005    0.900502115112E-005
    0.729020000000E+005    0.902611086966E-005
    0.729520000000E+005    0.904723191371E-005
    0.730020000000E+005    0.906838429860E-005
    0.730520000000E+005    0.908956803961E-005
    0.731020000000E+005    0.911078315204E-005
    0.731520000000E+005    0.913202965113E-005
    0.732020000000E+005    0.915330755213E-005
    0.732520000000E+005    0.917461687025E-005
    0.733020000000E+005    0.919595762066E-005
    0.733520000000E+005    0.921732981853E-005
    0.734020000000E+005    0.923873347900E-005
    0.734520000000E+005    0.926016861718E-005
    0.735020000000E+005    0.928163524818E-005
    0.735520000000E+005    0.930313338705E-005
    0.736020000000E+005    0.932466304884E-005
    0.736520000000E+005    0.934622424857E-005
    0.737020000000E+005    0.936781700125E-005
    0.737520000000E+005    0.938944132184E-005
    0.738020000000E+005    0.941109722530E-005
    0.738520000000E+005    0.943278472655E-005
    0.739020000000E+005    0.945450384051E-005
    0.739520000000E+005    0.947625458204E-005
    0.740020000000E+005    0.949803696602E-005
    0.740520000000E+005    0.951985100726E-005
    0.741020000000E+005    0.954169672059E-005
    0.741520000000E+005    0.956357412079E-005
    0.742020000000E+005    0.958548322263E-005
    0.742520000000E+005    0.960742404084E-005
    0.743020000000E+005    0.962939659015E-005
    0.743520000000E+005    0.965140088524E-005
    0.744020000000E+005    0.967343694079E-005
    0.744520000000E+005    0.969550477144E-005
    0.745020000000E+005    0.971760439182E-005
    0.745520000000E+005    0.973973581652E-005
    0.746020000000E+005    0.976189906013E-005
    0.746520000000E+005    0.978409413719E-005
    0.747020000000E+005    0.980632106225E-005
    0.747520000000E+005    0.982857984979E-005
    0.748020000000E+005    0.985087051432E-005
    0.748520000000E+005    0.987319307027E-005
    0.749020000000E+005    0.989554753211E-005
    0.749520000000E+005    0.991793391423E-005
    0.750020000000E+005    0.994035223102E-005
    0.750520000000E+005    0.996280249686E-005
    0.751020000000E+005    0.998528472608E-005
    0.751520000000E+005    0.100077989330E-004
    0.752020000000E+005    0.100303451319E-004
    0.752520000000E+005    0.100529233371E-004
    0.753020000000E+005    0.100755335629E-004
    0.753520000000E+005    0.100981758233E-004
    0.754020000000E+005    0.101208501328E-004
    0.754520000000E+005    0.101435565053E-004
    0.755020000000E+005    0.101662949552E-004
    0.755520000000E+005    0.101890654964E-004
    0.756020000000E+005    0.102118681432E-004
    0.756520000000E+005    0.102347029097E-004
    0.757020000000E+005    0.102575698098E-004
    0.757520000000E+005    0.102804688576E-004
    0.758020000000E+005    0.103034000672E-004
    0.758520000000E+005    0.103263634524E-004
    0.759020000000E+005    0.103493590274E-004
    0.759520000000E+005    0.103723868061E-004
    0.760020000000E+005    0.103954468023E-004
    0.760520000000E+005    0.104185390300E-004
    0.761020000000E+005    0.104416635030E-004
    0.761520000000E+005    0.104648202352E-004
    0.762020000000E+005    0.104880092405E-004
    0.762520000000E+005    0.105112305326E-004
    0.763020000000E+005    0.105344841253E-004
    0.763520000000E+005    0.105577700325E-004
    0.764020000000E+005    0.105810882677E-004
    0.764520000000E+005    0.106044388448E-004
    0.765020000000E+005    0.106278217773E-004
    0.765520000000E+005    0.106512370791E-004
    0.766020000000E+005    0.106746847638E-004
    0.766520000000E+005    0.106981648448E-004
    0.767020000000E+005    0.107216773360E-004
    0.767520000000E+005    0.107452222508E-004
    0.768020000000E+005    0.107687996027E-004
    0.768520000000E+005    0.107924094054E-004
    0.769020000000E+005    0.108160516723E-004
    0.769520000000E+005    0.108397264169E-004
    0.770020000000E+005    0.108634336526E-004
    0.770520000000E+005    0.108871733930E-004
    0.771020000000E+005    0.109109456513E-004
    0.771520000000E+005    0.109347504411E-004
    0.772020000000E+005    0.109585877756E-004
    0.772520000000E+005    0.109824576682E-004
    0.773020000000E+005    0.110063601323E-004
    0.773520000000E+005    0.110302951810E-004
    0.774020000000E+005    0.110542628278E-004
    0.774520000000E+005    0.110782630858E-004
    0.775020000000E+005    0.111022959683E-004
    0.775520000000E+005    0.111263614885E-004
    0.776020000000E+005    0.111504596595E-004
    0.776520000000E+005    0.111745904946E-004
    0.777020000000E+005    0.111987540068E-004
    0.777520000000E+005    0.112229502093E-004
    0.778020000000E+005    0.112471791151E-004
    0.778520000000E+005    0.112714407374E-004
    0.779020000000E+005    0.112957350891E-004
    0.779520000000E+005    0.113200621833E-004
    0.780020000000E+005    0.113444220329E-004
    0.780520000000E+005    0.113688146511E-004
    0.781020000000E+005    0.113932400506E-004
    0.781520000000E+005    0.114176982445E-004
    0.782020000000E+005    0.114421892456E-004
    0.782520000000E+005    0.114667130668E-004
    0.783020000000E+005    0.114912697210E-004
    0.783520000000E+005    0.115158592210E-004
    0.784020000000E+005    0.115404815796E-004
    0.784520000000E+005    0.115651368097E-004
    0.785020000000E+005    0.115898249239E-004
    0.785520000000E+005    0.116145459351E-004
    0.786020000000E+005    0.116392998558E-004
    0.786520000000E+005    0.116640866990E-004
    0.787020000000E+005    0.116889064771E-004
    0.787520000000E+005    0.117137592029E-004
    0.788020000000E+005    0.117386448890E-004
    0.788520000000E+005    0.117635635480E-004
    0.789020000000E+005    0.117885151925E-004
    0.789520000000E+005    0.118134998350E-004
    0.790020000000E+005    0.118385174881E-004
    0.790520000000E+005    0.118635681643E-004
    0.791020000000E+005    0.118886518761E-004
    0.791520000000E+005    0.119137686359E-004
    0.792020000000E+005    0.119389184562E-004
    0.792520000000E+005    0.119641013494E-004
    0.793020000000E+005    0.119893173280E-004
    0.793520000000E+005    0.120145664042E-004
    0.794020000000E+005    0.120398485905E-004
    0.794520000000E+005    0.120651638992E-004
    0.795020000000E+005    0.120905123425E-004
    0.795520000000E+005    0.121158939328E-004
    0.796020000000E+005    0.121413086823E-004
    0.796520000000E+005    0.121667566034E-004
    0.797020000000E+005    0.121922377080E-004
    0.797520000000E+005    0.122177520086E-004
    0.798020000000E+005    0.122432995172E-004
    0.798520000000E+005    0.122688802460E-004
    0.799020000000E+005    0.122944942071E-004
    0.799520000000E+005    0.123201414127E-004
    0.800020000000E+005    0.123458218747E-004
    0.800520000000E+005    0.123715356053E-004
    0.801020000000E+005    0.123972826165E-004
    0.801520000000E+005    0.124230629203E-004
    0.802020000000E+005    0.124488765287E-004
    0.802520000000E+005    0.124747234536E-004
    0.803020000000E+005    0.125006037070E-004
    0.803520000000E+005    0.125265173008E-004
    0.804020000000E+005    0.125524642470E-004
    0.804520000000E+005    0.125784445573E-004
    0.805020000000E+005    0.126044582437E-004
    0.805520000000E+005    0.126305053179E-004
    0.806020000000E+005    0.126565857918E-004
    0.806520000000E+005    0.126826996772E-004
    0.807020000000E+005    0.127088469857E-004
    0.807520000000E+005    0.127350277292E-004
    0.808020000000E+005    0.127612419194E-004
    0.808520000000E+005    0.127874895680E-004
    0.809020000000E+005    0.128137706865E-004
    0.809520000000E+005    0.128400852868E-004
    0.810020000000E+005    0.128664333803E-004
    0.810520000000E+005    0.128928149788E-004
    0.811020000000E+005    0.129192300937E-004
    0.811520000000E+005    0.129456787366E-004
    0.812020000000E+005    0.129721609192E-004
    0.812520000000E+005    0.129986766528E-004
    0.813020000000E+005    0.130252259489E-004
    0.813520000000E+005    0.130518088191E-004
    0.814020000000E+005    0.130784252748E-004
    0.814520000000E+005    0.131050753274E-004
    0.815020000000E+005    0.131317589882E-004
    0.815520000000E+005    0.131584762688E-004
    0.816020000000E+005    0.131852271803E-004
    0.816520000000E+005    0.132120117342E-004
    0.817020000000E+005    0.132388299418E-004
    0.817520000000E+005    0.132656818143E-004
    0.818020000000E+005    0.132925673630E-004
    0.818520000000E+005    0.133194865992E-004
    0.819020000000E+005    0.133464395340E-004
    0.819520000000E+005    0.133734261787E-004
    0.820020000000E+005    0.134004465444E-004
    0.820520000000E+005    0.134275006423E-004
    0.821020000000E+005    0.134545884835E-004
    0.821520000000E+005    0.134817100791E-004
    0.822020000000E+005    0.135088654402E-004
    0.822520000000E+005    0.135360545778E-004
    0.823020000000E+005    0.135632775031E-004
    0.823520000000E+005    0.135905342269E-004
    0.824020000000E+005    0.136178247604E-004
    0.824520000000E+005    0.136451491144E-004
    0.825020000000E+005    0.136725072999E-004
    0.825520000000E+005    0.136998993278E-004
    0.826020000000E+005    0.137273252091E-004
    0.826520000000E+005    0.137547849547E-004
    0.827020000000E+005    0.137822785753E-004
    0.827520000000E+005    0.138098060818E-004
    0.828020000000E+005    0.138373674850E-004
    0.828520000000E+005    0.138649627957E-004
    0.829020000000E+005    0.138925920248E-004
    0.829520000000E+005    0.139202551828E-004
    0.830020000000E+005    0.139479522807E-004
    0.830520000000E+005    0.139756833289E-004
    0.831020000000E+005    0.140034483383E-004
    0.831520000000E+005    0.140312473195E-004
    0.832020000000E+005    0.140590802831E-004
    0.832520000000E+005    0.140869472398E-004
    0.833020000000E+005    0.141148482000E-004
    0.833520000000E+005    0.141427831745E-004
    0.834020000000E+005    0.141707521736E-004
    0.834520000000E+005    0.141987552081E-004
    0.835020000000E+005    0.142267922883E-004
    0.835520000000E+005    0.142548634247E-004
    0.836020000000E+005    0.142829686278E-004
    0.836520000000E+005    0.143111079080E-004
    0.837020000000E+005    0.143392812758E-004
    0.837520000000E+005    0.143674887415E-004
    0.838020000000E+005    0.143957303155E-004
    0.838520000000E+005    0.144240060081E-004
    0.839020000000E+005    0.144523158296E-004
    0.839520000000E+005    0.144806597904E-004
    0.840020000000E+005    0.145090379008E-004
    0.840520000000E+005    0.145374501709E-004
    0.841020000000E+005    0.145658966110E-004
    0.841520000000E+005    0.145943772314E-004
    0.842020000000E+005    0.146228920421E-004
    0.842520000000E+005    0.146514410535E-004
    0.843020000000E+005    0.146800242756E-004
    0.843520000000E+005    0.147086417185E-004
    0.844020000000E+005    0.147372933924E-004
    0.844520000000E+005    0.147659793073E-004
    0.845020000000E+005    0.147946994733E-004
    0.845520000000E+005    0.148234539005E-004
    0.846020000000E+005    0.148522425987E-004
    0.846520000000E+005    0.148810655781E-004
    0.847020000000E+005    0.149099228485E-004
    0.847520000000E+005    0.149388144200E-004
    0.848020000000E+005    0.149677403024E-004
    0.848520000000E+005    0.149967005057E-004
    0.849020000000E+005    0.150256950397E-004
    0.849520000000E+005    0.150547239143E-004
    0.850020000000E+005    0.150837871393E-004
    0.850520000000E+005    0.151128847246E-004
    0.851020000000E+005    0.151420166799E-004
    0.851520000000E+005    0.151711830150E-004
    0.852020000000E+005    0.152003837396E-004
    0.852520000000E+005    0.152296188635E-004
    0.853020000000E+005    0.152588883964E-004
    0.853520000000E+005    0.152881923480E-004
    0.854020000000E+005    0.153175307278E-004
    0.854520000000E+005    0.153469035456E-004
    0.855020000000E+005    0.153763108110E-004
    0.855520000000E+005    0.154057525335E-004
    0.856020000000E+005    0.154352287227E-004
    0.856520000000E+005    0.154647393882E-004
    0.857020000000E+005    0.154942845396E-004
    0.857520000000E+005    0.155238641862E-004
    0.858020000000E+005    0.155534783376E-004
    0.858520000000E+005    0.155831270033E-004
    0.859020000000E+005    0.156128101927E-004
    0.859520000000E+005    0.156425279152E-004
    0.860020000000E+005    0.156722801802E-004
    0.860520000000E+005    0.157020669971E-004
    0.861020000000E+005    0.157318883752E-004
    0.861520000000E+005    0.157617443239E-004
    0.862020000000E+005    0.157916348524E-004
    0.862520000000E+005    0.158215599702E-004
    0.863020000000E+005    0.158515196863E-004
    0.863520000000E+005    0.158815140101E-004
    0.864020000000E+005    0.159115429508E-004
    0.864520000000E+005    0.159416065176E-004
    0.865020000000E+005    0.159717047197E-004
    0.865520000000E+005    0.160018375662E-004
    0.866020000000E+005    0.160320050662E-004
    0.866520000000E+005    0.160622072289E-004
    0.867020000000E+005    0.160924440634E-004
    0.867520000000E+005    0.161227155787E-004
    0.868020000000E+005    0.161530217839E-004
    0.868520000000E+005    0.161833626880E-004
    0.869020000000E+005    0.162137383000E-004
    0.869520000000E+005    0.162441486288E-004
    0.870020000000E+005    0.162745936836E-004
    0.870520000000E+005    0.163050734731E-004
    0.871020000000E+005    0.163355880063E-004
    0.871520000000E+005    0.163661372922E-004
    0.872020000000E+005    0.163967213395E-004
    0.872520000000E+005    0.164273401571E-004
    0.873020000000E+005    0.164579937539E-004
    0.873520000000E+005    0.164886821387E-004
    0.874020000000E+005    0.165194053202E-004
    0.874520000000E+005    0.165501633072E-004
    0.875020000000E+005    0.165809561085E-004
    0.875520000000E+005    0.166117837328E-004
    0.876020000000E+005    0.166426461888E-004
    0.876520000000E+005    0.166735434852E-004
    0.877020000000E+005    0.167044756305E-004
    0.877520000000E+005    0.167354426336E-004
    0.878020000000E+005    0.167664445029E-004
    0.878520000000E+005    0.167974812471E-004
    0.879020000000E+005    0.168285528747E-004
    0.879520000000E+005    0.168596593944E-004
    0.880020000000E+005    0.168908008145E-004
    0.880520000000E+005    0.169219771437E-004
    0.881020000000E+005    0.169531883904E-004
    0.881520000000E+005    0.169844345631E-004
    0.882020000000E+005    0.170157156702E-004
    0.882520000000E+005    0.170470317202E-004
    0.883020000000E+005    0.170783827214E-004
    0.883520000000E+005    0.171097686822E-004
    0.884020000000E+005    0.171411896110E-004
    0.884520000000E+005    0.171726455161E-004
    0.885020000000E+005    0.172041364059E-004
    0.885520000000E+005    0.172356622886E-004
    0.886020000000E+005    0.172672231725E-004
    0.886520000000E+005    0.172988190658E-004
    0.887020000000E+005    0.173304499768E-004
    0.887520000000E+005    0.173621159137E-004
    0.888020000000E+005    0.173938168847E-004
    0.888520000000E+005    0.174255528979E-004
    0.889020000000E+005    0.174573239614E-004
    0.889520000000E+005    0.174891300835E-004
    0.890020000000E+005    0.175209712722E-004
    0.890520000000E+005    0.175528475356E-004
    0.891020000000E+005    0.175847588817E-004
    0.891520000000E+005    0.176167053186E-004
    0.892020000000E+005    0.176486868543E-004
    0.892520000000E+005    0.176807034967E-004
    0.893020000000E+005    0.177127552540E-004
    0.893520000000E+005    0.177448421339E-004
    0.894020000000E+005    0.177769641445E-004
    0.894520000000E+005    0.178091212937E-004
    0.895020000000E+005    0.178413135893E-004
    0.895520000000E+005    0.178735410392E-004
    0.896020000000E+005    0.179058036512E-004
    0.896520000000E+005    0.179381014333E-004
    0.897020000000E+005    0.179704343931E-004
    0.897520000000E+005    0.180028025385E-004
    0.898020000000E+005    0.180352058773E-004
    0.898520000000E+005    0.180676444171E-004
    0.899020000000E+005    0.181001181657E-004
    0.899520000000E+005    0.181326271308E-004
    0.900020000000E+005    0.181651713200E-004
    0.900520000000E+005    0.181977507411E-004
    0.901020000000E+005    0.182303654017E-004
    0.901520000000E+005    0.182630153093E-004
    0.902020000000E+005    0.182957004715E-004
    0.902520000000E+005    0.183284208961E-004
    0.903020000000E+005    0.183611765904E-004
    0.903520000000E+005    0.183939675620E-004
    0.904020000000E+005    0.184267938184E-004
    0.904520000000E+005    0.184596553672E-004
    0.905020000000E+005    0.184925522157E-004
    0.905520000000E+005    0.185254843715E-004
    0.906020000000E+005    0.185584518419E-004
    0.906520000000E+005    0.185914546344E-004
    0.907020000000E+005    0.186244927563E-004
    0.907520000000E+005    0.186575662150E-004
    0.908020000000E+005    0.186906750178E-004
    0.908520000000E+005    0.187238191722E-004
    0.909020000000E+005    0.187569986852E-004
    0.909520000000E+005    0.187902135643E-004
    0.910020000000E+005    0.188234638167E-004
    0.910520000000E+005    0.188567494497E-004
    0.911020000000E+005    0.188900704703E-004
    0.911520000000E+005    0.189234268859E-004
    0.912020000000E+005    0.189568187037E-004
    0.912520000000E+005    0.189902459307E-004
    0.913020000000E+005    0.190237085741E-004
    0.913520000000E+005    0.190572066410E-004
    0.914020000000E+005    0.190907401385E-004
    0.914520000000E+005    0.191243090737E-004
    0.915020000000E+005    0.191579134536E-004
    0.915520000000E+005    0.191915532852E-004
    0.916020000000E+005    0.192252285756E-004
    0.916520000000E+005    0.192589393318E-004
    0.917020000000E+005    0.192926855606E-004
    0.917520000000E+005    0.193264672691E-004
    0.918020000000E+005    0.193602844642E-004
    0.918520000000E+005    0.193941371528E-004
    0.919020000000E+005    0.194280253417E-004
    0.919520000000E+005    0.194619490379E-004
    0.920020000000E+005    0.194959082481E-004
    0.920520000000E+005    0.195299029792E-004
    0.921020000000E+005    0.195639332380E-004
    0.921520000000E+005    0.195979990312E-004
    0.922020000000E+005    0.196321003657E-004
    0.922520000000E+005    0.196662372482E-004
    0.923020000000E+005    0.197004096853E-004
    0.923520000000E+005    0.197346176838E-004
    0.924020000000E+005    0.197688612504E-004
    0.924520000000E+005    0.198031403916E-004
    0.925020000000E+005    0.198374551142E-004
    0.925520000000E+005    0.198718054248E-004
    0.926020000000E+005    0.199061913300E-004
    0.926520000000E+005    0.199406128362E-004
    0.927020000000E+005    0.199750699501E-004
    0.927520000000E+005    0.200095626783E-004
    0.928020000000E+005    0.200440910272E-004
    0.928520000000E+005    0.200786550033E-004
    0.929020000000E+005    0.201132546130E-004
    0.929520000000E+005    0.201478898629E-004
    0.930020000000E+005    0.201825607594E-004
    0.930520000000E+005    0.202172673089E-004
    0.931020000000E+005    0.202520095177E-004
    0.931520000000E+005    0.202867873922E-004
    0.932020000000E+005    0.203216009389E-004
    0.932520000000E+005    0.203564501639E-004
    0.933020000000E+005    0.203913350736E-004
    0.933520000000E+005    0.204262556744E-004
    0.934020000000E+005    0.204612119724E-004
    0.934520000000E+005    0.204962039740E-004
    0.935020000000E+005    0.205312316852E-004
    0.935520000000E+005    0.205662951124E-004
    0.936020000000E+005    0.206013942618E-004
    0.936520000000E+005    0.206365291394E-004
    0.937020000000E+005    0.206716997515E-004
    0.937520000000E+005    0.207069061042E-004
    0.938020000000E+005    0.207421482035E-004
    0.938520000000E+005    0.207774260555E-004
    0.939020000000E+005    0.208127396664E-004
    0.939520000000E+005    0.208480890421E-004
    0.940020000000E+005    0.208834741887E-004
    0.940520000000E+005    0.209188951122E-004
    0.941020000000E+005    0.209543518186E-004
    0.941520000000E+005    0.209898443137E-004
    0.942020000000E+005    0.210253726037E-004
    0.942520000000E+005    0.210609366943E-004
    0.943020000000E+005    0.210965365915E-004
    0.943520000000E+005    0.211321723011E-004
    0.944020000000E+005    0.211678438291E-004
    0.944520000000E+005    0.212035511813E-004
    0.945020000000E+005    0.212392943635E-004
    0.945520000000E+005    0.212750733814E-004
    0.946020000000E+005    0.213108882409E-004
    0.946520000000E+005    0.213467389477E-004
    0.947020000000E+005    0.213826255077E-004
    0.947520000000E+005    0.214185479264E-004
    0.948020000000E+005    0.214545062095E-004
    0.948520000000E+005    0.214905003629E-004
    0.949020000000E+005    0.215265303921E-004
    0.949520000000E+005    0.215625963027E-004
    0.950020000000E+005    0.215986981004E-004
    0.950520000000E+005    0.216348357908E-004
    0.951020000000E+005    0.216710093795E-004
    0.951520000000E+005    0.217072188720E-004
    0.952020000000E+005    0.217434642739E-004
    0.952520000000E+005    0.217797455906E-004
    0.953020000000E+005    0.218160628277E-004
    0.953520000000E+005    0.218524159907E-004
    0.954020000000E+005    0.218888050850E-004
    0.954520000000E+005    0.219252301161E-004
    0.955020000000E+005    0.219616910893E-004
    0.955520000000E+005    0.219981880101E-004
    0.956020000000E+005    0.220347208839E-004
    0.956520000000E+005    0.220712897160E-004
    0.957020000000E+005    0.221078945117E-004
    0.957520000000E+005    0.221445352764E-004
    0.958020000000E+005    0.221812120154E-004
    0.958520000000E+005    0.222179247340E-004
    0.959020000000E+005    0.222546734373E-004
    0.959520000000E+005    0.222914581307E-004
    0.960020000000E+005    0.223282788194E-004
    0.960520000000E+005    0.223651355086E-004
    0.961020000000E+005    0.224020282034E-004
    0.961520000000E+005    0.224389569091E-004
    0.962020000000E+005    0.224759216307E-004
    0.962520000000E+005    0.225129223734E-004
    0.963020000000E+005    0.225499591423E-004
    0.963520000000E+005    0.225870319424E-004
    0.964020000000E+005    0.226241407789E-004
    0.964520000000E+005    0.226612856568E-004
    0.965020000000E+005    0.226984665810E-004
    0.965520000000E+005    0.227356835567E-004
    0.966020000000E+005    0.227729365887E-004
    0.966520000000E+005    0.228102256821E-004
    0.967020000000E+005    0.228475508417E-004
    0.967520000000E+005    0.228849120726E-004
    0.968020000000E+005    0.229223093796E-004
    0.968520000000E+005    0.229597427676E-004
    0.969020000000E+005    0.229972122414E-004
    0.969520000000E+005    0.230347178060E-004
    0.970020000000E+005    0.230722594661E-004
    0.970520000000E+005    0.231098372266E-004
    0.971020000000E+005    0.231474510922E-004
    0.971520000000E+005    0.231851010677E-004
    0.972020000000E+005    0.232227871578E-004
    0.972520000000E+005    0.232605093674E-004
    0.973020000000E+005    0.232982677010E-004
    0.973520000000E+005    0.233360621634E-004
    0.974020000000E+005    0.233738927592E-004
    0.974520000000E+005    0.234117594931E-004
    0.975020000000E+005    0.234496623698E-004
    0.975520000000E+005    0.234876013938E-004
    0.976020000000E+005    0.235255765697E-004
    0.976520000000E+005    0.235635879022E-004
    0.977020000000E+005    0.236016353957E-004
    0.977520000000E+005    0.236397190547E-004
    0.978020000000E+005    0.236778388839E-004
    0.978520000000E+005    0.237159948877E-004
    0.979020000000E+005    0.237541870706E-004
    0.979520000000E+005    0.237924154369E-004
    0.980020000000E+005    0.238306799913E-004
    0.980520000000E+005    0.238689807380E-004
    0.981020000000E+005    0.239073176815E-004
    0.981520000000E+005    0.239456908262E-004
    0.982020000000E+005    0.239841001764E-004
    0.982520000000E+005    0.240225457365E-004
    0.983020000000E+005    0.240610275107E-004
    0.983520000000E+005    0.240995455034E-004
    0.984020000000E+005    0.241380997188E-004
    0.984520000000E+005    0.241766901613E-004
    0.985020000000E+005    0.242153168351E-004
    0.985520000000E+005    0.242539797443E-004
    0.986020000000E+005    0.242926788933E-004
    0.986520000000E+005    0.243314142861E-004
    0.987020000000E+005    0.243701859269E-004
    0.987520000000E+005    0.244089938200E-004
    0.988020000000E+005    0.244478379694E-004
    0.988520000000E+005    0.244867183792E-004
    0.989020000000E+005    0.245256350535E-004
    0.989520000000E+005    0.245645879964E-004
    0.990020000000E+005    0.246035772120E-004
    0.990520000000E+005    0.246426027042E-004
    0.991020000000E+005    0.246816644771E-004
    0.991520000000E+005    0.247207625347E-004
    0.992020000000E+005    0.247598968810E-004
    0.992520000000E+005    0.247990675198E-004
    0.993020000000E+005    0.248382744552E-004
    0.993520000000E+005    0.248775176911E-004
    0.994020000000E+005    0.249167972313E-004
    0.994520000000E+005    0.249561130798E-004
    0.995020000000E+005    0.249954652403E-004
    0.995520000000E+005    0.250348537168E-004
    0.996020000000E+005    0.250742785131E-004
    0.996520000000E+005    0.251137396330E-004
    0.997020000000E+005    0.251532370801E-004
    0.997520000000E+005    0.251927708584E-004
    0.998020000000E+005    0.252323409716E-004
    0.998520000000E+005    0.252719474234E-004
    0.999020000000E+005    0.253115902174E-004
    0.999520000000E+005    0.253512693575E-004
