TITLE = "0D Field KU"
VARIABLES = N ,"KU_Ha10Rem10Re100"
ZONE DATAPACKING = POINT
    0.200000000000E+001    0.560151387005E-039
    0.520000000000E+002    0.614714551093E-035
    0.102000000000E+003    0.240337742970E-028
    0.152000000000E+003    0.103874696706E-024
    0.202000000000E+003    0.296324323717E-022
    0.252000000000E+003    0.191717160737E-020
    0.302000000000E+003    0.484696108195E-019
    0.352000000000E+003    0.645771462347E-018
    0.402000000000E+003    0.544081332374E-017
    0.452000000000E+003    0.326252664719E-016
    0.502000000000E+003    0.150860751096E-015
    0.552000000000E+003    0.569170278997E-015
    0.602000000000E+003    0.182533494322E-014
    0.652000000000E+003    0.513015525464E-014
    0.702000000000E+003    0.129328880530E-013
    0.752000000000E+003    0.297752857859E-013
    0.802000000000E+003    0.634979931839E-013
    0.852000000000E+003    0.126854388416E-012
    0.902000000000E+003    0.239574874515E-012
    0.952000000000E+003    0.430911084460E-012
    0.100200000000E+004    0.742676111199E-012
    0.105200000000E+004    0.123278483573E-011
    0.110200000000E+004    0.197928842354E-011
    0.115200000000E+004    0.308488909097E-011
    0.120200000000E+004    0.468191430071E-011
    0.125200000000E+004    0.693772280653E-011
    0.130200000000E+004    0.100605089380E-010
    0.135200000000E+004    0.143054672177E-010
    0.140200000000E+004    0.199812773007E-010
    0.145200000000E+004    0.274568692330E-010
    0.150200000000E+004    0.371684308932E-010
    0.155200000000E+004    0.496266225370E-010
    0.160200000000E+004    0.654239658027E-010
    0.165200000000E+004    0.852423745992E-010
    0.170200000000E+004    0.109860793743E-009
    0.175200000000E+004    0.140162910575E-009
    0.180200000000E+004    0.177144906404E-009
    0.185200000000E+004    0.221923218261E-009
    0.190200000000E+004    0.275742286380E-009
    0.195200000000E+004    0.339982268563E-009
    0.200200000000E+004    0.416166707188E-009
    0.205200000000E+004    0.505970135671E-009
    0.210200000000E+004    0.611225608209E-009
    0.215200000000E+004    0.733932133141E-009
    0.220200000000E+004    0.876261989977E-009
    0.225200000000E+004    0.104056791331E-008
    0.230200000000E+004    0.122939013206E-008
    0.235200000000E+004    0.144546325870E-008
    0.240200000000E+004    0.169172302858E-008
    0.245200000000E+004    0.197131289165E-008
    0.250200000000E+004    0.228759045515E-008
    0.255200000000E+004    0.264413376898E-008
    0.260200000000E+004    0.304474744106E-008
    0.265200000000E+004    0.349346857085E-008
    0.270200000000E+004    0.399457249443E-008
    0.275200000000E+004    0.455257834144E-008
    0.280200000000E+004    0.517225441052E-008
    0.285200000000E+004    0.585862337452E-008
    0.290200000000E+004    0.661696732410E-008
    0.295200000000E+004    0.745283265076E-008
    0.300200000000E+004    0.837203476083E-008
    0.305200000000E+004    0.938066260923E-008
    0.310200000000E+004    0.104850830451E-007
    0.315200000000E+004    0.116919449690E-007
    0.320200000000E+004    0.130081833102E-007
    0.325200000000E+004    0.144410228379E-007
    0.330200000000E+004    0.159979818218E-007
    0.335200000000E+004    0.176868755522E-007
    0.340200000000E+004    0.195158197150E-007
    0.345200000000E+004    0.214932336124E-007
    0.350200000000E+004    0.236278432153E-007
    0.355200000000E+004    0.259286840456E-007
    0.360200000000E+004    0.284051038907E-007
    0.365200000000E+004    0.310667653666E-007
    0.370200000000E+004    0.339236483468E-007
    0.375200000000E+004    0.369860522734E-007
    0.380200000000E+004    0.402645983553E-007
    0.385200000000E+004    0.437702316447E-007
    0.390200000000E+004    0.475142229772E-007
    0.395200000000E+004    0.515081707650E-007
    0.400200000000E+004    0.557640026424E-007
    0.405200000000E+004    0.602939769726E-007
    0.410200000000E+004    0.651106842373E-007
    0.415200000000E+004    0.702270483264E-007
    0.420200000000E+004    0.756563277431E-007
    0.425200000000E+004    0.814121167209E-007
    0.430200000000E+004    0.875083462382E-007
    0.435200000000E+004    0.939592849163E-007
    0.440200000000E+004    0.100779539788E-006
    0.445200000000E+004    0.107984056945E-006
    0.450200000000E+004    0.115588122077E-006
    0.455200000000E+004    0.123607360925E-006
    0.460200000000E+004    0.132057739671E-006
    0.465200000000E+004    0.140955565262E-006
    0.470200000000E+004    0.150317485676E-006
    0.475200000000E+004    0.160160490090E-006
    0.480200000000E+004    0.170501908952E-006
    0.485200000000E+004    0.181359413942E-006
    0.490200000000E+004    0.192751017834E-006
    0.495200000000E+004    0.204695074280E-006
    0.500200000000E+004    0.217210277540E-006
    0.505200000000E+004    0.230315662174E-006
    0.510200000000E+004    0.244030602686E-006
    0.515200000000E+004    0.258374813123E-006
    0.520200000000E+004    0.273368346590E-006
    0.525200000000E+004    0.289031594674E-006
    0.530200000000E+004    0.305385286782E-006
    0.535200000000E+004    0.322450489401E-006
    0.540200000000E+004    0.340248605307E-006
    0.545200000000E+004    0.358801372744E-006
    0.550200000000E+004    0.378130864586E-006
    0.555200000000E+004    0.398259487467E-006
    0.560200000000E+004    0.419209980868E-006
    0.565200000000E+004    0.441005416126E-006
    0.570200000000E+004    0.463669195370E-006
    0.575200000000E+004    0.487225050379E-006
    0.580200000000E+004    0.511697041395E-006
    0.585200000000E+004    0.537109555897E-006
    0.590200000000E+004    0.563487307380E-006
    0.595200000000E+004    0.590855334119E-006
    0.600200000000E+004    0.619238997909E-006
    0.605200000000E+004    0.648663982767E-006
    0.610200000000E+004    0.679156293564E-006
    0.615200000000E+004    0.710742254585E-006
    0.620200000000E+004    0.743448508040E-006
    0.625200000000E+004    0.777302012542E-006
    0.630200000000E+004    0.812330041576E-006
    0.635200000000E+004    0.848560181979E-006
    0.640200000000E+004    0.886020332415E-006
    0.645200000000E+004    0.924738701832E-006
    0.650200000000E+004    0.964743807874E-006
    0.655200000000E+004    0.100606447523E-005
    0.660200000000E+004    0.104872983392E-005
    0.665200000000E+004    0.109276931757E-005
    0.670200000000E+004    0.113821266163E-005
    0.675200000000E+004    0.118508990166E-005
    0.680200000000E+004    0.123343137157E-005
    0.685200000000E+004    0.128326770189E-005
    0.690200000000E+004    0.133462981807E-005
    0.695200000000E+004    0.138754893861E-005
    0.700200000000E+004    0.144205657325E-005
    0.705200000000E+004    0.149818452106E-005
    0.710200000000E+004    0.155596486855E-005
    0.715200000000E+004    0.161542998770E-005
    0.720200000000E+004    0.167661253413E-005
    0.725200000000E+004    0.173954544520E-005
    0.730200000000E+004    0.180426193813E-005
    0.735200000000E+004    0.187079550816E-005
    0.740200000000E+004    0.193917992650E-005
    0.745200000000E+004    0.200944923846E-005
    0.750200000000E+004    0.208163776132E-005
    0.755200000000E+004    0.215578008239E-005
    0.760200000000E+004    0.223191105692E-005
    0.765200000000E+004    0.231006580623E-005
    0.770200000000E+004    0.239027971563E-005
    0.775200000000E+004    0.247258843256E-005
    0.780200000000E+004    0.255702786452E-005
    0.785200000000E+004    0.264363417709E-005
    0.790200000000E+004    0.273244379179E-005
    0.795200000000E+004    0.282349338401E-005
    0.800200000000E+004    0.291681988096E-005
    0.805200000000E+004    0.301246045957E-005
    0.810200000000E+004    0.311045254447E-005
    0.815200000000E+004    0.321083380602E-005
    0.820200000000E+004    0.331364215826E-005
    0.825200000000E+004    0.341891575685E-005
    0.830200000000E+004    0.352669299699E-005
    0.835200000000E+004    0.363701251129E-005
    0.840200000000E+004    0.374991316762E-005
    0.845200000000E+004    0.386543406705E-005
    0.850200000000E+004    0.398361454176E-005
    0.855200000000E+004    0.410449415301E-005
    0.860200000000E+004    0.422811268911E-005
    0.865200000000E+004    0.435451016336E-005
    0.870200000000E+004    0.448372681199E-005
    0.875200000000E+004    0.461580309201E-005
    0.880200000000E+004    0.475077967911E-005
    0.885200000000E+004    0.488869746550E-005
    0.890200000000E+004    0.502959755783E-005
    0.895200000000E+004    0.517352127518E-005
    0.900200000000E+004    0.532051014696E-005
    0.905200000000E+004    0.547060591095E-005
    0.910200000000E+004    0.562385051120E-005
    0.915200000000E+004    0.578028609598E-005
    0.920200000000E+004    0.593995501563E-005
    0.925200000000E+004    0.610289982044E-005
    0.930200000000E+004    0.626916325858E-005
    0.935200000000E+004    0.643878827405E-005
    0.940200000000E+004    0.661181800463E-005
    0.945200000000E+004    0.678829577989E-005
    0.950200000000E+004    0.696826511922E-005
    0.955200000000E+004    0.715176972972E-005
    0.960200000000E+004    0.733885350417E-005
    0.965200000000E+004    0.752956051893E-005
    0.970200000000E+004    0.772393503189E-005
    0.975200000000E+004    0.792202148035E-005
    0.980200000000E+004    0.812386447910E-005
    0.985200000000E+004    0.832950881839E-005
    0.990200000000E+004    0.853899946200E-005
    0.995200000000E+004    0.875238154526E-005
    0.100020000000E+005    0.896970037298E-005
    0.100520000000E+005    0.919100141750E-005
    0.101020000000E+005    0.941633031656E-005
    0.101520000000E+005    0.964573287134E-005
    0.102020000000E+005    0.987925504446E-005
    0.102520000000E+005    0.101169429580E-004
    0.103020000000E+005    0.103588428916E-004
    0.103520000000E+005    0.106050012807E-004
    0.104020000000E+005    0.108554647142E-004
    0.104520000000E+005    0.111102799329E-004
    0.105020000000E+005    0.113694938274E-004
    0.105520000000E+005    0.116331534359E-004
    0.106020000000E+005    0.119013059426E-004
    0.106520000000E+005    0.121739986754E-004
    0.107020000000E+005    0.124512791043E-004
    0.107520000000E+005    0.127331948395E-004
    0.108020000000E+005    0.130197936295E-004
    0.108520000000E+005    0.133111233592E-004
    0.109020000000E+005    0.136072320478E-004
    0.109520000000E+005    0.139081678475E-004
    0.110020000000E+005    0.142139790405E-004
    0.110520000000E+005    0.145247140384E-004
    0.111020000000E+005    0.148404213792E-004
    0.111520000000E+005    0.151611497263E-004
    0.112020000000E+005    0.154869478664E-004
    0.112520000000E+005    0.158178647076E-004
    0.113020000000E+005    0.161539492779E-004
    0.113520000000E+005    0.164952507228E-004
    0.114020000000E+005    0.168418183040E-004
    0.114520000000E+005    0.171937013972E-004
    0.115020000000E+005    0.175509494903E-004
    0.115520000000E+005    0.179136121821E-004
    0.116020000000E+005    0.182817391799E-004
    0.116520000000E+005    0.186553802983E-004
    0.117020000000E+005    0.190345854571E-004
    0.117520000000E+005    0.194194046798E-004
    0.118020000000E+005    0.198098880916E-004
    0.118520000000E+005    0.202060859177E-004
    0.119020000000E+005    0.206080484815E-004
    0.119520000000E+005    0.210158262030E-004
    0.120020000000E+005    0.214294695970E-004
    0.120520000000E+005    0.218490292715E-004
    0.121020000000E+005    0.222745559260E-004
    0.121520000000E+005    0.227061003500E-004
    0.122020000000E+005    0.231437134209E-004
    0.122520000000E+005    0.235874461025E-004
    0.123020000000E+005    0.240373494435E-004
    0.123520000000E+005    0.244934745755E-004
    0.124020000000E+005    0.249558727113E-004
    0.124520000000E+005    0.254245951440E-004
    0.125020000000E+005    0.258996932444E-004
    0.125520000000E+005    0.263812184604E-004
    0.126020000000E+005    0.268692223145E-004
    0.126520000000E+005    0.273637564028E-004
    0.127020000000E+005    0.278648723930E-004
    0.127520000000E+005    0.283726220227E-004
    0.128020000000E+005    0.288870570984E-004
    0.128520000000E+005    0.294082294933E-004
    0.129020000000E+005    0.299361911460E-004
    0.129520000000E+005    0.304709940594E-004
    0.130020000000E+005    0.310126902984E-004
    0.130520000000E+005    0.315613319889E-004
    0.131020000000E+005    0.321169713160E-004
    0.131520000000E+005    0.326796605226E-004
    0.132020000000E+005    0.332494519076E-004
    0.132520000000E+005    0.338263978247E-004
    0.133020000000E+005    0.344105506809E-004
    0.133520000000E+005    0.350019629347E-004
    0.134020000000E+005    0.356006870952E-004
    0.134520000000E+005    0.362067757203E-004
    0.135020000000E+005    0.368202814151E-004
    0.135520000000E+005    0.374412568307E-004
    0.136020000000E+005    0.380697546625E-004
    0.136520000000E+005    0.387058276489E-004
    0.137020000000E+005    0.393495285697E-004
    0.137520000000E+005    0.400009102451E-004
    0.138020000000E+005    0.406600255338E-004
    0.138520000000E+005    0.413269273322E-004
    0.139020000000E+005    0.420016685725E-004
    0.139520000000E+005    0.426843022214E-004
    0.140020000000E+005    0.433748812788E-004
    0.140520000000E+005    0.440734587763E-004
    0.141020000000E+005    0.447800877760E-004
    0.141520000000E+005    0.454948213691E-004
    0.142020000000E+005    0.462177126743E-004
    0.142520000000E+005    0.469488148370E-004
    0.143020000000E+005    0.476881810278E-004
    0.143520000000E+005    0.484358644408E-004
    0.144020000000E+005    0.491919182928E-004
    0.144520000000E+005    0.499563958214E-004
    0.145020000000E+005    0.507293502843E-004
    0.145520000000E+005    0.515108349574E-004
    0.146020000000E+005    0.523009031342E-004
    0.146520000000E+005    0.530996081239E-004
    0.147020000000E+005    0.539070032509E-004
    0.147520000000E+005    0.547231418527E-004
    0.148020000000E+005    0.555480772793E-004
    0.148520000000E+005    0.563818628916E-004
    0.149020000000E+005    0.572245520601E-004
    0.149520000000E+005    0.580761981640E-004
    0.150020000000E+005    0.589368545896E-004
    0.150520000000E+005    0.598065747294E-004
    0.151020000000E+005    0.606854119808E-004
    0.151520000000E+005    0.615734197451E-004
    0.152020000000E+005    0.624706514260E-004
    0.152520000000E+005    0.633771604287E-004
    0.153020000000E+005    0.642930001584E-004
    0.153520000000E+005    0.652182240192E-004
    0.154020000000E+005    0.661528854133E-004
    0.154520000000E+005    0.670970377394E-004
    0.155020000000E+005    0.680507343918E-004
    0.155520000000E+005    0.690140287593E-004
    0.156020000000E+005    0.699869742243E-004
    0.156520000000E+005    0.709696241610E-004
    0.157020000000E+005    0.719620319351E-004
    0.157520000000E+005    0.729642509019E-004
    0.158020000000E+005    0.739763344057E-004
    0.158520000000E+005    0.749983357786E-004
    0.159020000000E+005    0.760303083395E-004
    0.159520000000E+005    0.770723053927E-004
    0.160020000000E+005    0.781243802275E-004
    0.160520000000E+005    0.791865861167E-004
    0.161020000000E+005    0.802589763153E-004
    0.161520000000E+005    0.813416040601E-004
    0.162020000000E+005    0.824345225679E-004
    0.162520000000E+005    0.835377850352E-004
    0.163020000000E+005    0.846514446365E-004
    0.163520000000E+005    0.857755545238E-004
    0.164020000000E+005    0.869101678256E-004
    0.164520000000E+005    0.880553376457E-004
    0.165020000000E+005    0.892111170621E-004
    0.165520000000E+005    0.903775591263E-004
    0.166020000000E+005    0.915547168623E-004
    0.166520000000E+005    0.927426432650E-004
    0.167020000000E+005    0.939413913001E-004
    0.167520000000E+005    0.951510139027E-004
    0.168020000000E+005    0.963715639763E-004
    0.168520000000E+005    0.976030943923E-004
    0.169020000000E+005    0.988456579885E-004
    0.169520000000E+005    0.100099307569E-003
    0.170020000000E+005    0.101364095901E-003
    0.170520000000E+005    0.102640075718E-003
    0.171020000000E+005    0.103927299714E-003
    0.171520000000E+005    0.105225820548E-003
    0.172020000000E+005    0.106535690836E-003
    0.172520000000E+005    0.107856963159E-003
    0.173020000000E+005    0.109189690053E-003
    0.173520000000E+005    0.110533924017E-003
    0.174020000000E+005    0.111889717503E-003
    0.174520000000E+005    0.113257122923E-003
    0.175020000000E+005    0.114636192643E-003
    0.175520000000E+005    0.116026978986E-003
    0.176020000000E+005    0.117429534228E-003
    0.176520000000E+005    0.118843910598E-003
    0.177020000000E+005    0.120270160278E-003
    0.177520000000E+005    0.121708335402E-003
    0.178020000000E+005    0.123158488055E-003
    0.178520000000E+005    0.124620670271E-003
    0.179020000000E+005    0.126094934035E-003
    0.179520000000E+005    0.127581331278E-003
    0.180020000000E+005    0.129079913881E-003
    0.180520000000E+005    0.130590733671E-003
    0.181020000000E+005    0.132113842421E-003
    0.181520000000E+005    0.133649291849E-003
    0.182020000000E+005    0.135197133619E-003
    0.182520000000E+005    0.136757419336E-003
    0.183020000000E+005    0.138330200551E-003
    0.183520000000E+005    0.139915528756E-003
    0.184020000000E+005    0.141513455384E-003
    0.184520000000E+005    0.143124031810E-003
    0.185020000000E+005    0.144747309348E-003
    0.185520000000E+005    0.146383339250E-003
    0.186020000000E+005    0.148032172711E-003
    0.186520000000E+005    0.149693860859E-003
    0.187020000000E+005    0.151368454762E-003
    0.187520000000E+005    0.153056005424E-003
    0.188020000000E+005    0.154756563784E-003
    0.188520000000E+005    0.156470180716E-003
    0.189020000000E+005    0.158196907030E-003
    0.189520000000E+005    0.159936793467E-003
    0.190020000000E+005    0.161689890703E-003
    0.190520000000E+005    0.163456249346E-003
    0.191020000000E+005    0.165235919936E-003
    0.191520000000E+005    0.167028952942E-003
    0.192020000000E+005    0.168835398766E-003
    0.192520000000E+005    0.170655307737E-003
    0.193020000000E+005    0.172488730116E-003
    0.193520000000E+005    0.174335716089E-003
    0.194020000000E+005    0.176196315773E-003
    0.194520000000E+005    0.178070579211E-003
    0.195020000000E+005    0.179958556370E-003
    0.195520000000E+005    0.181860297147E-003
    0.196020000000E+005    0.183775851361E-003
    0.196520000000E+005    0.185705268758E-003
    0.197020000000E+005    0.187648599006E-003
    0.197520000000E+005    0.189605891698E-003
    0.198020000000E+005    0.191577196348E-003
    0.198520000000E+005    0.193562562395E-003
    0.199020000000E+005    0.195562039198E-003
    0.199520000000E+005    0.197575676036E-003
    0.200020000000E+005    0.199603522111E-003
    0.200520000000E+005    0.201645626542E-003
    0.201020000000E+005    0.203702038371E-003
    0.201520000000E+005    0.205772806556E-003
    0.202020000000E+005    0.207857979974E-003
    0.202520000000E+005    0.209957607420E-003
    0.203020000000E+005    0.212071737606E-003
    0.203520000000E+005    0.214200419160E-003
    0.204020000000E+005    0.216343700627E-003
    0.204520000000E+005    0.218501630468E-003
    0.205020000000E+005    0.220674257058E-003
    0.205520000000E+005    0.222861628687E-003
    0.206020000000E+005    0.225063793558E-003
    0.206520000000E+005    0.227280799789E-003
    0.207020000000E+005    0.229512695409E-003
    0.207520000000E+005    0.231759528363E-003
    0.208020000000E+005    0.234021346503E-003
    0.208520000000E+005    0.236298197597E-003
    0.209020000000E+005    0.238590129322E-003
    0.209520000000E+005    0.240897189265E-003
    0.210020000000E+005    0.243219424924E-003
    0.210520000000E+005    0.245556883706E-003
    0.211020000000E+005    0.247909612928E-003
    0.211520000000E+005    0.250277659813E-003
    0.212020000000E+005    0.252661071496E-003
    0.212520000000E+005    0.255059895017E-003
    0.213020000000E+005    0.257474177324E-003
    0.213520000000E+005    0.259903965271E-003
    0.214020000000E+005    0.262349305620E-003
    0.214520000000E+005    0.264810245037E-003
    0.215020000000E+005    0.267286830095E-003
    0.215520000000E+005    0.269779107271E-003
    0.216020000000E+005    0.272287122947E-003
    0.216520000000E+005    0.274810923410E-003
    0.217020000000E+005    0.277350554848E-003
    0.217520000000E+005    0.279906063355E-003
    0.218020000000E+005    0.282477494928E-003
    0.218520000000E+005    0.285064895464E-003
    0.219020000000E+005    0.287668310765E-003
    0.219520000000E+005    0.290287786532E-003
    0.220020000000E+005    0.292923368369E-003
    0.220520000000E+005    0.295575101782E-003
    0.221020000000E+005    0.298243032174E-003
    0.221520000000E+005    0.300927204851E-003
    0.222020000000E+005    0.303627665019E-003
    0.222520000000E+005    0.306344457780E-003
    0.223020000000E+005    0.309077628140E-003
    0.223520000000E+005    0.311827220998E-003
    0.224020000000E+005    0.314593281156E-003
    0.224520000000E+005    0.317375853311E-003
    0.225020000000E+005    0.320174982060E-003
    0.225520000000E+005    0.322990711895E-003
    0.226020000000E+005    0.325823087205E-003
    0.226520000000E+005    0.328672152277E-003
    0.227020000000E+005    0.331537951292E-003
    0.227520000000E+005    0.334420528329E-003
    0.228020000000E+005    0.337319927362E-003
    0.228520000000E+005    0.340236192258E-003
    0.229020000000E+005    0.343169366781E-003
    0.229520000000E+005    0.346119494589E-003
    0.230020000000E+005    0.349086619234E-003
    0.230520000000E+005    0.352070784162E-003
    0.231020000000E+005    0.355072032712E-003
    0.231520000000E+005    0.358090408117E-003
    0.232020000000E+005    0.361125953502E-003
    0.232520000000E+005    0.364178711884E-003
    0.233020000000E+005    0.367248726175E-003
    0.233520000000E+005    0.370336039177E-003
    0.234020000000E+005    0.373440693583E-003
    0.234520000000E+005    0.376562731979E-003
    0.235020000000E+005    0.379702196842E-003
    0.235520000000E+005    0.382859130538E-003
    0.236020000000E+005    0.386033575325E-003
    0.236520000000E+005    0.389225573353E-003
    0.237020000000E+005    0.392435166657E-003
    0.237520000000E+005    0.395662397167E-003
    0.238020000000E+005    0.398907306700E-003
    0.238520000000E+005    0.402169936962E-003
    0.239020000000E+005    0.405450329548E-003
    0.239520000000E+005    0.408748525942E-003
    0.240020000000E+005    0.412064567517E-003
    0.240520000000E+005    0.415398495533E-003
    0.241020000000E+005    0.418750351139E-003
    0.241520000000E+005    0.422120175371E-003
    0.242020000000E+005    0.425508009151E-003
    0.242520000000E+005    0.428913893292E-003
    0.243020000000E+005    0.432337868489E-003
    0.243520000000E+005    0.435779975329E-003
    0.244020000000E+005    0.439240254280E-003
    0.244520000000E+005    0.442718745701E-003
    0.245020000000E+005    0.446215489833E-003
    0.245520000000E+005    0.449730526806E-003
    0.246020000000E+005    0.453263896634E-003
    0.246520000000E+005    0.456815639217E-003
    0.247020000000E+005    0.460385794338E-003
    0.247520000000E+005    0.463974401669E-003
    0.248020000000E+005    0.467581500762E-003
    0.248520000000E+005    0.471207131058E-003
    0.249020000000E+005    0.474851331878E-003
    0.249520000000E+005    0.478514142430E-003
    0.250020000000E+005    0.482195601805E-003
    0.250520000000E+005    0.485895748978E-003
    0.251020000000E+005    0.489614622807E-003
    0.251520000000E+005    0.493352262034E-003
    0.252020000000E+005    0.497108705283E-003
    0.252520000000E+005    0.500883991061E-003
    0.253020000000E+005    0.504678157760E-003
    0.253520000000E+005    0.508491243652E-003
    0.254020000000E+005    0.512323286893E-003
    0.254520000000E+005    0.516174325519E-003
    0.255020000000E+005    0.520044397451E-003
    0.255520000000E+005    0.523933540490E-003
    0.256020000000E+005    0.527841792319E-003
    0.256520000000E+005    0.531769190503E-003
    0.257020000000E+005    0.535715772488E-003
    0.257520000000E+005    0.539681575602E-003
    0.258020000000E+005    0.543666637052E-003
    0.258520000000E+005    0.547670993928E-003
    0.259020000000E+005    0.551694683201E-003
    0.259520000000E+005    0.555737741721E-003
    0.260020000000E+005    0.559800206219E-003
    0.260520000000E+005    0.563882113307E-003
    0.261020000000E+005    0.567983499476E-003
    0.261520000000E+005    0.572104401098E-003
    0.262020000000E+005    0.576244854425E-003
    0.262520000000E+005    0.580404895588E-003
    0.263020000000E+005    0.584584560599E-003
    0.263520000000E+005    0.588783885347E-003
    0.264020000000E+005    0.593002905603E-003
    0.264520000000E+005    0.597241657015E-003
    0.265020000000E+005    0.601500175113E-003
    0.265520000000E+005    0.605778495304E-003
    0.266020000000E+005    0.610076652873E-003
    0.266520000000E+005    0.614394682985E-003
    0.267020000000E+005    0.618732620685E-003
    0.267520000000E+005    0.623090500895E-003
    0.268020000000E+005    0.627468358414E-003
    0.268520000000E+005    0.631866227922E-003
    0.269020000000E+005    0.636284143976E-003
    0.269520000000E+005    0.640722141012E-003
    0.270020000000E+005    0.645180253342E-003
    0.270520000000E+005    0.649658515157E-003
    0.271020000000E+005    0.654156960528E-003
    0.271520000000E+005    0.658675623399E-003
    0.272020000000E+005    0.663214537596E-003
    0.272520000000E+005    0.667773736821E-003
    0.273020000000E+005    0.672353254652E-003
    0.273520000000E+005    0.676953124547E-003
    0.274020000000E+005    0.681573379839E-003
    0.274520000000E+005    0.686214053739E-003
    0.275020000000E+005    0.690875179336E-003
    0.275520000000E+005    0.695556789595E-003
    0.276020000000E+005    0.700258917357E-003
    0.276520000000E+005    0.704981595342E-003
    0.277020000000E+005    0.709724856147E-003
    0.277520000000E+005    0.714488732242E-003
    0.278020000000E+005    0.719273255978E-003
    0.278520000000E+005    0.724078459580E-003
    0.279020000000E+005    0.728904375151E-003
    0.279520000000E+005    0.733751034670E-003
    0.280020000000E+005    0.738618469990E-003
    0.280520000000E+005    0.743506712845E-003
    0.281020000000E+005    0.748415794842E-003
    0.281520000000E+005    0.753345747464E-003
    0.282020000000E+005    0.758296602072E-003
    0.282520000000E+005    0.763268389902E-003
    0.283020000000E+005    0.768261142067E-003
    0.283520000000E+005    0.773274889555E-003
    0.284020000000E+005    0.778309663229E-003
    0.284520000000E+005    0.783365493831E-003
    0.285020000000E+005    0.788442411976E-003
    0.285520000000E+005    0.793540448156E-003
    0.286020000000E+005    0.798659632739E-003
    0.286520000000E+005    0.803799995968E-003
    0.287020000000E+005    0.808961567963E-003
    0.287520000000E+005    0.814144378717E-003
    0.288020000000E+005    0.819348458102E-003
    0.288520000000E+005    0.824573835864E-003
    0.289020000000E+005    0.829820541623E-003
    0.289520000000E+005    0.835088604878E-003
    0.290020000000E+005    0.840378055000E-003
    0.290520000000E+005    0.845688921239E-003
    0.291020000000E+005    0.851021232717E-003
    0.291520000000E+005    0.856375018434E-003
    0.292020000000E+005    0.861750307263E-003
    0.292520000000E+005    0.867147127956E-003
    0.293020000000E+005    0.872565509136E-003
    0.293520000000E+005    0.878005479305E-003
    0.294020000000E+005    0.883467066839E-003
    0.294520000000E+005    0.888950299988E-003
    0.295020000000E+005    0.894455206880E-003
    0.295520000000E+005    0.899981815517E-003
    0.296020000000E+005    0.905530153774E-003
    0.296520000000E+005    0.911100249406E-003
    0.297020000000E+005    0.916692130039E-003
    0.297520000000E+005    0.922305823177E-003
    0.298020000000E+005    0.927941356198E-003
    0.298520000000E+005    0.933598756356E-003
    0.299020000000E+005    0.939278050779E-003
    0.299520000000E+005    0.944979266471E-003
    0.300020000000E+005    0.950702430313E-003
    0.300520000000E+005    0.956447569058E-003
    0.301020000000E+005    0.962214709337E-003
    0.301520000000E+005    0.968003877655E-003
    0.302020000000E+005    0.973815100393E-003
    0.302520000000E+005    0.979648403805E-003
    0.303020000000E+005    0.985503814025E-003
    0.303520000000E+005    0.991381357057E-003
    0.304020000000E+005    0.997281058784E-003
    0.304520000000E+005    0.100320294496E-002
    0.305020000000E+005    0.100914704123E-002
    0.305520000000E+005    0.101511337308E-002
    0.306020000000E+005    0.102110196592E-002
    0.306520000000E+005    0.102711284498E-002
    0.307020000000E+005    0.103314603542E-002
    0.307520000000E+005    0.103920156223E-002
    0.308020000000E+005    0.104527945031E-002
    0.308520000000E+005    0.105137972441E-002
    0.309020000000E+005    0.105750240918E-002
    0.309520000000E+005    0.106364752911E-002
    0.310020000000E+005    0.106981510861E-002
    0.310520000000E+005    0.107600517193E-002
    0.311020000000E+005    0.108221774321E-002
    0.311520000000E+005    0.108845284647E-002
    0.312020000000E+005    0.109471050559E-002
    0.312520000000E+005    0.110099074434E-002
    0.313020000000E+005    0.110729358637E-002
    0.313520000000E+005    0.111361905519E-002
    0.314020000000E+005    0.111996717420E-002
    0.314520000000E+005    0.112633796665E-002
    0.315020000000E+005    0.113273145571E-002
    0.315520000000E+005    0.113914766439E-002
    0.316020000000E+005    0.114558661558E-002
    0.316520000000E+005    0.115204833206E-002
    0.317020000000E+005    0.115853283648E-002
    0.317520000000E+005    0.116504015137E-002
    0.318020000000E+005    0.117157029913E-002
    0.318520000000E+005    0.117812330203E-002
    0.319020000000E+005    0.118469918222E-002
    0.319520000000E+005    0.119129796175E-002
    0.320020000000E+005    0.119791966251E-002
    0.320520000000E+005    0.120456430630E-002
    0.321020000000E+005    0.121123191476E-002
    0.321520000000E+005    0.121792250944E-002
    0.322020000000E+005    0.122463611175E-002
    0.322520000000E+005    0.123137274297E-002
    0.323020000000E+005    0.123813242429E-002
    0.323520000000E+005    0.124491517673E-002
    0.324020000000E+005    0.125172102122E-002
    0.324520000000E+005    0.125854997855E-002
    0.325020000000E+005    0.126540206941E-002
    0.325520000000E+005    0.127227731434E-002
    0.326020000000E+005    0.127917573376E-002
    0.326520000000E+005    0.128609734799E-002
    0.327020000000E+005    0.129304217720E-002
    0.327520000000E+005    0.130001024147E-002
    0.328020000000E+005    0.130700156071E-002
    0.328520000000E+005    0.131401615475E-002
    0.329020000000E+005    0.132105404328E-002
    0.329520000000E+005    0.132811524587E-002
    0.330020000000E+005    0.133519978196E-002
    0.330520000000E+005    0.134230767089E-002
    0.331020000000E+005    0.134943893184E-002
    0.331520000000E+005    0.135659358391E-002
    0.332020000000E+005    0.136377164605E-002
    0.332520000000E+005    0.137097313710E-002
    0.333020000000E+005    0.137819807577E-002
    0.333520000000E+005    0.138544648065E-002
    0.334020000000E+005    0.139271837022E-002
    0.334520000000E+005    0.140001376282E-002
    0.335020000000E+005    0.140733267669E-002
    0.335520000000E+005    0.141467512991E-002
    0.336020000000E+005    0.142204114049E-002
    0.336520000000E+005    0.142943072628E-002
    0.337020000000E+005    0.143684390503E-002
    0.337520000000E+005    0.144428069435E-002
    0.338020000000E+005    0.145174111174E-002
    0.338520000000E+005    0.145922517459E-002
    0.339020000000E+005    0.146673290014E-002
    0.339520000000E+005    0.147426430554E-002
    0.340020000000E+005    0.148181940780E-002
    0.340520000000E+005    0.148939822381E-002
    0.341020000000E+005    0.149700077035E-002
    0.341520000000E+005    0.150462706407E-002
    0.342020000000E+005    0.151227712151E-002
    0.342520000000E+005    0.151995095907E-002
    0.343020000000E+005    0.152764859305E-002
    0.343520000000E+005    0.153537003962E-002
    0.344020000000E+005    0.154311531484E-002
    0.344520000000E+005    0.155088443463E-002
    0.345020000000E+005    0.155867741480E-002
    0.345520000000E+005    0.156649427106E-002
    0.346020000000E+005    0.157433501897E-002
    0.346520000000E+005    0.158219967398E-002
    0.347020000000E+005    0.159008825142E-002
    0.347520000000E+005    0.159800076652E-002
    0.348020000000E+005    0.160593723437E-002
    0.348520000000E+005    0.161389766993E-002
    0.349020000000E+005    0.162188208807E-002
    0.349520000000E+005    0.162989050353E-002
    0.350020000000E+005    0.163792293092E-002
    0.350520000000E+005    0.164597938474E-002
    0.351020000000E+005    0.165405987937E-002
    0.351520000000E+005    0.166216442907E-002
    0.352020000000E+005    0.167029304799E-002
    0.352520000000E+005    0.167844575016E-002
    0.353020000000E+005    0.168662254947E-002
    0.353520000000E+005    0.169482345972E-002
    0.354020000000E+005    0.170304849457E-002
    0.354520000000E+005    0.171129766759E-002
    0.355020000000E+005    0.171957099219E-002
    0.355520000000E+005    0.172786848171E-002
    0.356020000000E+005    0.173619014934E-002
    0.356520000000E+005    0.174453600816E-002
    0.357020000000E+005    0.175290607113E-002
    0.357520000000E+005    0.176130035110E-002
    0.358020000000E+005    0.176971886080E-002
    0.358520000000E+005    0.177816161284E-002
    0.359020000000E+005    0.178662861972E-002
    0.359520000000E+005    0.179511989381E-002
    0.360020000000E+005    0.180363544737E-002
    0.360520000000E+005    0.181217529256E-002
    0.361020000000E+005    0.182073944139E-002
    0.361520000000E+005    0.182932790578E-002
    0.362020000000E+005    0.183794069752E-002
    0.362520000000E+005    0.184657782830E-002
    0.363020000000E+005    0.185523930967E-002
    0.363520000000E+005    0.186392515308E-002
    0.364020000000E+005    0.187263536987E-002
    0.364520000000E+005    0.188136997124E-002
    0.365020000000E+005    0.189012896830E-002
    0.365520000000E+005    0.189891237203E-002
    0.366020000000E+005    0.190772019329E-002
    0.366520000000E+005    0.191655244285E-002
    0.367020000000E+005    0.192540913133E-002
    0.367520000000E+005    0.193429026926E-002
    0.368020000000E+005    0.194319586706E-002
    0.368520000000E+005    0.195212593500E-002
    0.369020000000E+005    0.196108048327E-002
    0.369520000000E+005    0.197005952194E-002
    0.370020000000E+005    0.197906306095E-002
    0.370520000000E+005    0.198809111013E-002
    0.371020000000E+005    0.199714367921E-002
    0.371520000000E+005    0.200622077779E-002
    0.372020000000E+005    0.201532241536E-002
    0.372520000000E+005    0.202444860131E-002
    0.373020000000E+005    0.203359934489E-002
    0.373520000000E+005    0.204277465527E-002
    0.374020000000E+005    0.205197454146E-002
    0.374520000000E+005    0.206119901241E-002
    0.375020000000E+005    0.207044807692E-002
    0.375520000000E+005    0.207972174369E-002
    0.376020000000E+005    0.208902002129E-002
    0.376520000000E+005    0.209834291822E-002
    0.377020000000E+005    0.210769044281E-002
    0.377520000000E+005    0.211706260333E-002
    0.378020000000E+005    0.212645940790E-002
    0.378520000000E+005    0.213588086454E-002
    0.379020000000E+005    0.214532698117E-002
    0.379520000000E+005    0.215479776558E-002
    0.380020000000E+005    0.216429322545E-002
    0.380520000000E+005    0.217381336837E-002
    0.381020000000E+005    0.218335820178E-002
    0.381520000000E+005    0.219292773305E-002
    0.382020000000E+005    0.220252196940E-002
    0.382520000000E+005    0.221214091798E-002
    0.383020000000E+005    0.222178458578E-002
    0.383520000000E+005    0.223145297973E-002
    0.384020000000E+005    0.224114610660E-002
    0.384520000000E+005    0.225086397309E-002
    0.385020000000E+005    0.226060658577E-002
    0.385520000000E+005    0.227037395110E-002
    0.386020000000E+005    0.228016607542E-002
    0.386520000000E+005    0.228998296499E-002
    0.387020000000E+005    0.229982462593E-002
    0.387520000000E+005    0.230969106426E-002
    0.388020000000E+005    0.231958228590E-002
    0.388520000000E+005    0.232949829664E-002
    0.389020000000E+005    0.233943910219E-002
    0.389520000000E+005    0.234940470811E-002
    0.390020000000E+005    0.235939511988E-002
    0.390520000000E+005    0.236941034287E-002
    0.391020000000E+005    0.237945038233E-002
    0.391520000000E+005    0.238951524341E-002
    0.392020000000E+005    0.239960493114E-002
    0.392520000000E+005    0.240971945046E-002
    0.393020000000E+005    0.241985880617E-002
    0.393520000000E+005    0.243002300300E-002
    0.394020000000E+005    0.244021204554E-002
    0.394520000000E+005    0.245042593830E-002
    0.395020000000E+005    0.246066468565E-002
    0.395520000000E+005    0.247092829187E-002
    0.396020000000E+005    0.248121676115E-002
    0.396520000000E+005    0.249153009753E-002
    0.397020000000E+005    0.250186830498E-002
    0.397520000000E+005    0.251223138735E-002
    0.398020000000E+005    0.252261934837E-002
    0.398520000000E+005    0.253303219169E-002
    0.399020000000E+005    0.254346992083E-002
    0.399520000000E+005    0.255393253921E-002
    0.400020000000E+005    0.256442005014E-002
    0.400520000000E+005    0.257493245684E-002
    0.401020000000E+005    0.258546976241E-002
    0.401520000000E+005    0.259603196983E-002
    0.402020000000E+005    0.260661908201E-002
    0.402520000000E+005    0.261723110172E-002
    0.403020000000E+005    0.262786803164E-002
    0.403520000000E+005    0.263852987434E-002
    0.404020000000E+005    0.264921663230E-002
    0.404520000000E+005    0.265992830787E-002
    0.405020000000E+005    0.267066490330E-002
    0.405520000000E+005    0.268142642075E-002
    0.406020000000E+005    0.269221286226E-002
    0.406520000000E+005    0.270302422979E-002
    0.407020000000E+005    0.271386052515E-002
    0.407520000000E+005    0.272472175008E-002
    0.408020000000E+005    0.273560790622E-002
    0.408520000000E+005    0.274651899508E-002
    0.409020000000E+005    0.275745501809E-002
    0.409520000000E+005    0.276841597655E-002
    0.410020000000E+005    0.277940187169E-002
    0.410520000000E+005    0.279041270461E-002
    0.411020000000E+005    0.280144847630E-002
    0.411520000000E+005    0.281250918769E-002
    0.412020000000E+005    0.282359483955E-002
    0.412520000000E+005    0.283470543259E-002
    0.413020000000E+005    0.284584096740E-002
    0.413520000000E+005    0.285700144447E-002
    0.414020000000E+005    0.286818686418E-002
    0.414520000000E+005    0.287939722681E-002
    0.415020000000E+005    0.289063253256E-002
    0.415520000000E+005    0.290189278149E-002
    0.416020000000E+005    0.291317797358E-002
    0.416520000000E+005    0.292448810872E-002
    0.417020000000E+005    0.293582318667E-002
    0.417520000000E+005    0.294718320710E-002
    0.418020000000E+005    0.295856816958E-002
    0.418520000000E+005    0.296997807359E-002
    0.419020000000E+005    0.298141291849E-002
    0.419520000000E+005    0.299287270354E-002
    0.420020000000E+005    0.300435742792E-002
    0.420520000000E+005    0.301586709068E-002
    0.421020000000E+005    0.302740169079E-002
    0.421520000000E+005    0.303896122711E-002
    0.422020000000E+005    0.305054569841E-002
    0.422520000000E+005    0.306215510334E-002
    0.423020000000E+005    0.307378944048E-002
    0.423520000000E+005    0.308544870828E-002
    0.424020000000E+005    0.309713290511E-002
    0.424520000000E+005    0.310884202923E-002
    0.425020000000E+005    0.312057607880E-002
    0.425520000000E+005    0.313233505189E-002
    0.426020000000E+005    0.314411894646E-002
    0.426520000000E+005    0.315592776038E-002
    0.427020000000E+005    0.316776149141E-002
    0.427520000000E+005    0.317962013723E-002
    0.428020000000E+005    0.319150369540E-002
    0.428520000000E+005    0.320341216340E-002
    0.429020000000E+005    0.321534553859E-002
    0.429520000000E+005    0.322730381825E-002
    0.430020000000E+005    0.323928699957E-002
    0.430520000000E+005    0.325129507960E-002
    0.431020000000E+005    0.326332805535E-002
    0.431520000000E+005    0.327538592368E-002
    0.432020000000E+005    0.328746868139E-002
    0.432520000000E+005    0.329957632516E-002
    0.433020000000E+005    0.331170885158E-002
    0.433520000000E+005    0.332386625715E-002
    0.434020000000E+005    0.333604853827E-002
    0.434520000000E+005    0.334825569123E-002
    0.435020000000E+005    0.336048771224E-002
    0.435520000000E+005    0.337274459740E-002
    0.436020000000E+005    0.338502634273E-002
    0.436520000000E+005    0.339733294413E-002
    0.437020000000E+005    0.340966439744E-002
    0.437520000000E+005    0.342202069836E-002
    0.438020000000E+005    0.343440184253E-002
    0.438520000000E+005    0.344680782548E-002
    0.439020000000E+005    0.345923864264E-002
    0.439520000000E+005    0.347169428935E-002
    0.440020000000E+005    0.348417476086E-002
    0.440520000000E+005    0.349668005232E-002
    0.441020000000E+005    0.350921015878E-002
    0.441520000000E+005    0.352176507520E-002
    0.442020000000E+005    0.353434479645E-002
    0.442520000000E+005    0.354694931729E-002
    0.443020000000E+005    0.355957863241E-002
    0.443520000000E+005    0.357223273639E-002
    0.444020000000E+005    0.358491162371E-002
    0.444520000000E+005    0.359761528877E-002
    0.445020000000E+005    0.361034372587E-002
    0.445520000000E+005    0.362309692921E-002
    0.446020000000E+005    0.363587489292E-002
    0.446520000000E+005    0.364867761100E-002
    0.447020000000E+005    0.366150507740E-002
    0.447520000000E+005    0.367435728593E-002
    0.448020000000E+005    0.368723423034E-002
    0.448520000000E+005    0.370013590428E-002
    0.449020000000E+005    0.371306230130E-002
    0.449520000000E+005    0.372601341487E-002
    0.450020000000E+005    0.373898923836E-002
    0.450520000000E+005    0.375198976504E-002
    0.451020000000E+005    0.376501498810E-002
    0.451520000000E+005    0.377806490064E-002
    0.452020000000E+005    0.379113949565E-002
    0.452520000000E+005    0.380423876605E-002
    0.453020000000E+005    0.381736270466E-002
    0.453520000000E+005    0.383051130421E-002
    0.454020000000E+005    0.384368455732E-002
    0.454520000000E+005    0.385688245655E-002
    0.455020000000E+005    0.387010499435E-002
    0.455520000000E+005    0.388335216308E-002
    0.456020000000E+005    0.389662395503E-002
    0.456520000000E+005    0.390992036236E-002
    0.457020000000E+005    0.392324137717E-002
    0.457520000000E+005    0.393658699146E-002
    0.458020000000E+005    0.394995719715E-002
    0.458520000000E+005    0.396335198605E-002
    0.459020000000E+005    0.397677134990E-002
    0.459520000000E+005    0.399021528034E-002
    0.460020000000E+005    0.400368376893E-002
    0.460520000000E+005    0.401717680711E-002
    0.461020000000E+005    0.403069438628E-002
    0.461520000000E+005    0.404423649770E-002
    0.462020000000E+005    0.405780313259E-002
    0.462520000000E+005    0.407139428203E-002
    0.463020000000E+005    0.408500993706E-002
    0.463520000000E+005    0.409865008861E-002
    0.464020000000E+005    0.411231472750E-002
    0.464520000000E+005    0.412600384450E-002
    0.465020000000E+005    0.413971743027E-002
    0.465520000000E+005    0.415345547538E-002
    0.466020000000E+005    0.416721797032E-002
    0.466520000000E+005    0.418100490550E-002
    0.467020000000E+005    0.419481627123E-002
    0.467520000000E+005    0.420865205772E-002
    0.468020000000E+005    0.422251225513E-002
    0.468520000000E+005    0.423639685349E-002
    0.469020000000E+005    0.425030584278E-002
    0.469520000000E+005    0.426423921287E-002
    0.470020000000E+005    0.427819695355E-002
    0.470520000000E+005    0.429217905452E-002
    0.471020000000E+005    0.430618550540E-002
    0.471520000000E+005    0.432021629572E-002
    0.472020000000E+005    0.433427141492E-002
    0.472520000000E+005    0.434835085236E-002
    0.473020000000E+005    0.436245459732E-002
    0.473520000000E+005    0.437658263897E-002
    0.474020000000E+005    0.439073496642E-002
    0.474520000000E+005    0.440491156868E-002
    0.475020000000E+005    0.441911243469E-002
    0.475520000000E+005    0.443333755328E-002
    0.476020000000E+005    0.444758691320E-002
    0.476520000000E+005    0.446186050315E-002
    0.477020000000E+005    0.447615831170E-002
    0.477520000000E+005    0.449048032735E-002
    0.478020000000E+005    0.450482653853E-002
    0.478520000000E+005    0.451919693357E-002
    0.479020000000E+005    0.453359150072E-002
    0.479520000000E+005    0.454801022814E-002
    0.480020000000E+005    0.456245310392E-002
    0.480520000000E+005    0.457692011605E-002
    0.481020000000E+005    0.459141125245E-002
    0.481520000000E+005    0.460592650094E-002
    0.482020000000E+005    0.462046584927E-002
    0.482520000000E+005    0.463502928511E-002
    0.483020000000E+005    0.464961679603E-002
    0.483520000000E+005    0.466422836952E-002
    0.484020000000E+005    0.467886399301E-002
    0.484520000000E+005    0.469352365381E-002
    0.485020000000E+005    0.470820733918E-002
    0.485520000000E+005    0.472291503628E-002
    0.486020000000E+005    0.473764673219E-002
    0.486520000000E+005    0.475240241391E-002
    0.487020000000E+005    0.476718206835E-002
    0.487520000000E+005    0.478198568236E-002
    0.488020000000E+005    0.479681324268E-002
    0.488520000000E+005    0.481166473598E-002
    0.489020000000E+005    0.482654014885E-002
    0.489520000000E+005    0.484143946780E-002
    0.490020000000E+005    0.485636267925E-002
    0.490520000000E+005    0.487130976954E-002
    0.491020000000E+005    0.488628072494E-002
    0.491520000000E+005    0.490127553163E-002
    0.492020000000E+005    0.491629417571E-002
    0.492520000000E+005    0.493133664320E-002
    0.493020000000E+005    0.494640292003E-002
    0.493520000000E+005    0.496149299206E-002
    0.494020000000E+005    0.497660684507E-002
    0.494520000000E+005    0.499174446475E-002
    0.495020000000E+005    0.500690583673E-002
    0.495520000000E+005    0.502209094653E-002
    0.496020000000E+005    0.503729977962E-002
    0.496520000000E+005    0.505253232136E-002
    0.497020000000E+005    0.506778855705E-002
    0.497520000000E+005    0.508306847192E-002
    0.498020000000E+005    0.509837205108E-002
    0.498520000000E+005    0.511369927962E-002
    0.499020000000E+005    0.512905014249E-002
    0.499520000000E+005    0.514442462460E-002
    0.500020000000E+005    0.515982271076E-002
    0.500520000000E+005    0.517524438573E-002
    0.501020000000E+005    0.519068963415E-002
    0.501520000000E+005    0.520615844061E-002
    0.502020000000E+005    0.522165078962E-002
    0.502520000000E+005    0.523716666560E-002
    0.503020000000E+005    0.525270605290E-002
    0.503520000000E+005    0.526826893578E-002
    0.504020000000E+005    0.528385529844E-002
    0.504520000000E+005    0.529946512499E-002
    0.505020000000E+005    0.531509839946E-002
    0.505520000000E+005    0.533075510582E-002
    0.506020000000E+005    0.534643522793E-002
    0.506520000000E+005    0.536213874960E-002
    0.507020000000E+005    0.537786565456E-002
    0.507520000000E+005    0.539361592646E-002
    0.508020000000E+005    0.540938954885E-002
    0.508520000000E+005    0.542518650524E-002
    0.509020000000E+005    0.544100677904E-002
    0.509520000000E+005    0.545685035359E-002
    0.510020000000E+005    0.547271721214E-002
    0.510520000000E+005    0.548860733790E-002
    0.511020000000E+005    0.550452071396E-002
    0.511520000000E+005    0.552045732335E-002
    0.512020000000E+005    0.553641714904E-002
    0.512520000000E+005    0.555240017390E-002
    0.513020000000E+005    0.556840638073E-002
    0.513520000000E+005    0.558443575227E-002
    0.514020000000E+005    0.560048827117E-002
    0.514520000000E+005    0.561656391999E-002
    0.515020000000E+005    0.563266268126E-002
    0.515520000000E+005    0.564878453738E-002
    0.516020000000E+005    0.566492947071E-002
    0.516520000000E+005    0.568109746352E-002
    0.517020000000E+005    0.569728849801E-002
    0.517520000000E+005    0.571350255631E-002
    0.518020000000E+005    0.572973962047E-002
    0.518520000000E+005    0.574599967246E-002
    0.519020000000E+005    0.576228269417E-002
    0.519520000000E+005    0.577858866745E-002
    0.520020000000E+005    0.579491757403E-002
    0.520520000000E+005    0.581126939560E-002
    0.521020000000E+005    0.582764411375E-002
    0.521520000000E+005    0.584404171001E-002
    0.522020000000E+005    0.586046216584E-002
    0.522520000000E+005    0.587690546262E-002
    0.523020000000E+005    0.589337158165E-002
    0.523520000000E+005    0.590986050417E-002
    0.524020000000E+005    0.592637221134E-002
    0.524520000000E+005    0.594290668423E-002
    0.525020000000E+005    0.595946390387E-002
    0.525520000000E+005    0.597604385119E-002
    0.526020000000E+005    0.599264650706E-002
    0.526520000000E+005    0.600927185226E-002
    0.527020000000E+005    0.602591986752E-002
    0.527520000000E+005    0.604259053349E-002
    0.528020000000E+005    0.605928383074E-002
    0.528520000000E+005    0.607599973976E-002
    0.529020000000E+005    0.609273824100E-002
    0.529520000000E+005    0.610949931479E-002
    0.530020000000E+005    0.612628294144E-002
    0.530520000000E+005    0.614308910115E-002
    0.531020000000E+005    0.615991777405E-002
    0.531520000000E+005    0.617676894023E-002
    0.532020000000E+005    0.619364257966E-002
    0.532520000000E+005    0.621053867228E-002
    0.533020000000E+005    0.622745719794E-002
    0.533520000000E+005    0.624439813641E-002
    0.534020000000E+005    0.626136146741E-002
    0.534520000000E+005    0.627834717057E-002
    0.535020000000E+005    0.629535522547E-002
    0.535520000000E+005    0.631238561159E-002
    0.536020000000E+005    0.632943830835E-002
    0.536520000000E+005    0.634651329512E-002
    0.537020000000E+005    0.636361055117E-002
    0.537520000000E+005    0.638073005571E-002
    0.538020000000E+005    0.639787178788E-002
    0.538520000000E+005    0.641503572676E-002
    0.539020000000E+005    0.643222185134E-002
    0.539520000000E+005    0.644943014055E-002
    0.540020000000E+005    0.646666057325E-002
    0.540520000000E+005    0.648391312823E-002
    0.541020000000E+005    0.650118778420E-002
    0.541520000000E+005    0.651848451981E-002
    0.542020000000E+005    0.653580331365E-002
    0.542520000000E+005    0.655314414422E-002
    0.543020000000E+005    0.657050698995E-002
    0.543520000000E+005    0.658789182922E-002
    0.544020000000E+005    0.660529864032E-002
    0.544520000000E+005    0.662272740149E-002
    0.545020000000E+005    0.664017809089E-002
    0.545520000000E+005    0.665765068661E-002
    0.546020000000E+005    0.667514516666E-002
    0.546520000000E+005    0.669266150901E-002
    0.547020000000E+005    0.671019969153E-002
    0.547520000000E+005    0.672775969205E-002
    0.548020000000E+005    0.674534148830E-002
    0.548520000000E+005    0.676294505797E-002
    0.549020000000E+005    0.678057037867E-002
    0.549520000000E+005    0.679821742793E-002
    0.550020000000E+005    0.681588618323E-002
    0.550520000000E+005    0.683357662197E-002
    0.551020000000E+005    0.685128872149E-002
    0.551520000000E+005    0.686902245905E-002
    0.552020000000E+005    0.688677781186E-002
    0.552520000000E+005    0.690455475704E-002
    0.553020000000E+005    0.692235327167E-002
    0.553520000000E+005    0.694017333273E-002
    0.554020000000E+005    0.695801491716E-002
    0.554520000000E+005    0.697587800181E-002
    0.555020000000E+005    0.699376256348E-002
    0.555520000000E+005    0.701166857889E-002
    0.556020000000E+005    0.702959602471E-002
    0.556520000000E+005    0.704754487752E-002
    0.557020000000E+005    0.706551511385E-002
    0.557520000000E+005    0.708350671016E-002
    0.558020000000E+005    0.710151964283E-002
    0.558520000000E+005    0.711955388819E-002
    0.559020000000E+005    0.713760942250E-002
    0.559520000000E+005    0.715568622194E-002
    0.560020000000E+005    0.717378426264E-002
    0.560520000000E+005    0.719190352066E-002
    0.561020000000E+005    0.721004397198E-002
    0.561520000000E+005    0.722820559253E-002
    0.562020000000E+005    0.724638835817E-002
    0.562520000000E+005    0.726459224469E-002
    0.563020000000E+005    0.728281722782E-002
    0.563520000000E+005    0.730106328321E-002
    0.564020000000E+005    0.731933038645E-002
    0.564520000000E+005    0.733761851309E-002
    0.565020000000E+005    0.735592763857E-002
    0.565520000000E+005    0.737425773829E-002
    0.566020000000E+005    0.739260878760E-002
    0.566520000000E+005    0.741098076174E-002
    0.567020000000E+005    0.742937363592E-002
    0.567520000000E+005    0.744778738528E-002
    0.568020000000E+005    0.746622198488E-002
    0.568520000000E+005    0.748467740973E-002
    0.569020000000E+005    0.750315363477E-002
    0.569520000000E+005    0.752165063487E-002
    0.570020000000E+005    0.754016838485E-002
    0.570520000000E+005    0.755870685944E-002
    0.571020000000E+005    0.757726603332E-002
    0.571520000000E+005    0.759584588112E-002
    0.572020000000E+005    0.761444637738E-002
    0.572520000000E+005    0.763306749659E-002
    0.573020000000E+005    0.765170921317E-002
    0.573520000000E+005    0.767037150147E-002
    0.574020000000E+005    0.768905433580E-002
    0.574520000000E+005    0.770775769038E-002
    0.575020000000E+005    0.772648153937E-002
    0.575520000000E+005    0.774522585687E-002
    0.576020000000E+005    0.776399061693E-002
    0.576520000000E+005    0.778277579351E-002
    0.577020000000E+005    0.780158136053E-002
    0.577520000000E+005    0.782040729183E-002
    0.578020000000E+005    0.783925356119E-002
    0.578520000000E+005    0.785812014234E-002
    0.579020000000E+005    0.787700700892E-002
    0.579520000000E+005    0.789591413453E-002
    0.580020000000E+005    0.791484149270E-002
    0.580520000000E+005    0.793378905689E-002
    0.581020000000E+005    0.795275680050E-002
    0.581520000000E+005    0.797174469688E-002
    0.582020000000E+005    0.799075271930E-002
    0.582520000000E+005    0.800978084097E-002
    0.583020000000E+005    0.802882903505E-002
    0.583520000000E+005    0.804789727462E-002
    0.584020000000E+005    0.806698553270E-002
    0.584520000000E+005    0.808609378227E-002
    0.585020000000E+005    0.810522199622E-002
    0.585520000000E+005    0.812437014738E-002
    0.586020000000E+005    0.814353820854E-002
    0.586520000000E+005    0.816272615240E-002
    0.587020000000E+005    0.818193395162E-002
    0.587520000000E+005    0.820116157878E-002
    0.588020000000E+005    0.822040900642E-002
    0.588520000000E+005    0.823967620699E-002
    0.589020000000E+005    0.825896315290E-002
    0.589520000000E+005    0.827826981650E-002
    0.590020000000E+005    0.829759617005E-002
    0.590520000000E+005    0.831694218578E-002
    0.591020000000E+005    0.833630783584E-002
    0.591520000000E+005    0.835569309233E-002
    0.592020000000E+005    0.837509792728E-002
    0.592520000000E+005    0.839452231267E-002
    0.593020000000E+005    0.841396622039E-002
    0.593520000000E+005    0.843342962231E-002
    0.594020000000E+005    0.845291249021E-002
    0.594520000000E+005    0.847241479581E-002
    0.595020000000E+005    0.849193651079E-002
    0.595520000000E+005    0.851147760674E-002
    0.596020000000E+005    0.853103805522E-002
    0.596520000000E+005    0.855061782770E-002
    0.597020000000E+005    0.857021689561E-002
    0.597520000000E+005    0.858983523031E-002
    0.598020000000E+005    0.860947280310E-002
    0.598520000000E+005    0.862912958522E-002
    0.599020000000E+005    0.864880554785E-002
    0.599520000000E+005    0.866850066212E-002
    0.600020000000E+005    0.868821489908E-002
    0.600520000000E+005    0.870794822973E-002
    0.601020000000E+005    0.872770062502E-002
    0.601520000000E+005    0.874747205581E-002
    0.602020000000E+005    0.876726249294E-002
    0.602520000000E+005    0.878707190716E-002
    0.603020000000E+005    0.880690026917E-002
    0.603520000000E+005    0.882674754961E-002
    0.604020000000E+005    0.884661371906E-002
    0.604520000000E+005    0.886649874805E-002
    0.605020000000E+005    0.888640260703E-002
    0.605520000000E+005    0.890632526640E-002
    0.606020000000E+005    0.892626669651E-002
    0.606520000000E+005    0.894622686764E-002
    0.607020000000E+005    0.896620575001E-002
    0.607520000000E+005    0.898620331380E-002
    0.608020000000E+005    0.900621952909E-002
    0.608520000000E+005    0.902625436595E-002
    0.609020000000E+005    0.904630779436E-002
    0.609520000000E+005    0.906637978424E-002
    0.610020000000E+005    0.908647030547E-002
    0.610520000000E+005    0.910657932785E-002
    0.611020000000E+005    0.912670682115E-002
    0.611520000000E+005    0.914685275504E-002
    0.612020000000E+005    0.916701709918E-002
    0.612520000000E+005    0.918719982313E-002
    0.613020000000E+005    0.920740089641E-002
    0.613520000000E+005    0.922762028848E-002
    0.614020000000E+005    0.924785796874E-002
    0.614520000000E+005    0.926811390654E-002
    0.615020000000E+005    0.928838807117E-002
    0.615520000000E+005    0.930868043184E-002
    0.616020000000E+005    0.932899095773E-002
    0.616520000000E+005    0.934931961795E-002
    0.617020000000E+005    0.936966638155E-002
    0.617520000000E+005    0.939003121753E-002
    0.618020000000E+005    0.941041409482E-002
    0.618520000000E+005    0.943081498231E-002
    0.619020000000E+005    0.945123384882E-002
    0.619520000000E+005    0.947167066311E-002
    0.620020000000E+005    0.949212539389E-002
    0.620520000000E+005    0.951259800981E-002
    0.621020000000E+005    0.953308847946E-002
    0.621520000000E+005    0.955359677139E-002
    0.622020000000E+005    0.957412285406E-002
    0.622520000000E+005    0.959466669590E-002
    0.623020000000E+005    0.961522826528E-002
    0.623520000000E+005    0.963580753050E-002
    0.624020000000E+005    0.965640445981E-002
    0.624520000000E+005    0.967701902140E-002
    0.625020000000E+005    0.969765118342E-002
    0.625520000000E+005    0.971830091394E-002
    0.626020000000E+005    0.973896818099E-002
    0.626520000000E+005    0.975965295253E-002
    0.627020000000E+005    0.978035519648E-002
    0.627520000000E+005    0.980107488068E-002
    0.628020000000E+005    0.982181197295E-002
    0.628520000000E+005    0.984256644101E-002
    0.629020000000E+005    0.986333825256E-002
    0.629520000000E+005    0.988412737522E-002
    0.630020000000E+005    0.990493377657E-002
    0.630520000000E+005    0.992575742413E-002
    0.631020000000E+005    0.994659828535E-002
    0.631520000000E+005    0.996745632765E-002
    0.632020000000E+005    0.998833151837E-002
    0.632520000000E+005    0.100092238248E-001
    0.633020000000E+005    0.100301332142E-001
    0.633520000000E+005    0.100510596537E-001
    0.634020000000E+005    0.100720031105E-001
    0.634520000000E+005    0.100929635517E-001
    0.635020000000E+005    0.101139409441E-001
    0.635520000000E+005    0.101349352550E-001
    0.636020000000E+005    0.101559464510E-001
    0.636520000000E+005    0.101769744991E-001
    0.637020000000E+005    0.101980193661E-001
    0.637520000000E+005    0.102190810187E-001
    0.638020000000E+005    0.102401594236E-001
    0.638520000000E+005    0.102612545474E-001
    0.639020000000E+005    0.102823663567E-001
    0.639520000000E+005    0.103034948181E-001
    0.640020000000E+005    0.103246398979E-001
    0.640520000000E+005    0.103458015627E-001
    0.641020000000E+005    0.103669797787E-001
    0.641520000000E+005    0.103881745123E-001
    0.642020000000E+005    0.104093857298E-001
    0.642520000000E+005    0.104306133972E-001
    0.643020000000E+005    0.104518574808E-001
    0.643520000000E+005    0.104731179467E-001
    0.644020000000E+005    0.104943947608E-001
    0.644520000000E+005    0.105156878892E-001
    0.645020000000E+005    0.105369972977E-001
    0.645520000000E+005    0.105583229524E-001
    0.646020000000E+005    0.105796648189E-001
    0.646520000000E+005    0.106010228630E-001
    0.647020000000E+005    0.106223970504E-001
    0.647520000000E+005    0.106437873469E-001
    0.648020000000E+005    0.106651937180E-001
    0.648520000000E+005    0.106866161292E-001
    0.649020000000E+005    0.107080545461E-001
    0.649520000000E+005    0.107295089341E-001
    0.650020000000E+005    0.107509792585E-001
    0.650520000000E+005    0.107724654848E-001
    0.651020000000E+005    0.107939675781E-001
    0.651520000000E+005    0.108154855039E-001
    0.652020000000E+005    0.108370192271E-001
    0.652520000000E+005    0.108585687129E-001
    0.653020000000E+005    0.108801339265E-001
    0.653520000000E+005    0.109017148328E-001
    0.654020000000E+005    0.109233113968E-001
    0.654520000000E+005    0.109449235834E-001
    0.655020000000E+005    0.109665513575E-001
    0.655520000000E+005    0.109881946838E-001
    0.656020000000E+005    0.110098535272E-001
    0.656520000000E+005    0.110315278523E-001
    0.657020000000E+005    0.110532176239E-001
    0.657520000000E+005    0.110749228064E-001
    0.658020000000E+005    0.110966433645E-001
    0.658520000000E+005    0.111183792626E-001
    0.659020000000E+005    0.111401304652E-001
    0.659520000000E+005    0.111618969367E-001
    0.660020000000E+005    0.111836786415E-001
    0.660520000000E+005    0.112054755437E-001
    0.661020000000E+005    0.112272876077E-001
    0.661520000000E+005    0.112491147976E-001
    0.662020000000E+005    0.112709570777E-001
    0.662520000000E+005    0.112928144118E-001
    0.663020000000E+005    0.113146867642E-001
    0.663520000000E+005    0.113365740988E-001
    0.664020000000E+005    0.113584763794E-001
    0.664520000000E+005    0.113803935701E-001
    0.665020000000E+005    0.114023256345E-001
    0.665520000000E+005    0.114242725366E-001
    0.666020000000E+005    0.114462342400E-001
    0.666520000000E+005    0.114682107084E-001
    0.667020000000E+005    0.114902019054E-001
    0.667520000000E+005    0.115122077946E-001
    0.668020000000E+005    0.115342283396E-001
    0.668520000000E+005    0.115562635037E-001
    0.669020000000E+005    0.115783132505E-001
    0.669520000000E+005    0.116003775433E-001
    0.670020000000E+005    0.116224563454E-001
    0.670520000000E+005    0.116445496201E-001
    0.671020000000E+005    0.116666573307E-001
    0.671520000000E+005    0.116887794402E-001
    0.672020000000E+005    0.117109159119E-001
    0.672520000000E+005    0.117330667087E-001
    0.673020000000E+005    0.117552317939E-001
    0.673520000000E+005    0.117774111302E-001
    0.674020000000E+005    0.117996046806E-001
    0.674520000000E+005    0.118218124081E-001
    0.675020000000E+005    0.118440342753E-001
    0.675520000000E+005    0.118662702452E-001
    0.676020000000E+005    0.118885202805E-001
    0.676520000000E+005    0.119107843438E-001
    0.677020000000E+005    0.119330623977E-001
    0.677520000000E+005    0.119553544049E-001
    0.678020000000E+005    0.119776603278E-001
    0.678520000000E+005    0.119999801290E-001
    0.679020000000E+005    0.120223137710E-001
    0.679520000000E+005    0.120446612159E-001
    0.680020000000E+005    0.120670224264E-001
    0.680520000000E+005    0.120893973645E-001
    0.681020000000E+005    0.121117859926E-001
    0.681520000000E+005    0.121341882729E-001
    0.682020000000E+005    0.121566041675E-001
    0.682520000000E+005    0.121790336384E-001
    0.683020000000E+005    0.122014766479E-001
    0.683520000000E+005    0.122239331577E-001
    0.684020000000E+005    0.122464031300E-001
    0.684520000000E+005    0.122688865267E-001
    0.685020000000E+005    0.122913833095E-001
    0.685520000000E+005    0.123138934403E-001
    0.686020000000E+005    0.123364168808E-001
    0.686520000000E+005    0.123589535929E-001
    0.687020000000E+005    0.123815035381E-001
    0.687520000000E+005    0.124040666781E-001
    0.688020000000E+005    0.124266429744E-001
    0.688520000000E+005    0.124492323886E-001
    0.689020000000E+005    0.124718348822E-001
    0.689520000000E+005    0.124944504166E-001
    0.690020000000E+005    0.125170789532E-001
    0.690520000000E+005    0.125397204534E-001
    0.691020000000E+005    0.125623748783E-001
    0.691520000000E+005    0.125850421894E-001
    0.692020000000E+005    0.126077223477E-001
    0.692520000000E+005    0.126304153146E-001
    0.693020000000E+005    0.126531210509E-001
    0.693520000000E+005    0.126758395179E-001
    0.694020000000E+005    0.126985706766E-001
    0.694520000000E+005    0.127213144879E-001
    0.695020000000E+005    0.127440709127E-001
    0.695520000000E+005    0.127668399120E-001
    0.696020000000E+005    0.127896214465E-001
    0.696520000000E+005    0.128124154772E-001
    0.697020000000E+005    0.128352219646E-001
    0.697520000000E+005    0.128580408696E-001
    0.698020000000E+005    0.128808721528E-001
    0.698520000000E+005    0.129037157747E-001
    0.699020000000E+005    0.129265716960E-001
    0.699520000000E+005    0.129494398772E-001
    0.700020000000E+005    0.129723202787E-001
    0.700520000000E+005    0.129952128611E-001
    0.701020000000E+005    0.130181175846E-001
    0.701520000000E+005    0.130410344097E-001
    0.702020000000E+005    0.130639632965E-001
    0.702520000000E+005    0.130869042055E-001
    0.703020000000E+005    0.131098570968E-001
    0.703520000000E+005    0.131328219305E-001
    0.704020000000E+005    0.131557986668E-001
    0.704520000000E+005    0.131787872658E-001
    0.705020000000E+005    0.132017876875E-001
    0.705520000000E+005    0.132247998919E-001
    0.706020000000E+005    0.132478238389E-001
    0.706520000000E+005    0.132708594885E-001
    0.707020000000E+005    0.132939068005E-001
    0.707520000000E+005    0.133169657348E-001
    0.708020000000E+005    0.133400362510E-001
    0.708520000000E+005    0.133631183090E-001
    0.709020000000E+005    0.133862118685E-001
    0.709520000000E+005    0.134093168890E-001
    0.710020000000E+005    0.134324333303E-001
    0.710520000000E+005    0.134555611518E-001
    0.711020000000E+005    0.134787003131E-001
    0.711520000000E+005    0.135018507736E-001
    0.712020000000E+005    0.135250124928E-001
    0.712520000000E+005    0.135481854302E-001
    0.713020000000E+005    0.135713695450E-001
    0.713520000000E+005    0.135945647965E-001
    0.714020000000E+005    0.136177711440E-001
    0.714520000000E+005    0.136409885469E-001
    0.715020000000E+005    0.136642169641E-001
    0.715520000000E+005    0.136874563549E-001
    0.716020000000E+005    0.137107066784E-001
    0.716520000000E+005    0.137339678937E-001
    0.717020000000E+005    0.137572399597E-001
    0.717520000000E+005    0.137805228355E-001
    0.718020000000E+005    0.138038164800E-001
    0.718520000000E+005    0.138271208521E-001
    0.719020000000E+005    0.138504359106E-001
    0.719520000000E+005    0.138737616144E-001
    0.720020000000E+005    0.138970979222E-001
    0.720520000000E+005    0.139204447928E-001
    0.721020000000E+005    0.139438021849E-001
    0.721520000000E+005    0.139671700571E-001
    0.722020000000E+005    0.139905483680E-001
    0.722520000000E+005    0.140139370763E-001
    0.723020000000E+005    0.140373361405E-001
    0.723520000000E+005    0.140607455190E-001
    0.724020000000E+005    0.140841651704E-001
    0.724520000000E+005    0.141075950530E-001
    0.725020000000E+005    0.141310351252E-001
    0.725520000000E+005    0.141544853454E-001
    0.726020000000E+005    0.141779456719E-001
    0.726520000000E+005    0.142014160629E-001
    0.727020000000E+005    0.142248964766E-001
    0.727520000000E+005    0.142483868713E-001
    0.728020000000E+005    0.142718872051E-001
    0.728520000000E+005    0.142953974361E-001
    0.729020000000E+005    0.143189175224E-001
    0.729520000000E+005    0.143424474220E-001
    0.730020000000E+005    0.143659870928E-001
    0.730520000000E+005    0.143895364930E-001
    0.731020000000E+005    0.144130955803E-001
    0.731520000000E+005    0.144366643127E-001
    0.732020000000E+005    0.144602426480E-001
    0.732520000000E+005    0.144838305441E-001
    0.733020000000E+005    0.145074279586E-001
    0.733520000000E+005    0.145310348494E-001
    0.734020000000E+005    0.145546511740E-001
    0.734520000000E+005    0.145782768903E-001
    0.735020000000E+005    0.146019119558E-001
    0.735520000000E+005    0.146255563280E-001
    0.736020000000E+005    0.146492099646E-001
    0.736520000000E+005    0.146728728231E-001
    0.737020000000E+005    0.146965448609E-001
    0.737520000000E+005    0.147202260355E-001
    0.738020000000E+005    0.147439163043E-001
    0.738520000000E+005    0.147676156246E-001
    0.739020000000E+005    0.147913239538E-001
    0.739520000000E+005    0.148150412492E-001
    0.740020000000E+005    0.148387674681E-001
    0.740520000000E+005    0.148625025677E-001
    0.741020000000E+005    0.148862465051E-001
    0.741520000000E+005    0.149099992376E-001
    0.742020000000E+005    0.149337607223E-001
    0.742520000000E+005    0.149575309162E-001
    0.743020000000E+005    0.149813097764E-001
    0.743520000000E+005    0.150050972600E-001
    0.744020000000E+005    0.150288933239E-001
    0.744520000000E+005    0.150526979250E-001
    0.745020000000E+005    0.150765110204E-001
    0.745520000000E+005    0.151003325668E-001
    0.746020000000E+005    0.151241625212E-001
    0.746520000000E+005    0.151480008403E-001
    0.747020000000E+005    0.151718474810E-001
    0.747520000000E+005    0.151957023999E-001
    0.748020000000E+005    0.152195655539E-001
    0.748520000000E+005    0.152434368995E-001
    0.749020000000E+005    0.152673163935E-001
    0.749520000000E+005    0.152912039925E-001
    0.750020000000E+005    0.153150996529E-001
    0.750520000000E+005    0.153390033316E-001
    0.751020000000E+005    0.153629149848E-001
    0.751520000000E+005    0.153868345692E-001
    0.752020000000E+005    0.154107620411E-001
    0.752520000000E+005    0.154346973570E-001
    0.753020000000E+005    0.154586404734E-001
    0.753520000000E+005    0.154825913465E-001
    0.754020000000E+005    0.155065499327E-001
    0.754520000000E+005    0.155305161884E-001
    0.755020000000E+005    0.155544900697E-001
    0.755520000000E+005    0.155784715329E-001
    0.756020000000E+005    0.156024605342E-001
    0.756520000000E+005    0.156264570299E-001
    0.757020000000E+005    0.156504609760E-001
    0.757520000000E+005    0.156744723286E-001
    0.758020000000E+005    0.156984910439E-001
    0.758520000000E+005    0.157225170780E-001
    0.759020000000E+005    0.157465503867E-001
    0.759520000000E+005    0.157705909262E-001
    0.760020000000E+005    0.157946386525E-001
    0.760520000000E+005    0.158186935213E-001
    0.761020000000E+005    0.158427554887E-001
    0.761520000000E+005    0.158668245106E-001
    0.762020000000E+005    0.158909005428E-001
    0.762520000000E+005    0.159149835410E-001
    0.763020000000E+005    0.159390734612E-001
    0.763520000000E+005    0.159631702591E-001
    0.764020000000E+005    0.159872738904E-001
    0.764520000000E+005    0.160113843107E-001
    0.765020000000E+005    0.160355014760E-001
    0.765520000000E+005    0.160596253416E-001
    0.766020000000E+005    0.160837558634E-001
    0.766520000000E+005    0.161078929968E-001
    0.767020000000E+005    0.161320366975E-001
    0.767520000000E+005    0.161561869210E-001
    0.768020000000E+005    0.161803436229E-001
    0.768520000000E+005    0.162045067585E-001
    0.769020000000E+005    0.162286762835E-001
    0.769520000000E+005    0.162528521531E-001
    0.770020000000E+005    0.162770343229E-001
    0.770520000000E+005    0.163012227482E-001
    0.771020000000E+005    0.163254173843E-001
    0.771520000000E+005    0.163496181867E-001
    0.772020000000E+005    0.163738251106E-001
    0.772520000000E+005    0.163980381112E-001
    0.773020000000E+005    0.164222571440E-001
    0.773520000000E+005    0.164464821640E-001
    0.774020000000E+005    0.164707131265E-001
    0.774520000000E+005    0.164949499867E-001
    0.775020000000E+005    0.165191926997E-001
    0.775520000000E+005    0.165434412207E-001
    0.776020000000E+005    0.165676955047E-001
    0.776520000000E+005    0.165919555069E-001
    0.777020000000E+005    0.166162211824E-001
    0.777520000000E+005    0.166404924861E-001
    0.778020000000E+005    0.166647693730E-001
    0.778520000000E+005    0.166890517982E-001
    0.779020000000E+005    0.167133397167E-001
    0.779520000000E+005    0.167376330833E-001
    0.780020000000E+005    0.167619318529E-001
    0.780520000000E+005    0.167862359806E-001
    0.781020000000E+005    0.168105454211E-001
    0.781520000000E+005    0.168348601294E-001
    0.782020000000E+005    0.168591800601E-001
    0.782520000000E+005    0.168835051682E-001
    0.783020000000E+005    0.169078354085E-001
    0.783520000000E+005    0.169321707356E-001
    0.784020000000E+005    0.169565111044E-001
    0.784520000000E+005    0.169808564696E-001
    0.785020000000E+005    0.170052067858E-001
    0.785520000000E+005    0.170295620077E-001
    0.786020000000E+005    0.170539220900E-001
    0.786520000000E+005    0.170782869874E-001
    0.787020000000E+005    0.171026566544E-001
    0.787520000000E+005    0.171270310457E-001
    0.788020000000E+005    0.171514101158E-001
    0.788520000000E+005    0.171757938192E-001
    0.789020000000E+005    0.172001821106E-001
    0.789520000000E+005    0.172245749444E-001
    0.790020000000E+005    0.172489722751E-001
    0.790520000000E+005    0.172733740573E-001
    0.791020000000E+005    0.172977802453E-001
    0.791520000000E+005    0.173221907936E-001
    0.792020000000E+005    0.173466056566E-001
    0.792520000000E+005    0.173710247888E-001
    0.793020000000E+005    0.173954481445E-001
    0.793520000000E+005    0.174198756780E-001
    0.794020000000E+005    0.174443073438E-001
    0.794520000000E+005    0.174687430962E-001
    0.795020000000E+005    0.174931828894E-001
    0.795520000000E+005    0.175176266778E-001
    0.796020000000E+005    0.175420744156E-001
    0.796520000000E+005    0.175665260571E-001
    0.797020000000E+005    0.175909815566E-001
    0.797520000000E+005    0.176154408683E-001
    0.798020000000E+005    0.176399039463E-001
    0.798520000000E+005    0.176643707450E-001
    0.799020000000E+005    0.176888412184E-001
    0.799520000000E+005    0.177133153207E-001
    0.800020000000E+005    0.177377930061E-001
    0.800520000000E+005    0.177622742287E-001
    0.801020000000E+005    0.177867589427E-001
    0.801520000000E+005    0.178112471020E-001
    0.802020000000E+005    0.178357386609E-001
    0.802520000000E+005    0.178602335733E-001
    0.803020000000E+005    0.178847317934E-001
    0.803520000000E+005    0.179092332752E-001
    0.804020000000E+005    0.179337379727E-001
    0.804520000000E+005    0.179582458398E-001
    0.805020000000E+005    0.179827568308E-001
    0.805520000000E+005    0.180072708994E-001
    0.806020000000E+005    0.180317879997E-001
    0.806520000000E+005    0.180563080856E-001
    0.807020000000E+005    0.180808311111E-001
    0.807520000000E+005    0.181053570302E-001
    0.808020000000E+005    0.181298857967E-001
    0.808520000000E+005    0.181544173645E-001
    0.809020000000E+005    0.181789516876E-001
    0.809520000000E+005    0.182034887199E-001
    0.810020000000E+005    0.182280284151E-001
    0.810520000000E+005    0.182525707272E-001
    0.811020000000E+005    0.182771156100E-001
    0.811520000000E+005    0.183016630174E-001
    0.812020000000E+005    0.183262129032E-001
    0.812520000000E+005    0.183507652211E-001
    0.813020000000E+005    0.183753199251E-001
    0.813520000000E+005    0.183998769688E-001
    0.814020000000E+005    0.184244363062E-001
    0.814520000000E+005    0.184489978909E-001
    0.815020000000E+005    0.184735616767E-001
    0.815520000000E+005    0.184981276174E-001
    0.816020000000E+005    0.185226956667E-001
    0.816520000000E+005    0.185472657784E-001
    0.817020000000E+005    0.185718379062E-001
    0.817520000000E+005    0.185964120037E-001
    0.818020000000E+005    0.186209880248E-001
    0.818520000000E+005    0.186455659231E-001
    0.819020000000E+005    0.186701456523E-001
    0.819520000000E+005    0.186947271661E-001
    0.820020000000E+005    0.187193104182E-001
    0.820520000000E+005    0.187438953622E-001
    0.821020000000E+005    0.187684819518E-001
    0.821520000000E+005    0.187930701406E-001
    0.822020000000E+005    0.188176598824E-001
    0.822520000000E+005    0.188422511307E-001
    0.823020000000E+005    0.188668438391E-001
    0.823520000000E+005    0.188914379614E-001
    0.824020000000E+005    0.189160334511E-001
    0.824520000000E+005    0.189406302618E-001
    0.825020000000E+005    0.189652283472E-001
    0.825520000000E+005    0.189898276608E-001
    0.826020000000E+005    0.190144281563E-001
    0.826520000000E+005    0.190390297872E-001
    0.827020000000E+005    0.190636325071E-001
    0.827520000000E+005    0.190882362697E-001
    0.828020000000E+005    0.191128410284E-001
    0.828520000000E+005    0.191374467369E-001
    0.829020000000E+005    0.191620533487E-001
    0.829520000000E+005    0.191866608174E-001
    0.830020000000E+005    0.192112690966E-001
    0.830520000000E+005    0.192358781398E-001
    0.831020000000E+005    0.192604879006E-001
    0.831520000000E+005    0.192850983325E-001
    0.832020000000E+005    0.193097093890E-001
    0.832520000000E+005    0.193343210238E-001
    0.833020000000E+005    0.193589331903E-001
    0.833520000000E+005    0.193835458422E-001
    0.834020000000E+005    0.194081589329E-001
    0.834520000000E+005    0.194327724159E-001
    0.835020000000E+005    0.194573862449E-001
    0.835520000000E+005    0.194820003733E-001
    0.836020000000E+005    0.195066147547E-001
    0.836520000000E+005    0.195312293426E-001
    0.837020000000E+005    0.195558440906E-001
    0.837520000000E+005    0.195804589521E-001
    0.838020000000E+005    0.196050738807E-001
    0.838520000000E+005    0.196296888299E-001
    0.839020000000E+005    0.196543037533E-001
    0.839520000000E+005    0.196789186044E-001
    0.840020000000E+005    0.197035333368E-001
    0.840520000000E+005    0.197281479038E-001
    0.841020000000E+005    0.197527622592E-001
    0.841520000000E+005    0.197773763563E-001
    0.842020000000E+005    0.198019901488E-001
    0.842520000000E+005    0.198266035902E-001
    0.843020000000E+005    0.198512166340E-001
    0.843520000000E+005    0.198758292338E-001
    0.844020000000E+005    0.199004413431E-001
    0.844520000000E+005    0.199250529154E-001
    0.845020000000E+005    0.199496639042E-001
    0.845520000000E+005    0.199742742633E-001
    0.846020000000E+005    0.199988839460E-001
    0.846520000000E+005    0.200234929060E-001
    0.847020000000E+005    0.200481010967E-001
    0.847520000000E+005    0.200727084718E-001
    0.848020000000E+005    0.200973149849E-001
    0.848520000000E+005    0.201219205894E-001
    0.849020000000E+005    0.201465252391E-001
    0.849520000000E+005    0.201711288873E-001
    0.850020000000E+005    0.201957314878E-001
    0.850520000000E+005    0.202203329941E-001
    0.851020000000E+005    0.202449333599E-001
    0.851520000000E+005    0.202695325386E-001
    0.852020000000E+005    0.202941304840E-001
    0.852520000000E+005    0.203187271496E-001
    0.853020000000E+005    0.203433224890E-001
    0.853520000000E+005    0.203679164559E-001
    0.854020000000E+005    0.203925090039E-001
    0.854520000000E+005    0.204171000866E-001
    0.855020000000E+005    0.204416896577E-001
    0.855520000000E+005    0.204662776708E-001
    0.856020000000E+005    0.204908640796E-001
    0.856520000000E+005    0.205154488377E-001
    0.857020000000E+005    0.205400318988E-001
    0.857520000000E+005    0.205646132166E-001
    0.858020000000E+005    0.205891927448E-001
    0.858520000000E+005    0.206137704371E-001
    0.859020000000E+005    0.206383462471E-001
    0.859520000000E+005    0.206629201286E-001
    0.860020000000E+005    0.206874920354E-001
    0.860520000000E+005    0.207120619210E-001
    0.861020000000E+005    0.207366297394E-001
    0.861520000000E+005    0.207611954442E-001
    0.862020000000E+005    0.207857589892E-001
    0.862520000000E+005    0.208103203282E-001
    0.863020000000E+005    0.208348794149E-001
    0.863520000000E+005    0.208594362031E-001
    0.864020000000E+005    0.208839906467E-001
    0.864520000000E+005    0.209085426994E-001
    0.865020000000E+005    0.209330923152E-001
    0.865520000000E+005    0.209576394477E-001
    0.866020000000E+005    0.209821840509E-001
    0.866520000000E+005    0.210067260786E-001
    0.867020000000E+005    0.210312654847E-001
    0.867520000000E+005    0.210558022231E-001
    0.868020000000E+005    0.210803362477E-001
    0.868520000000E+005    0.211048675124E-001
    0.869020000000E+005    0.211293959710E-001
    0.869520000000E+005    0.211539215776E-001
    0.870020000000E+005    0.211784442861E-001
    0.870520000000E+005    0.212029640504E-001
    0.871020000000E+005    0.212274808246E-001
    0.871520000000E+005    0.212519945626E-001
    0.872020000000E+005    0.212765052184E-001
    0.872520000000E+005    0.213010127460E-001
    0.873020000000E+005    0.213255170995E-001
    0.873520000000E+005    0.213500182329E-001
    0.874020000000E+005    0.213745161004E-001
    0.874520000000E+005    0.213990106558E-001
    0.875020000000E+005    0.214235018535E-001
    0.875520000000E+005    0.214479896474E-001
    0.876020000000E+005    0.214724739917E-001
    0.876520000000E+005    0.214969548405E-001
    0.877020000000E+005    0.215214321480E-001
    0.877520000000E+005    0.215459058684E-001
    0.878020000000E+005    0.215703759559E-001
    0.878520000000E+005    0.215948423646E-001
    0.879020000000E+005    0.216193050489E-001
    0.879520000000E+005    0.216437639629E-001
    0.880020000000E+005    0.216682190609E-001
    0.880520000000E+005    0.216926702971E-001
    0.881020000000E+005    0.217171176260E-001
    0.881520000000E+005    0.217415610017E-001
    0.882020000000E+005    0.217660003787E-001
    0.882520000000E+005    0.217904357113E-001
    0.883020000000E+005    0.218148669539E-001
    0.883520000000E+005    0.218392940608E-001
    0.884020000000E+005    0.218637169864E-001
    0.884520000000E+005    0.218881356853E-001
    0.885020000000E+005    0.219125501118E-001
    0.885520000000E+005    0.219369602205E-001
    0.886020000000E+005    0.219613659657E-001
    0.886520000000E+005    0.219857673021E-001
    0.887020000000E+005    0.220101641842E-001
    0.887520000000E+005    0.220345565664E-001
    0.888020000000E+005    0.220589444035E-001
    0.888520000000E+005    0.220833276499E-001
    0.889020000000E+005    0.221077062603E-001
    0.889520000000E+005    0.221320801894E-001
    0.890020000000E+005    0.221564493918E-001
    0.890520000000E+005    0.221808138222E-001
    0.891020000000E+005    0.222051734353E-001
    0.891520000000E+005    0.222295281858E-001
    0.892020000000E+005    0.222538780285E-001
    0.892520000000E+005    0.222782229182E-001
    0.893020000000E+005    0.223025628096E-001
    0.893520000000E+005    0.223268976576E-001
    0.894020000000E+005    0.223512274171E-001
    0.894520000000E+005    0.223755520428E-001
    0.895020000000E+005    0.223998714898E-001
    0.895520000000E+005    0.224241857128E-001
    0.896020000000E+005    0.224484946670E-001
    0.896520000000E+005    0.224727983071E-001
    0.897020000000E+005    0.224970965883E-001
    0.897520000000E+005    0.225213894655E-001
    0.898020000000E+005    0.225456768939E-001
    0.898520000000E+005    0.225699588283E-001
    0.899020000000E+005    0.225942352241E-001
    0.899520000000E+005    0.226185060362E-001
    0.900020000000E+005    0.226427712199E-001
    0.900520000000E+005    0.226670307303E-001
    0.901020000000E+005    0.226912845225E-001
    0.901520000000E+005    0.227155325520E-001
    0.902020000000E+005    0.227397747738E-001
    0.902520000000E+005    0.227640111433E-001
    0.903020000000E+005    0.227882416158E-001
    0.903520000000E+005    0.228124661467E-001
    0.904020000000E+005    0.228366846913E-001
    0.904520000000E+005    0.228608972049E-001
    0.905020000000E+005    0.228851036431E-001
    0.905520000000E+005    0.229093039613E-001
    0.906020000000E+005    0.229334981150E-001
    0.906520000000E+005    0.229576860596E-001
    0.907020000000E+005    0.229818677507E-001
    0.907520000000E+005    0.230060431440E-001
    0.908020000000E+005    0.230302121949E-001
    0.908520000000E+005    0.230543748591E-001
    0.909020000000E+005    0.230785310924E-001
    0.909520000000E+005    0.231026808503E-001
    0.910020000000E+005    0.231268240886E-001
    0.910520000000E+005    0.231509607631E-001
    0.911020000000E+005    0.231750908295E-001
    0.911520000000E+005    0.231992142436E-001
    0.912020000000E+005    0.232233309614E-001
    0.912520000000E+005    0.232474409386E-001
    0.913020000000E+005    0.232715441312E-001
    0.913520000000E+005    0.232956404951E-001
    0.914020000000E+005    0.233197299864E-001
    0.914520000000E+005    0.233438125609E-001
    0.915020000000E+005    0.233678881748E-001
    0.915520000000E+005    0.233919567842E-001
    0.916020000000E+005    0.234160183450E-001
    0.916520000000E+005    0.234400728135E-001
    0.917020000000E+005    0.234641201459E-001
    0.917520000000E+005    0.234881602983E-001
    0.918020000000E+005    0.235121932270E-001
    0.918520000000E+005    0.235362188882E-001
    0.919020000000E+005    0.235602372384E-001
    0.919520000000E+005    0.235842482337E-001
    0.920020000000E+005    0.236082518306E-001
    0.920520000000E+005    0.236322479856E-001
    0.921020000000E+005    0.236562366550E-001
    0.921520000000E+005    0.236802177953E-001
    0.922020000000E+005    0.237041913631E-001
    0.922520000000E+005    0.237281573149E-001
    0.923020000000E+005    0.237521156073E-001
    0.923520000000E+005    0.237760661970E-001
    0.924020000000E+005    0.238000090405E-001
    0.924520000000E+005    0.238239440946E-001
    0.925020000000E+005    0.238478713161E-001
    0.925520000000E+005    0.238717906617E-001
    0.926020000000E+005    0.238957020881E-001
    0.926520000000E+005    0.239196055524E-001
    0.927020000000E+005    0.239435010113E-001
    0.927520000000E+005    0.239673884218E-001
    0.928020000000E+005    0.239912677408E-001
    0.928520000000E+005    0.240151389254E-001
    0.929020000000E+005    0.240390019325E-001
    0.929520000000E+005    0.240628567193E-001
    0.930020000000E+005    0.240867032429E-001
    0.930520000000E+005    0.241105414604E-001
    0.931020000000E+005    0.241343713290E-001
    0.931520000000E+005    0.241581928059E-001
    0.932020000000E+005    0.241820058485E-001
    0.932520000000E+005    0.242058104141E-001
    0.933020000000E+005    0.242296064599E-001
    0.933520000000E+005    0.242533939434E-001
    0.934020000000E+005    0.242771728220E-001
    0.934520000000E+005    0.243009430533E-001
    0.935020000000E+005    0.243247045946E-001
    0.935520000000E+005    0.243484574036E-001
    0.936020000000E+005    0.243722014379E-001
    0.936520000000E+005    0.243959366550E-001
    0.937020000000E+005    0.244196630128E-001
    0.937520000000E+005    0.244433804688E-001
    0.938020000000E+005    0.244670889809E-001
    0.938520000000E+005    0.244907885069E-001
    0.939020000000E+005    0.245144790046E-001
    0.939520000000E+005    0.245381604319E-001
    0.940020000000E+005    0.245618327467E-001
    0.940520000000E+005    0.245854959071E-001
    0.941020000000E+005    0.246091498710E-001
    0.941520000000E+005    0.246327945965E-001
    0.942020000000E+005    0.246564300417E-001
    0.942520000000E+005    0.246800561647E-001
    0.943020000000E+005    0.247036729238E-001
    0.943520000000E+005    0.247272802772E-001
    0.944020000000E+005    0.247508781831E-001
    0.944520000000E+005    0.247744665999E-001
    0.945020000000E+005    0.247980454860E-001
    0.945520000000E+005    0.248216147998E-001
    0.946020000000E+005    0.248451744997E-001
    0.946520000000E+005    0.248687245443E-001
    0.947020000000E+005    0.248922648920E-001
    0.947520000000E+005    0.249157955015E-001
    0.948020000000E+005    0.249393163315E-001
    0.948520000000E+005    0.249628273405E-001
    0.949020000000E+005    0.249863284874E-001
    0.949520000000E+005    0.250098197310E-001
    0.950020000000E+005    0.250333010300E-001
    0.950520000000E+005    0.250567723433E-001
    0.951020000000E+005    0.250802336299E-001
    0.951520000000E+005    0.251036848487E-001
    0.952020000000E+005    0.251271259587E-001
    0.952520000000E+005    0.251505569190E-001
    0.953020000000E+005    0.251739776888E-001
    0.953520000000E+005    0.251973882270E-001
    0.954020000000E+005    0.252207884931E-001
    0.954520000000E+005    0.252441784461E-001
    0.955020000000E+005    0.252675580455E-001
    0.955520000000E+005    0.252909272505E-001
    0.956020000000E+005    0.253142860205E-001
    0.956520000000E+005    0.253376343151E-001
    0.957020000000E+005    0.253609720937E-001
    0.957520000000E+005    0.253842993158E-001
    0.958020000000E+005    0.254076159411E-001
    0.958520000000E+005    0.254309219291E-001
    0.959020000000E+005    0.254542172396E-001
    0.959520000000E+005    0.254775018324E-001
    0.960020000000E+005    0.255007756671E-001
    0.960520000000E+005    0.255240387037E-001
    0.961020000000E+005    0.255472909021E-001
    0.961520000000E+005    0.255705322221E-001
    0.962020000000E+005    0.255937626238E-001
    0.962520000000E+005    0.256169820672E-001
    0.963020000000E+005    0.256401905125E-001
    0.963520000000E+005    0.256633879197E-001
    0.964020000000E+005    0.256865742492E-001
    0.964520000000E+005    0.257097494610E-001
    0.965020000000E+005    0.257329135155E-001
    0.965520000000E+005    0.257560663732E-001
    0.966020000000E+005    0.257792079943E-001
    0.966520000000E+005    0.258023383393E-001
    0.967020000000E+005    0.258254573688E-001
    0.967520000000E+005    0.258485650434E-001
    0.968020000000E+005    0.258716613235E-001
    0.968520000000E+005    0.258947461700E-001
    0.969020000000E+005    0.259178195434E-001
    0.969520000000E+005    0.259408814047E-001
    0.970020000000E+005    0.259639317146E-001
    0.970520000000E+005    0.259869704340E-001
    0.971020000000E+005    0.260099975239E-001
    0.971520000000E+005    0.260330129451E-001
    0.972020000000E+005    0.260560166589E-001
    0.972520000000E+005    0.260790086262E-001
    0.973020000000E+005    0.261019888083E-001
    0.973520000000E+005    0.261249571663E-001
    0.974020000000E+005    0.261479136614E-001
    0.974520000000E+005    0.261708582551E-001
    0.975020000000E+005    0.261937909087E-001
    0.975520000000E+005    0.262167115836E-001
    0.976020000000E+005    0.262396202412E-001
    0.976520000000E+005    0.262625168432E-001
    0.977020000000E+005    0.262854013511E-001
    0.977520000000E+005    0.263082737266E-001
    0.978020000000E+005    0.263311339313E-001
    0.978520000000E+005    0.263539819271E-001
    0.979020000000E+005    0.263768176757E-001
    0.979520000000E+005    0.263996411391E-001
    0.980020000000E+005    0.264224522791E-001
    0.980520000000E+005    0.264452510577E-001
    0.981020000000E+005    0.264680374371E-001
    0.981520000000E+005    0.264908113792E-001
    0.982020000000E+005    0.265135728462E-001
    0.982520000000E+005    0.265363218004E-001
    0.983020000000E+005    0.265590582040E-001
    0.983520000000E+005    0.265817820194E-001
    0.984020000000E+005    0.266044932090E-001
    0.984520000000E+005    0.266271917351E-001
    0.985020000000E+005    0.266498775603E-001
    0.985520000000E+005    0.266725506472E-001
    0.986020000000E+005    0.266952109583E-001
    0.986520000000E+005    0.267178584564E-001
    0.987020000000E+005    0.267404931042E-001
    0.987520000000E+005    0.267631148645E-001
    0.988020000000E+005    0.267857237002E-001
    0.988520000000E+005    0.268083195741E-001
    0.989020000000E+005    0.268309024492E-001
    0.989520000000E+005    0.268534722886E-001
    0.990020000000E+005    0.268760290553E-001
    0.990520000000E+005    0.268985727126E-001
    0.991020000000E+005    0.269211032236E-001
    0.991520000000E+005    0.269436205516E-001
    0.992020000000E+005    0.269661246599E-001
    0.992520000000E+005    0.269886155120E-001
    0.993020000000E+005    0.270110930712E-001
    0.993520000000E+005    0.270335573011E-001
    0.994020000000E+005    0.270560081653E-001
    0.994520000000E+005    0.270784456274E-001
    0.995020000000E+005    0.271008696510E-001
    0.995520000000E+005    0.271232802000E-001
    0.996020000000E+005    0.271456772382E-001
    0.996520000000E+005    0.271680607295E-001
    0.997020000000E+005    0.271904306377E-001
    0.997520000000E+005    0.272127869269E-001
    0.998020000000E+005    0.272351295611E-001
    0.998520000000E+005    0.272574585046E-001
    0.999020000000E+005    0.272797737214E-001
    0.999520000000E+005    0.273020751759E-001
