TITLE = "0D Field KU"
VARIABLES = N ,"KU_Ha10Rem100Re100"
ZONE DATAPACKING = POINT
    0.200000000000E+001    0.560151387005E-039
    0.520000000000E+002    0.414205217707E-036
    0.102000000000E+003    0.137537342665E-035
    0.152000000000E+003    0.284057377129E-035
    0.202000000000E+003    0.464026898331E-035
    0.252000000000E+003    0.684062571596E-035
    0.302000000000E+003    0.942892261982E-035
    0.352000000000E+003    0.162701801838E-034
    0.402000000000E+003    0.111947661473E-033
    0.452000000000E+003    0.136192133963E-032
    0.502000000000E+003    0.161443691225E-031
    0.552000000000E+003    0.151277808744E-030
    0.602000000000E+003    0.110610042378E-029
    0.652000000000E+003    0.672579243285E-029
    0.702000000000E+003    0.353374255502E-028
    0.752000000000E+003    0.163803607888E-027
    0.802000000000E+003    0.681439948596E-027
    0.852000000000E+003    0.257741434233E-026
    0.902000000000E+003    0.896726323027E-026
    0.952000000000E+003    0.289533637388E-025
    0.100200000000E+004    0.874157972180E-025
    0.105200000000E+004    0.248395529645E-024
    0.110200000000E+004    0.668028058674E-024
    0.115200000000E+004    0.170869755208E-023
    0.120200000000E+004    0.417459772182E-023
    0.125200000000E+004    0.977857572703E-023
    0.130200000000E+004    0.220339061415E-022
    0.135200000000E+004    0.479010321094E-022
    0.140200000000E+004    0.100734954166E-021
    0.145200000000E+004    0.205410699849E-021
    0.150200000000E+004    0.407001571670E-021
    0.155200000000E+004    0.785113844296E-021
    0.160200000000E+004    0.147702409394E-020
    0.165200000000E+004    0.271423341352E-020
    0.170200000000E+004    0.487906960337E-020
    0.175200000000E+004    0.859070662717E-020
    0.180200000000E+004    0.148336113028E-019
    0.185200000000E+004    0.251462052443E-019
    0.190200000000E+004    0.418937088484E-019
    0.195200000000E+004    0.686570104426E-019
    0.200200000000E+004    0.110779332538E-018
    0.205200000000E+004    0.176124806014E-018
    0.210200000000E+004    0.276118265687E-018
    0.215200000000E+004    0.427154060854E-018
    0.220200000000E+004    0.652483973789E-018
    0.225200000000E+004    0.984720924317E-018
    0.230200000000E+004    0.146912660421E-017
    0.235200000000E+004    0.216788806608E-017
    0.240200000000E+004    0.316563119360E-017
    0.245200000000E+004    0.457646848269E-017
    0.250200000000E+004    0.655293525299E-017
    0.255200000000E+004    0.929723287628E-017
    0.260200000000E+004    0.130752704383E-016
    0.265200000000E+004    0.182340779616E-016
    0.270200000000E+004    0.252232554146E-016
    0.275200000000E+004    0.346212227818E-016
    0.280200000000E+004    0.471671477296E-016
    0.285200000000E+004    0.637995494572E-016
    0.290200000000E+004    0.857027102966E-016
    0.295200000000E+004    0.114362170875E-015
    0.300200000000E+004    0.151630740357E-015
    0.305200000000E+004    0.199806620494E-015
    0.310200000000E+004    0.261725420882E-015
    0.315200000000E+004    0.340868033124E-015
    0.320200000000E+004    0.441486533140E-015
    0.325200000000E+004    0.568750493459E-015
    0.330200000000E+004    0.728916310835E-015
    0.335200000000E+004    0.929522388317E-015
    0.340200000000E+004    0.117961325452E-014
    0.345200000000E+004    0.148999595602E-014
    0.350200000000E+004    0.187353232025E-014
    0.355200000000E+004    0.234547095630E-014
    0.360200000000E+004    0.292382313754E-014
    0.365200000000E+004    0.362978699330E-014
    0.370200000000E+004    0.448822472568E-014
    0.375200000000E+004    0.552819786029E-014
    0.380200000000E+004    0.678356583689E-014
    0.385200000000E+004    0.829365354448E-014
    0.390200000000E+004    0.101039937062E-013
    0.395200000000E+004    0.122671503200E-013
    0.400200000000E+004    0.148436296617E-013
    0.405200000000E+004    0.179028856538E-013
    0.410200000000E+004    0.215244267008E-013
    0.415200000000E+004    0.257990313800E-013
    0.420200000000E+004    0.308300806652E-013
    0.425200000000E+004    0.367350146390E-013
    0.430200000000E+004    0.436469219205E-013
    0.435200000000E+004    0.517162703021E-013
    0.440200000000E+004    0.611127873401E-013
    0.445200000000E+004    0.720274998896E-013
    0.450200000000E+004    0.846749418073E-013
    0.455200000000E+004    0.992955392652E-013
    0.460200000000E+004    0.116158183327E-012
    0.465200000000E+004    0.135562999635E-012
    0.470200000000E+004    0.157844325224E-012
    0.475200000000E+004    0.183373902668E-012
    0.480200000000E+004    0.212564301877E-012
    0.485200000000E+004    0.245872580035E-012
    0.490200000000E+004    0.283804190252E-012
    0.495200000000E+004    0.326917149622E-012
    0.500200000000E+004    0.375826477450E-012
    0.505200000000E+004    0.431208914485E-012
    0.510200000000E+004    0.493807934024E-012
    0.515200000000E+004    0.564439055805E-012
    0.520200000000E+004    0.643995473585E-012
    0.525200000000E+004    0.733454007316E-012
    0.530200000000E+004    0.833881390798E-012
    0.535200000000E+004    0.946440905625E-012
    0.540200000000E+004    0.107239937220E-011
    0.545200000000E+004    0.121313450852E-011
    0.550200000000E+004    0.137014266726E-011
    0.555200000000E+004    0.154504696167E-011
    0.560200000000E+004    0.173960579065E-011
    0.565200000000E+004    0.195572177310E-011
    0.570200000000E+004    0.219545110158E-011
    0.575200000000E+004    0.246101332518E-011
    0.580200000000E+004    0.275480157115E-011
    0.585200000000E+004    0.307939321478E-011
    0.590200000000E+004    0.343756100659E-011
    0.595200000000E+004    0.383228466593E-011
    0.600200000000E+004    0.426676294959E-011
    0.605200000000E+004    0.474442620384E-011
    0.610200000000E+004    0.526894940805E-011
    0.615200000000E+004    0.584426571772E-011
    0.620200000000E+004    0.647458051451E-011
    0.625200000000E+004    0.716438597037E-011
    0.630200000000E+004    0.791847613286E-011
    0.635200000000E+004    0.874196253795E-011
    0.640200000000E+004    0.964029035684E-011
    0.645200000000E+004    0.106192550824E-010
    0.650200000000E+004    0.116850197609E-010
    0.655200000000E+004    0.128441327741E-010
    0.660200000000E+004    0.141035461765E-010
    0.665200000000E+004    0.154706345921E-010
    0.670200000000E+004    0.169532146750E-010
    0.675200000000E+004    0.185595651367E-010
    0.680200000000E+004    0.202984473447E-010
    0.685200000000E+004    0.221791264934E-010
    0.690200000000E+004    0.242113933518E-010
    0.695200000000E+004    0.264055865882E-010
    0.700200000000E+004    0.287726156753E-010
    0.705200000000E+004    0.313239843755E-010
    0.710200000000E+004    0.340718148080E-010
    0.715200000000E+004    0.370288720986E-010
    0.720200000000E+004    0.402085896115E-010
    0.725200000000E+004    0.436250947628E-010
    0.730200000000E+004    0.472932354164E-010
    0.735200000000E+004    0.512286068588E-010
    0.740200000000E+004    0.554475793540E-010
    0.745200000000E+004    0.599673262750E-010
    0.750200000000E+004    0.648058528098E-010
    0.755200000000E+004    0.699820252402E-010
    0.760200000000E+004    0.755156007895E-010
    0.765200000000E+004    0.814272580366E-010
    0.770200000000E+004    0.877386278922E-010
    0.775200000000E+004    0.944723251337E-010
    0.780200000000E+004    0.101651980493E-009
    0.785200000000E+004    0.109302273297E-009
    0.790200000000E+004    0.117448964646E-009
    0.795200000000E+004    0.126118931138E-009
    0.800200000000E+004    0.135340199123E-009
    0.805200000000E+004    0.145141979484E-009
    0.810200000000E+004    0.155554702941E-009
    0.815200000000E+004    0.166610055867E-009
    0.820200000000E+004    0.178341016615E-009
    0.825200000000E+004    0.190781892342E-009
    0.830200000000E+004    0.203968356330E-009
    0.835200000000E+004    0.217937485788E-009
    0.840200000000E+004    0.232727800135E-009
    0.845200000000E+004    0.248379299749E-009
    0.850200000000E+004    0.264933505183E-009
    0.855200000000E+004    0.282433496825E-009
    0.860200000000E+004    0.300923955010E-009
    0.865200000000E+004    0.320451200558E-009
    0.870200000000E+004    0.341063235744E-009
    0.875200000000E+004    0.362809785680E-009
    0.880200000000E+004    0.385742340102E-009
    0.885200000000E+004    0.409914195561E-009
    0.890200000000E+004    0.435380497986E-009
    0.895200000000E+004    0.462198285638E-009
    0.900200000000E+004    0.490426532420E-009
    0.905200000000E+004    0.520126191544E-009
    0.910200000000E+004    0.551360239547E-009
    0.915200000000E+004    0.584193720635E-009
    0.920200000000E+004    0.618693791355E-009
    0.925200000000E+004    0.654929765574E-009
    0.930200000000E+004    0.692973159767E-009
    0.935200000000E+004    0.732897738586E-009
    0.940200000000E+004    0.774779560713E-009
    0.945200000000E+004    0.818697024981E-009
    0.950200000000E+004    0.864730916747E-009
    0.955200000000E+004    0.912964454515E-009
    0.960200000000E+004    0.963483336788E-009
    0.965200000000E+004    0.101637578914E-008
    0.970200000000E+004    0.107173261152E-008
    0.975200000000E+004    0.112964722569E-008
    0.980200000000E+004    0.119021572296E-008
    0.985200000000E+004    0.125353691198E-008
    0.990200000000E+004    0.131971236677E-008
    0.995200000000E+004    0.138884647488E-008
    0.100020000000E+005    0.146104648571E-008
    0.100520000000E+005    0.153642255890E-008
    0.101020000000E+005    0.161508781290E-008
    0.101520000000E+005    0.169715837364E-008
    0.102020000000E+005    0.178275342324E-008
    0.102520000000E+005    0.187199524886E-008
    0.103020000000E+005    0.196500929160E-008
    0.103520000000E+005    0.206192419545E-008
    0.104020000000E+005    0.216287185628E-008
    0.104520000000E+005    0.226798747093E-008
    0.105020000000E+005    0.237740958621E-008
    0.105520000000E+005    0.249128014805E-008
    0.106020000000E+005    0.260974455053E-008
    0.106520000000E+005    0.273295168497E-008
    0.107020000000E+005    0.286105398900E-008
    0.107520000000E+005    0.299420749555E-008
    0.108020000000E+005    0.313257188187E-008
    0.108520000000E+005    0.327631051844E-008
    0.109020000000E+005    0.342559051782E-008
    0.109520000000E+005    0.358058278348E-008
    0.110020000000E+005    0.374146205848E-008
    0.110520000000E+005    0.390840697409E-008
    0.111020000000E+005    0.408160009829E-008
    0.111520000000E+005    0.426122798421E-008
    0.112020000000E+005    0.444748121830E-008
    0.112520000000E+005    0.464055446858E-008
    0.113020000000E+005    0.484064653254E-008
    0.113520000000E+005    0.504796038499E-008
    0.114020000000E+005    0.526270322577E-008
    0.114520000000E+005    0.548508652720E-008
    0.115020000000E+005    0.571532608138E-008
    0.115520000000E+005    0.595364204737E-008
    0.116020000000E+005    0.620025899802E-008
    0.116520000000E+005    0.645540596674E-008
    0.117020000000E+005    0.671931649397E-008
    0.117520000000E+005    0.699222867342E-008
    0.118020000000E+005    0.727438519808E-008
    0.118520000000E+005    0.756603340605E-008
    0.119020000000E+005    0.786742532598E-008
    0.119520000000E+005    0.817881772238E-008
    0.120020000000E+005    0.850047214061E-008
    0.120520000000E+005    0.883265495157E-008
    0.121020000000E+005    0.917563739611E-008
    0.121520000000E+005    0.952969562920E-008
    0.122020000000E+005    0.989511076373E-008
    0.122520000000E+005    0.102721689140E-007
    0.123020000000E+005    0.106611612391E-007
    0.123520000000E+005    0.110623839856E-007
    0.124020000000E+005    0.114761385300E-007
    0.124520000000E+005    0.119027314213E-007
    0.125020000000E+005    0.123424744227E-007
    0.125520000000E+005    0.127956845530E-007
    0.126020000000E+005    0.132626841281E-007
    0.126520000000E+005    0.137438008014E-007
    0.127020000000E+005    0.142393676044E-007
    0.127520000000E+005    0.147497229871E-007
    0.128020000000E+005    0.152752108573E-007
    0.128520000000E+005    0.158161806198E-007
    0.129020000000E+005    0.163729872157E-007
    0.129520000000E+005    0.169459911610E-007
    0.130020000000E+005    0.175355585840E-007
    0.130520000000E+005    0.181420612639E-007
    0.131020000000E+005    0.187658766675E-007
    0.131520000000E+005    0.194073879864E-007
    0.132020000000E+005    0.200669841732E-007
    0.132520000000E+005    0.207450599779E-007
    0.133020000000E+005    0.214420159832E-007
    0.133520000000E+005    0.221582586399E-007
    0.134020000000E+005    0.228942003016E-007
    0.134520000000E+005    0.236502592589E-007
    0.135020000000E+005    0.244268597734E-007
    0.135520000000E+005    0.252244321110E-007
    0.136020000000E+005    0.260434125751E-007
    0.136520000000E+005    0.268842435387E-007
    0.137020000000E+005    0.277473734768E-007
    0.137520000000E+005    0.286332569981E-007
    0.138020000000E+005    0.295423548758E-007
    0.138520000000E+005    0.304751340782E-007
    0.139020000000E+005    0.314320677994E-007
    0.139520000000E+005    0.324136354885E-007
    0.140020000000E+005    0.334203228791E-007
    0.140520000000E+005    0.344526220183E-007
    0.141020000000E+005    0.355110312944E-007
    0.141520000000E+005    0.365960554651E-007
    0.142020000000E+005    0.377082056850E-007
    0.142520000000E+005    0.388479995320E-007
    0.143020000000E+005    0.400159610341E-007
    0.143520000000E+005    0.412126206947E-007
    0.144020000000E+005    0.424385155188E-007
    0.144520000000E+005    0.436941890371E-007
    0.145020000000E+005    0.449801913309E-007
    0.145520000000E+005    0.462970790557E-007
    0.146020000000E+005    0.476454154650E-007
    0.146520000000E+005    0.490257704326E-007
    0.147020000000E+005    0.504387204758E-007
    0.147520000000E+005    0.518848487767E-007
    0.148020000000E+005    0.533647452037E-007
    0.148520000000E+005    0.548790063329E-007
    0.149020000000E+005    0.564282354680E-007
    0.149520000000E+005    0.580130426605E-007
    0.150020000000E+005    0.596340447289E-007
    0.150520000000E+005    0.612918652780E-007
    0.151020000000E+005    0.629871347171E-007
    0.151520000000E+005    0.647204902778E-007
    0.152020000000E+005    0.664925760319E-007
    0.152520000000E+005    0.683040429076E-007
    0.153020000000E+005    0.701555487068E-007
    0.153520000000E+005    0.720477581204E-007
    0.154020000000E+005    0.739813427439E-007
    0.154520000000E+005    0.759569810924E-007
    0.155020000000E+005    0.779753586152E-007
    0.155520000000E+005    0.800371677095E-007
    0.156020000000E+005    0.821431077338E-007
    0.156520000000E+005    0.842938850212E-007
    0.157020000000E+005    0.864902128916E-007
    0.157520000000E+005    0.887328116637E-007
    0.158020000000E+005    0.910224086665E-007
    0.158520000000E+005    0.933597382504E-007
    0.159020000000E+005    0.957455417976E-007
    0.159520000000E+005    0.981805677321E-007
    0.160020000000E+005    0.100665571529E-006
    0.160520000000E+005    0.103201315725E-006
    0.161020000000E+005    0.105788569924E-006
    0.161520000000E+005    0.108428110808E-006
    0.162020000000E+005    0.111120722144E-006
    0.162520000000E+005    0.113867194790E-006
    0.163020000000E+005    0.116668326701E-006
    0.163520000000E+005    0.119524922941E-006
    0.164020000000E+005    0.122437795679E-006
    0.164520000000E+005    0.125407764204E-006
    0.165020000000E+005    0.128435654922E-006
    0.165520000000E+005    0.131522301365E-006
    0.166020000000E+005    0.134668544192E-006
    0.166520000000E+005    0.137875231197E-006
    0.167020000000E+005    0.141143217304E-006
    0.167520000000E+005    0.144473364578E-006
    0.168020000000E+005    0.147866542221E-006
    0.168520000000E+005    0.151323626576E-006
    0.169020000000E+005    0.154845501126E-006
    0.169520000000E+005    0.158433056500E-006
    0.170020000000E+005    0.162087190465E-006
    0.170520000000E+005    0.165808807934E-006
    0.171020000000E+005    0.169598820958E-006
    0.171520000000E+005    0.173458148731E-006
    0.172020000000E+005    0.177387717584E-006
    0.172520000000E+005    0.181388460985E-006
    0.173020000000E+005    0.185461319536E-006
    0.173520000000E+005    0.189607240971E-006
    0.174020000000E+005    0.193827180151E-006
    0.174520000000E+005    0.198122099062E-006
    0.175020000000E+005    0.202492966809E-006
    0.175520000000E+005    0.206940759614E-006
    0.176020000000E+005    0.211466460808E-006
    0.176520000000E+005    0.216071060828E-006
    0.177020000000E+005    0.220755557209E-006
    0.177520000000E+005    0.225520954580E-006
    0.178020000000E+005    0.230368264657E-006
    0.178520000000E+005    0.235298506233E-006
    0.179020000000E+005    0.240312705175E-006
    0.179520000000E+005    0.245411894413E-006
    0.180020000000E+005    0.250597113933E-006
    0.180520000000E+005    0.255869410768E-006
    0.181020000000E+005    0.261229838990E-006
    0.181520000000E+005    0.266679459698E-006
    0.182020000000E+005    0.272219341013E-006
    0.182520000000E+005    0.277850558061E-006
    0.183020000000E+005    0.283574192970E-006
    0.183520000000E+005    0.289391334853E-006
    0.184020000000E+005    0.295303079800E-006
    0.184520000000E+005    0.301310530866E-006
    0.185020000000E+005    0.307414798057E-006
    0.185520000000E+005    0.313616998321E-006
    0.186020000000E+005    0.319918255533E-006
    0.186520000000E+005    0.326319700482E-006
    0.187020000000E+005    0.332822470858E-006
    0.187520000000E+005    0.339427711239E-006
    0.188020000000E+005    0.346136573076E-006
    0.188520000000E+005    0.352950214677E-006
    0.189020000000E+005    0.359869801197E-006
    0.189520000000E+005    0.366896504618E-006
    0.190020000000E+005    0.374031503735E-006
    0.190520000000E+005    0.381275984141E-006
    0.191020000000E+005    0.388631138212E-006
    0.191520000000E+005    0.396098165088E-006
    0.192020000000E+005    0.403678270657E-006
    0.192520000000E+005    0.411372667538E-006
    0.193020000000E+005    0.419182575066E-006
    0.193520000000E+005    0.427109219270E-006
    0.194020000000E+005    0.435153832860E-006
    0.194520000000E+005    0.443317655203E-006
    0.195020000000E+005    0.451601932310E-006
    0.195520000000E+005    0.460007916813E-006
    0.196020000000E+005    0.468536867949E-006
    0.196520000000E+005    0.477190051538E-006
    0.197020000000E+005    0.485968739964E-006
    0.197520000000E+005    0.494874212157E-006
    0.198020000000E+005    0.503907753570E-006
    0.198520000000E+005    0.513070656158E-006
    0.199020000000E+005    0.522364218362E-006
    0.199520000000E+005    0.531789745081E-006
    0.200020000000E+005    0.541348547655E-006
    0.200520000000E+005    0.551041943845E-006
    0.201020000000E+005    0.560871257806E-006
    0.201520000000E+005    0.570837820068E-006
    0.202020000000E+005    0.580942967512E-006
    0.202520000000E+005    0.591188043351E-006
    0.203020000000E+005    0.601574397103E-006
    0.203520000000E+005    0.612103384567E-006
    0.204020000000E+005    0.622776367807E-006
    0.204520000000E+005    0.633594715118E-006
    0.205020000000E+005    0.644559801011E-006
    0.205520000000E+005    0.655673006184E-006
    0.206020000000E+005    0.666935717499E-006
    0.206520000000E+005    0.678349327957E-006
    0.207020000000E+005    0.689915236673E-006
    0.207520000000E+005    0.701634848855E-006
    0.208020000000E+005    0.713509575772E-006
    0.208520000000E+005    0.725540834733E-006
    0.209020000000E+005    0.737730049061E-006
    0.209520000000E+005    0.750078648066E-006
    0.210020000000E+005    0.762588067019E-006
    0.210520000000E+005    0.775259747127E-006
    0.211020000000E+005    0.788095135506E-006
    0.211520000000E+005    0.801095685154E-006
    0.212020000000E+005    0.814262854924E-006
    0.212520000000E+005    0.827598109497E-006
    0.213020000000E+005    0.841102919355E-006
    0.213520000000E+005    0.854778760755E-006
    0.214020000000E+005    0.868627115700E-006
    0.214520000000E+005    0.882649471909E-006
    0.215020000000E+005    0.896847322795E-006
    0.215520000000E+005    0.911222167430E-006
    0.216020000000E+005    0.925775510522E-006
    0.216520000000E+005    0.940508862385E-006
    0.217020000000E+005    0.955423738908E-006
    0.217520000000E+005    0.970521661531E-006
    0.218020000000E+005    0.985804157211E-006
    0.218520000000E+005    0.100127275840E-005
    0.219020000000E+005    0.101692900300E-005
    0.219520000000E+005    0.103277443435E-005
    0.220020000000E+005    0.104881060121E-005
    0.220520000000E+005    0.106503905768E-005
    0.221020000000E+005    0.108146136322E-005
    0.221520000000E+005    0.109807908261E-005
    0.222020000000E+005    0.111489378590E-005
    0.222520000000E+005    0.113190704839E-005
    0.223020000000E+005    0.114912045061E-005
    0.223520000000E+005    0.116653557829E-005
    0.224020000000E+005    0.118415402231E-005
    0.224520000000E+005    0.120197737866E-005
    0.225020000000E+005    0.122000724848E-005
    0.225520000000E+005    0.123824523793E-005
    0.226020000000E+005    0.125669295824E-005
    0.226520000000E+005    0.127535202562E-005
    0.227020000000E+005    0.129422406128E-005
    0.227520000000E+005    0.131331069135E-005
    0.228020000000E+005    0.133261354690E-005
    0.228520000000E+005    0.135213426384E-005
    0.229020000000E+005    0.137187448298E-005
    0.229520000000E+005    0.139183584989E-005
    0.230020000000E+005    0.141202001498E-005
    0.230520000000E+005    0.143242863338E-005
    0.231020000000E+005    0.145306336494E-005
    0.231520000000E+005    0.147392587421E-005
    0.232020000000E+005    0.149501783039E-005
    0.232520000000E+005    0.151634090732E-005
    0.233020000000E+005    0.153789678340E-005
    0.233520000000E+005    0.155968714163E-005
    0.234020000000E+005    0.158171366949E-005
    0.234520000000E+005    0.160397805899E-005
    0.235020000000E+005    0.162648200659E-005
    0.235520000000E+005    0.164922721317E-005
    0.236020000000E+005    0.167221538401E-005
    0.236520000000E+005    0.169544822877E-005
    0.237020000000E+005    0.171892746140E-005
    0.237520000000E+005    0.174265480019E-005
    0.238020000000E+005    0.176663196766E-005
    0.238520000000E+005    0.179086069058E-005
    0.239020000000E+005    0.181534269991E-005
    0.239520000000E+005    0.184007973076E-005
    0.240020000000E+005    0.186507352239E-005
    0.240520000000E+005    0.189032581816E-005
    0.241020000000E+005    0.191583836546E-005
    0.241520000000E+005    0.194161291574E-005
    0.242020000000E+005    0.196765122444E-005
    0.242520000000E+005    0.199395505096E-005
    0.243020000000E+005    0.202052615862E-005
    0.243520000000E+005    0.204736631465E-005
    0.244020000000E+005    0.207447729014E-005
    0.244520000000E+005    0.210186085999E-005
    0.245020000000E+005    0.212951880291E-005
    0.245520000000E+005    0.215745290136E-005
    0.246020000000E+005    0.218566494155E-005
    0.246520000000E+005    0.221415671334E-005
    0.247020000000E+005    0.224293001030E-005
    0.247520000000E+005    0.227198662957E-005
    0.248020000000E+005    0.230132837192E-005
    0.248520000000E+005    0.233095704167E-005
    0.249020000000E+005    0.236087444665E-005
    0.249520000000E+005    0.239108239818E-005
    0.250020000000E+005    0.242158271105E-005
    0.250520000000E+005    0.245237720346E-005
    0.251020000000E+005    0.248346769699E-005
    0.251520000000E+005    0.251485601658E-005
    0.252020000000E+005    0.254654399049E-005
    0.252520000000E+005    0.257853345027E-005
    0.253020000000E+005    0.261082623071E-005
    0.253520000000E+005    0.264342416981E-005
    0.254020000000E+005    0.267632910877E-005
    0.254520000000E+005    0.270954289192E-005
    0.255020000000E+005    0.274306736672E-005
    0.255520000000E+005    0.277690438371E-005
    0.256020000000E+005    0.281105579647E-005
    0.256520000000E+005    0.284552346157E-005
    0.257020000000E+005    0.288030923861E-005
    0.257520000000E+005    0.291541499008E-005
    0.258020000000E+005    0.295084258141E-005
    0.258520000000E+005    0.298659388090E-005
    0.259020000000E+005    0.302267075969E-005
    0.259520000000E+005    0.305907509173E-005
    0.260020000000E+005    0.309580875375E-005
    0.260520000000E+005    0.313287362519E-005
    0.261020000000E+005    0.317027158824E-005
    0.261520000000E+005    0.320800452773E-005
    0.262020000000E+005    0.324607433114E-005
    0.262520000000E+005    0.328448288855E-005
    0.263020000000E+005    0.332323209262E-005
    0.263520000000E+005    0.336232383853E-005
    0.264020000000E+005    0.340176002398E-005
    0.264520000000E+005    0.344154254913E-005
    0.265020000000E+005    0.348167331657E-005
    0.265520000000E+005    0.352215423131E-005
    0.266020000000E+005    0.356298720071E-005
    0.266520000000E+005    0.360417413446E-005
    0.267020000000E+005    0.364571694458E-005
    0.267520000000E+005    0.368761754533E-005
    0.268020000000E+005    0.372987785321E-005
    0.268520000000E+005    0.377249978692E-005
    0.269020000000E+005    0.381548526733E-005
    0.269520000000E+005    0.385883621744E-005
    0.270020000000E+005    0.390255456235E-005
    0.270520000000E+005    0.394664222924E-005
    0.271020000000E+005    0.399110114729E-005
    0.271520000000E+005    0.403593324771E-005
    0.272020000000E+005    0.408114046367E-005
    0.272520000000E+005    0.412672473027E-005
    0.273020000000E+005    0.417268798451E-005
    0.273520000000E+005    0.421903216525E-005
    0.274020000000E+005    0.426575921320E-005
    0.274520000000E+005    0.431287107086E-005
    0.275020000000E+005    0.436036968250E-005
    0.275520000000E+005    0.440825699413E-005
    0.276020000000E+005    0.445653495346E-005
    0.276520000000E+005    0.450520550986E-005
    0.277020000000E+005    0.455427061436E-005
    0.277520000000E+005    0.460373221958E-005
    0.278020000000E+005    0.465359227970E-005
    0.278520000000E+005    0.470385275047E-005
    0.279020000000E+005    0.475451558911E-005
    0.279520000000E+005    0.480558275435E-005
    0.280020000000E+005    0.485705620634E-005
    0.280520000000E+005    0.490893790663E-005
    0.281020000000E+005    0.496122981819E-005
    0.281520000000E+005    0.501393390529E-005
    0.282020000000E+005    0.506705213353E-005
    0.282520000000E+005    0.512058646981E-005
    0.283020000000E+005    0.517453888224E-005
    0.283520000000E+005    0.522891134018E-005
    0.284020000000E+005    0.528370581416E-005
    0.284520000000E+005    0.533892427588E-005
    0.285020000000E+005    0.539456869813E-005
    0.285520000000E+005    0.545064105482E-005
    0.286020000000E+005    0.550714332091E-005
    0.286520000000E+005    0.556407747238E-005
    0.287020000000E+005    0.562144548622E-005
    0.287520000000E+005    0.567924934036E-005
    0.288020000000E+005    0.573749101369E-005
    0.288520000000E+005    0.579617248599E-005
    0.289020000000E+005    0.585529573791E-005
    0.289520000000E+005    0.591486275094E-005
    0.290020000000E+005    0.597487550737E-005
    0.290520000000E+005    0.603533599028E-005
    0.291020000000E+005    0.609624618350E-005
    0.291520000000E+005    0.615760807156E-005
    0.292020000000E+005    0.621942363969E-005
    0.292520000000E+005    0.628169487377E-005
    0.293020000000E+005    0.634442376029E-005
    0.293520000000E+005    0.640761228636E-005
    0.294020000000E+005    0.647126243963E-005
    0.294520000000E+005    0.653537620829E-005
    0.295020000000E+005    0.659995558104E-005
    0.295520000000E+005    0.666500254705E-005
    0.296020000000E+005    0.673051909592E-005
    0.296520000000E+005    0.679650721768E-005
    0.297020000000E+005    0.686296890273E-005
    0.297520000000E+005    0.692990614183E-005
    0.298020000000E+005    0.699732092605E-005
    0.298520000000E+005    0.706521524677E-005
    0.299020000000E+005    0.713359109563E-005
    0.299520000000E+005    0.720245046449E-005
    0.300020000000E+005    0.727179534544E-005
    0.300520000000E+005    0.734162773072E-005
    0.301020000000E+005    0.741194961273E-005
    0.301520000000E+005    0.748276298398E-005
    0.302020000000E+005    0.755406983708E-005
    0.302520000000E+005    0.762587216469E-005
    0.303020000000E+005    0.769817195950E-005
    0.303520000000E+005    0.777097121419E-005
    0.304020000000E+005    0.784427192145E-005
    0.304520000000E+005    0.791807607388E-005
    0.305020000000E+005    0.799238566399E-005
    0.305520000000E+005    0.806720268422E-005
    0.306020000000E+005    0.814252912681E-005
    0.306520000000E+005    0.821836698389E-005
    0.307020000000E+005    0.829471824734E-005
    0.307520000000E+005    0.837158490886E-005
    0.308020000000E+005    0.844896895985E-005
    0.308520000000E+005    0.852687239148E-005
    0.309020000000E+005    0.860529719456E-005
    0.309520000000E+005    0.868424535959E-005
    0.310020000000E+005    0.876371887671E-005
    0.310520000000E+005    0.884371973565E-005
    0.311020000000E+005    0.892424992574E-005
    0.311520000000E+005    0.900531143584E-005
    0.312020000000E+005    0.908690625436E-005
    0.312520000000E+005    0.916903636918E-005
    0.313020000000E+005    0.925170376768E-005
    0.313520000000E+005    0.933491043667E-005
    0.314020000000E+005    0.941865836237E-005
    0.314520000000E+005    0.950294953041E-005
    0.315020000000E+005    0.958778592578E-005
    0.315520000000E+005    0.967316953279E-005
    0.316020000000E+005    0.975910233507E-005
    0.316520000000E+005    0.984558631556E-005
    0.317020000000E+005    0.993262345641E-005
    0.317520000000E+005    0.100202157391E-004
    0.318020000000E+005    0.101083651441E-004
    0.318520000000E+005    0.101970736513E-004
    0.319020000000E+005    0.102863432397E-004
    0.319520000000E+005    0.103761758872E-004
    0.320020000000E+005    0.104665735712E-004
    0.320520000000E+005    0.105575382678E-004
    0.321020000000E+005    0.106490719524E-004
    0.321520000000E+005    0.107411765993E-004
    0.322020000000E+005    0.108338541818E-004
    0.322520000000E+005    0.109271066723E-004
    0.323020000000E+005    0.110209360419E-004
    0.323520000000E+005    0.111153442609E-004
    0.324020000000E+005    0.112103332985E-004
    0.324520000000E+005    0.113059051224E-004
    0.325020000000E+005    0.114020616996E-004
    0.325520000000E+005    0.114988049957E-004
    0.326020000000E+005    0.115961369751E-004
    0.326520000000E+005    0.116940596010E-004
    0.327020000000E+005    0.117925748355E-004
    0.327520000000E+005    0.118916846392E-004
    0.328020000000E+005    0.119913909715E-004
    0.328520000000E+005    0.120916957905E-004
    0.329020000000E+005    0.121926010529E-004
    0.329520000000E+005    0.122941087142E-004
    0.330020000000E+005    0.123962207282E-004
    0.330520000000E+005    0.124989390476E-004
    0.331020000000E+005    0.126022656235E-004
    0.331520000000E+005    0.127062024056E-004
    0.332020000000E+005    0.128107513420E-004
    0.332520000000E+005    0.129159143794E-004
    0.333020000000E+005    0.130216934629E-004
    0.333520000000E+005    0.131280905362E-004
    0.334020000000E+005    0.132351075413E-004
    0.334520000000E+005    0.133427464184E-004
    0.335020000000E+005    0.134510091066E-004
    0.335520000000E+005    0.135598975428E-004
    0.336020000000E+005    0.136694136625E-004
    0.336520000000E+005    0.137795593996E-004
    0.337020000000E+005    0.138903366860E-004
    0.337520000000E+005    0.140017474522E-004
    0.338020000000E+005    0.141137936267E-004
    0.338520000000E+005    0.142264771362E-004
    0.339020000000E+005    0.143397999058E-004
    0.339520000000E+005    0.144537638587E-004
    0.340020000000E+005    0.145683709161E-004
    0.340520000000E+005    0.146836229976E-004
    0.341020000000E+005    0.147995220206E-004
    0.341520000000E+005    0.149160699009E-004
    0.342020000000E+005    0.150332685521E-004
    0.342520000000E+005    0.151511198861E-004
    0.343020000000E+005    0.152696258126E-004
    0.343520000000E+005    0.153887882394E-004
    0.344020000000E+005    0.155086090723E-004
    0.344520000000E+005    0.156290902151E-004
    0.345020000000E+005    0.157502335695E-004
    0.345520000000E+005    0.158720410350E-004
    0.346020000000E+005    0.159945145092E-004
    0.346520000000E+005    0.161176558875E-004
    0.347020000000E+005    0.162414670632E-004
    0.347520000000E+005    0.163659499272E-004
    0.348020000000E+005    0.164911063686E-004
    0.348520000000E+005    0.166169382741E-004
    0.349020000000E+005    0.167434475281E-004
    0.349520000000E+005    0.168706360130E-004
    0.350020000000E+005    0.169985056086E-004
    0.350520000000E+005    0.171270581927E-004
    0.351020000000E+005    0.172562956408E-004
    0.351520000000E+005    0.173862198259E-004
    0.352020000000E+005    0.175168326188E-004
    0.352520000000E+005    0.176481358879E-004
    0.353020000000E+005    0.177801314992E-004
    0.353520000000E+005    0.179128213163E-004
    0.354020000000E+005    0.180462072005E-004
    0.354520000000E+005    0.181802910105E-004
    0.355020000000E+005    0.183150746026E-004
    0.355520000000E+005    0.184505598308E-004
    0.356020000000E+005    0.185867485464E-004
    0.356520000000E+005    0.187236425982E-004
    0.357020000000E+005    0.188612438326E-004
    0.357520000000E+005    0.189995540933E-004
    0.358020000000E+005    0.191385752216E-004
    0.358520000000E+005    0.192783090562E-004
    0.359020000000E+005    0.194187574330E-004
    0.359520000000E+005    0.195599221855E-004
    0.360020000000E+005    0.197018051444E-004
    0.360520000000E+005    0.198444081380E-004
    0.361020000000E+005    0.199877329917E-004
    0.361520000000E+005    0.201317815282E-004
    0.362020000000E+005    0.202765555677E-004
    0.362520000000E+005    0.204220569274E-004
    0.363020000000E+005    0.205682874221E-004
    0.363520000000E+005    0.207152488634E-004
    0.364020000000E+005    0.208629430606E-004
    0.364520000000E+005    0.210113718199E-004
    0.365020000000E+005    0.211605369448E-004
    0.365520000000E+005    0.213104402359E-004
    0.366020000000E+005    0.214610834910E-004
    0.366520000000E+005    0.216124685052E-004
    0.367020000000E+005    0.217645970704E-004
    0.367520000000E+005    0.219174709758E-004
    0.368020000000E+005    0.220710920078E-004
    0.368520000000E+005    0.222254619497E-004
    0.369020000000E+005    0.223805825819E-004
    0.369520000000E+005    0.225364556818E-004
    0.370020000000E+005    0.226930830239E-004
    0.370520000000E+005    0.228504663798E-004
    0.371020000000E+005    0.230086075179E-004
    0.371520000000E+005    0.231675082037E-004
    0.372020000000E+005    0.233271701996E-004
    0.372520000000E+005    0.234875952650E-004
    0.373020000000E+005    0.236487851563E-004
    0.373520000000E+005    0.238107416267E-004
    0.374020000000E+005    0.239734664263E-004
    0.374520000000E+005    0.241369613021E-004
    0.375020000000E+005    0.243012279981E-004
    0.375520000000E+005    0.244662682550E-004
    0.376020000000E+005    0.246320838105E-004
    0.376520000000E+005    0.247986763989E-004
    0.377020000000E+005    0.249660477515E-004
    0.377520000000E+005    0.251341995964E-004
    0.378020000000E+005    0.253031336584E-004
    0.378520000000E+005    0.254728516590E-004
    0.379020000000E+005    0.256433553168E-004
    0.379520000000E+005    0.258146463467E-004
    0.380020000000E+005    0.259867264606E-004
    0.380520000000E+005    0.261595973670E-004
    0.381020000000E+005    0.263332607713E-004
    0.381520000000E+005    0.265077183752E-004
    0.382020000000E+005    0.266829718775E-004
    0.382520000000E+005    0.268590229733E-004
    0.383020000000E+005    0.270358733546E-004
    0.383520000000E+005    0.272135247100E-004
    0.384020000000E+005    0.273919787245E-004
    0.384520000000E+005    0.275712370800E-004
    0.385020000000E+005    0.277513014547E-004
    0.385520000000E+005    0.279321735237E-004
    0.386020000000E+005    0.281138549583E-004
    0.386520000000E+005    0.282963474268E-004
    0.387020000000E+005    0.284796525936E-004
    0.387520000000E+005    0.286637721198E-004
    0.388020000000E+005    0.288487076632E-004
    0.388520000000E+005    0.290344608777E-004
    0.389020000000E+005    0.292210334141E-004
    0.389520000000E+005    0.294084269194E-004
    0.390020000000E+005    0.295966430371E-004
    0.390520000000E+005    0.297856834074E-004
    0.391020000000E+005    0.299755496665E-004
    0.391520000000E+005    0.301662434475E-004
    0.392020000000E+005    0.303577663795E-004
    0.392520000000E+005    0.305501200883E-004
    0.393020000000E+005    0.307433061960E-004
    0.393520000000E+005    0.309373263210E-004
    0.394020000000E+005    0.311321820781E-004
    0.394520000000E+005    0.313278750785E-004
    0.395020000000E+005    0.315244069298E-004
    0.395520000000E+005    0.317217792358E-004
    0.396020000000E+005    0.319199935966E-004
    0.396520000000E+005    0.321190516088E-004
    0.397020000000E+005    0.323189548652E-004
    0.397520000000E+005    0.325197049549E-004
    0.398020000000E+005    0.327213034631E-004
    0.398520000000E+005    0.329237519715E-004
    0.399020000000E+005    0.331270520580E-004
    0.399520000000E+005    0.333312052967E-004
    0.400020000000E+005    0.335362132579E-004
    0.400520000000E+005    0.337420775083E-004
    0.401020000000E+005    0.339487996105E-004
    0.401520000000E+005    0.341563811236E-004
    0.402020000000E+005    0.343648236028E-004
    0.402520000000E+005    0.345741285993E-004
    0.403020000000E+005    0.347842976608E-004
    0.403520000000E+005    0.349953323310E-004
    0.404020000000E+005    0.352072341495E-004
    0.404520000000E+005    0.354200046525E-004
    0.405020000000E+005    0.356336453720E-004
    0.405520000000E+005    0.358481578363E-004
    0.406020000000E+005    0.360635435696E-004
    0.406520000000E+005    0.362798040924E-004
    0.407020000000E+005    0.364969409213E-004
    0.407520000000E+005    0.367149555688E-004
    0.408020000000E+005    0.369338495437E-004
    0.408520000000E+005    0.371536243506E-004
    0.409020000000E+005    0.373742814903E-004
    0.409520000000E+005    0.375958224597E-004
    0.410020000000E+005    0.378182487517E-004
    0.410520000000E+005    0.380415618551E-004
    0.411020000000E+005    0.382657632548E-004
    0.411520000000E+005    0.384908544318E-004
    0.412020000000E+005    0.387168368630E-004
    0.412520000000E+005    0.389437120213E-004
    0.413020000000E+005    0.391714813756E-004
    0.413520000000E+005    0.394001463906E-004
    0.414020000000E+005    0.396297085274E-004
    0.414520000000E+005    0.398601692425E-004
    0.415020000000E+005    0.400915299888E-004
    0.415520000000E+005    0.403237922148E-004
    0.416020000000E+005    0.405569573653E-004
    0.416520000000E+005    0.407910268806E-004
    0.417020000000E+005    0.410260021973E-004
    0.417520000000E+005    0.412618847476E-004
    0.418020000000E+005    0.414986759597E-004
    0.418520000000E+005    0.417363772579E-004
    0.419020000000E+005    0.419749900620E-004
    0.419520000000E+005    0.422145157880E-004
    0.420020000000E+005    0.424549558475E-004
    0.420520000000E+005    0.426963116482E-004
    0.421020000000E+005    0.429385845935E-004
    0.421520000000E+005    0.431817760827E-004
    0.422020000000E+005    0.434258875109E-004
    0.422520000000E+005    0.436709202690E-004
    0.423020000000E+005    0.439168757439E-004
    0.423520000000E+005    0.441637553181E-004
    0.424020000000E+005    0.444115603700E-004
    0.424520000000E+005    0.446602922737E-004
    0.425020000000E+005    0.449099523993E-004
    0.425520000000E+005    0.451605421125E-004
    0.426020000000E+005    0.454120627749E-004
    0.426520000000E+005    0.456645157438E-004
    0.427020000000E+005    0.459179023721E-004
    0.427520000000E+005    0.461722240089E-004
    0.428020000000E+005    0.464274819986E-004
    0.428520000000E+005    0.466836776816E-004
    0.429020000000E+005    0.469408123940E-004
    0.429520000000E+005    0.471988874675E-004
    0.430020000000E+005    0.474579042297E-004
    0.430520000000E+005    0.477178640039E-004
    0.431020000000E+005    0.479787681089E-004
    0.431520000000E+005    0.482406178594E-004
    0.432020000000E+005    0.485034145658E-004
    0.432520000000E+005    0.487671595342E-004
    0.433020000000E+005    0.490318540662E-004
    0.433520000000E+005    0.492974994594E-004
    0.434020000000E+005    0.495640970068E-004
    0.434520000000E+005    0.498316479971E-004
    0.435020000000E+005    0.501001537149E-004
    0.435520000000E+005    0.503696154402E-004
    0.436020000000E+005    0.506400344488E-004
    0.436520000000E+005    0.509114120120E-004
    0.437020000000E+005    0.511837493969E-004
    0.437520000000E+005    0.514570478662E-004
    0.438020000000E+005    0.517313086782E-004
    0.438520000000E+005    0.520065330868E-004
    0.439020000000E+005    0.522827223415E-004
    0.439520000000E+005    0.525598776875E-004
    0.440020000000E+005    0.528380003657E-004
    0.440520000000E+005    0.531170916124E-004
    0.441020000000E+005    0.533971526595E-004
    0.441520000000E+005    0.536781847347E-004
    0.442020000000E+005    0.539601890611E-004
    0.442520000000E+005    0.542431668575E-004
    0.443020000000E+005    0.545271193383E-004
    0.443520000000E+005    0.548120477132E-004
    0.444020000000E+005    0.550979531879E-004
    0.444520000000E+005    0.553848369634E-004
    0.445020000000E+005    0.556727002363E-004
    0.445520000000E+005    0.559615441987E-004
    0.446020000000E+005    0.562513700384E-004
    0.446520000000E+005    0.565421789387E-004
    0.447020000000E+005    0.568339720784E-004
    0.447520000000E+005    0.571267506319E-004
    0.448020000000E+005    0.574205157689E-004
    0.448520000000E+005    0.577152686551E-004
    0.449020000000E+005    0.580110104513E-004
    0.449520000000E+005    0.583077423141E-004
    0.450020000000E+005    0.586054653954E-004
    0.450520000000E+005    0.589041808427E-004
    0.451020000000E+005    0.592038897991E-004
    0.451520000000E+005    0.595045934032E-004
    0.452020000000E+005    0.598062927889E-004
    0.452520000000E+005    0.601089890858E-004
    0.453020000000E+005    0.604126834190E-004
    0.453520000000E+005    0.607173769091E-004
    0.454020000000E+005    0.610230706719E-004
    0.454520000000E+005    0.613297658191E-004
    0.455020000000E+005    0.616374634577E-004
    0.455520000000E+005    0.619461646901E-004
    0.456020000000E+005    0.622558706143E-004
    0.456520000000E+005    0.625665823238E-004
    0.457020000000E+005    0.628783009073E-004
    0.457520000000E+005    0.631910274494E-004
    0.458020000000E+005    0.635047630298E-004
    0.458520000000E+005    0.638195087239E-004
    0.459020000000E+005    0.641352656024E-004
    0.459520000000E+005    0.644520347314E-004
    0.460020000000E+005    0.647698171727E-004
    0.460520000000E+005    0.650886139834E-004
    0.461020000000E+005    0.654084262161E-004
    0.461520000000E+005    0.657292549187E-004
    0.462020000000E+005    0.660511011346E-004
    0.462520000000E+005    0.663739659029E-004
    0.463020000000E+005    0.666978502577E-004
    0.463520000000E+005    0.670227552288E-004
    0.464020000000E+005    0.673486818415E-004
    0.464520000000E+005    0.676756311163E-004
    0.465020000000E+005    0.680036040693E-004
    0.465520000000E+005    0.683326017120E-004
    0.466020000000E+005    0.686626250511E-004
    0.466520000000E+005    0.689936750891E-004
    0.467020000000E+005    0.693257528237E-004
    0.467520000000E+005    0.696588592479E-004
    0.468020000000E+005    0.699929953504E-004
    0.468520000000E+005    0.703281621151E-004
    0.469020000000E+005    0.706643605213E-004
    0.469520000000E+005    0.710015915439E-004
    0.470020000000E+005    0.713398561530E-004
    0.470520000000E+005    0.716791553143E-004
    0.471020000000E+005    0.720194899886E-004
    0.471520000000E+005    0.723608611324E-004
    0.472020000000E+005    0.727032696975E-004
    0.472520000000E+005    0.730467166311E-004
    0.473020000000E+005    0.733912028757E-004
    0.473520000000E+005    0.737367293693E-004
    0.474020000000E+005    0.740832970452E-004
    0.474520000000E+005    0.744309068323E-004
    0.475020000000E+005    0.747795596546E-004
    0.475520000000E+005    0.751292564316E-004
    0.476020000000E+005    0.754799980784E-004
    0.476520000000E+005    0.758317855051E-004
    0.477020000000E+005    0.761846196175E-004
    0.477520000000E+005    0.765385013167E-004
    0.478020000000E+005    0.768934314990E-004
    0.478520000000E+005    0.772494110563E-004
    0.479020000000E+005    0.776064408757E-004
    0.479520000000E+005    0.779645218400E-004
    0.480020000000E+005    0.783236548269E-004
    0.480520000000E+005    0.786838407100E-004
    0.481020000000E+005    0.790450803577E-004
    0.481520000000E+005    0.794073746344E-004
    0.482020000000E+005    0.797707243993E-004
    0.482520000000E+005    0.801351305073E-004
    0.483020000000E+005    0.805005938086E-004
    0.483520000000E+005    0.808671151489E-004
    0.484020000000E+005    0.812346953689E-004
    0.484520000000E+005    0.816033353051E-004
    0.485020000000E+005    0.819730357890E-004
    0.485520000000E+005    0.823437976478E-004
    0.486020000000E+005    0.827156217039E-004
    0.486520000000E+005    0.830885087749E-004
    0.487020000000E+005    0.834624596742E-004
    0.487520000000E+005    0.838374752101E-004
    0.488020000000E+005    0.842135561866E-004
    0.488520000000E+005    0.845907034029E-004
    0.489020000000E+005    0.849689176536E-004
    0.489520000000E+005    0.853481997287E-004
    0.490020000000E+005    0.857285504136E-004
    0.490520000000E+005    0.861099704889E-004
    0.491020000000E+005    0.864924607307E-004
    0.491520000000E+005    0.868760219104E-004
    0.492020000000E+005    0.872606547948E-004
    0.492520000000E+005    0.876463601462E-004
    0.493020000000E+005    0.880331387220E-004
    0.493520000000E+005    0.884209912751E-004
    0.494020000000E+005    0.888099185539E-004
    0.494520000000E+005    0.891999213018E-004
    0.495020000000E+005    0.895910002579E-004
    0.495520000000E+005    0.899831561566E-004
    0.496020000000E+005    0.903763897275E-004
    0.496520000000E+005    0.907707016958E-004
    0.497020000000E+005    0.911660927819E-004
    0.497520000000E+005    0.915625637017E-004
    0.498020000000E+005    0.919601151663E-004
    0.498520000000E+005    0.923587478822E-004
    0.499020000000E+005    0.927584625515E-004
    0.499520000000E+005    0.931592598714E-004
    0.500020000000E+005    0.935611405345E-004
    0.500520000000E+005    0.939641052289E-004
    0.501020000000E+005    0.943681546380E-004
    0.501520000000E+005    0.947732894405E-004
    0.502020000000E+005    0.951795103107E-004
    0.502520000000E+005    0.955868179180E-004
    0.503020000000E+005    0.959952129273E-004
    0.503520000000E+005    0.964046959989E-004
    0.504020000000E+005    0.968152677884E-004
    0.504520000000E+005    0.972269289468E-004
    0.505020000000E+005    0.976396801206E-004
    0.505520000000E+005    0.980535219515E-004
    0.506020000000E+005    0.984684550766E-004
    0.506520000000E+005    0.988844801285E-004
    0.507020000000E+005    0.993015977351E-004
    0.507520000000E+005    0.997198085197E-004
    0.508020000000E+005    0.100139113101E-003
    0.508520000000E+005    0.100559512093E-003
    0.509020000000E+005    0.100981006105E-003
    0.509520000000E+005    0.101403595742E-003
    0.510020000000E+005    0.101827281604E-003
    0.510520000000E+005    0.102252064287E-003
    0.511020000000E+005    0.102677944382E-003
    0.511520000000E+005    0.103104922475E-003
    0.512020000000E+005    0.103532999148E-003
    0.512520000000E+005    0.103962174978E-003
    0.513020000000E+005    0.104392450538E-003
    0.513520000000E+005    0.104823826396E-003
    0.514020000000E+005    0.105256303114E-003
    0.514520000000E+005    0.105689881253E-003
    0.515020000000E+005    0.106124561365E-003
    0.515520000000E+005    0.106560344001E-003
    0.516020000000E+005    0.106997229705E-003
    0.516520000000E+005    0.107435219018E-003
    0.517020000000E+005    0.107874312476E-003
    0.517520000000E+005    0.108314510610E-003
    0.518020000000E+005    0.108755813946E-003
    0.518520000000E+005    0.109198223007E-003
    0.519020000000E+005    0.109641738310E-003
    0.519520000000E+005    0.110086360367E-003
    0.520020000000E+005    0.110532089688E-003
    0.520520000000E+005    0.110978926775E-003
    0.521020000000E+005    0.111426872128E-003
    0.521520000000E+005    0.111875926241E-003
    0.522020000000E+005    0.112326089605E-003
    0.522520000000E+005    0.112777362704E-003
    0.523020000000E+005    0.113229746021E-003
    0.523520000000E+005    0.113683240029E-003
    0.524020000000E+005    0.114137845203E-003
    0.524520000000E+005    0.114593562008E-003
    0.525020000000E+005    0.115050390907E-003
    0.525520000000E+005    0.115508332358E-003
    0.526020000000E+005    0.115967386815E-003
    0.526520000000E+005    0.116427554727E-003
    0.527020000000E+005    0.116888836537E-003
    0.527520000000E+005    0.117351232686E-003
    0.528020000000E+005    0.117814743609E-003
    0.528520000000E+005    0.118279369736E-003
    0.529020000000E+005    0.118745111494E-003
    0.529520000000E+005    0.119211969304E-003
    0.530020000000E+005    0.119679943584E-003
    0.530520000000E+005    0.120149034745E-003
    0.531020000000E+005    0.120619243196E-003
    0.531520000000E+005    0.121090569341E-003
    0.532020000000E+005    0.121563013578E-003
    0.532520000000E+005    0.122036576301E-003
    0.533020000000E+005    0.122511257901E-003
    0.533520000000E+005    0.122987058763E-003
    0.534020000000E+005    0.123463979268E-003
    0.534520000000E+005    0.123942019791E-003
    0.535020000000E+005    0.124421180706E-003
    0.535520000000E+005    0.124901462378E-003
    0.536020000000E+005    0.125382865172E-003
    0.536520000000E+005    0.125865389444E-003
    0.537020000000E+005    0.126349035550E-003
    0.537520000000E+005    0.126833803837E-003
    0.538020000000E+005    0.127319694652E-003
    0.538520000000E+005    0.127806708334E-003
    0.539020000000E+005    0.128294845219E-003
    0.539520000000E+005    0.128784105638E-003
    0.540020000000E+005    0.129274489918E-003
    0.540520000000E+005    0.129765998382E-003
    0.541020000000E+005    0.130258631347E-003
    0.541520000000E+005    0.130752389127E-003
    0.542020000000E+005    0.131247272030E-003
    0.542520000000E+005    0.131743280362E-003
    0.543020000000E+005    0.132240414421E-003
    0.543520000000E+005    0.132738674503E-003
    0.544020000000E+005    0.133238060900E-003
    0.544520000000E+005    0.133738573898E-003
    0.545020000000E+005    0.134240213779E-003
    0.545520000000E+005    0.134742980820E-003
    0.546020000000E+005    0.135246875296E-003
    0.546520000000E+005    0.135751897473E-003
    0.547020000000E+005    0.136258047618E-003
    0.547520000000E+005    0.136765325990E-003
    0.548020000000E+005    0.137273732843E-003
    0.548520000000E+005    0.137783268430E-003
    0.549020000000E+005    0.138293932997E-003
    0.549520000000E+005    0.138805726785E-003
    0.550020000000E+005    0.139318650033E-003
    0.550520000000E+005    0.139832702973E-003
    0.551020000000E+005    0.140347885835E-003
    0.551520000000E+005    0.140864198843E-003
    0.552020000000E+005    0.141381642217E-003
    0.552520000000E+005    0.141900216173E-003
    0.553020000000E+005    0.142419920922E-003
    0.553520000000E+005    0.142940756670E-003
    0.554020000000E+005    0.143462723621E-003
    0.554520000000E+005    0.143985821971E-003
    0.555020000000E+005    0.144510051915E-003
    0.555520000000E+005    0.145035413642E-003
    0.556020000000E+005    0.145561907337E-003
    0.556520000000E+005    0.146089533180E-003
    0.557020000000E+005    0.146618291348E-003
    0.557520000000E+005    0.147148182011E-003
    0.558020000000E+005    0.147679205338E-003
    0.558520000000E+005    0.148211361491E-003
    0.559020000000E+005    0.148744650629E-003
    0.559520000000E+005    0.149279072906E-003
    0.560020000000E+005    0.149814628473E-003
    0.560520000000E+005    0.150351317473E-003
    0.561020000000E+005    0.150889140050E-003
    0.561520000000E+005    0.151428096339E-003
    0.562020000000E+005    0.151968186473E-003
    0.562520000000E+005    0.152509410581E-003
    0.563020000000E+005    0.153051768786E-003
    0.563520000000E+005    0.153595261207E-003
    0.564020000000E+005    0.154139887960E-003
    0.564520000000E+005    0.154685649155E-003
    0.565020000000E+005    0.155232544900E-003
    0.565520000000E+005    0.155780575296E-003
    0.566020000000E+005    0.156329740441E-003
    0.566520000000E+005    0.156880040429E-003
    0.567020000000E+005    0.157431475349E-003
    0.567520000000E+005    0.157984045287E-003
    0.568020000000E+005    0.158537750322E-003
    0.568520000000E+005    0.159092590531E-003
    0.569020000000E+005    0.159648565986E-003
    0.569520000000E+005    0.160205676756E-003
    0.570020000000E+005    0.160763922903E-003
    0.570520000000E+005    0.161323304487E-003
    0.571020000000E+005    0.161883821563E-003
    0.571520000000E+005    0.162445474182E-003
    0.572020000000E+005    0.163008262389E-003
    0.572520000000E+005    0.163572186228E-003
    0.573020000000E+005    0.164137245737E-003
    0.573520000000E+005    0.164703440948E-003
    0.574020000000E+005    0.165270771891E-003
    0.574520000000E+005    0.165839238592E-003
    0.575020000000E+005    0.166408841072E-003
    0.575520000000E+005    0.166979579346E-003
    0.576020000000E+005    0.167551453429E-003
    0.576520000000E+005    0.168124463328E-003
    0.577020000000E+005    0.168698609046E-003
    0.577520000000E+005    0.169273890585E-003
    0.578020000000E+005    0.169850307938E-003
    0.578520000000E+005    0.170427861099E-003
    0.579020000000E+005    0.171006550054E-003
    0.579520000000E+005    0.171586374786E-003
    0.580020000000E+005    0.172167335273E-003
    0.580520000000E+005    0.172749431491E-003
    0.581020000000E+005    0.173332663410E-003
    0.581520000000E+005    0.173917030996E-003
    0.582020000000E+005    0.174502534211E-003
    0.582520000000E+005    0.175089173012E-003
    0.583020000000E+005    0.175676947355E-003
    0.583520000000E+005    0.176265857187E-003
    0.584020000000E+005    0.176855902455E-003
    0.584520000000E+005    0.177447083100E-003
    0.585020000000E+005    0.178039399058E-003
    0.585520000000E+005    0.178632850263E-003
    0.586020000000E+005    0.179227436643E-003
    0.586520000000E+005    0.179823158123E-003
    0.587020000000E+005    0.180420014624E-003
    0.587520000000E+005    0.181018006061E-003
    0.588020000000E+005    0.181617132347E-003
    0.588520000000E+005    0.182217393391E-003
    0.589020000000E+005    0.182818789095E-003
    0.589520000000E+005    0.183421319360E-003
    0.590020000000E+005    0.184024984081E-003
    0.590520000000E+005    0.184629783151E-003
    0.591020000000E+005    0.185235716456E-003
    0.591520000000E+005    0.185842783880E-003
    0.592020000000E+005    0.186450985303E-003
    0.592520000000E+005    0.187060320600E-003
    0.593020000000E+005    0.187670789641E-003
    0.593520000000E+005    0.188282392294E-003
    0.594020000000E+005    0.188895128422E-003
    0.594520000000E+005    0.189508997884E-003
    0.595020000000E+005    0.190124000535E-003
    0.595520000000E+005    0.190740136225E-003
    0.596020000000E+005    0.191357404801E-003
    0.596520000000E+005    0.191975806107E-003
    0.597020000000E+005    0.192595339980E-003
    0.597520000000E+005    0.193216006255E-003
    0.598020000000E+005    0.193837804763E-003
    0.598520000000E+005    0.194460735330E-003
    0.599020000000E+005    0.195084797780E-003
    0.599520000000E+005    0.195709991929E-003
    0.600020000000E+005    0.196336317594E-003
    0.600520000000E+005    0.196963774583E-003
    0.601020000000E+005    0.197592362705E-003
    0.601520000000E+005    0.198222081760E-003
    0.602020000000E+005    0.198852931548E-003
    0.602520000000E+005    0.199484911864E-003
    0.603020000000E+005    0.200118022496E-003
    0.603520000000E+005    0.200752263233E-003
    0.604020000000E+005    0.201387633856E-003
    0.604520000000E+005    0.202024134144E-003
    0.605020000000E+005    0.202661763872E-003
    0.605520000000E+005    0.203300522809E-003
    0.606020000000E+005    0.203940410724E-003
    0.606520000000E+005    0.204581427377E-003
    0.607020000000E+005    0.205223572529E-003
    0.607520000000E+005    0.205866845933E-003
    0.608020000000E+005    0.206511247342E-003
    0.608520000000E+005    0.207156776500E-003
    0.609020000000E+005    0.207803433152E-003
    0.609520000000E+005    0.208451217036E-003
    0.610020000000E+005    0.209100127888E-003
    0.610520000000E+005    0.209750165439E-003
    0.611020000000E+005    0.210401329415E-003
    0.611520000000E+005    0.211053619541E-003
    0.612020000000E+005    0.211707035535E-003
    0.612520000000E+005    0.212361577114E-003
    0.613020000000E+005    0.213017243989E-003
    0.613520000000E+005    0.213674035867E-003
    0.614020000000E+005    0.214331952453E-003
    0.614520000000E+005    0.214990993446E-003
    0.615020000000E+005    0.215651158543E-003
    0.615520000000E+005    0.216312447436E-003
    0.616020000000E+005    0.216974859813E-003
    0.616520000000E+005    0.217638395359E-003
    0.617020000000E+005    0.218303053755E-003
    0.617520000000E+005    0.218968834677E-003
    0.618020000000E+005    0.219635737798E-003
    0.618520000000E+005    0.220303762788E-003
    0.619020000000E+005    0.220972909311E-003
    0.619520000000E+005    0.221643177030E-003
    0.620020000000E+005    0.222314565601E-003
    0.620520000000E+005    0.222987074679E-003
    0.621020000000E+005    0.223660703914E-003
    0.621520000000E+005    0.224335452952E-003
    0.622020000000E+005    0.225011321435E-003
    0.622520000000E+005    0.225688309002E-003
    0.623020000000E+005    0.226366415288E-003
    0.623520000000E+005    0.227045639924E-003
    0.624020000000E+005    0.227725982536E-003
    0.624520000000E+005    0.228407442749E-003
    0.625020000000E+005    0.229090020183E-003
    0.625520000000E+005    0.229773714452E-003
    0.626020000000E+005    0.230458525169E-003
    0.626520000000E+005    0.231144451943E-003
    0.627020000000E+005    0.231831494379E-003
    0.627520000000E+005    0.232519652076E-003
    0.628020000000E+005    0.233208924633E-003
    0.628520000000E+005    0.233899311642E-003
    0.629020000000E+005    0.234590812693E-003
    0.629520000000E+005    0.235283427373E-003
    0.630020000000E+005    0.235977155263E-003
    0.630520000000E+005    0.236671995943E-003
    0.631020000000E+005    0.237367948986E-003
    0.631520000000E+005    0.238065013963E-003
    0.632020000000E+005    0.238763190444E-003
    0.632520000000E+005    0.239462477989E-003
    0.633020000000E+005    0.240162876161E-003
    0.633520000000E+005    0.240864384515E-003
    0.634020000000E+005    0.241567002604E-003
    0.634520000000E+005    0.242270729977E-003
    0.635020000000E+005    0.242975566178E-003
    0.635520000000E+005    0.243681510750E-003
    0.636020000000E+005    0.244388563231E-003
    0.636520000000E+005    0.245096723154E-003
    0.637020000000E+005    0.245805990051E-003
    0.637520000000E+005    0.246516363448E-003
    0.638020000000E+005    0.247227842869E-003
    0.638520000000E+005    0.247940427834E-003
    0.639020000000E+005    0.248654117858E-003
    0.639520000000E+005    0.249368912454E-003
    0.640020000000E+005    0.250084811131E-003
    0.640520000000E+005    0.250801813394E-003
    0.641020000000E+005    0.251519918745E-003
    0.641520000000E+005    0.252239126681E-003
    0.642020000000E+005    0.252959436697E-003
    0.642520000000E+005    0.253680848284E-003
    0.643020000000E+005    0.254403360930E-003
    0.643520000000E+005    0.255126974117E-003
    0.644020000000E+005    0.255851687326E-003
    0.644520000000E+005    0.256577500033E-003
    0.645020000000E+005    0.257304411711E-003
    0.645520000000E+005    0.258032421830E-003
    0.646020000000E+005    0.258761529855E-003
    0.646520000000E+005    0.259491735249E-003
    0.647020000000E+005    0.260223037470E-003
    0.647520000000E+005    0.260955435974E-003
    0.648020000000E+005    0.261688930211E-003
    0.648520000000E+005    0.262423519631E-003
    0.649020000000E+005    0.263159203677E-003
    0.649520000000E+005    0.263895981792E-003
    0.650020000000E+005    0.264633853411E-003
    0.650520000000E+005    0.265372817970E-003
    0.651020000000E+005    0.266112874899E-003
    0.651520000000E+005    0.266854023624E-003
    0.652020000000E+005    0.267596263570E-003
    0.652520000000E+005    0.268339594156E-003
    0.653020000000E+005    0.269084014800E-003
    0.653520000000E+005    0.269829524913E-003
    0.654020000000E+005    0.270576123906E-003
    0.654520000000E+005    0.271323811184E-003
    0.655020000000E+005    0.272072586151E-003
    0.655520000000E+005    0.272822448206E-003
    0.656020000000E+005    0.273573396744E-003
    0.656520000000E+005    0.274325431157E-003
    0.657020000000E+005    0.275078550836E-003
    0.657520000000E+005    0.275832755164E-003
    0.658020000000E+005    0.276588043524E-003
    0.658520000000E+005    0.277344415294E-003
    0.659020000000E+005    0.278101869851E-003
    0.659520000000E+005    0.278860406565E-003
    0.660020000000E+005    0.279620024804E-003
    0.660520000000E+005    0.280380723935E-003
    0.661020000000E+005    0.281142503317E-003
    0.661520000000E+005    0.281905362310E-003
    0.662020000000E+005    0.282669300268E-003
    0.662520000000E+005    0.283434316543E-003
    0.663020000000E+005    0.284200410482E-003
    0.663520000000E+005    0.284967581430E-003
    0.664020000000E+005    0.285735828729E-003
    0.664520000000E+005    0.286505151716E-003
    0.665020000000E+005    0.287275549725E-003
    0.665520000000E+005    0.288047022089E-003
    0.666020000000E+005    0.288819568134E-003
    0.666520000000E+005    0.289593187186E-003
    0.667020000000E+005    0.290367878565E-003
    0.667520000000E+005    0.291143641589E-003
    0.668020000000E+005    0.291920475573E-003
    0.668520000000E+005    0.292698379828E-003
    0.669020000000E+005    0.293477353662E-003
    0.669520000000E+005    0.294257396379E-003
    0.670020000000E+005    0.295038507281E-003
    0.670520000000E+005    0.295820685666E-003
    0.671020000000E+005    0.296603930828E-003
    0.671520000000E+005    0.297388242058E-003
    0.672020000000E+005    0.298173618646E-003
    0.672520000000E+005    0.298960059875E-003
    0.673020000000E+005    0.299747565027E-003
    0.673520000000E+005    0.300536133381E-003
    0.674020000000E+005    0.301325764211E-003
    0.674520000000E+005    0.302116456789E-003
    0.675020000000E+005    0.302908210385E-003
    0.675520000000E+005    0.303701024262E-003
    0.676020000000E+005    0.304494897684E-003
    0.676520000000E+005    0.305289829908E-003
    0.677020000000E+005    0.306085820191E-003
    0.677520000000E+005    0.306882867785E-003
    0.678020000000E+005    0.307680971939E-003
    0.678520000000E+005    0.308480131899E-003
    0.679020000000E+005    0.309280346908E-003
    0.679520000000E+005    0.310081616205E-003
    0.680020000000E+005    0.310883939027E-003
    0.680520000000E+005    0.311687314606E-003
    0.681020000000E+005    0.312491742173E-003
    0.681520000000E+005    0.313297220954E-003
    0.682020000000E+005    0.314103750173E-003
    0.682520000000E+005    0.314911329051E-003
    0.683020000000E+005    0.315719956805E-003
    0.683520000000E+005    0.316529632648E-003
    0.684020000000E+005    0.317340355792E-003
    0.684520000000E+005    0.318152125445E-003
    0.685020000000E+005    0.318964940811E-003
    0.685520000000E+005    0.319778801091E-003
    0.686020000000E+005    0.320593705485E-003
    0.686520000000E+005    0.321409653187E-003
    0.687020000000E+005    0.322226643390E-003
    0.687520000000E+005    0.323044675282E-003
    0.688020000000E+005    0.323863748050E-003
    0.688520000000E+005    0.324683860876E-003
    0.689020000000E+005    0.325505012941E-003
    0.689520000000E+005    0.326327203419E-003
    0.690020000000E+005    0.327150431487E-003
    0.690520000000E+005    0.327974696312E-003
    0.691020000000E+005    0.328799997064E-003
    0.691520000000E+005    0.329626332906E-003
    0.692020000000E+005    0.330453702999E-003
    0.692520000000E+005    0.331282106503E-003
    0.693020000000E+005    0.332111542571E-003
    0.693520000000E+005    0.332942010355E-003
    0.694020000000E+005    0.333773509006E-003
    0.694520000000E+005    0.334606037668E-003
    0.695020000000E+005    0.335439595486E-003
    0.695520000000E+005    0.336274181598E-003
    0.696020000000E+005    0.337109795141E-003
    0.696520000000E+005    0.337946435250E-003
    0.697020000000E+005    0.338784101055E-003
    0.697520000000E+005    0.339622791684E-003
    0.698020000000E+005    0.340462506262E-003
    0.698520000000E+005    0.341303243910E-003
    0.699020000000E+005    0.342145003748E-003
    0.699520000000E+005    0.342987784892E-003
    0.700020000000E+005    0.343831586454E-003
    0.700520000000E+005    0.344676407544E-003
    0.701020000000E+005    0.345522247268E-003
    0.701520000000E+005    0.346369104732E-003
    0.702020000000E+005    0.347216979036E-003
    0.702520000000E+005    0.348065869278E-003
    0.703020000000E+005    0.348915774553E-003
    0.703520000000E+005    0.349766693954E-003
    0.704020000000E+005    0.350618626568E-003
    0.704520000000E+005    0.351471571483E-003
    0.705020000000E+005    0.352325527783E-003
    0.705520000000E+005    0.353180494547E-003
    0.706020000000E+005    0.354036470852E-003
    0.706520000000E+005    0.354893455774E-003
    0.707020000000E+005    0.355751448384E-003
    0.707520000000E+005    0.356610447751E-003
    0.708020000000E+005    0.357470452941E-003
    0.708520000000E+005    0.358331463017E-003
    0.709020000000E+005    0.359193477038E-003
    0.709520000000E+005    0.360056494062E-003
    0.710020000000E+005    0.360920513144E-003
    0.710520000000E+005    0.361785533334E-003
    0.711020000000E+005    0.362651553682E-003
    0.711520000000E+005    0.363518573232E-003
    0.712020000000E+005    0.364386591029E-003
    0.712520000000E+005    0.365255606111E-003
    0.713020000000E+005    0.366125617517E-003
    0.713520000000E+005    0.366996624280E-003
    0.714020000000E+005    0.367868625432E-003
    0.714520000000E+005    0.368741620001E-003
    0.715020000000E+005    0.369615607014E-003
    0.715520000000E+005    0.370490585494E-003
    0.716020000000E+005    0.371366554460E-003
    0.716520000000E+005    0.372243512930E-003
    0.717020000000E+005    0.373121459918E-003
    0.717520000000E+005    0.374000394437E-003
    0.718020000000E+005    0.374880315496E-003
    0.718520000000E+005    0.375761222100E-003
    0.719020000000E+005    0.376643113253E-003
    0.719520000000E+005    0.377525987956E-003
    0.720020000000E+005    0.378409845207E-003
    0.720520000000E+005    0.379294684000E-003
    0.721020000000E+005    0.380180503328E-003
    0.721520000000E+005    0.381067302181E-003
    0.722020000000E+005    0.381955079546E-003
    0.722520000000E+005    0.382843834406E-003
    0.723020000000E+005    0.383733565743E-003
    0.723520000000E+005    0.384624272536E-003
    0.724020000000E+005    0.385515953760E-003
    0.724520000000E+005    0.386408608389E-003
    0.725020000000E+005    0.387302235393E-003
    0.725520000000E+005    0.388196833740E-003
    0.726020000000E+005    0.389092402394E-003
    0.726520000000E+005    0.389988940319E-003
    0.727020000000E+005    0.390886446474E-003
    0.727520000000E+005    0.391784919815E-003
    0.728020000000E+005    0.392684359297E-003
    0.728520000000E+005    0.393584763872E-003
    0.729020000000E+005    0.394486132488E-003
    0.729520000000E+005    0.395388464092E-003
    0.730020000000E+005    0.396291757627E-003
    0.730520000000E+005    0.397196012033E-003
    0.731020000000E+005    0.398101226250E-003
    0.731520000000E+005    0.399007399212E-003
    0.732020000000E+005    0.399914529854E-003
    0.732520000000E+005    0.400822617103E-003
    0.733020000000E+005    0.401731659890E-003
    0.733520000000E+005    0.402641657138E-003
    0.734020000000E+005    0.403552607770E-003
    0.734520000000E+005    0.404464510705E-003
    0.735020000000E+005    0.405377364861E-003
    0.735520000000E+005    0.406291169152E-003
    0.736020000000E+005    0.407205922491E-003
    0.736520000000E+005    0.408121623785E-003
    0.737020000000E+005    0.409038271943E-003
    0.737520000000E+005    0.409955865868E-003
    0.738020000000E+005    0.410874404462E-003
    0.738520000000E+005    0.411793886624E-003
    0.739020000000E+005    0.412714311250E-003
    0.739520000000E+005    0.413635677233E-003
    0.740020000000E+005    0.414557983466E-003
    0.740520000000E+005    0.415481228836E-003
    0.741020000000E+005    0.416405412231E-003
    0.741520000000E+005    0.417330532533E-003
    0.742020000000E+005    0.418256588623E-003
    0.742520000000E+005    0.419183579380E-003
    0.743020000000E+005    0.420111503680E-003
    0.743520000000E+005    0.421040360396E-003
    0.744020000000E+005    0.421970148400E-003
    0.744520000000E+005    0.422900866559E-003
    0.745020000000E+005    0.423832513739E-003
    0.745520000000E+005    0.424765088804E-003
    0.746020000000E+005    0.425698590614E-003
    0.746520000000E+005    0.426633018029E-003
    0.747020000000E+005    0.427568369903E-003
    0.747520000000E+005    0.428504645090E-003
    0.748020000000E+005    0.429441842441E-003
    0.748520000000E+005    0.430379960804E-003
    0.749020000000E+005    0.431318999025E-003
    0.749520000000E+005    0.432258955947E-003
    0.750020000000E+005    0.433199830413E-003
    0.750520000000E+005    0.434141621259E-003
    0.751020000000E+005    0.435084327322E-003
    0.751520000000E+005    0.436027947436E-003
    0.752020000000E+005    0.436972480432E-003
    0.752520000000E+005    0.437917925138E-003
    0.753020000000E+005    0.438864280380E-003
    0.753520000000E+005    0.439811544984E-003
    0.754020000000E+005    0.440759717769E-003
    0.754520000000E+005    0.441708797555E-003
    0.755020000000E+005    0.442658783159E-003
    0.755520000000E+005    0.443609673394E-003
    0.756020000000E+005    0.444561467073E-003
    0.756520000000E+005    0.445514163005E-003
    0.757020000000E+005    0.446467759996E-003
    0.757520000000E+005    0.447422256852E-003
    0.758020000000E+005    0.448377652374E-003
    0.758520000000E+005    0.449333945363E-003
    0.759020000000E+005    0.450291134615E-003
    0.759520000000E+005    0.451249218925E-003
    0.760020000000E+005    0.452208197087E-003
    0.760520000000E+005    0.453168067891E-003
    0.761020000000E+005    0.454128830125E-003
    0.761520000000E+005    0.455090482573E-003
    0.762020000000E+005    0.456053024021E-003
    0.762520000000E+005    0.457016453247E-003
    0.763020000000E+005    0.457980769032E-003
    0.763520000000E+005    0.458945970150E-003
    0.764020000000E+005    0.459912055377E-003
    0.764520000000E+005    0.460879023484E-003
    0.765020000000E+005    0.461846873239E-003
    0.765520000000E+005    0.462815603411E-003
    0.766020000000E+005    0.463785212763E-003
    0.766520000000E+005    0.464755700058E-003
    0.767020000000E+005    0.465727064055E-003
    0.767520000000E+005    0.466699303514E-003
    0.768020000000E+005    0.467672417188E-003
    0.768520000000E+005    0.468646403832E-003
    0.769020000000E+005    0.469621262196E-003
    0.769520000000E+005    0.470596991029E-003
    0.770020000000E+005    0.471573589077E-003
    0.770520000000E+005    0.472551055084E-003
    0.771020000000E+005    0.473529387791E-003
    0.771520000000E+005    0.474508585940E-003
    0.772020000000E+005    0.475488648266E-003
    0.772520000000E+005    0.476469573505E-003
    0.773020000000E+005    0.477451360390E-003
    0.773520000000E+005    0.478434007651E-003
    0.774020000000E+005    0.479417514017E-003
    0.774520000000E+005    0.480401878214E-003
    0.775020000000E+005    0.481387098965E-003
    0.775520000000E+005    0.482373174992E-003
    0.776020000000E+005    0.483360105015E-003
    0.776520000000E+005    0.484347887751E-003
    0.777020000000E+005    0.485336521914E-003
    0.777520000000E+005    0.486326006219E-003
    0.778020000000E+005    0.487316339375E-003
    0.778520000000E+005    0.488307520091E-003
    0.779020000000E+005    0.489299547074E-003
    0.779520000000E+005    0.490292419026E-003
    0.780020000000E+005    0.491286134651E-003
    0.780520000000E+005    0.492280692647E-003
    0.781020000000E+005    0.493276091713E-003
    0.781520000000E+005    0.494272330544E-003
    0.782020000000E+005    0.495269407832E-003
    0.782520000000E+005    0.496267322270E-003
    0.783020000000E+005    0.497266072546E-003
    0.783520000000E+005    0.498265657347E-003
    0.784020000000E+005    0.499266075358E-003
    0.784520000000E+005    0.500267325260E-003
    0.785020000000E+005    0.501269405735E-003
    0.785520000000E+005    0.502272315461E-003
    0.786020000000E+005    0.503276053113E-003
    0.786520000000E+005    0.504280617366E-003
    0.787020000000E+005    0.505286006892E-003
    0.787520000000E+005    0.506292220361E-003
    0.788020000000E+005    0.507299256440E-003
    0.788520000000E+005    0.508307113794E-003
    0.789020000000E+005    0.509315791088E-003
    0.789520000000E+005    0.510325286983E-003
    0.790020000000E+005    0.511335600138E-003
    0.790520000000E+005    0.512346729209E-003
    0.791020000000E+005    0.513358672854E-003
    0.791520000000E+005    0.514371429724E-003
    0.792020000000E+005    0.515384998470E-003
    0.792520000000E+005    0.516399377742E-003
    0.793020000000E+005    0.517414566187E-003
    0.793520000000E+005    0.518430562449E-003
    0.794020000000E+005    0.519447365170E-003
    0.794520000000E+005    0.520464972993E-003
    0.795020000000E+005    0.521483384555E-003
    0.795520000000E+005    0.522502598494E-003
    0.796020000000E+005    0.523522613443E-003
    0.796520000000E+005    0.524543428035E-003
    0.797020000000E+005    0.525565040902E-003
    0.797520000000E+005    0.526587450671E-003
    0.798020000000E+005    0.527610655970E-003
    0.798520000000E+005    0.528634655422E-003
    0.799020000000E+005    0.529659447650E-003
    0.799520000000E+005    0.530685031276E-003
    0.800020000000E+005    0.531711404916E-003
    0.800520000000E+005    0.532738567189E-003
    0.801020000000E+005    0.533766516708E-003
    0.801520000000E+005    0.534795252085E-003
    0.802020000000E+005    0.535824771933E-003
    0.802520000000E+005    0.536855074859E-003
    0.803020000000E+005    0.537886159469E-003
    0.803520000000E+005    0.538918024370E-003
    0.804020000000E+005    0.539950668162E-003
    0.804520000000E+005    0.540984089448E-003
    0.805020000000E+005    0.542018286825E-003
    0.805520000000E+005    0.543053258891E-003
    0.806020000000E+005    0.544089004241E-003
    0.806520000000E+005    0.545125521468E-003
    0.807020000000E+005    0.546162809162E-003
    0.807520000000E+005    0.547200865912E-003
    0.808020000000E+005    0.548239690307E-003
    0.808520000000E+005    0.549279280931E-003
    0.809020000000E+005    0.550319636368E-003
    0.809520000000E+005    0.551360755198E-003
    0.810020000000E+005    0.552402636002E-003
    0.810520000000E+005    0.553445277357E-003
    0.811020000000E+005    0.554488677838E-003
    0.811520000000E+005    0.555532836021E-003
    0.812020000000E+005    0.556577750475E-003
    0.812520000000E+005    0.557623419772E-003
    0.813020000000E+005    0.558669842480E-003
    0.813520000000E+005    0.559717017164E-003
    0.814020000000E+005    0.560764942390E-003
    0.814520000000E+005    0.561813616719E-003
    0.815020000000E+005    0.562863038713E-003
    0.815520000000E+005    0.563913206930E-003
    0.816020000000E+005    0.564964119927E-003
    0.816520000000E+005    0.566015776258E-003
    0.817020000000E+005    0.567068174478E-003
    0.817520000000E+005    0.568121313138E-003
    0.818020000000E+005    0.569175190786E-003
    0.818520000000E+005    0.570229805972E-003
    0.819020000000E+005    0.571285157240E-003
    0.819520000000E+005    0.572341243134E-003
    0.820020000000E+005    0.573398062197E-003
    0.820520000000E+005    0.574455612969E-003
    0.821020000000E+005    0.575513893988E-003
    0.821520000000E+005    0.576572903792E-003
    0.822020000000E+005    0.577632640915E-003
    0.822520000000E+005    0.578693103890E-003
    0.823020000000E+005    0.579754291249E-003
    0.823520000000E+005    0.580816201520E-003
    0.824020000000E+005    0.581878833232E-003
    0.824520000000E+005    0.582942184911E-003
    0.825020000000E+005    0.584006255080E-003
    0.825520000000E+005    0.585071042262E-003
    0.826020000000E+005    0.586136544978E-003
    0.826520000000E+005    0.587202761746E-003
    0.827020000000E+005    0.588269691083E-003
    0.827520000000E+005    0.589337331504E-003
    0.828020000000E+005    0.590405681523E-003
    0.828520000000E+005    0.591474739652E-003
    0.829020000000E+005    0.592544504401E-003
    0.829520000000E+005    0.593614974277E-003
    0.830020000000E+005    0.594686147787E-003
    0.830520000000E+005    0.595758023436E-003
    0.831020000000E+005    0.596830599727E-003
    0.831520000000E+005    0.597903875161E-003
    0.832020000000E+005    0.598977848237E-003
    0.832520000000E+005    0.600052517454E-003
    0.833020000000E+005    0.601127881307E-003
    0.833520000000E+005    0.602203938290E-003
    0.834020000000E+005    0.603280686897E-003
    0.834520000000E+005    0.604358125618E-003
    0.835020000000E+005    0.605436252942E-003
    0.835520000000E+005    0.606515067356E-003
    0.836020000000E+005    0.607594567348E-003
    0.836520000000E+005    0.608674751399E-003
    0.837020000000E+005    0.609755617994E-003
    0.837520000000E+005    0.610837165612E-003
    0.838020000000E+005    0.611919392733E-003
    0.838520000000E+005    0.613002297834E-003
    0.839020000000E+005    0.614085879390E-003
    0.839520000000E+005    0.615170135875E-003
    0.840020000000E+005    0.616255065763E-003
    0.840520000000E+005    0.617340667523E-003
    0.841020000000E+005    0.618426939624E-003
    0.841520000000E+005    0.619513880534E-003
    0.842020000000E+005    0.620601488718E-003
    0.842520000000E+005    0.621689762640E-003
    0.843020000000E+005    0.622778700763E-003
    0.843520000000E+005    0.623868301547E-003
    0.844020000000E+005    0.624958563452E-003
    0.844520000000E+005    0.626049484934E-003
    0.845020000000E+005    0.627141064450E-003
    0.845520000000E+005    0.628233300453E-003
    0.846020000000E+005    0.629326191397E-003
    0.846520000000E+005    0.630419735732E-003
    0.847020000000E+005    0.631513931907E-003
    0.847520000000E+005    0.632608778370E-003
    0.848020000000E+005    0.633704273568E-003
    0.848520000000E+005    0.634800415943E-003
    0.849020000000E+005    0.635897203941E-003
    0.849520000000E+005    0.636994636000E-003
    0.850020000000E+005    0.638092710562E-003
    0.850520000000E+005    0.639191426065E-003
    0.851020000000E+005    0.640290780944E-003
    0.851520000000E+005    0.641390773635E-003
    0.852020000000E+005    0.642491402570E-003
    0.852520000000E+005    0.643592666182E-003
    0.853020000000E+005    0.644694562901E-003
    0.853520000000E+005    0.645797091155E-003
    0.854020000000E+005    0.646900249372E-003
    0.854520000000E+005    0.648004035976E-003
    0.855020000000E+005    0.649108449392E-003
    0.855520000000E+005    0.650213488041E-003
    0.856020000000E+005    0.651319150346E-003
    0.856520000000E+005    0.652425434724E-003
    0.857020000000E+005    0.653532339593E-003
    0.857520000000E+005    0.654639863370E-003
    0.858020000000E+005    0.655748004470E-003
    0.858520000000E+005    0.656856761304E-003
    0.859020000000E+005    0.657966132285E-003
    0.859520000000E+005    0.659076115823E-003
    0.860020000000E+005    0.660186710326E-003
    0.860520000000E+005    0.661297914200E-003
    0.861020000000E+005    0.662409725853E-003
    0.861520000000E+005    0.663522143686E-003
    0.862020000000E+005    0.664635166103E-003
    0.862520000000E+005    0.665748791505E-003
    0.863020000000E+005    0.666863018290E-003
    0.863520000000E+005    0.667977844857E-003
    0.864020000000E+005    0.669093269602E-003
    0.864520000000E+005    0.670209290920E-003
    0.865020000000E+005    0.671325907205E-003
    0.865520000000E+005    0.672443116847E-003
    0.866020000000E+005    0.673560918238E-003
    0.866520000000E+005    0.674679309767E-003
    0.867020000000E+005    0.675798289820E-003
    0.867520000000E+005    0.676917856784E-003
    0.868020000000E+005    0.678038009044E-003
    0.868520000000E+005    0.679158744982E-003
    0.869020000000E+005    0.680280062979E-003
    0.869520000000E+005    0.681401961417E-003
    0.870020000000E+005    0.682524438673E-003
    0.870520000000E+005    0.683647493125E-003
    0.871020000000E+005    0.684771123149E-003
    0.871520000000E+005    0.685895327118E-003
    0.872020000000E+005    0.687020103406E-003
    0.872520000000E+005    0.688145450384E-003
    0.873020000000E+005    0.689271366422E-003
    0.873520000000E+005    0.690397849888E-003
    0.874020000000E+005    0.691524899150E-003
    0.874520000000E+005    0.692652512574E-003
    0.875020000000E+005    0.693780688522E-003
    0.875520000000E+005    0.694909425359E-003
    0.876020000000E+005    0.696038721445E-003
    0.876520000000E+005    0.697168575141E-003
    0.877020000000E+005    0.698298984806E-003
    0.877520000000E+005    0.699429948795E-003
    0.878020000000E+005    0.700561465466E-003
    0.878520000000E+005    0.701693533172E-003
    0.879020000000E+005    0.702826150267E-003
    0.879520000000E+005    0.703959315101E-003
    0.880020000000E+005    0.705093026025E-003
    0.880520000000E+005    0.706227281389E-003
    0.881020000000E+005    0.707362079538E-003
    0.881520000000E+005    0.708497418820E-003
    0.882020000000E+005    0.709633297579E-003
    0.882520000000E+005    0.710769714158E-003
    0.883020000000E+005    0.711906666899E-003
    0.883520000000E+005    0.713044154142E-003
    0.884020000000E+005    0.714182174227E-003
    0.884520000000E+005    0.715320725492E-003
    0.885020000000E+005    0.716459806272E-003
    0.885520000000E+005    0.717599414903E-003
    0.886020000000E+005    0.718739549718E-003
    0.886520000000E+005    0.719880209051E-003
    0.887020000000E+005    0.721021391232E-003
    0.887520000000E+005    0.722163094590E-003
    0.888020000000E+005    0.723305317454E-003
    0.888520000000E+005    0.724448058151E-003
    0.889020000000E+005    0.725591315006E-003
    0.889520000000E+005    0.726735086344E-003
    0.890020000000E+005    0.727879370489E-003
    0.890520000000E+005    0.729024165760E-003
    0.891020000000E+005    0.730169470480E-003
    0.891520000000E+005    0.731315282966E-003
    0.892020000000E+005    0.732461601537E-003
    0.892520000000E+005    0.733608424508E-003
    0.893020000000E+005    0.734755750196E-003
    0.893520000000E+005    0.735903576913E-003
    0.894020000000E+005    0.737051902973E-003
    0.894520000000E+005    0.738200726686E-003
    0.895020000000E+005    0.739350046363E-003
    0.895520000000E+005    0.740499860311E-003
    0.896020000000E+005    0.741650166838E-003
    0.896520000000E+005    0.742800964250E-003
    0.897020000000E+005    0.743952250853E-003
    0.897520000000E+005    0.745104024948E-003
    0.898020000000E+005    0.746256284839E-003
    0.898520000000E+005    0.747409028826E-003
    0.899020000000E+005    0.748562255209E-003
    0.899520000000E+005    0.749715962286E-003
    0.900020000000E+005    0.750870148354E-003
    0.900520000000E+005    0.752024811710E-003
    0.901020000000E+005    0.753179950647E-003
    0.901520000000E+005    0.754335563459E-003
    0.902020000000E+005    0.755491648437E-003
    0.902520000000E+005    0.756648203874E-003
    0.903020000000E+005    0.757805228057E-003
    0.903520000000E+005    0.758962719276E-003
    0.904020000000E+005    0.760120675818E-003
    0.904520000000E+005    0.761279095967E-003
    0.905020000000E+005    0.762437978010E-003
    0.905520000000E+005    0.763597320229E-003
    0.906020000000E+005    0.764757120906E-003
    0.906520000000E+005    0.765917378322E-003
    0.907020000000E+005    0.767078090757E-003
    0.907520000000E+005    0.768239256489E-003
    0.908020000000E+005    0.769400873795E-003
    0.908520000000E+005    0.770562940952E-003
    0.909020000000E+005    0.771725456234E-003
    0.909520000000E+005    0.772888417915E-003
    0.910020000000E+005    0.774051824267E-003
    0.910520000000E+005    0.775215673562E-003
    0.911020000000E+005    0.776379964068E-003
    0.911520000000E+005    0.777544694056E-003
    0.912020000000E+005    0.778709861792E-003
    0.912520000000E+005    0.779875465543E-003
    0.913020000000E+005    0.781041503574E-003
    0.913520000000E+005    0.782207974149E-003
    0.914020000000E+005    0.783374875531E-003
    0.914520000000E+005    0.784542205982E-003
    0.915020000000E+005    0.785709963762E-003
    0.915520000000E+005    0.786878147131E-003
    0.916020000000E+005    0.788046754345E-003
    0.916520000000E+005    0.789215783664E-003
    0.917020000000E+005    0.790385233341E-003
    0.917520000000E+005    0.791555101633E-003
    0.918020000000E+005    0.792725386792E-003
    0.918520000000E+005    0.793896087070E-003
    0.919020000000E+005    0.795067200720E-003
    0.919520000000E+005    0.796238725990E-003
    0.920020000000E+005    0.797410661130E-003
    0.920520000000E+005    0.798583004388E-003
    0.921020000000E+005    0.799755754009E-003
    0.921520000000E+005    0.800928908241E-003
    0.922020000000E+005    0.802102465326E-003
    0.922520000000E+005    0.803276423508E-003
    0.923020000000E+005    0.804450781029E-003
    0.923520000000E+005    0.805625536131E-003
    0.924020000000E+005    0.806800687052E-003
    0.924520000000E+005    0.807976232032E-003
    0.925020000000E+005    0.809152169308E-003
    0.925520000000E+005    0.810328497117E-003
    0.926020000000E+005    0.811505213694E-003
    0.926520000000E+005    0.812682317273E-003
    0.927020000000E+005    0.813859806087E-003
    0.927520000000E+005    0.815037678369E-003
    0.928020000000E+005    0.816215932349E-003
    0.928520000000E+005    0.817394566258E-003
    0.929020000000E+005    0.818573578324E-003
    0.929520000000E+005    0.819752966774E-003
    0.930020000000E+005    0.820932729836E-003
    0.930520000000E+005    0.822112865735E-003
    0.931020000000E+005    0.823293372694E-003
    0.931520000000E+005    0.824474248939E-003
    0.932020000000E+005    0.825655492690E-003
    0.932520000000E+005    0.826837102170E-003
    0.933020000000E+005    0.828019075598E-003
    0.933520000000E+005    0.829201411193E-003
    0.934020000000E+005    0.830384107174E-003
    0.934520000000E+005    0.831567161757E-003
    0.935020000000E+005    0.832750573158E-003
    0.935520000000E+005    0.833934339593E-003
    0.936020000000E+005    0.835118459274E-003
    0.936520000000E+005    0.836302930415E-003
    0.937020000000E+005    0.837487751227E-003
    0.937520000000E+005    0.838672919922E-003
    0.938020000000E+005    0.839858434708E-003
    0.938520000000E+005    0.841044293795E-003
    0.939020000000E+005    0.842230495389E-003
    0.939520000000E+005    0.843417037698E-003
    0.940020000000E+005    0.844603918927E-003
    0.940520000000E+005    0.845791137281E-003
    0.941020000000E+005    0.846978690962E-003
    0.941520000000E+005    0.848166578174E-003
    0.942020000000E+005    0.849354797119E-003
    0.942520000000E+005    0.850543345995E-003
    0.943020000000E+005    0.851732223003E-003
    0.943520000000E+005    0.852921426342E-003
    0.944020000000E+005    0.854110954208E-003
    0.944520000000E+005    0.855300804799E-003
    0.945020000000E+005    0.856490976310E-003
    0.945520000000E+005    0.857681466934E-003
    0.946020000000E+005    0.858872274866E-003
    0.946520000000E+005    0.860063398299E-003
    0.947020000000E+005    0.861254835423E-003
    0.947520000000E+005    0.862446584429E-003
    0.948020000000E+005    0.863638643507E-003
    0.948520000000E+005    0.864831010846E-003
    0.949020000000E+005    0.866023684632E-003
    0.949520000000E+005    0.867216663054E-003
    0.950020000000E+005    0.868409944295E-003
    0.950520000000E+005    0.869603526542E-003
    0.951020000000E+005    0.870797407978E-003
    0.951520000000E+005    0.871991586786E-003
    0.952020000000E+005    0.873186061148E-003
    0.952520000000E+005    0.874380829244E-003
    0.953020000000E+005    0.875575889255E-003
    0.953520000000E+005    0.876771239360E-003
    0.954020000000E+005    0.877966877736E-003
    0.954520000000E+005    0.879162802562E-003
    0.955020000000E+005    0.880359012014E-003
    0.955520000000E+005    0.881555504266E-003
    0.956020000000E+005    0.882752277493E-003
    0.956520000000E+005    0.883949329869E-003
    0.957020000000E+005    0.885146659567E-003
    0.957520000000E+005    0.886344264757E-003
    0.958020000000E+005    0.887542143611E-003
    0.958520000000E+005    0.888740294299E-003
    0.959020000000E+005    0.889938714990E-003
    0.959520000000E+005    0.891137403852E-003
    0.960020000000E+005    0.892336359051E-003
    0.960520000000E+005    0.893535578755E-003
    0.961020000000E+005    0.894735061128E-003
    0.961520000000E+005    0.895934804336E-003
    0.962020000000E+005    0.897134806541E-003
    0.962520000000E+005    0.898335065907E-003
    0.963020000000E+005    0.899535580596E-003
    0.963520000000E+005    0.900736348768E-003
    0.964020000000E+005    0.901937368584E-003
    0.964520000000E+005    0.903138638202E-003
    0.965020000000E+005    0.904340155782E-003
    0.965520000000E+005    0.905541919481E-003
    0.966020000000E+005    0.906743927455E-003
    0.966520000000E+005    0.907946177862E-003
    0.967020000000E+005    0.909148668854E-003
    0.967520000000E+005    0.910351398587E-003
    0.968020000000E+005    0.911554365215E-003
    0.968520000000E+005    0.912757566888E-003
    0.969020000000E+005    0.913961001761E-003
    0.969520000000E+005    0.915164667982E-003
    0.970020000000E+005    0.916368563702E-003
    0.970520000000E+005    0.917572687070E-003
    0.971020000000E+005    0.918777036236E-003
    0.971520000000E+005    0.919981609345E-003
    0.972020000000E+005    0.921186404545E-003
    0.972520000000E+005    0.922391419982E-003
    0.973020000000E+005    0.923596653802E-003
    0.973520000000E+005    0.924802104147E-003
    0.974020000000E+005    0.926007769163E-003
    0.974520000000E+005    0.927213646991E-003
    0.975020000000E+005    0.928419735774E-003
    0.975520000000E+005    0.929626033653E-003
    0.976020000000E+005    0.930832538767E-003
    0.976520000000E+005    0.932039249258E-003
    0.977020000000E+005    0.933246163264E-003
    0.977520000000E+005    0.934453278922E-003
    0.978020000000E+005    0.935660594370E-003
    0.978520000000E+005    0.936868107745E-003
    0.979020000000E+005    0.938075817183E-003
    0.979520000000E+005    0.939283720818E-003
    0.980020000000E+005    0.940491816784E-003
    0.980520000000E+005    0.941700103216E-003
    0.981020000000E+005    0.942908578246E-003
    0.981520000000E+005    0.944117240006E-003
    0.982020000000E+005    0.945326086628E-003
    0.982520000000E+005    0.946535116242E-003
    0.983020000000E+005    0.947744326977E-003
    0.983520000000E+005    0.948953716964E-003
    0.984020000000E+005    0.950163284330E-003
    0.984520000000E+005    0.951373027203E-003
    0.985020000000E+005    0.952582943711E-003
    0.985520000000E+005    0.953793031979E-003
    0.986020000000E+005    0.955003290133E-003
    0.986520000000E+005    0.956213716298E-003
    0.987020000000E+005    0.957424308598E-003
    0.987520000000E+005    0.958635065156E-003
    0.988020000000E+005    0.959845984096E-003
    0.988520000000E+005    0.961057063540E-003
    0.989020000000E+005    0.962268301608E-003
    0.989520000000E+005    0.963479696423E-003
    0.990020000000E+005    0.964691246103E-003
    0.990520000000E+005    0.965902948768E-003
    0.991020000000E+005    0.967114802538E-003
    0.991520000000E+005    0.968326805529E-003
    0.992020000000E+005    0.969538955860E-003
    0.992520000000E+005    0.970751251648E-003
    0.993020000000E+005    0.971963691008E-003
    0.993520000000E+005    0.973176272057E-003
    0.994020000000E+005    0.974388992908E-003
    0.994520000000E+005    0.975601851677E-003
    0.995020000000E+005    0.976814846476E-003
    0.995520000000E+005    0.978027975420E-003
    0.996020000000E+005    0.979241236619E-003
    0.996520000000E+005    0.980454628187E-003
    0.997020000000E+005    0.981668148234E-003
    0.997520000000E+005    0.982881794870E-003
    0.998020000000E+005    0.984095566206E-003
    0.998520000000E+005    0.985309460351E-003
    0.999020000000E+005    0.986523475414E-003
    0.999520000000E+005    0.987737609503E-003
