TITLE = "0D Field KU"
VARIABLES = N ,"KU_Ha10Rem1Re100"
ZONE DATAPACKING = POINT
    0.200000000000E+001    0.560151387005E-039
    0.520000000000E+002    0.223345462155E-019
    0.102000000000E+003    0.128848408265E-015
    0.152000000000E+003    0.676373601937E-014
    0.202000000000E+003    0.771973458036E-013
    0.252000000000E+003    0.427970106320E-012
    0.302000000000E+003    0.157446553335E-011
    0.352000000000E+003    0.446366438211E-011
    0.402000000000E+003    0.105850208501E-010
    0.452000000000E+003    0.220592834126E-010
    0.502000000000E+003    0.417090369253E-010
    0.552000000000E+003    0.731142457887E-010
    0.602000000000E+003    0.120652810208E-009
    0.652000000000E+003    0.189526196871E-009
    0.702000000000E+003    0.285777480382E-009
    0.752000000000E+003    0.416304587475E-009
    0.802000000000E+003    0.588867902650E-009
    0.852000000000E+003    0.812093305822E-009
    0.902000000000E+003    0.109547324528E-008
    0.952000000000E+003    0.144936741830E-008
    0.100200000000E+004    0.188500162833E-008
    0.105200000000E+004    0.241445983971E-008
    0.110200000000E+004    0.305067087231E-008
    0.115200000000E+004    0.380739781450E-008
    0.120200000000E+004    0.469922923491E-008
    0.125200000000E+004    0.574156907965E-008
    0.130200000000E+004    0.695062653810E-008
    0.135200000000E+004    0.834340768429E-008
    0.140200000000E+004    0.993770872211E-008
    0.145200000000E+004    0.117521065553E-007
    0.150200000000E+004    0.138059424481E-007
    0.155200000000E+004    0.161193042300E-007
    0.160200000000E+004    0.187130140158E-007
    0.165200000000E+004    0.216086179591E-007
    0.170200000000E+004    0.248283753002E-007
    0.175200000000E+004    0.283952488652E-007
    0.180200000000E+004    0.323328979584E-007
    0.185200000000E+004    0.366656715325E-007
    0.190200000000E+004    0.414185962363E-007
    0.195200000000E+004    0.466173584303E-007
    0.200200000000E+004    0.522882880990E-007
    0.205200000000E+004    0.584583488111E-007
    0.210200000000E+004    0.651551288719E-007
    0.215200000000E+004    0.724068323300E-007
    0.220200000000E+004    0.802422722324E-007
    0.225200000000E+004    0.886908656400E-007
    0.230200000000E+004    0.977826265458E-007
    0.235200000000E+004    0.107548152214E-006
    0.240200000000E+004    0.118018605812E-006
    0.245200000000E+004    0.129225703466E-006
    0.250200000000E+004    0.141201706695E-006
    0.255200000000E+004    0.153979415295E-006
    0.260200000000E+004    0.167592160857E-006
    0.265200000000E+004    0.182073802671E-006
    0.270200000000E+004    0.197458723836E-006
    0.275200000000E+004    0.213781822974E-006
    0.280200000000E+004    0.231078499502E-006
    0.285200000000E+004    0.249384638147E-006
    0.290200000000E+004    0.268736599273E-006
    0.295200000000E+004    0.289171213337E-006
    0.300200000000E+004    0.310725775554E-006
    0.305200000000E+004    0.333438041851E-006
    0.310200000000E+004    0.357346226606E-006
    0.315200000000E+004    0.382488998545E-006
    0.320200000000E+004    0.408905470782E-006
    0.325200000000E+004    0.436635185940E-006
    0.330200000000E+004    0.465718103295E-006
    0.335200000000E+004    0.496194591965E-006
    0.340200000000E+004    0.528105427011E-006
    0.345200000000E+004    0.561491785860E-006
    0.350200000000E+004    0.596395246300E-006
    0.355200000000E+004    0.632857784954E-006
    0.360200000000E+004    0.670921771949E-006
    0.365200000000E+004    0.710629959453E-006
    0.370200000000E+004    0.752025467652E-006
    0.375200000000E+004    0.795151774765E-006
    0.380200000000E+004    0.840052712601E-006
    0.385200000000E+004    0.886772464035E-006
    0.390200000000E+004    0.935355561107E-006
    0.395200000000E+004    0.985846884384E-006
    0.400200000000E+004    0.103829166108E-005
    0.405200000000E+004    0.109273545800E-005
    0.410200000000E+004    0.114922416920E-005
    0.415200000000E+004    0.120780400367E-005
    0.420200000000E+004    0.126852147814E-005
    0.425200000000E+004    0.133142341448E-005
    0.430200000000E+004    0.139655693847E-005
    0.435200000000E+004    0.146396947926E-005
    0.440200000000E+004    0.153370876930E-005
    0.445200000000E+004    0.160582284121E-005
    0.450200000000E+004    0.168036001907E-005
    0.455200000000E+004    0.175736890607E-005
    0.460200000000E+004    0.183689837437E-005
    0.465200000000E+004    0.191899756044E-005
    0.470200000000E+004    0.200371586394E-005
    0.475200000000E+004    0.209110294759E-005
    0.480200000000E+004    0.218120873763E-005
    0.485200000000E+004    0.227408342338E-005
    0.490200000000E+004    0.236977745244E-005
    0.495200000000E+004    0.246834152071E-005
    0.500200000000E+004    0.256982656091E-005
    0.505200000000E+004    0.267428373486E-005
    0.510200000000E+004    0.278176443091E-005
    0.515200000000E+004    0.289232026405E-005
    0.520200000000E+004    0.300600307670E-005
    0.525200000000E+004    0.312286493950E-005
    0.530200000000E+004    0.324295814983E-005
    0.535200000000E+004    0.336633522524E-005
    0.540200000000E+004    0.349304889296E-005
    0.545200000000E+004    0.362315207984E-005
    0.550200000000E+004    0.375669790711E-005
    0.555200000000E+004    0.389373968949E-005
    0.560200000000E+004    0.403433093629E-005
    0.565200000000E+004    0.417852535273E-005
    0.570200000000E+004    0.432637684052E-005
    0.575200000000E+004    0.447793949475E-005
    0.580200000000E+004    0.463326759598E-005
    0.585200000000E+004    0.479241559982E-005
    0.590200000000E+004    0.495543812893E-005
    0.595200000000E+004    0.512238996986E-005
    0.600200000000E+004    0.529332607359E-005
    0.605200000000E+004    0.546830155728E-005
    0.610200000000E+004    0.564737170585E-005
    0.615200000000E+004    0.583059197151E-005
    0.620200000000E+004    0.601801796912E-005
    0.625200000000E+004    0.620970546726E-005
    0.630200000000E+004    0.640571037876E-005
    0.635200000000E+004    0.660608875476E-005
    0.640200000000E+004    0.681089678346E-005
    0.645200000000E+004    0.702019079169E-005
    0.650200000000E+004    0.723402724705E-005
    0.655200000000E+004    0.745246275918E-005
    0.660200000000E+004    0.767555407791E-005
    0.665200000000E+004    0.790335808718E-005
    0.670200000000E+004    0.813593179577E-005
    0.675200000000E+004    0.837333232926E-005
    0.680200000000E+004    0.861561692615E-005
    0.685200000000E+004    0.886284293820E-005
    0.690200000000E+004    0.911506783269E-005
    0.695200000000E+004    0.937234919459E-005
    0.700200000000E+004    0.963474472697E-005
    0.705200000000E+004    0.990231224778E-005
    0.710200000000E+004    0.101751096824E-004
    0.715200000000E+004    0.104531950551E-004
    0.720200000000E+004    0.107366264822E-004
    0.725200000000E+004    0.110254621707E-004
    0.730200000000E+004    0.113197604194E-004
    0.735200000000E+004    0.116195796215E-004
    0.740200000000E+004    0.119249782669E-004
    0.745200000000E+004    0.122360149407E-004
    0.750200000000E+004    0.125527483193E-004
    0.755200000000E+004    0.128752371617E-004
    0.760200000000E+004    0.132035403020E-004
    0.765200000000E+004    0.135377166450E-004
    0.770200000000E+004    0.138778251656E-004
    0.775200000000E+004    0.142239249112E-004
    0.780200000000E+004    0.145760750047E-004
    0.785200000000E+004    0.149343346450E-004
    0.790200000000E+004    0.152987631055E-004
    0.795200000000E+004    0.156694197276E-004
    0.800200000000E+004    0.160463639129E-004
    0.805200000000E+004    0.164296551170E-004
    0.810200000000E+004    0.168193528460E-004
    0.815200000000E+004    0.172155166586E-004
    0.820200000000E+004    0.176182061679E-004
    0.825200000000E+004    0.180274810443E-004
    0.830200000000E+004    0.184434010155E-004
    0.835200000000E+004    0.188660258627E-004
    0.840200000000E+004    0.192954154141E-004
    0.845200000000E+004    0.197316295371E-004
    0.850200000000E+004    0.201747281337E-004
    0.855200000000E+004    0.206247711392E-004
    0.860200000000E+004    0.210818185244E-004
    0.865200000000E+004    0.215459302983E-004
    0.870200000000E+004    0.220171665099E-004
    0.875200000000E+004    0.224955872468E-004
    0.880200000000E+004    0.229812526309E-004
    0.885200000000E+004    0.234742228104E-004
    0.890200000000E+004    0.239745579545E-004
    0.895200000000E+004    0.244823182488E-004
    0.900200000000E+004    0.249975638965E-004
    0.905200000000E+004    0.255203551209E-004
    0.910200000000E+004    0.260507521679E-004
    0.915200000000E+004    0.265888153065E-004
    0.920200000000E+004    0.271346048268E-004
    0.925200000000E+004    0.276881810339E-004
    0.930200000000E+004    0.282496042412E-004
    0.935200000000E+004    0.288189347648E-004
    0.940200000000E+004    0.293962329220E-004
    0.945200000000E+004    0.299815590329E-004
    0.950200000000E+004    0.305749734231E-004
    0.955200000000E+004    0.311765364255E-004
    0.960200000000E+004    0.317863083806E-004
    0.965200000000E+004    0.324043496318E-004
    0.970200000000E+004    0.330307205201E-004
    0.975200000000E+004    0.336654813772E-004
    0.980200000000E+004    0.343086925218E-004
    0.985200000000E+004    0.349604142594E-004
    0.990200000000E+004    0.356207068843E-004
    0.995200000000E+004    0.362896306824E-004
    0.100020000000E+005    0.369672459329E-004
    0.100520000000E+005    0.376536129057E-004
    0.101020000000E+005    0.383487918579E-004
    0.101520000000E+005    0.390528430263E-004
    0.102020000000E+005    0.397658266230E-004
    0.102520000000E+005    0.404878028322E-004
    0.103020000000E+005    0.412188318119E-004
    0.103520000000E+005    0.419589736955E-004
    0.104020000000E+005    0.427082885952E-004
    0.104520000000E+005    0.434668366014E-004
    0.105020000000E+005    0.442346777804E-004
    0.105520000000E+005    0.450118721687E-004
    0.106020000000E+005    0.457984797674E-004
    0.106520000000E+005    0.465945605375E-004
    0.107020000000E+005    0.474001743993E-004
    0.107520000000E+005    0.482153812339E-004
    0.108020000000E+005    0.490402408860E-004
    0.108520000000E+005    0.498748131655E-004
    0.109020000000E+005    0.507191578467E-004
    0.109520000000E+005    0.515733346642E-004
    0.110020000000E+005    0.524374033077E-004
    0.110520000000E+005    0.533114234163E-004
    0.111020000000E+005    0.541954545759E-004
    0.111520000000E+005    0.550895563191E-004
    0.112020000000E+005    0.559937881277E-004
    0.112520000000E+005    0.569082094349E-004
    0.113020000000E+005    0.578328796263E-004
    0.113520000000E+005    0.587678580379E-004
    0.114020000000E+005    0.597132039513E-004
    0.114520000000E+005    0.606689765884E-004
    0.115020000000E+005    0.616352351070E-004
    0.115520000000E+005    0.626120385990E-004
    0.116020000000E+005    0.635994460918E-004
    0.116520000000E+005    0.645975165506E-004
    0.117020000000E+005    0.656063088803E-004
    0.117520000000E+005    0.666258819255E-004
    0.118020000000E+005    0.676562944670E-004
    0.118520000000E+005    0.686976052177E-004
    0.119020000000E+005    0.697498728166E-004
    0.119520000000E+005    0.708131558260E-004
    0.120020000000E+005    0.718875127312E-004
    0.120520000000E+005    0.729730019417E-004
    0.121020000000E+005    0.740696817942E-004
    0.121520000000E+005    0.751776105536E-004
    0.122020000000E+005    0.762968464115E-004
    0.122520000000E+005    0.774274474829E-004
    0.123020000000E+005    0.785694718006E-004
    0.123520000000E+005    0.797229773115E-004
    0.124020000000E+005    0.808880218738E-004
    0.124520000000E+005    0.820646632579E-004
    0.125020000000E+005    0.832529591485E-004
    0.125520000000E+005    0.844529671469E-004
    0.126020000000E+005    0.856647447707E-004
    0.126520000000E+005    0.868883494522E-004
    0.127020000000E+005    0.881238385339E-004
    0.127520000000E+005    0.893712692637E-004
    0.128020000000E+005    0.906306987913E-004
    0.128520000000E+005    0.919021841675E-004
    0.129020000000E+005    0.931857823451E-004
    0.129520000000E+005    0.944815501816E-004
    0.130020000000E+005    0.957895444402E-004
    0.130520000000E+005    0.971098217896E-004
    0.131020000000E+005    0.984424388008E-004
    0.131520000000E+005    0.997874519426E-004
    0.132020000000E+005    0.101144917578E-003
    0.132520000000E+005    0.102514891959E-003
    0.133020000000E+005    0.103897431231E-003
    0.133520000000E+005    0.105292591432E-003
    0.134020000000E+005    0.106700428493E-003
    0.134520000000E+005    0.108120998244E-003
    0.135020000000E+005    0.109554356405E-003
    0.135520000000E+005    0.111000558589E-003
    0.136020000000E+005    0.112459660296E-003
    0.136520000000E+005    0.113931716908E-003
    0.137020000000E+005    0.115416783686E-003
    0.137520000000E+005    0.116914915775E-003
    0.138020000000E+005    0.118426168205E-003
    0.138520000000E+005    0.119950595888E-003
    0.139020000000E+005    0.121488253626E-003
    0.139520000000E+005    0.123039196101E-003
    0.140020000000E+005    0.124603477875E-003
    0.140520000000E+005    0.126181153387E-003
    0.141020000000E+005    0.127772276946E-003
    0.141520000000E+005    0.129376902735E-003
    0.142020000000E+005    0.130995084809E-003
    0.142520000000E+005    0.132626877101E-003
    0.143020000000E+005    0.134272333417E-003
    0.143520000000E+005    0.135931507441E-003
    0.144020000000E+005    0.137604452729E-003
    0.144520000000E+005    0.139291222707E-003
    0.145020000000E+005    0.140991870663E-003
    0.145520000000E+005    0.142706449753E-003
    0.146020000000E+005    0.144435012992E-003
    0.146520000000E+005    0.146177613264E-003
    0.147020000000E+005    0.147934303319E-003
    0.147520000000E+005    0.149705135775E-003
    0.148020000000E+005    0.151490163114E-003
    0.148520000000E+005    0.153289437684E-003
    0.149020000000E+005    0.155103011689E-003
    0.149520000000E+005    0.156930937190E-003
    0.150020000000E+005    0.158773266104E-003
    0.150520000000E+005    0.160630050203E-003
    0.151020000000E+005    0.162501341117E-003
    0.151520000000E+005    0.164387190336E-003
    0.152020000000E+005    0.166287649208E-003
    0.152520000000E+005    0.168202768939E-003
    0.153020000000E+005    0.170132600586E-003
    0.153520000000E+005    0.172077195058E-003
    0.154020000000E+005    0.174036603110E-003
    0.154520000000E+005    0.176010875345E-003
    0.155020000000E+005    0.178000062217E-003
    0.155520000000E+005    0.180004214027E-003
    0.156020000000E+005    0.182023380930E-003
    0.156520000000E+005    0.184057612932E-003
    0.157020000000E+005    0.186106959886E-003
    0.157520000000E+005    0.188171471488E-003
    0.158020000000E+005    0.190251197276E-003
    0.158520000000E+005    0.192346186630E-003
    0.159020000000E+005    0.194456488769E-003
    0.159520000000E+005    0.196582152756E-003
    0.160020000000E+005    0.198723227495E-003
    0.160520000000E+005    0.200879761737E-003
    0.161020000000E+005    0.203051804075E-003
    0.161520000000E+005    0.205239402938E-003
    0.162020000000E+005    0.207442606597E-003
    0.162520000000E+005    0.209661463151E-003
    0.163020000000E+005    0.211896020536E-003
    0.163520000000E+005    0.214146326523E-003
    0.164020000000E+005    0.216412428717E-003
    0.164520000000E+005    0.218694374561E-003
    0.165020000000E+005    0.220992211337E-003
    0.165520000000E+005    0.223305986158E-003
    0.166020000000E+005    0.225635745972E-003
    0.166520000000E+005    0.227981537552E-003
    0.167020000000E+005    0.230343407502E-003
    0.167520000000E+005    0.232721402252E-003
    0.168020000000E+005    0.235115568061E-003
    0.168520000000E+005    0.237525951018E-003
    0.169020000000E+005    0.239952597045E-003
    0.169520000000E+005    0.242395551890E-003
    0.170020000000E+005    0.244854861133E-003
    0.170520000000E+005    0.247330570175E-003
    0.171020000000E+005    0.249822724240E-003
    0.171520000000E+005    0.252331368375E-003
    0.172020000000E+005    0.254856547447E-003
    0.172520000000E+005    0.257398306149E-003
    0.173020000000E+005    0.259956688997E-003
    0.173520000000E+005    0.262531740334E-003
    0.174020000000E+005    0.265123504324E-003
    0.174520000000E+005    0.267732024954E-003
    0.175020000000E+005    0.270357346027E-003
    0.175520000000E+005    0.272999511163E-003
    0.176020000000E+005    0.275658563799E-003
    0.176520000000E+005    0.278334547190E-003
    0.177020000000E+005    0.281027504409E-003
    0.177520000000E+005    0.283737478348E-003
    0.178020000000E+005    0.286464511721E-003
    0.178520000000E+005    0.289208647056E-003
    0.179020000000E+005    0.291969926698E-003
    0.179520000000E+005    0.294748392803E-003
    0.180020000000E+005    0.297544087339E-003
    0.180520000000E+005    0.300357052085E-003
    0.181020000000E+005    0.303187328635E-003
    0.181520000000E+005    0.306034958397E-003
    0.182020000000E+005    0.308899982594E-003
    0.182520000000E+005    0.311782442261E-003
    0.183020000000E+005    0.314682378247E-003
    0.183520000000E+005    0.317599831208E-003
    0.184020000000E+005    0.320534841611E-003
    0.184520000000E+005    0.323487449725E-003
    0.185020000000E+005    0.326457695632E-003
    0.185520000000E+005    0.329445619222E-003
    0.186020000000E+005    0.332451260193E-003
    0.186520000000E+005    0.335474658057E-003
    0.187020000000E+005    0.338515852133E-003
    0.187520000000E+005    0.341574881545E-003
    0.188020000000E+005    0.344651785225E-003
    0.188520000000E+005    0.347746601906E-003
    0.189020000000E+005    0.350859370124E-003
    0.189520000000E+005    0.353990128222E-003
    0.190020000000E+005    0.357138914348E-003
    0.190520000000E+005    0.360305766456E-003
    0.191020000000E+005    0.363490722307E-003
    0.191520000000E+005    0.366693819467E-003
    0.192020000000E+005    0.369915095301E-003
    0.192520000000E+005    0.373154586979E-003
    0.193020000000E+005    0.376412331466E-003
    0.193520000000E+005    0.379688365532E-003
    0.194020000000E+005    0.382982725745E-003
    0.194520000000E+005    0.386295448481E-003
    0.195020000000E+005    0.389626569914E-003
    0.195520000000E+005    0.392976126023E-003
    0.196020000000E+005    0.396344152586E-003
    0.196520000000E+005    0.399730685182E-003
    0.197020000000E+005    0.403135759182E-003
    0.197520000000E+005    0.406559409760E-003
    0.198020000000E+005    0.410001671884E-003
    0.198520000000E+005    0.413462580323E-003
    0.199020000000E+005    0.416942169647E-003
    0.199520000000E+005    0.420440474225E-003
    0.200020000000E+005    0.423957528224E-003
    0.200520000000E+005    0.427493365609E-003
    0.201020000000E+005    0.431048020141E-003
    0.201520000000E+005    0.434621525372E-003
    0.202020000000E+005    0.438213914653E-003
    0.202520000000E+005    0.441825221129E-003
    0.203020000000E+005    0.445455477743E-003
    0.203520000000E+005    0.449104717236E-003
    0.204020000000E+005    0.452772972145E-003
    0.204520000000E+005    0.456460274805E-003
    0.205020000000E+005    0.460166657342E-003
    0.205520000000E+005    0.463892151676E-003
    0.206020000000E+005    0.467636789520E-003
    0.206520000000E+005    0.471400602381E-003
    0.207020000000E+005    0.475183621558E-003
    0.207520000000E+005    0.478985878148E-003
    0.208020000000E+005    0.482807403043E-003
    0.208520000000E+005    0.486648226930E-003
    0.209020000000E+005    0.490508380287E-003
    0.209520000000E+005    0.494387893386E-003
    0.210020000000E+005    0.498286796289E-003
    0.210520000000E+005    0.502205118850E-003
    0.211020000000E+005    0.506142890713E-003
    0.211520000000E+005    0.510100141318E-003
    0.212020000000E+005    0.514076899898E-003
    0.212520000000E+005    0.518073195480E-003
    0.213020000000E+005    0.522089056882E-003
    0.213520000000E+005    0.526124512716E-003
    0.214020000000E+005    0.530179591380E-003
    0.214520000000E+005    0.534254321066E-003
    0.215020000000E+005    0.538348729754E-003
    0.215520000000E+005    0.542462845215E-003
    0.216020000000E+005    0.546596695014E-003
    0.216520000000E+005    0.550750306508E-003
    0.217020000000E+005    0.554923706847E-003
    0.217520000000E+005    0.559116922970E-003
    0.218020000000E+005    0.563329981607E-003
    0.218520000000E+005    0.567562909278E-003
    0.219020000000E+005    0.571815732289E-003
    0.219520000000E+005    0.576088476740E-003
    0.220020000000E+005    0.580381168518E-003
    0.220520000000E+005    0.584693833304E-003
    0.221020000000E+005    0.589026496572E-003
    0.221520000000E+005    0.593379183584E-003
    0.222020000000E+005    0.597751919394E-003
    0.222520000000E+005    0.602144728844E-003
    0.223020000000E+005    0.606557636565E-003
    0.223520000000E+005    0.610990666975E-003
    0.224020000000E+005    0.615443844285E-003
    0.224520000000E+005    0.619917192495E-003
    0.225020000000E+005    0.624410735396E-003
    0.225520000000E+005    0.628924496572E-003
    0.226020000000E+005    0.633458499396E-003
    0.226520000000E+005    0.638012767030E-003
    0.227020000000E+005    0.642587322425E-003
    0.227520000000E+005    0.647182188320E-003
    0.228020000000E+005    0.651797387244E-003
    0.228520000000E+005    0.656432941516E-003
    0.229020000000E+005    0.661088873245E-003
    0.229520000000E+005    0.665765204332E-003
    0.230020000000E+005    0.670461956470E-003
    0.230520000000E+005    0.675179151140E-003
    0.231020000000E+005    0.679916809615E-003
    0.231520000000E+005    0.684674952953E-003
    0.232020000000E+005    0.689453602002E-003
    0.232520000000E+005    0.694252777402E-003
    0.233020000000E+005    0.699072499580E-003
    0.233520000000E+005    0.703912788760E-003
    0.234020000000E+005    0.708773664951E-003
    0.234520000000E+005    0.713655147959E-003
    0.235020000000E+005    0.718557257376E-003
    0.235520000000E+005    0.723480012585E-003
    0.236020000000E+005    0.728423432757E-003
    0.236520000000E+005    0.733387536855E-003
    0.237020000000E+005    0.738372343630E-003
    0.237520000000E+005    0.743377871628E-003
    0.238020000000E+005    0.748404139185E-003
    0.238520000000E+005    0.753451164429E-003
    0.239020000000E+005    0.758518965280E-003
    0.239520000000E+005    0.763607559449E-003
    0.240020000000E+005    0.768716964437E-003
    0.240520000000E+005    0.773847197533E-003
    0.241020000000E+005    0.778998275821E-003
    0.241520000000E+005    0.784170216174E-003
    0.242020000000E+005    0.789363035258E-003
    0.242520000000E+005    0.794576749536E-003
    0.243020000000E+005    0.799811375259E-003
    0.243520000000E+005    0.805066928473E-003
    0.244020000000E+005    0.810343425014E-003
    0.244520000000E+005    0.815640880510E-003
    0.245020000000E+005    0.820959310382E-003
    0.245520000000E+005    0.826298729840E-003
    0.246020000000E+005    0.831659153891E-003
    0.246520000000E+005    0.837040597337E-003
    0.247020000000E+005    0.842443074771E-003
    0.247520000000E+005    0.847866600582E-003
    0.248020000000E+005    0.853311188953E-003
    0.248520000000E+005    0.858776853858E-003
    0.249020000000E+005    0.864263609065E-003
    0.249520000000E+005    0.869771468134E-003
    0.250020000000E+005    0.875300444422E-003
    0.250520000000E+005    0.880850551080E-003
    0.251020000000E+005    0.886421801055E-003
    0.251520000000E+005    0.892014207091E-003
    0.252020000000E+005    0.897627781727E-003
    0.252520000000E+005    0.903262537294E-003
    0.253020000000E+005    0.908918485922E-003
    0.253520000000E+005    0.914595639532E-003
    0.254020000000E+005    0.920294009842E-003
    0.254520000000E+005    0.926013608369E-003
    0.255020000000E+005    0.931754446424E-003
    0.255520000000E+005    0.937516535118E-003
    0.256020000000E+005    0.943299885359E-003
    0.256520000000E+005    0.949104507852E-003
    0.257020000000E+005    0.954930413097E-003
    0.257520000000E+005    0.960777611395E-003
    0.258020000000E+005    0.966646112838E-003
    0.258520000000E+005    0.972535927322E-003
    0.259020000000E+005    0.978447064538E-003
    0.259520000000E+005    0.984379533980E-003
    0.260020000000E+005    0.990333344938E-003
    0.260520000000E+005    0.996308506506E-003
    0.261020000000E+005    0.100230502757E-002
    0.261520000000E+005    0.100832291683E-002
    0.262020000000E+005    0.101436218276E-002
    0.262520000000E+005    0.102042283366E-002
    0.263020000000E+005    0.102650487762E-002
    0.263520000000E+005    0.103260832252E-002
    0.264020000000E+005    0.103873317605E-002
    0.264520000000E+005    0.104487944573E-002
    0.265020000000E+005    0.105104713883E-002
    0.265520000000E+005    0.105723626246E-002
    0.266020000000E+005    0.106344682352E-002
    0.266520000000E+005    0.106967882871E-002
    0.267020000000E+005    0.107593228453E-002
    0.267520000000E+005    0.108220719729E-002
    0.268020000000E+005    0.108850357310E-002
    0.268520000000E+005    0.109482141788E-002
    0.269020000000E+005    0.110116073735E-002
    0.269520000000E+005    0.110752153704E-002
    0.270020000000E+005    0.111390382227E-002
    0.270520000000E+005    0.112030759818E-002
    0.271020000000E+005    0.112673286970E-002
    0.271520000000E+005    0.113317964159E-002
    0.272020000000E+005    0.113964791839E-002
    0.272520000000E+005    0.114613770445E-002
    0.273020000000E+005    0.115264900395E-002
    0.273520000000E+005    0.115918182086E-002
    0.274020000000E+005    0.116573615896E-002
    0.274520000000E+005    0.117231202182E-002
    0.275020000000E+005    0.117890941286E-002
    0.275520000000E+005    0.118552833526E-002
    0.276020000000E+005    0.119216879205E-002
    0.276520000000E+005    0.119883078603E-002
    0.277020000000E+005    0.120551431985E-002
    0.277520000000E+005    0.121221939594E-002
    0.278020000000E+005    0.121894601656E-002
    0.278520000000E+005    0.122569418376E-002
    0.279020000000E+005    0.123246389942E-002
    0.279520000000E+005    0.123925516522E-002
    0.280020000000E+005    0.124606798265E-002
    0.280520000000E+005    0.125290235303E-002
    0.281020000000E+005    0.125975827746E-002
    0.281520000000E+005    0.126663575688E-002
    0.282020000000E+005    0.127353479205E-002
    0.282520000000E+005    0.128045538351E-002
    0.283020000000E+005    0.128739753164E-002
    0.283520000000E+005    0.129436123663E-002
    0.284020000000E+005    0.130134649847E-002
    0.284520000000E+005    0.130835331699E-002
    0.285020000000E+005    0.131538169181E-002
    0.285520000000E+005    0.132243162239E-002
    0.286020000000E+005    0.132950310798E-002
    0.286520000000E+005    0.133659614767E-002
    0.287020000000E+005    0.134371074036E-002
    0.287520000000E+005    0.135084688477E-002
    0.288020000000E+005    0.135800457941E-002
    0.288520000000E+005    0.136518382265E-002
    0.289020000000E+005    0.137238461266E-002
    0.289520000000E+005    0.137960694741E-002
    0.290020000000E+005    0.138685082473E-002
    0.290520000000E+005    0.139411624224E-002
    0.291020000000E+005    0.140140319739E-002
    0.291520000000E+005    0.140871168744E-002
    0.292020000000E+005    0.141604170949E-002
    0.292520000000E+005    0.142339326046E-002
    0.293020000000E+005    0.143076633706E-002
    0.293520000000E+005    0.143816093586E-002
    0.294020000000E+005    0.144557705323E-002
    0.294520000000E+005    0.145301468538E-002
    0.295020000000E+005    0.146047382834E-002
    0.295520000000E+005    0.146795447795E-002
    0.296020000000E+005    0.147545662989E-002
    0.296520000000E+005    0.148298027965E-002
    0.297020000000E+005    0.149052542257E-002
    0.297520000000E+005    0.149809205378E-002
    0.298020000000E+005    0.150568016827E-002
    0.298520000000E+005    0.151328976083E-002
    0.299020000000E+005    0.152092082610E-002
    0.299520000000E+005    0.152857335854E-002
    0.300020000000E+005    0.153624735244E-002
    0.300520000000E+005    0.154394280189E-002
    0.301020000000E+005    0.155165970086E-002
    0.301520000000E+005    0.155939804310E-002
    0.302020000000E+005    0.156715782222E-002
    0.302520000000E+005    0.157493903166E-002
    0.303020000000E+005    0.158274166467E-002
    0.303520000000E+005    0.159056571434E-002
    0.304020000000E+005    0.159841117362E-002
    0.304520000000E+005    0.160627803524E-002
    0.305020000000E+005    0.161416629180E-002
    0.305520000000E+005    0.162207593573E-002
    0.306020000000E+005    0.163000695927E-002
    0.306520000000E+005    0.163795935452E-002
    0.307020000000E+005    0.164593311341E-002
    0.307520000000E+005    0.165392822768E-002
    0.308020000000E+005    0.166194468893E-002
    0.308520000000E+005    0.166998248861E-002
    0.309020000000E+005    0.167804161796E-002
    0.309520000000E+005    0.168612206809E-002
    0.310020000000E+005    0.169422382995E-002
    0.310520000000E+005    0.170234689430E-002
    0.311020000000E+005    0.171049125176E-002
    0.311520000000E+005    0.171865689279E-002
    0.312020000000E+005    0.172684380768E-002
    0.312520000000E+005    0.173505198656E-002
    0.313020000000E+005    0.174328141940E-002
    0.313520000000E+005    0.175153209601E-002
    0.314020000000E+005    0.175980400605E-002
    0.314520000000E+005    0.176809713902E-002
    0.315020000000E+005    0.177641148424E-002
    0.315520000000E+005    0.178474703089E-002
    0.316020000000E+005    0.179310376800E-002
    0.316520000000E+005    0.180148168442E-002
    0.317020000000E+005    0.180988076888E-002
    0.317520000000E+005    0.181830100992E-002
    0.318020000000E+005    0.182674239594E-002
    0.318520000000E+005    0.183520491517E-002
    0.319020000000E+005    0.184368855571E-002
    0.319520000000E+005    0.185219330549E-002
    0.320020000000E+005    0.186071915229E-002
    0.320520000000E+005    0.186926608374E-002
    0.321020000000E+005    0.187783408732E-002
    0.321520000000E+005    0.188642315034E-002
    0.322020000000E+005    0.189503325998E-002
    0.322520000000E+005    0.190366440325E-002
    0.323020000000E+005    0.191231656704E-002
    0.323520000000E+005    0.192098973806E-002
    0.324020000000E+005    0.192968390287E-002
    0.324520000000E+005    0.193839904791E-002
    0.325020000000E+005    0.194713515944E-002
    0.325520000000E+005    0.195589222360E-002
    0.326020000000E+005    0.196467022636E-002
    0.326520000000E+005    0.197346915354E-002
    0.327020000000E+005    0.198228899084E-002
    0.327520000000E+005    0.199112972380E-002
    0.328020000000E+005    0.199999133780E-002
    0.328520000000E+005    0.200887381809E-002
    0.329020000000E+005    0.201777714978E-002
    0.329520000000E+005    0.202670131782E-002
    0.330020000000E+005    0.203564630704E-002
    0.330520000000E+005    0.204461210211E-002
    0.331020000000E+005    0.205359868755E-002
    0.331520000000E+005    0.206260604776E-002
    0.332020000000E+005    0.207163416697E-002
    0.332520000000E+005    0.208068302930E-002
    0.333020000000E+005    0.208975261871E-002
    0.333520000000E+005    0.209884291903E-002
    0.334020000000E+005    0.210795391394E-002
    0.334520000000E+005    0.211708558699E-002
    0.335020000000E+005    0.212623792159E-002
    0.335520000000E+005    0.213541090100E-002
    0.336020000000E+005    0.214460450837E-002
    0.336520000000E+005    0.215381872667E-002
    0.337020000000E+005    0.216305353879E-002
    0.337520000000E+005    0.217230892743E-002
    0.338020000000E+005    0.218158487518E-002
    0.338520000000E+005    0.219088136450E-002
    0.339020000000E+005    0.220019837771E-002
    0.339520000000E+005    0.220953589699E-002
    0.340020000000E+005    0.221889390439E-002
    0.340520000000E+005    0.222827238183E-002
    0.341020000000E+005    0.223767131109E-002
    0.341520000000E+005    0.224709067382E-002
    0.342020000000E+005    0.225653045156E-002
    0.342520000000E+005    0.226599062568E-002
    0.343020000000E+005    0.227547117745E-002
    0.343520000000E+005    0.228497208801E-002
    0.344020000000E+005    0.229449333835E-002
    0.344520000000E+005    0.230403490934E-002
    0.345020000000E+005    0.231359678173E-002
    0.345520000000E+005    0.232317893613E-002
    0.346020000000E+005    0.233278135303E-002
    0.346520000000E+005    0.234240401279E-002
    0.347020000000E+005    0.235204689566E-002
    0.347520000000E+005    0.236170998173E-002
    0.348020000000E+005    0.237139325100E-002
    0.348520000000E+005    0.238109668332E-002
    0.349020000000E+005    0.239082025842E-002
    0.349520000000E+005    0.240056395592E-002
    0.350020000000E+005    0.241032775530E-002
    0.350520000000E+005    0.242011163594E-002
    0.351020000000E+005    0.242991557706E-002
    0.351520000000E+005    0.243973955780E-002
    0.352020000000E+005    0.244958355715E-002
    0.352520000000E+005    0.245944755400E-002
    0.353020000000E+005    0.246933152709E-002
    0.353520000000E+005    0.247923545507E-002
    0.354020000000E+005    0.248915931645E-002
    0.354520000000E+005    0.249910308965E-002
    0.355020000000E+005    0.250906675293E-002
    0.355520000000E+005    0.251905028447E-002
    0.356020000000E+005    0.252905366231E-002
    0.356520000000E+005    0.253907686438E-002
    0.357020000000E+005    0.254911986850E-002
    0.357520000000E+005    0.255918265236E-002
    0.358020000000E+005    0.256926519355E-002
    0.358520000000E+005    0.257936746954E-002
    0.359020000000E+005    0.258948945767E-002
    0.359520000000E+005    0.259963113521E-002
    0.360020000000E+005    0.260979247926E-002
    0.360520000000E+005    0.261997346684E-002
    0.361020000000E+005    0.263017407487E-002
    0.361520000000E+005    0.264039428012E-002
    0.362020000000E+005    0.265063405928E-002
    0.362520000000E+005    0.266089338892E-002
    0.363020000000E+005    0.267117224549E-002
    0.363520000000E+005    0.268147060536E-002
    0.364020000000E+005    0.269178844474E-002
    0.364520000000E+005    0.270212573979E-002
    0.365020000000E+005    0.271248246651E-002
    0.365520000000E+005    0.272285860084E-002
    0.366020000000E+005    0.273325411857E-002
    0.366520000000E+005    0.274366899541E-002
    0.367020000000E+005    0.275410320695E-002
    0.367520000000E+005    0.276455672868E-002
    0.368020000000E+005    0.277502953599E-002
    0.368520000000E+005    0.278552160417E-002
    0.369020000000E+005    0.279603290837E-002
    0.369520000000E+005    0.280656342369E-002
    0.370020000000E+005    0.281711312509E-002
    0.370520000000E+005    0.282768198743E-002
    0.371020000000E+005    0.283826998548E-002
    0.371520000000E+005    0.284887709390E-002
    0.372020000000E+005    0.285950328726E-002
    0.372520000000E+005    0.287014854002E-002
    0.373020000000E+005    0.288081282653E-002
    0.373520000000E+005    0.289149612106E-002
    0.374020000000E+005    0.290219839778E-002
    0.374520000000E+005    0.291291963074E-002
    0.375020000000E+005    0.292365979391E-002
    0.375520000000E+005    0.293441886116E-002
    0.376020000000E+005    0.294519680626E-002
    0.376520000000E+005    0.295599360288E-002
    0.377020000000E+005    0.296680922461E-002
    0.377520000000E+005    0.297764364492E-002
    0.378020000000E+005    0.298849683720E-002
    0.378520000000E+005    0.299936877475E-002
    0.379020000000E+005    0.301025943076E-002
    0.379520000000E+005    0.302116877833E-002
    0.380020000000E+005    0.303209679048E-002
    0.380520000000E+005    0.304304344013E-002
    0.381020000000E+005    0.305400870010E-002
    0.381520000000E+005    0.306499254313E-002
    0.382020000000E+005    0.307599494186E-002
    0.382520000000E+005    0.308701586884E-002
    0.383020000000E+005    0.309805529654E-002
    0.383520000000E+005    0.310911319733E-002
    0.384020000000E+005    0.312018954348E-002
    0.384520000000E+005    0.313128430720E-002
    0.385020000000E+005    0.314239746059E-002
    0.385520000000E+005    0.315352897567E-002
    0.386020000000E+005    0.316467882436E-002
    0.386520000000E+005    0.317584697852E-002
    0.387020000000E+005    0.318703340990E-002
    0.387520000000E+005    0.319823809017E-002
    0.388020000000E+005    0.320946099092E-002
    0.388520000000E+005    0.322070208364E-002
    0.389020000000E+005    0.323196133976E-002
    0.389520000000E+005    0.324323873061E-002
    0.390020000000E+005    0.325453422743E-002
    0.390520000000E+005    0.326584780139E-002
    0.391020000000E+005    0.327717942358E-002
    0.391520000000E+005    0.328852906500E-002
    0.392020000000E+005    0.329989669656E-002
    0.392520000000E+005    0.331128228910E-002
    0.393020000000E+005    0.332268581338E-002
    0.393520000000E+005    0.333410724009E-002
    0.394020000000E+005    0.334554653981E-002
    0.394520000000E+005    0.335700368307E-002
    0.395020000000E+005    0.336847864030E-002
    0.395520000000E+005    0.337997138187E-002
    0.396020000000E+005    0.339148187805E-002
    0.396520000000E+005    0.340301009907E-002
    0.397020000000E+005    0.341455601504E-002
    0.397520000000E+005    0.342611959602E-002
    0.398020000000E+005    0.343770081198E-002
    0.398520000000E+005    0.344929963284E-002
    0.399020000000E+005    0.346091602840E-002
    0.399520000000E+005    0.347254996843E-002
    0.400020000000E+005    0.348420142261E-002
    0.400520000000E+005    0.349587036053E-002
    0.401020000000E+005    0.350755675173E-002
    0.401520000000E+005    0.351926056566E-002
    0.402020000000E+005    0.353098177172E-002
    0.402520000000E+005    0.354272033921E-002
    0.403020000000E+005    0.355447623739E-002
    0.403520000000E+005    0.356624943541E-002
    0.404020000000E+005    0.357803990239E-002
    0.404520000000E+005    0.358984760735E-002
    0.405020000000E+005    0.360167251926E-002
    0.405520000000E+005    0.361351460701E-002
    0.406020000000E+005    0.362537383943E-002
    0.406520000000E+005    0.363725018526E-002
    0.407020000000E+005    0.364914361320E-002
    0.407520000000E+005    0.366105409188E-002
    0.408020000000E+005    0.367298158984E-002
    0.408520000000E+005    0.368492607558E-002
    0.409020000000E+005    0.369688751751E-002
    0.409520000000E+005    0.370886588399E-002
    0.410020000000E+005    0.372086114332E-002
    0.410520000000E+005    0.373287326373E-002
    0.411020000000E+005    0.374490221337E-002
    0.411520000000E+005    0.375694796035E-002
    0.412020000000E+005    0.376901047270E-002
    0.412520000000E+005    0.378108971840E-002
    0.413020000000E+005    0.379318566536E-002
    0.413520000000E+005    0.380529828143E-002
    0.414020000000E+005    0.381742753440E-002
    0.414520000000E+005    0.382957339199E-002
    0.415020000000E+005    0.384173582187E-002
    0.415520000000E+005    0.385391479166E-002
    0.416020000000E+005    0.386611026888E-002
    0.416520000000E+005    0.387832222105E-002
    0.417020000000E+005    0.389055061557E-002
    0.417520000000E+005    0.390279541983E-002
    0.418020000000E+005    0.391505660114E-002
    0.418520000000E+005    0.392733412675E-002
    0.419020000000E+005    0.393962796386E-002
    0.419520000000E+005    0.395193807961E-002
    0.420020000000E+005    0.396426444110E-002
    0.420520000000E+005    0.397660701534E-002
    0.421020000000E+005    0.398896576931E-002
    0.421520000000E+005    0.400134066993E-002
    0.422020000000E+005    0.401373168408E-002
    0.422520000000E+005    0.402613877855E-002
    0.423020000000E+005    0.403856192011E-002
    0.423520000000E+005    0.405100107546E-002
    0.424020000000E+005    0.406345621125E-002
    0.424520000000E+005    0.407592729408E-002
    0.425020000000E+005    0.408841429050E-002
    0.425520000000E+005    0.410091716701E-002
    0.426020000000E+005    0.411343589004E-002
    0.426520000000E+005    0.412597042600E-002
    0.427020000000E+005    0.413852074123E-002
    0.427520000000E+005    0.415108680202E-002
    0.428020000000E+005    0.416366857461E-002
    0.428520000000E+005    0.417626602521E-002
    0.429020000000E+005    0.418887911996E-002
    0.429520000000E+005    0.420150782495E-002
    0.430020000000E+005    0.421415210624E-002
    0.430520000000E+005    0.422681192984E-002
    0.431020000000E+005    0.423948726169E-002
    0.431520000000E+005    0.425217806772E-002
    0.432020000000E+005    0.426488431378E-002
    0.432520000000E+005    0.427760596569E-002
    0.433020000000E+005    0.429034298923E-002
    0.433520000000E+005    0.430309535012E-002
    0.434020000000E+005    0.431586301405E-002
    0.434520000000E+005    0.432864594666E-002
    0.435020000000E+005    0.434144411354E-002
    0.435520000000E+005    0.435425748025E-002
    0.436020000000E+005    0.436708601230E-002
    0.436520000000E+005    0.437992967515E-002
    0.437020000000E+005    0.439278843423E-002
    0.437520000000E+005    0.440566225493E-002
    0.438020000000E+005    0.441855110258E-002
    0.438520000000E+005    0.443145494248E-002
    0.439020000000E+005    0.444437373991E-002
    0.439520000000E+005    0.445730746007E-002
    0.440020000000E+005    0.447025606816E-002
    0.440520000000E+005    0.448321952930E-002
    0.441020000000E+005    0.449619780861E-002
    0.441520000000E+005    0.450919087115E-002
    0.442020000000E+005    0.452219868195E-002
    0.442520000000E+005    0.453522120599E-002
    0.443020000000E+005    0.454825840823E-002
    0.443520000000E+005    0.456131025358E-002
    0.444020000000E+005    0.457437670691E-002
    0.444520000000E+005    0.458745773307E-002
    0.445020000000E+005    0.460055329686E-002
    0.445520000000E+005    0.461366336306E-002
    0.446020000000E+005    0.462678789640E-002
    0.446520000000E+005    0.463992686157E-002
    0.447020000000E+005    0.465308022325E-002
    0.447520000000E+005    0.466624794607E-002
    0.448020000000E+005    0.467942999462E-002
    0.448520000000E+005    0.469262633347E-002
    0.449020000000E+005    0.470583692716E-002
    0.449520000000E+005    0.471906174017E-002
    0.450020000000E+005    0.473230073699E-002
    0.450520000000E+005    0.474555388204E-002
    0.451020000000E+005    0.475882113974E-002
    0.451520000000E+005    0.477210247445E-002
    0.452020000000E+005    0.478539785051E-002
    0.452520000000E+005    0.479870723225E-002
    0.453020000000E+005    0.481203058395E-002
    0.453520000000E+005    0.482536786985E-002
    0.454020000000E+005    0.483871905418E-002
    0.454520000000E+005    0.485208410115E-002
    0.455020000000E+005    0.486546297490E-002
    0.455520000000E+005    0.487885563960E-002
    0.456020000000E+005    0.489226205934E-002
    0.456520000000E+005    0.490568219821E-002
    0.457020000000E+005    0.491911602027E-002
    0.457520000000E+005    0.493256348955E-002
    0.458020000000E+005    0.494602457006E-002
    0.458520000000E+005    0.495949922577E-002
    0.459020000000E+005    0.497298742063E-002
    0.459520000000E+005    0.498648911857E-002
    0.460020000000E+005    0.500000428351E-002
    0.460520000000E+005    0.501353287930E-002
    0.461020000000E+005    0.502707486982E-002
    0.461520000000E+005    0.504063021889E-002
    0.462020000000E+005    0.505419889031E-002
    0.462520000000E+005    0.506778084787E-002
    0.463020000000E+005    0.508137605534E-002
    0.463520000000E+005    0.509498447645E-002
    0.464020000000E+005    0.510860607491E-002
    0.464520000000E+005    0.512224081443E-002
    0.465020000000E+005    0.513588865868E-002
    0.465520000000E+005    0.514954957130E-002
    0.466020000000E+005    0.516322351594E-002
    0.466520000000E+005    0.517691045620E-002
    0.467020000000E+005    0.519061035567E-002
    0.467520000000E+005    0.520432317793E-002
    0.468020000000E+005    0.521804888653E-002
    0.468520000000E+005    0.523178744500E-002
    0.469020000000E+005    0.524553881686E-002
    0.469520000000E+005    0.525930296560E-002
    0.470020000000E+005    0.527307985471E-002
    0.470520000000E+005    0.528686944763E-002
    0.471020000000E+005    0.530067170782E-002
    0.471520000000E+005    0.531448659871E-002
    0.472020000000E+005    0.532831408369E-002
    0.472520000000E+005    0.534215412617E-002
    0.473020000000E+005    0.535600668953E-002
    0.473520000000E+005    0.536987173711E-002
    0.474020000000E+005    0.538374923228E-002
    0.474520000000E+005    0.539763913835E-002
    0.475020000000E+005    0.541154141865E-002
    0.475520000000E+005    0.542545603648E-002
    0.476020000000E+005    0.543938295512E-002
    0.476520000000E+005    0.545332213785E-002
    0.477020000000E+005    0.546727354794E-002
    0.477520000000E+005    0.548123714861E-002
    0.478020000000E+005    0.549521290312E-002
    0.478520000000E+005    0.550920077467E-002
    0.479020000000E+005    0.552320072649E-002
    0.479520000000E+005    0.553721272176E-002
    0.480020000000E+005    0.555123672368E-002
    0.480520000000E+005    0.556527269541E-002
    0.481020000000E+005    0.557932060013E-002
    0.481520000000E+005    0.559338040098E-002
    0.482020000000E+005    0.560745206110E-002
    0.482520000000E+005    0.562153554363E-002
    0.483020000000E+005    0.563563081169E-002
    0.483520000000E+005    0.564973782839E-002
    0.484020000000E+005    0.566385655684E-002
    0.484520000000E+005    0.567798696013E-002
    0.485020000000E+005    0.569212900134E-002
    0.485520000000E+005    0.570628264356E-002
    0.486020000000E+005    0.572044784985E-002
    0.486520000000E+005    0.573462458328E-002
    0.487020000000E+005    0.574881280690E-002
    0.487520000000E+005    0.576301248375E-002
    0.488020000000E+005    0.577722357689E-002
    0.488520000000E+005    0.579144604933E-002
    0.489020000000E+005    0.580567986412E-002
    0.489520000000E+005    0.581992498427E-002
    0.490020000000E+005    0.583418137280E-002
    0.490520000000E+005    0.584844899272E-002
    0.491020000000E+005    0.586272780703E-002
    0.491520000000E+005    0.587701777875E-002
    0.492020000000E+005    0.589131887085E-002
    0.492520000000E+005    0.590563104634E-002
    0.493020000000E+005    0.591995426820E-002
    0.493520000000E+005    0.593428849943E-002
    0.494020000000E+005    0.594863370299E-002
    0.494520000000E+005    0.596298984187E-002
    0.495020000000E+005    0.597735687904E-002
    0.495520000000E+005    0.599173477748E-002
    0.496020000000E+005    0.600612350015E-002
    0.496520000000E+005    0.602052301003E-002
    0.497020000000E+005    0.603493327008E-002
    0.497520000000E+005    0.604935424327E-002
    0.498020000000E+005    0.606378589256E-002
    0.498520000000E+005    0.607822818092E-002
    0.499020000000E+005    0.609268107130E-002
    0.499520000000E+005    0.610714452667E-002
    0.500020000000E+005    0.612161851000E-002
    0.500520000000E+005    0.613610298423E-002
    0.501020000000E+005    0.615059791235E-002
    0.501520000000E+005    0.616510325730E-002
    0.502020000000E+005    0.617961898206E-002
    0.502520000000E+005    0.619414504959E-002
    0.503020000000E+005    0.620868142285E-002
    0.503520000000E+005    0.622322806483E-002
    0.504020000000E+005    0.623778493848E-002
    0.504520000000E+005    0.625235200678E-002
    0.505020000000E+005    0.626692923270E-002
    0.505520000000E+005    0.628151657923E-002
    0.506020000000E+005    0.629611400935E-002
    0.506520000000E+005    0.631072148604E-002
    0.507020000000E+005    0.632533897228E-002
    0.507520000000E+005    0.633996643108E-002
    0.508020000000E+005    0.635460382543E-002
    0.508520000000E+005    0.636925111832E-002
    0.509020000000E+005    0.638390827277E-002
    0.509520000000E+005    0.639857525178E-002
    0.510020000000E+005    0.641325201837E-002
    0.510520000000E+005    0.642793853556E-002
    0.511020000000E+005    0.644263476637E-002
    0.511520000000E+005    0.645734067384E-002
    0.512020000000E+005    0.647205622101E-002
    0.512520000000E+005    0.648678137091E-002
    0.513020000000E+005    0.650151608660E-002
    0.513520000000E+005    0.651626033114E-002
    0.514020000000E+005    0.653101406758E-002
    0.514520000000E+005    0.654577725901E-002
    0.515020000000E+005    0.656054986850E-002
    0.515520000000E+005    0.657533185913E-002
    0.516020000000E+005    0.659012319401E-002
    0.516520000000E+005    0.660492383624E-002
    0.517020000000E+005    0.661973374891E-002
    0.517520000000E+005    0.663455289517E-002
    0.518020000000E+005    0.664938123813E-002
    0.518520000000E+005    0.666421874094E-002
    0.519020000000E+005    0.667906536673E-002
    0.519520000000E+005    0.669392107867E-002
    0.520020000000E+005    0.670878583993E-002
    0.520520000000E+005    0.672365961368E-002
    0.521020000000E+005    0.673854236311E-002
    0.521520000000E+005    0.675343405141E-002
    0.522020000000E+005    0.676833464180E-002
    0.522520000000E+005    0.678324409749E-002
    0.523020000000E+005    0.679816238171E-002
    0.523520000000E+005    0.681308945771E-002
    0.524020000000E+005    0.682802528875E-002
    0.524520000000E+005    0.684296983807E-002
    0.525020000000E+005    0.685792306897E-002
    0.525520000000E+005    0.687288494473E-002
    0.526020000000E+005    0.688785542865E-002
    0.526520000000E+005    0.690283448406E-002
    0.527020000000E+005    0.691782207427E-002
    0.527520000000E+005    0.693281816262E-002
    0.528020000000E+005    0.694782271248E-002
    0.528520000000E+005    0.696283568721E-002
    0.529020000000E+005    0.697785705019E-002
    0.529520000000E+005    0.699288676481E-002
    0.530020000000E+005    0.700792479449E-002
    0.530520000000E+005    0.702297110265E-002
    0.531020000000E+005    0.703802565273E-002
    0.531520000000E+005    0.705308840819E-002
    0.532020000000E+005    0.706815933248E-002
    0.532520000000E+005    0.708323838910E-002
    0.533020000000E+005    0.709832554154E-002
    0.533520000000E+005    0.711342075332E-002
    0.534020000000E+005    0.712852398798E-002
    0.534520000000E+005    0.714363520905E-002
    0.535020000000E+005    0.715875438009E-002
    0.535520000000E+005    0.717388146470E-002
    0.536020000000E+005    0.718901642646E-002
    0.536520000000E+005    0.720415922899E-002
    0.537020000000E+005    0.721930983592E-002
    0.537520000000E+005    0.723446821089E-002
    0.538020000000E+005    0.724963431757E-002
    0.538520000000E+005    0.726480811965E-002
    0.539020000000E+005    0.727998958081E-002
    0.539520000000E+005    0.729517866479E-002
    0.540020000000E+005    0.731037533531E-002
    0.540520000000E+005    0.732557955613E-002
    0.541020000000E+005    0.734079129102E-002
    0.541520000000E+005    0.735601050378E-002
    0.542020000000E+005    0.737123715821E-002
    0.542520000000E+005    0.738647121816E-002
    0.543020000000E+005    0.740171264745E-002
    0.543520000000E+005    0.741696140997E-002
    0.544020000000E+005    0.743221746961E-002
    0.544520000000E+005    0.744748079026E-002
    0.545020000000E+005    0.746275133586E-002
    0.545520000000E+005    0.747802907037E-002
    0.546020000000E+005    0.749331395774E-002
    0.546520000000E+005    0.750860596196E-002
    0.547020000000E+005    0.752390504705E-002
    0.547520000000E+005    0.753921117705E-002
    0.548020000000E+005    0.755452431599E-002
    0.548520000000E+005    0.756984442796E-002
    0.549020000000E+005    0.758517147704E-002
    0.549520000000E+005    0.760050542737E-002
    0.550020000000E+005    0.761584624307E-002
    0.550520000000E+005    0.763119388831E-002
    0.551020000000E+005    0.764654832727E-002
    0.551520000000E+005    0.766190952415E-002
    0.552020000000E+005    0.767727744319E-002
    0.552520000000E+005    0.769265204862E-002
    0.553020000000E+005    0.770803330474E-002
    0.553520000000E+005    0.772342117583E-002
    0.554020000000E+005    0.773881562621E-002
    0.554520000000E+005    0.775421662023E-002
    0.555020000000E+005    0.776962412225E-002
    0.555520000000E+005    0.778503809666E-002
    0.556020000000E+005    0.780045850788E-002
    0.556520000000E+005    0.781588532035E-002
    0.557020000000E+005    0.783131849852E-002
    0.557520000000E+005    0.784675800688E-002
    0.558020000000E+005    0.786220380995E-002
    0.558520000000E+005    0.787765587225E-002
    0.559020000000E+005    0.789311415836E-002
    0.559520000000E+005    0.790857863285E-002
    0.560020000000E+005    0.792404926034E-002
    0.560520000000E+005    0.793952600546E-002
    0.561020000000E+005    0.795500883287E-002
    0.561520000000E+005    0.797049770726E-002
    0.562020000000E+005    0.798599259335E-002
    0.562520000000E+005    0.800149345587E-002
    0.563020000000E+005    0.801700025958E-002
    0.563520000000E+005    0.803251296928E-002
    0.564020000000E+005    0.804803154978E-002
    0.564520000000E+005    0.806355596593E-002
    0.565020000000E+005    0.807908618259E-002
    0.565520000000E+005    0.809462216467E-002
    0.566020000000E+005    0.811016387709E-002
    0.566520000000E+005    0.812571128479E-002
    0.567020000000E+005    0.814126435276E-002
    0.567520000000E+005    0.815682304601E-002
    0.568020000000E+005    0.817238732956E-002
    0.568520000000E+005    0.818795716848E-002
    0.569020000000E+005    0.820353252785E-002
    0.569520000000E+005    0.821911337280E-002
    0.570020000000E+005    0.823469966846E-002
    0.570520000000E+005    0.825029138001E-002
    0.571020000000E+005    0.826588847265E-002
    0.571520000000E+005    0.828149091161E-002
    0.572020000000E+005    0.829709866215E-002
    0.572520000000E+005    0.831271168955E-002
    0.573020000000E+005    0.832832995914E-002
    0.573520000000E+005    0.834395343625E-002
    0.574020000000E+005    0.835958208627E-002
    0.574520000000E+005    0.837521587459E-002
    0.575020000000E+005    0.839085476664E-002
    0.575520000000E+005    0.840649872790E-002
    0.576020000000E+005    0.842214772385E-002
    0.576520000000E+005    0.843780172001E-002
    0.577020000000E+005    0.845346068194E-002
    0.577520000000E+005    0.846912457522E-002
    0.578020000000E+005    0.848479336545E-002
    0.578520000000E+005    0.850046701830E-002
    0.579020000000E+005    0.851614549942E-002
    0.579520000000E+005    0.853182877452E-002
    0.580020000000E+005    0.854751680934E-002
    0.580520000000E+005    0.856320956963E-002
    0.581020000000E+005    0.857890702121E-002
    0.581520000000E+005    0.859460912989E-002
    0.582020000000E+005    0.861031586153E-002
    0.582520000000E+005    0.862602718203E-002
    0.583020000000E+005    0.864174305730E-002
    0.583520000000E+005    0.865746345330E-002
    0.584020000000E+005    0.867318833601E-002
    0.584520000000E+005    0.868891767145E-002
    0.585020000000E+005    0.870465142568E-002
    0.585520000000E+005    0.872038956476E-002
    0.586020000000E+005    0.873613205481E-002
    0.586520000000E+005    0.875187886198E-002
    0.587020000000E+005    0.876762995244E-002
    0.587520000000E+005    0.878338529241E-002
    0.588020000000E+005    0.879914484812E-002
    0.588520000000E+005    0.881490858586E-002
    0.589020000000E+005    0.883067647192E-002
    0.589520000000E+005    0.884644847266E-002
    0.590020000000E+005    0.886222455444E-002
    0.590520000000E+005    0.887800468368E-002
    0.591020000000E+005    0.889378882681E-002
    0.591520000000E+005    0.890957695031E-002
    0.592020000000E+005    0.892536902069E-002
    0.592520000000E+005    0.894116500448E-002
    0.593020000000E+005    0.895696486826E-002
    0.593520000000E+005    0.897276857865E-002
    0.594020000000E+005    0.898857610228E-002
    0.594520000000E+005    0.900438740583E-002
    0.595020000000E+005    0.902020245601E-002
    0.595520000000E+005    0.903602121956E-002
    0.596020000000E+005    0.905184366327E-002
    0.596520000000E+005    0.906766975396E-002
    0.597020000000E+005    0.908349945846E-002
    0.597520000000E+005    0.909933274366E-002
    0.598020000000E+005    0.911516957648E-002
    0.598520000000E+005    0.913100992387E-002
    0.599020000000E+005    0.914685375282E-002
    0.599520000000E+005    0.916270103036E-002
    0.600020000000E+005    0.917855172353E-002
    0.600520000000E+005    0.919440579944E-002
    0.601020000000E+005    0.921026322521E-002
    0.601520000000E+005    0.922612396800E-002
    0.602020000000E+005    0.924198799502E-002
    0.602520000000E+005    0.925785527350E-002
    0.603020000000E+005    0.927372577070E-002
    0.603520000000E+005    0.928959945395E-002
    0.604020000000E+005    0.930547629057E-002
    0.604520000000E+005    0.932135624795E-002
    0.605020000000E+005    0.933723929350E-002
    0.605520000000E+005    0.935312539467E-002
    0.606020000000E+005    0.936901451896E-002
    0.606520000000E+005    0.938490663387E-002
    0.607020000000E+005    0.940080170697E-002
    0.607520000000E+005    0.941669970586E-002
    0.608020000000E+005    0.943260059817E-002
    0.608520000000E+005    0.944850435157E-002
    0.609020000000E+005    0.946441093377E-002
    0.609520000000E+005    0.948032031250E-002
    0.610020000000E+005    0.949623245555E-002
    0.610520000000E+005    0.951214733073E-002
    0.611020000000E+005    0.952806490590E-002
    0.611520000000E+005    0.954398514895E-002
    0.612020000000E+005    0.955990802781E-002
    0.612520000000E+005    0.957583351044E-002
    0.613020000000E+005    0.959176156484E-002
    0.613520000000E+005    0.960769215906E-002
    0.614020000000E+005    0.962362526118E-002
    0.614520000000E+005    0.963956083931E-002
    0.615020000000E+005    0.965549886160E-002
    0.615520000000E+005    0.967143929624E-002
    0.616020000000E+005    0.968738211147E-002
    0.616520000000E+005    0.970332727555E-002
    0.617020000000E+005    0.971927475679E-002
    0.617520000000E+005    0.973522452353E-002
    0.618020000000E+005    0.975117654414E-002
    0.618520000000E+005    0.976713078706E-002
    0.619020000000E+005    0.978308722074E-002
    0.619520000000E+005    0.979904581367E-002
    0.620020000000E+005    0.981500653439E-002
    0.620520000000E+005    0.983096935148E-002
    0.621020000000E+005    0.984693423354E-002
    0.621520000000E+005    0.986290114923E-002
    0.622020000000E+005    0.987887006723E-002
    0.622520000000E+005    0.989484095627E-002
    0.623020000000E+005    0.991081378513E-002
    0.623520000000E+005    0.992678852260E-002
    0.624020000000E+005    0.994276513754E-002
    0.624520000000E+005    0.995874359882E-002
    0.625020000000E+005    0.997472387537E-002
    0.625520000000E+005    0.999070593616E-002
    0.626020000000E+005    0.100066897502E-001
    0.626520000000E+005    0.100226752865E-001
    0.627020000000E+005    0.100386625141E-001
    0.627520000000E+005    0.100546514022E-001
    0.628020000000E+005    0.100706419200E-001
    0.628520000000E+005    0.100866340366E-001
    0.629020000000E+005    0.101026277213E-001
    0.629520000000E+005    0.101186229433E-001
    0.630020000000E+005    0.101346196720E-001
    0.630520000000E+005    0.101506178767E-001
    0.631020000000E+005    0.101666175268E-001
    0.631520000000E+005    0.101826185918E-001
    0.632020000000E+005    0.101986210412E-001
    0.632520000000E+005    0.102146248444E-001
    0.633020000000E+005    0.102306299710E-001
    0.633520000000E+005    0.102466363906E-001
    0.634020000000E+005    0.102626440729E-001
    0.634520000000E+005    0.102786529875E-001
    0.635020000000E+005    0.102946631042E-001
    0.635520000000E+005    0.103106743927E-001
    0.636020000000E+005    0.103266868228E-001
    0.636520000000E+005    0.103427003644E-001
    0.637020000000E+005    0.103587149873E-001
    0.637520000000E+005    0.103747306614E-001
    0.638020000000E+005    0.103907473568E-001
    0.638520000000E+005    0.104067650433E-001
    0.639020000000E+005    0.104227836912E-001
    0.639520000000E+005    0.104388032704E-001
    0.640020000000E+005    0.104548237511E-001
    0.640520000000E+005    0.104708451034E-001
    0.641020000000E+005    0.104868672975E-001
    0.641520000000E+005    0.105028903038E-001
    0.642020000000E+005    0.105189140924E-001
    0.642520000000E+005    0.105349386338E-001
    0.643020000000E+005    0.105509638982E-001
    0.643520000000E+005    0.105669898561E-001
    0.644020000000E+005    0.105830164780E-001
    0.644520000000E+005    0.105990437344E-001
    0.645020000000E+005    0.106150715957E-001
    0.645520000000E+005    0.106311000326E-001
    0.646020000000E+005    0.106471290156E-001
    0.646520000000E+005    0.106631585155E-001
    0.647020000000E+005    0.106791885030E-001
    0.647520000000E+005    0.106952189487E-001
    0.648020000000E+005    0.107112498236E-001
    0.648520000000E+005    0.107272810983E-001
    0.649020000000E+005    0.107433127438E-001
    0.649520000000E+005    0.107593447309E-001
    0.650020000000E+005    0.107753770307E-001
    0.650520000000E+005    0.107914096141E-001
    0.651020000000E+005    0.108074424522E-001
    0.651520000000E+005    0.108234755160E-001
    0.652020000000E+005    0.108395087767E-001
    0.652520000000E+005    0.108555422054E-001
    0.653020000000E+005    0.108715757733E-001
    0.653520000000E+005    0.108876094517E-001
    0.654020000000E+005    0.109036432119E-001
    0.654520000000E+005    0.109196770251E-001
    0.655020000000E+005    0.109357108628E-001
    0.655520000000E+005    0.109517446963E-001
    0.656020000000E+005    0.109677784972E-001
    0.656520000000E+005    0.109838122369E-001
    0.657020000000E+005    0.109998458869E-001
    0.657520000000E+005    0.110158794189E-001
    0.658020000000E+005    0.110319128045E-001
    0.658520000000E+005    0.110479460152E-001
    0.659020000000E+005    0.110639790230E-001
    0.659520000000E+005    0.110800117994E-001
    0.660020000000E+005    0.110960443163E-001
    0.660520000000E+005    0.111120765456E-001
    0.661020000000E+005    0.111281084590E-001
    0.661520000000E+005    0.111441400286E-001
    0.662020000000E+005    0.111601712263E-001
    0.662520000000E+005    0.111762020240E-001
    0.663020000000E+005    0.111922323939E-001
    0.663520000000E+005    0.112082623081E-001
    0.664020000000E+005    0.112242917386E-001
    0.664520000000E+005    0.112403206577E-001
    0.665020000000E+005    0.112563490375E-001
    0.665520000000E+005    0.112723768504E-001
    0.666020000000E+005    0.112884040686E-001
    0.666520000000E+005    0.113044306644E-001
    0.667020000000E+005    0.113204566104E-001
    0.667520000000E+005    0.113364818789E-001
    0.668020000000E+005    0.113525064423E-001
    0.668520000000E+005    0.113685302733E-001
    0.669020000000E+005    0.113845533443E-001
    0.669520000000E+005    0.114005756280E-001
    0.670020000000E+005    0.114165970970E-001
    0.670520000000E+005    0.114326177240E-001
    0.671020000000E+005    0.114486374817E-001
    0.671520000000E+005    0.114646563430E-001
    0.672020000000E+005    0.114806742806E-001
    0.672520000000E+005    0.114966912674E-001
    0.673020000000E+005    0.115127072763E-001
    0.673520000000E+005    0.115287222803E-001
    0.674020000000E+005    0.115447362523E-001
    0.674520000000E+005    0.115607491655E-001
    0.675020000000E+005    0.115767609927E-001
    0.675520000000E+005    0.115927717073E-001
    0.676020000000E+005    0.116087812823E-001
    0.676520000000E+005    0.116247896909E-001
    0.677020000000E+005    0.116407969065E-001
    0.677520000000E+005    0.116568029022E-001
    0.678020000000E+005    0.116728076515E-001
    0.678520000000E+005    0.116888111277E-001
    0.679020000000E+005    0.117048133043E-001
    0.679520000000E+005    0.117208141546E-001
    0.680020000000E+005    0.117368136523E-001
    0.680520000000E+005    0.117528117708E-001
    0.681020000000E+005    0.117688084838E-001
    0.681520000000E+005    0.117848037650E-001
    0.682020000000E+005    0.118007975879E-001
    0.682520000000E+005    0.118167899263E-001
    0.683020000000E+005    0.118327807540E-001
    0.683520000000E+005    0.118487700448E-001
    0.684020000000E+005    0.118647577725E-001
    0.684520000000E+005    0.118807439112E-001
    0.685020000000E+005    0.118967284346E-001
    0.685520000000E+005    0.119127113168E-001
    0.686020000000E+005    0.119286925318E-001
    0.686520000000E+005    0.119446720537E-001
    0.687020000000E+005    0.119606498566E-001
    0.687520000000E+005    0.119766259147E-001
    0.688020000000E+005    0.119926002022E-001
    0.688520000000E+005    0.120085726932E-001
    0.689020000000E+005    0.120245433622E-001
    0.689520000000E+005    0.120405121835E-001
    0.690020000000E+005    0.120564791313E-001
    0.690520000000E+005    0.120724441802E-001
    0.691020000000E+005    0.120884073046E-001
    0.691520000000E+005    0.121043684790E-001
    0.692020000000E+005    0.121203276780E-001
    0.692520000000E+005    0.121362848761E-001
    0.693020000000E+005    0.121522400480E-001
    0.693520000000E+005    0.121681931685E-001
    0.694020000000E+005    0.121841442121E-001
    0.694520000000E+005    0.122000931537E-001
    0.695020000000E+005    0.122160399681E-001
    0.695520000000E+005    0.122319846301E-001
    0.696020000000E+005    0.122479271147E-001
    0.696520000000E+005    0.122638673967E-001
    0.697020000000E+005    0.122798054512E-001
    0.697520000000E+005    0.122957412533E-001
    0.698020000000E+005    0.123116747779E-001
    0.698520000000E+005    0.123276060002E-001
    0.699020000000E+005    0.123435348953E-001
    0.699520000000E+005    0.123594614385E-001
    0.700020000000E+005    0.123753856050E-001
    0.700520000000E+005    0.123913073701E-001
    0.701020000000E+005    0.124072267092E-001
    0.701520000000E+005    0.124231435975E-001
    0.702020000000E+005    0.124390580106E-001
    0.702520000000E+005    0.124549699239E-001
    0.703020000000E+005    0.124708793128E-001
    0.703520000000E+005    0.124867861530E-001
    0.704020000000E+005    0.125026904201E-001
    0.704520000000E+005    0.125185920897E-001
    0.705020000000E+005    0.125344911374E-001
    0.705520000000E+005    0.125503875390E-001
    0.706020000000E+005    0.125662812703E-001
    0.706520000000E+005    0.125821723071E-001
    0.707020000000E+005    0.125980606252E-001
    0.707520000000E+005    0.126139462006E-001
    0.708020000000E+005    0.126298290091E-001
    0.708520000000E+005    0.126457090268E-001
    0.709020000000E+005    0.126615862297E-001
    0.709520000000E+005    0.126774605938E-001
    0.710020000000E+005    0.126933320954E-001
    0.710520000000E+005    0.127092007104E-001
    0.711020000000E+005    0.127250664153E-001
    0.711520000000E+005    0.127409291861E-001
    0.712020000000E+005    0.127567889992E-001
    0.712520000000E+005    0.127726458310E-001
    0.713020000000E+005    0.127884996577E-001
    0.713520000000E+005    0.128043504559E-001
    0.714020000000E+005    0.128201982020E-001
    0.714520000000E+005    0.128360428724E-001
    0.715020000000E+005    0.128518844438E-001
    0.715520000000E+005    0.128677228927E-001
    0.716020000000E+005    0.128835581959E-001
    0.716520000000E+005    0.128993903298E-001
    0.717020000000E+005    0.129152192714E-001
    0.717520000000E+005    0.129310449973E-001
    0.718020000000E+005    0.129468674843E-001
    0.718520000000E+005    0.129626867094E-001
    0.719020000000E+005    0.129785026494E-001
    0.719520000000E+005    0.129943152812E-001
    0.720020000000E+005    0.130101245819E-001
    0.720520000000E+005    0.130259305284E-001
    0.721020000000E+005    0.130417330979E-001
    0.721520000000E+005    0.130575322674E-001
    0.722020000000E+005    0.130733280141E-001
    0.722520000000E+005    0.130891203153E-001
    0.723020000000E+005    0.131049091480E-001
    0.723520000000E+005    0.131206944898E-001
    0.724020000000E+005    0.131364763177E-001
    0.724520000000E+005    0.131522546093E-001
    0.725020000000E+005    0.131680293420E-001
    0.725520000000E+005    0.131838004932E-001
    0.726020000000E+005    0.131995680404E-001
    0.726520000000E+005    0.132153319611E-001
    0.727020000000E+005    0.132310922330E-001
    0.727520000000E+005    0.132468488337E-001
    0.728020000000E+005    0.132626017408E-001
    0.728520000000E+005    0.132783509321E-001
    0.729020000000E+005    0.132940963854E-001
    0.729520000000E+005    0.133098380783E-001
    0.730020000000E+005    0.133255759889E-001
    0.730520000000E+005    0.133413100949E-001
    0.731020000000E+005    0.133570403743E-001
    0.731520000000E+005    0.133727668050E-001
    0.732020000000E+005    0.133884893652E-001
    0.732520000000E+005    0.134042080328E-001
    0.733020000000E+005    0.134199227860E-001
    0.733520000000E+005    0.134356336029E-001
    0.734020000000E+005    0.134513404617E-001
    0.734520000000E+005    0.134670433406E-001
    0.735020000000E+005    0.134827422179E-001
    0.735520000000E+005    0.134984370719E-001
    0.736020000000E+005    0.135141278810E-001
    0.736520000000E+005    0.135298146236E-001
    0.737020000000E+005    0.135454972781E-001
    0.737520000000E+005    0.135611758230E-001
    0.738020000000E+005    0.135768502369E-001
    0.738520000000E+005    0.135925204982E-001
    0.739020000000E+005    0.136081865858E-001
    0.739520000000E+005    0.136238484781E-001
    0.740020000000E+005    0.136395061539E-001
    0.740520000000E+005    0.136551595919E-001
    0.741020000000E+005    0.136708087710E-001
    0.741520000000E+005    0.136864536699E-001
    0.742020000000E+005    0.137020942675E-001
    0.742520000000E+005    0.137177305428E-001
    0.743020000000E+005    0.137333624747E-001
    0.743520000000E+005    0.137489900422E-001
    0.744020000000E+005    0.137646132243E-001
    0.744520000000E+005    0.137802320001E-001
    0.745020000000E+005    0.137958463488E-001
    0.745520000000E+005    0.138114562495E-001
    0.746020000000E+005    0.138270616814E-001
    0.746520000000E+005    0.138426626238E-001
    0.747020000000E+005    0.138582590560E-001
    0.747520000000E+005    0.138738509573E-001
    0.748020000000E+005    0.138894383071E-001
    0.748520000000E+005    0.139050210847E-001
    0.749020000000E+005    0.139205992698E-001
    0.749520000000E+005    0.139361728418E-001
    0.750020000000E+005    0.139517417801E-001
    0.750520000000E+005    0.139673060645E-001
    0.751020000000E+005    0.139828656746E-001
    0.751520000000E+005    0.139984205899E-001
    0.752020000000E+005    0.140139707904E-001
    0.752520000000E+005    0.140295162556E-001
    0.753020000000E+005    0.140450569654E-001
    0.753520000000E+005    0.140605928997E-001
    0.754020000000E+005    0.140761240383E-001
    0.754520000000E+005    0.140916503611E-001
    0.755020000000E+005    0.141071718482E-001
    0.755520000000E+005    0.141226884795E-001
    0.756020000000E+005    0.141382002351E-001
    0.756520000000E+005    0.141537070951E-001
    0.757020000000E+005    0.141692090395E-001
    0.757520000000E+005    0.141847060487E-001
    0.758020000000E+005    0.142001981028E-001
    0.758520000000E+005    0.142156851820E-001
    0.759020000000E+005    0.142311672667E-001
    0.759520000000E+005    0.142466443372E-001
    0.760020000000E+005    0.142621163740E-001
    0.760520000000E+005    0.142775833573E-001
    0.761020000000E+005    0.142930452677E-001
    0.761520000000E+005    0.143085020857E-001
    0.762020000000E+005    0.143239537919E-001
    0.762520000000E+005    0.143394003669E-001
    0.763020000000E+005    0.143548417911E-001
    0.763520000000E+005    0.143702780455E-001
    0.764020000000E+005    0.143857091106E-001
    0.764520000000E+005    0.144011349673E-001
    0.765020000000E+005    0.144165555962E-001
    0.765520000000E+005    0.144319709784E-001
    0.766020000000E+005    0.144473810945E-001
    0.766520000000E+005    0.144627859257E-001
    0.767020000000E+005    0.144781854528E-001
    0.767520000000E+005    0.144935796568E-001
    0.768020000000E+005    0.145089685188E-001
    0.768520000000E+005    0.145243520198E-001
    0.769020000000E+005    0.145397301411E-001
    0.769520000000E+005    0.145551028637E-001
    0.770020000000E+005    0.145704701689E-001
    0.770520000000E+005    0.145858320379E-001
    0.771020000000E+005    0.146011884521E-001
    0.771520000000E+005    0.146165393927E-001
    0.772020000000E+005    0.146318848411E-001
    0.772520000000E+005    0.146472247787E-001
    0.773020000000E+005    0.146625591871E-001
    0.773520000000E+005    0.146778880476E-001
    0.774020000000E+005    0.146932113419E-001
    0.774520000000E+005    0.147085290515E-001
    0.775020000000E+005    0.147238411579E-001
    0.775520000000E+005    0.147391476430E-001
    0.776020000000E+005    0.147544484883E-001
    0.776520000000E+005    0.147697436757E-001
    0.777020000000E+005    0.147850331868E-001
    0.777520000000E+005    0.148003170036E-001
    0.778020000000E+005    0.148155951078E-001
    0.778520000000E+005    0.148308674815E-001
    0.779020000000E+005    0.148461341064E-001
    0.779520000000E+005    0.148613949646E-001
    0.780020000000E+005    0.148766500382E-001
    0.780520000000E+005    0.148918993091E-001
    0.781020000000E+005    0.149071427596E-001
    0.781520000000E+005    0.149223803716E-001
    0.782020000000E+005    0.149376121275E-001
    0.782520000000E+005    0.149528380094E-001
    0.783020000000E+005    0.149680579997E-001
    0.783520000000E+005    0.149832720805E-001
    0.784020000000E+005    0.149984802342E-001
    0.784520000000E+005    0.150136824433E-001
    0.785020000000E+005    0.150288786902E-001
    0.785520000000E+005    0.150440689572E-001
    0.786020000000E+005    0.150592532270E-001
    0.786520000000E+005    0.150744314821E-001
    0.787020000000E+005    0.150896037049E-001
    0.787520000000E+005    0.151047698783E-001
    0.788020000000E+005    0.151199299848E-001
    0.788520000000E+005    0.151350840071E-001
    0.789020000000E+005    0.151502319280E-001
    0.789520000000E+005    0.151653737302E-001
    0.790020000000E+005    0.151805093966E-001
    0.790520000000E+005    0.151956389100E-001
    0.791020000000E+005    0.152107622534E-001
    0.791520000000E+005    0.152258794096E-001
    0.792020000000E+005    0.152409903617E-001
    0.792520000000E+005    0.152560950927E-001
    0.793020000000E+005    0.152711935855E-001
    0.793520000000E+005    0.152862858234E-001
    0.794020000000E+005    0.153013717895E-001
    0.794520000000E+005    0.153164514669E-001
    0.795020000000E+005    0.153315248388E-001
    0.795520000000E+005    0.153465918885E-001
    0.796020000000E+005    0.153616525993E-001
    0.796520000000E+005    0.153767069546E-001
    0.797020000000E+005    0.153917549376E-001
    0.797520000000E+005    0.154067965318E-001
    0.798020000000E+005    0.154218317207E-001
    0.798520000000E+005    0.154368604877E-001
    0.799020000000E+005    0.154518828164E-001
    0.799520000000E+005    0.154668986903E-001
    0.800020000000E+005    0.154819080931E-001
    0.800520000000E+005    0.154969110083E-001
    0.801020000000E+005    0.155119074197E-001
    0.801520000000E+005    0.155268973110E-001
    0.802020000000E+005    0.155418806659E-001
    0.802520000000E+005    0.155568574683E-001
    0.803020000000E+005    0.155718277019E-001
    0.803520000000E+005    0.155867913506E-001
    0.804020000000E+005    0.156017483985E-001
    0.804520000000E+005    0.156166988293E-001
    0.805020000000E+005    0.156316426271E-001
    0.805520000000E+005    0.156465797760E-001
    0.806020000000E+005    0.156615102600E-001
    0.806520000000E+005    0.156764340631E-001
    0.807020000000E+005    0.156913511696E-001
    0.807520000000E+005    0.157062615637E-001
    0.808020000000E+005    0.157211652295E-001
    0.808520000000E+005    0.157360621513E-001
    0.809020000000E+005    0.157509523133E-001
    0.809520000000E+005    0.157658357001E-001
    0.810020000000E+005    0.157807122958E-001
    0.810520000000E+005    0.157955820849E-001
    0.811020000000E+005    0.158104450520E-001
    0.811520000000E+005    0.158253011813E-001
    0.812020000000E+005    0.158401504576E-001
    0.812520000000E+005    0.158549928652E-001
    0.813020000000E+005    0.158698283889E-001
    0.813520000000E+005    0.158846570133E-001
    0.814020000000E+005    0.158994787230E-001
    0.814520000000E+005    0.159142935028E-001
    0.815020000000E+005    0.159291013374E-001
    0.815520000000E+005    0.159439022116E-001
    0.816020000000E+005    0.159586961102E-001
    0.816520000000E+005    0.159734830181E-001
    0.817020000000E+005    0.159882629202E-001
    0.817520000000E+005    0.160030358014E-001
    0.818020000000E+005    0.160178016466E-001
    0.818520000000E+005    0.160325604411E-001
    0.819020000000E+005    0.160473121696E-001
    0.819520000000E+005    0.160620568174E-001
    0.820020000000E+005    0.160767943696E-001
    0.820520000000E+005    0.160915248113E-001
    0.821020000000E+005    0.161062481277E-001
    0.821520000000E+005    0.161209643041E-001
    0.822020000000E+005    0.161356733257E-001
    0.822520000000E+005    0.161503751779E-001
    0.823020000000E+005    0.161650698459E-001
    0.823520000000E+005    0.161797573152E-001
    0.824020000000E+005    0.161944375713E-001
    0.824520000000E+005    0.162091105994E-001
    0.825020000000E+005    0.162237763852E-001
    0.825520000000E+005    0.162384349142E-001
    0.826020000000E+005    0.162530861719E-001
    0.826520000000E+005    0.162677301440E-001
    0.827020000000E+005    0.162823668160E-001
    0.827520000000E+005    0.162969961737E-001
    0.828020000000E+005    0.163116182027E-001
    0.828520000000E+005    0.163262328889E-001
    0.829020000000E+005    0.163408402180E-001
    0.829520000000E+005    0.163554401758E-001
    0.830020000000E+005    0.163700327482E-001
    0.830520000000E+005    0.163846179211E-001
    0.831020000000E+005    0.163991956804E-001
    0.831520000000E+005    0.164137660121E-001
    0.832020000000E+005    0.164283289021E-001
    0.832520000000E+005    0.164428843366E-001
    0.833020000000E+005    0.164574323016E-001
    0.833520000000E+005    0.164719727832E-001
    0.834020000000E+005    0.164865057675E-001
    0.834520000000E+005    0.165010312408E-001
    0.835020000000E+005    0.165155491893E-001
    0.835520000000E+005    0.165300595991E-001
    0.836020000000E+005    0.165445624567E-001
    0.836520000000E+005    0.165590577483E-001
    0.837020000000E+005    0.165735454603E-001
    0.837520000000E+005    0.165880255791E-001
    0.838020000000E+005    0.166024980912E-001
    0.838520000000E+005    0.166169629829E-001
    0.839020000000E+005    0.166314202408E-001
    0.839520000000E+005    0.166458698515E-001
    0.840020000000E+005    0.166603118015E-001
    0.840520000000E+005    0.166747460774E-001
    0.841020000000E+005    0.166891726660E-001
    0.841520000000E+005    0.167035915537E-001
    0.842020000000E+005    0.167180027275E-001
    0.842520000000E+005    0.167324061740E-001
    0.843020000000E+005    0.167468018800E-001
    0.843520000000E+005    0.167611898323E-001
    0.844020000000E+005    0.167755700179E-001
    0.844520000000E+005    0.167899424235E-001
    0.845020000000E+005    0.168043070362E-001
    0.845520000000E+005    0.168186638428E-001
    0.846020000000E+005    0.168330128305E-001
    0.846520000000E+005    0.168473539861E-001
    0.847020000000E+005    0.168616872968E-001
    0.847520000000E+005    0.168760127498E-001
    0.848020000000E+005    0.168903303320E-001
    0.848520000000E+005    0.169046400308E-001
    0.849020000000E+005    0.169189418332E-001
    0.849520000000E+005    0.169332357266E-001
    0.850020000000E+005    0.169475216982E-001
    0.850520000000E+005    0.169617997354E-001
    0.851020000000E+005    0.169760698254E-001
    0.851520000000E+005    0.169903319557E-001
    0.852020000000E+005    0.170045861136E-001
    0.852520000000E+005    0.170188322867E-001
    0.853020000000E+005    0.170330704623E-001
    0.853520000000E+005    0.170473006281E-001
    0.854020000000E+005    0.170615227716E-001
    0.854520000000E+005    0.170757368803E-001
    0.855020000000E+005    0.170899429419E-001
    0.855520000000E+005    0.171041409440E-001
    0.856020000000E+005    0.171183308743E-001
    0.856520000000E+005    0.171325127205E-001
    0.857020000000E+005    0.171466864705E-001
    0.857520000000E+005    0.171608521119E-001
    0.858020000000E+005    0.171750096326E-001
    0.858520000000E+005    0.171891590205E-001
    0.859020000000E+005    0.172033002634E-001
    0.859520000000E+005    0.172174333493E-001
    0.860020000000E+005    0.172315582661E-001
    0.860520000000E+005    0.172456750019E-001
    0.861020000000E+005    0.172597835446E-001
    0.861520000000E+005    0.172738838823E-001
    0.862020000000E+005    0.172879760030E-001
    0.862520000000E+005    0.173020598951E-001
    0.863020000000E+005    0.173161355465E-001
    0.863520000000E+005    0.173302029454E-001
    0.864020000000E+005    0.173442620802E-001
    0.864520000000E+005    0.173583129391E-001
    0.865020000000E+005    0.173723555102E-001
    0.865520000000E+005    0.173863897821E-001
    0.866020000000E+005    0.174004157430E-001
    0.866520000000E+005    0.174144333813E-001
    0.867020000000E+005    0.174284426855E-001
    0.867520000000E+005    0.174424436440E-001
    0.868020000000E+005    0.174564362453E-001
    0.868520000000E+005    0.174704204779E-001
    0.869020000000E+005    0.174843963303E-001
    0.869520000000E+005    0.174983637913E-001
    0.870020000000E+005    0.175123228493E-001
    0.870520000000E+005    0.175262734931E-001
    0.871020000000E+005    0.175402157113E-001
    0.871520000000E+005    0.175541494926E-001
    0.872020000000E+005    0.175680748259E-001
    0.872520000000E+005    0.175819916998E-001
    0.873020000000E+005    0.175959001033E-001
    0.873520000000E+005    0.176098000251E-001
    0.874020000000E+005    0.176236914541E-001
    0.874520000000E+005    0.176375743793E-001
    0.875020000000E+005    0.176514487895E-001
    0.875520000000E+005    0.176653146739E-001
    0.876020000000E+005    0.176791720213E-001
    0.876520000000E+005    0.176930208209E-001
    0.877020000000E+005    0.177068610617E-001
    0.877520000000E+005    0.177206927328E-001
    0.878020000000E+005    0.177345158233E-001
    0.878520000000E+005    0.177483303225E-001
    0.879020000000E+005    0.177621362194E-001
    0.879520000000E+005    0.177759335035E-001
    0.880020000000E+005    0.177897221639E-001
    0.880520000000E+005    0.178035021899E-001
    0.881020000000E+005    0.178172735709E-001
    0.881520000000E+005    0.178310362962E-001
    0.882020000000E+005    0.178447903552E-001
    0.882520000000E+005    0.178585357373E-001
    0.883020000000E+005    0.178722724321E-001
    0.883520000000E+005    0.178860004289E-001
    0.884020000000E+005    0.178997197174E-001
    0.884520000000E+005    0.179134302870E-001
    0.885020000000E+005    0.179271321273E-001
    0.885520000000E+005    0.179408252280E-001
    0.886020000000E+005    0.179545095788E-001
    0.886520000000E+005    0.179681851692E-001
    0.887020000000E+005    0.179818519890E-001
    0.887520000000E+005    0.179955100279E-001
    0.888020000000E+005    0.180091592757E-001
    0.888520000000E+005    0.180227997222E-001
    0.889020000000E+005    0.180364313572E-001
    0.889520000000E+005    0.180500541707E-001
    0.890020000000E+005    0.180636681524E-001
    0.890520000000E+005    0.180772732924E-001
    0.891020000000E+005    0.180908695805E-001
    0.891520000000E+005    0.181044570068E-001
    0.892020000000E+005    0.181180355613E-001
    0.892520000000E+005    0.181316052340E-001
    0.893020000000E+005    0.181451660150E-001
    0.893520000000E+005    0.181587178944E-001
    0.894020000000E+005    0.181722608624E-001
    0.894520000000E+005    0.181857949090E-001
    0.895020000000E+005    0.181993200247E-001
    0.895520000000E+005    0.182128361995E-001
    0.896020000000E+005    0.182263434237E-001
    0.896520000000E+005    0.182398416876E-001
    0.897020000000E+005    0.182533309815E-001
    0.897520000000E+005    0.182668112959E-001
    0.898020000000E+005    0.182802826210E-001
    0.898520000000E+005    0.182937449473E-001
    0.899020000000E+005    0.183071982652E-001
    0.899520000000E+005    0.183206425653E-001
    0.900020000000E+005    0.183340778379E-001
    0.900520000000E+005    0.183475040737E-001
    0.901020000000E+005    0.183609212632E-001
    0.901520000000E+005    0.183743293970E-001
    0.902020000000E+005    0.183877284657E-001
    0.902520000000E+005    0.184011184600E-001
    0.903020000000E+005    0.184144993705E-001
    0.903520000000E+005    0.184278711880E-001
    0.904020000000E+005    0.184412339032E-001
    0.904520000000E+005    0.184545875069E-001
    0.905020000000E+005    0.184679319899E-001
    0.905520000000E+005    0.184812673429E-001
    0.906020000000E+005    0.184945935570E-001
    0.906520000000E+005    0.185079106229E-001
    0.907020000000E+005    0.185212185316E-001
    0.907520000000E+005    0.185345172741E-001
    0.908020000000E+005    0.185478068412E-001
    0.908520000000E+005    0.185610872241E-001
    0.909020000000E+005    0.185743584137E-001
    0.909520000000E+005    0.185876204011E-001
    0.910020000000E+005    0.186008731775E-001
    0.910520000000E+005    0.186141167338E-001
    0.911020000000E+005    0.186273510614E-001
    0.911520000000E+005    0.186405761513E-001
    0.912020000000E+005    0.186537919948E-001
    0.912520000000E+005    0.186669985831E-001
    0.913020000000E+005    0.186801959076E-001
    0.913520000000E+005    0.186933839593E-001
    0.914020000000E+005    0.187065627298E-001
    0.914520000000E+005    0.187197322104E-001
    0.915020000000E+005    0.187328923924E-001
    0.915520000000E+005    0.187460432673E-001
    0.916020000000E+005    0.187591848264E-001
    0.916520000000E+005    0.187723170614E-001
    0.917020000000E+005    0.187854399635E-001
    0.917520000000E+005    0.187985535245E-001
    0.918020000000E+005    0.188116577358E-001
    0.918520000000E+005    0.188247525891E-001
    0.919020000000E+005    0.188378380759E-001
    0.919520000000E+005    0.188509141878E-001
    0.920020000000E+005    0.188639809166E-001
    0.920520000000E+005    0.188770382539E-001
    0.921020000000E+005    0.188900861915E-001
    0.921520000000E+005    0.189031247211E-001
    0.922020000000E+005    0.189161538345E-001
    0.922520000000E+005    0.189291735235E-001
    0.923020000000E+005    0.189421837799E-001
    0.923520000000E+005    0.189551845956E-001
    0.924020000000E+005    0.189681759625E-001
    0.924520000000E+005    0.189811578725E-001
    0.925020000000E+005    0.189941303176E-001
    0.925520000000E+005    0.190070932897E-001
    0.926020000000E+005    0.190200467808E-001
    0.926520000000E+005    0.190329907830E-001
    0.927020000000E+005    0.190459252883E-001
    0.927520000000E+005    0.190588502888E-001
    0.928020000000E+005    0.190717657766E-001
    0.928520000000E+005    0.190846717439E-001
    0.929020000000E+005    0.190975681828E-001
    0.929520000000E+005    0.191104550855E-001
    0.930020000000E+005    0.191233324442E-001
    0.930520000000E+005    0.191362002513E-001
    0.931020000000E+005    0.191490584989E-001
    0.931520000000E+005    0.191619071793E-001
    0.932020000000E+005    0.191747462850E-001
    0.932520000000E+005    0.191875758082E-001
    0.933020000000E+005    0.192003957413E-001
    0.933520000000E+005    0.192132060769E-001
    0.934020000000E+005    0.192260068072E-001
    0.934520000000E+005    0.192387979247E-001
    0.935020000000E+005    0.192515794220E-001
    0.935520000000E+005    0.192643512916E-001
    0.936020000000E+005    0.192771135260E-001
    0.936520000000E+005    0.192898661178E-001
    0.937020000000E+005    0.193026090595E-001
    0.937520000000E+005    0.193153423439E-001
    0.938020000000E+005    0.193280659636E-001
    0.938520000000E+005    0.193407799112E-001
    0.939020000000E+005    0.193534841794E-001
    0.939520000000E+005    0.193661787610E-001
    0.940020000000E+005    0.193788636488E-001
    0.940520000000E+005    0.193915388355E-001
    0.941020000000E+005    0.194042043140E-001
    0.941520000000E+005    0.194168600770E-001
    0.942020000000E+005    0.194295061175E-001
    0.942520000000E+005    0.194421424283E-001
    0.943020000000E+005    0.194547690024E-001
    0.943520000000E+005    0.194673858326E-001
    0.944020000000E+005    0.194799929121E-001
    0.944520000000E+005    0.194925902337E-001
    0.945020000000E+005    0.195051777904E-001
    0.945520000000E+005    0.195177555754E-001
    0.946020000000E+005    0.195303235817E-001
    0.946520000000E+005    0.195428818024E-001
    0.947020000000E+005    0.195554302306E-001
    0.947520000000E+005    0.195679688595E-001
    0.948020000000E+005    0.195804976822E-001
    0.948520000000E+005    0.195930166920E-001
    0.949020000000E+005    0.196055258821E-001
    0.949520000000E+005    0.196180252457E-001
    0.950020000000E+005    0.196305147761E-001
    0.950520000000E+005    0.196429944666E-001
    0.951020000000E+005    0.196554643106E-001
    0.951520000000E+005    0.196679243013E-001
    0.952020000000E+005    0.196803744323E-001
    0.952520000000E+005    0.196928146968E-001
    0.953020000000E+005    0.197052450884E-001
    0.953520000000E+005    0.197176656004E-001
    0.954020000000E+005    0.197300762264E-001
    0.954520000000E+005    0.197424769598E-001
    0.955020000000E+005    0.197548677943E-001
    0.955520000000E+005    0.197672487233E-001
    0.956020000000E+005    0.197796197404E-001
    0.956520000000E+005    0.197919808393E-001
    0.957020000000E+005    0.198043320135E-001
    0.957520000000E+005    0.198166732568E-001
    0.958020000000E+005    0.198290045628E-001
    0.958520000000E+005    0.198413259252E-001
    0.959020000000E+005    0.198536373377E-001
    0.959520000000E+005    0.198659387942E-001
    0.960020000000E+005    0.198782302884E-001
    0.960520000000E+005    0.198905118140E-001
    0.961020000000E+005    0.199027833650E-001
    0.961520000000E+005    0.199150449351E-001
    0.962020000000E+005    0.199272965184E-001
    0.962520000000E+005    0.199395381085E-001
    0.963020000000E+005    0.199517696996E-001
    0.963520000000E+005    0.199639912855E-001
    0.964020000000E+005    0.199762028603E-001
    0.964520000000E+005    0.199884044178E-001
    0.965020000000E+005    0.200005959523E-001
    0.965520000000E+005    0.200127774576E-001
    0.966020000000E+005    0.200249489279E-001
    0.966520000000E+005    0.200371103573E-001
    0.967020000000E+005    0.200492617398E-001
    0.967520000000E+005    0.200614030697E-001
    0.968020000000E+005    0.200735343412E-001
    0.968520000000E+005    0.200856555483E-001
    0.969020000000E+005    0.200977666854E-001
    0.969520000000E+005    0.201098677466E-001
    0.970020000000E+005    0.201219587263E-001
    0.970520000000E+005    0.201340396187E-001
    0.971020000000E+005    0.201461104181E-001
    0.971520000000E+005    0.201581711190E-001
    0.972020000000E+005    0.201702217155E-001
    0.972520000000E+005    0.201822622022E-001
    0.973020000000E+005    0.201942925735E-001
    0.973520000000E+005    0.202063128237E-001
    0.974020000000E+005    0.202183229473E-001
    0.974520000000E+005    0.202303229389E-001
    0.975020000000E+005    0.202423127928E-001
    0.975520000000E+005    0.202542925037E-001
    0.976020000000E+005    0.202662620661E-001
    0.976520000000E+005    0.202782214746E-001
    0.977020000000E+005    0.202901707237E-001
    0.977520000000E+005    0.203021098080E-001
    0.978020000000E+005    0.203140387223E-001
    0.978520000000E+005    0.203259574612E-001
    0.979020000000E+005    0.203378660194E-001
    0.979520000000E+005    0.203497643915E-001
    0.980020000000E+005    0.203616525724E-001
    0.980520000000E+005    0.203735305568E-001
    0.981020000000E+005    0.203853983394E-001
    0.981520000000E+005    0.203972559151E-001
    0.982020000000E+005    0.204091032787E-001
    0.982520000000E+005    0.204209404250E-001
    0.983020000000E+005    0.204327673490E-001
    0.983520000000E+005    0.204445840454E-001
    0.984020000000E+005    0.204563905093E-001
    0.984520000000E+005    0.204681867356E-001
    0.985020000000E+005    0.204799727193E-001
    0.985520000000E+005    0.204917484552E-001
    0.986020000000E+005    0.205035139385E-001
    0.986520000000E+005    0.205152691642E-001
    0.987020000000E+005    0.205270141273E-001
    0.987520000000E+005    0.205387488229E-001
    0.988020000000E+005    0.205504732460E-001
    0.988520000000E+005    0.205621873919E-001
    0.989020000000E+005    0.205738912557E-001
    0.989520000000E+005    0.205855848325E-001
    0.990020000000E+005    0.205972681175E-001
    0.990520000000E+005    0.206089411060E-001
    0.991020000000E+005    0.206206037931E-001
    0.991520000000E+005    0.206322561742E-001
    0.992020000000E+005    0.206438982444E-001
    0.992520000000E+005    0.206555299991E-001
    0.993020000000E+005    0.206671514336E-001
    0.993520000000E+005    0.206787625433E-001
    0.994020000000E+005    0.206903633236E-001
    0.994520000000E+005    0.207019537697E-001
    0.995020000000E+005    0.207135338771E-001
    0.995520000000E+005    0.207251036413E-001
    0.996020000000E+005    0.207366630577E-001
    0.996520000000E+005    0.207482121218E-001
    0.997020000000E+005    0.207597508291E-001
    0.997520000000E+005    0.207712791750E-001
    0.998020000000E+005    0.207827971552E-001
    0.998520000000E+005    0.207943047651E-001
    0.999020000000E+005    0.208058020005E-001
    0.999520000000E+005    0.208172888568E-001
