TITLE = "0D Field KU"
VARIABLES = N ,"KU_Ha100Rem1Re10000"
ZONE DATAPACKING = POINT
    0.200000000000E+001    0.560151387005E-039
    0.520000000000E+002    0.229119728614E-019
    0.102000000000E+003    0.138491194544E-015
    0.152000000000E+003    0.751733586665E-014
    0.202000000000E+003    0.879781322188E-013
    0.252000000000E+003    0.497412197300E-012
    0.302000000000E+003    0.185886586509E-011
    0.352000000000E+003    0.533733775827E-011
    0.402000000000E+003    0.127894034726E-010
    0.452000000000E+003    0.268842295742E-010
    0.502000000000E+003    0.511993453211E-010
    0.552000000000E+003    0.902952581876E-010
    0.602000000000E+003    0.149770014949E-009
    0.652000000000E+003    0.236294834897E-009
    0.702000000000E+003    0.357639118533E-009
    0.752000000000E+003    0.522688324870E-009
    0.802000000000E+003    0.741454372521E-009
    0.852000000000E+003    0.102508004799E-008
    0.902000000000E+003    0.138584039231E-008
    0.952000000000E+003    0.183714287477E-008
    0.100200000000E+004    0.239352505045E-008
    0.105200000000E+004    0.307064474494E-008
    0.110200000000E+004    0.388526438790E-008
    0.115200000000E+004    0.485523785676E-008
    0.120200000000E+004    0.599949891166E-008
    0.125200000000E+004    0.733804806156E-008
    0.130200000000E+004    0.889193927032E-008
    0.135200000000E+004    0.106832684022E-007
    0.140200000000E+004    0.127351632328E-007
    0.145200000000E+004    0.150717706099E-007
    0.150200000000E+004    0.177182364365E-007
    0.155200000000E+004    0.207006841922E-007
    0.160200000000E+004    0.240461992018E-007
    0.165200000000E+004    0.277828149720E-007
    0.170200000000E+004    0.319394987804E-007
    0.175200000000E+004    0.365461388173E-007
    0.180200000000E+004    0.416335338487E-007
    0.185200000000E+004    0.472333831676E-007
    0.190200000000E+004    0.533782711878E-007
    0.195200000000E+004    0.601016458114E-007
    0.200200000000E+004    0.674377989077E-007
    0.205200000000E+004    0.754218531809E-007
    0.210200000000E+004    0.840897502576E-007
    0.215200000000E+004    0.934782386453E-007
    0.220200000000E+004    0.103624864121E-006
    0.225200000000E+004    0.114567961995E-006
    0.230200000000E+004    0.126346647149E-006
    0.235200000000E+004    0.139000797158E-006
    0.240200000000E+004    0.152571031623E-006
    0.245200000000E+004    0.167098696321E-006
    0.250200000000E+004    0.182625853055E-006
    0.255200000000E+004    0.199195269956E-006
    0.260200000000E+004    0.216850412475E-006
    0.265200000000E+004    0.235635436976E-006
    0.270200000000E+004    0.255595184528E-006
    0.275200000000E+004    0.276775169989E-006
    0.280200000000E+004    0.299221564292E-006
    0.285200000000E+004    0.322981176084E-006
    0.290200000000E+004    0.348101439678E-006
    0.295200000000E+004    0.374630407401E-006
    0.300200000000E+004    0.402616742114E-006
    0.305200000000E+004    0.432109711157E-006
    0.310200000000E+004    0.463159182230E-006
    0.315200000000E+004    0.495815617243E-006
    0.320200000000E+004    0.530130059855E-006
    0.325200000000E+004    0.566154117837E-006
    0.330200000000E+004    0.603939947780E-006
    0.335200000000E+004    0.643540246400E-006
    0.340200000000E+004    0.685008244913E-006
    0.345200000000E+004    0.728397703729E-006
    0.350200000000E+004    0.773762908882E-006
    0.355200000000E+004    0.821158668951E-006
    0.360200000000E+004    0.870640307789E-006
    0.365200000000E+004    0.922263650618E-006
    0.370200000000E+004    0.976085007501E-006
    0.375200000000E+004    0.103216116139E-005
    0.380200000000E+004    0.109054936217E-005
    0.385200000000E+004    0.115130732280E-005
    0.390200000000E+004    0.121449321601E-005
    0.395200000000E+004    0.128016567248E-005
    0.400200000000E+004    0.134838377749E-005
    0.405200000000E+004    0.141920706198E-005
    0.410200000000E+004    0.149269548780E-005
    0.415200000000E+004    0.156890943317E-005
    0.420200000000E+004    0.164790968398E-005
    0.425200000000E+004    0.172975743006E-005
    0.430200000000E+004    0.181451426281E-005
    0.435200000000E+004    0.190224217367E-005
    0.440200000000E+004    0.199300355307E-005
    0.445200000000E+004    0.208686118582E-005
    0.450200000000E+004    0.218387824042E-005
    0.455200000000E+004    0.228411825441E-005
    0.460200000000E+004    0.238764512242E-005
    0.465200000000E+004    0.249452309036E-005
    0.470200000000E+004    0.260481675344E-005
    0.475200000000E+004    0.271859105525E-005
    0.480200000000E+004    0.283591128743E-005
    0.485200000000E+004    0.295684308826E-005
    0.490200000000E+004    0.308145243641E-005
    0.495200000000E+004    0.320980563878E-005
    0.500200000000E+004    0.334196931702E-005
    0.505200000000E+004    0.347801039831E-005
    0.510200000000E+004    0.361799611205E-005
    0.515200000000E+004    0.376199398933E-005
    0.520200000000E+004    0.391007186314E-005
    0.525200000000E+004    0.406229786860E-005
    0.530200000000E+004    0.421874044037E-005
    0.535200000000E+004    0.437946830452E-005
    0.540200000000E+004    0.454455046580E-005
    0.545200000000E+004    0.471405619592E-005
    0.550200000000E+004    0.488805502720E-005
    0.555200000000E+004    0.506661675116E-005
    0.560200000000E+004    0.524981141929E-005
    0.565200000000E+004    0.543770934397E-005
    0.570200000000E+004    0.563038109842E-005
    0.575200000000E+004    0.582789751245E-005
    0.580200000000E+004    0.603032966270E-005
    0.585200000000E+004    0.623774886021E-005
    0.590200000000E+004    0.645022664099E-005
    0.595200000000E+004    0.666783476218E-005
    0.600200000000E+004    0.689064520232E-005
    0.605200000000E+004    0.711873016296E-005
    0.610200000000E+004    0.735216206988E-005
    0.615200000000E+004    0.759101357200E-005
    0.620200000000E+004    0.783535753528E-005
    0.625200000000E+004    0.808526703192E-005
    0.630200000000E+004    0.834081532904E-005
    0.635200000000E+004    0.860207588169E-005
    0.640200000000E+004    0.886912233127E-005
    0.645200000000E+004    0.914202850706E-005
    0.650200000000E+004    0.942086842831E-005
    0.655200000000E+004    0.970571630517E-005
    0.660200000000E+004    0.999664653604E-005
    0.665200000000E+004    0.102937336997E-004
    0.670200000000E+004    0.105970525445E-004
    0.675200000000E+004    0.109066779782E-004
    0.680200000000E+004    0.112226850641E-004
    0.685200000000E+004    0.115451490208E-004
    0.690200000000E+004    0.118741452247E-004
    0.695200000000E+004    0.122097492126E-004
    0.700200000000E+004    0.125520366810E-004
    0.705200000000E+004    0.129010834823E-004
    0.710200000000E+004    0.132569656152E-004
    0.715200000000E+004    0.136197592146E-004
    0.720200000000E+004    0.139895405437E-004
    0.725200000000E+004    0.143663859920E-004
    0.730200000000E+004    0.147503720767E-004
    0.735200000000E+004    0.151415754458E-004
    0.740200000000E+004    0.155400728799E-004
    0.745200000000E+004    0.159459412906E-004
    0.750200000000E+004    0.163592577148E-004
    0.755200000000E+004    0.167800993044E-004
    0.760200000000E+004    0.172085433172E-004
    0.765200000000E+004    0.176446671114E-004
    0.770200000000E+004    0.180885481455E-004
    0.775200000000E+004    0.185402639809E-004
    0.780200000000E+004    0.189998922850E-004
    0.785200000000E+004    0.194675108318E-004
    0.790200000000E+004    0.199431974993E-004
    0.795200000000E+004    0.204270302613E-004
    0.800200000000E+004    0.209190871785E-004
    0.805200000000E+004    0.214194463898E-004
    0.810200000000E+004    0.219281861100E-004
    0.815200000000E+004    0.224453846304E-004
    0.820200000000E+004    0.229711203226E-004
    0.825200000000E+004    0.235054716412E-004
    0.830200000000E+004    0.240485171227E-004
    0.835200000000E+004    0.246003353815E-004
    0.840200000000E+004    0.251610051010E-004
    0.845200000000E+004    0.257306050247E-004
    0.850200000000E+004    0.263092139502E-004
    0.855200000000E+004    0.268969107283E-004
    0.860200000000E+004    0.274937742653E-004
    0.865200000000E+004    0.280998835266E-004
    0.870200000000E+004    0.287153175384E-004
    0.875200000000E+004    0.293401553858E-004
    0.880200000000E+004    0.299744762065E-004
    0.885200000000E+004    0.306183591821E-004
    0.890200000000E+004    0.312718835302E-004
    0.895200000000E+004    0.319351285004E-004
    0.900200000000E+004    0.326081733752E-004
    0.905200000000E+004    0.332910974730E-004
    0.910200000000E+004    0.339839801516E-004
    0.915200000000E+004    0.346869008083E-004
    0.920200000000E+004    0.353999388769E-004
    0.925200000000E+004    0.361231738199E-004
    0.930200000000E+004    0.368566851203E-004
    0.935200000000E+004    0.376005522751E-004
    0.940200000000E+004    0.383548547935E-004
    0.945200000000E+004    0.391196721988E-004
    0.950200000000E+004    0.398950840322E-004
    0.955200000000E+004    0.406811698551E-004
    0.960200000000E+004    0.414780092483E-004
    0.965200000000E+004    0.422856818068E-004
    0.970200000000E+004    0.431042671321E-004
    0.975200000000E+004    0.439338448244E-004
    0.980200000000E+004    0.447744944780E-004
    0.985200000000E+004    0.456262956814E-004
    0.990200000000E+004    0.464893280198E-004
    0.995200000000E+004    0.473636710792E-004
    0.100020000000E+005    0.482494044475E-004
    0.100520000000E+005    0.491466077116E-004
    0.101020000000E+005    0.500553604520E-004
    0.101520000000E+005    0.509757422344E-004
    0.102020000000E+005    0.519078326033E-004
    0.102520000000E+005    0.528517110790E-004
    0.103020000000E+005    0.538074571596E-004
    0.103520000000E+005    0.547751503240E-004
    0.104020000000E+005    0.557548700349E-004
    0.104520000000E+005    0.567466957389E-004
    0.105020000000E+005    0.577507068625E-004
    0.105520000000E+005    0.587669828054E-004
    0.106020000000E+005    0.597956029327E-004
    0.106520000000E+005    0.608366465700E-004
    0.107020000000E+005    0.618901930027E-004
    0.107520000000E+005    0.629563214779E-004
    0.108020000000E+005    0.640351112087E-004
    0.108520000000E+005    0.651266413758E-004
    0.109020000000E+005    0.662309911258E-004
    0.109520000000E+005    0.673482395667E-004
    0.110020000000E+005    0.684784657601E-004
    0.110520000000E+005    0.696217487148E-004
    0.111020000000E+005    0.707781673838E-004
    0.111520000000E+005    0.719478006643E-004
    0.112020000000E+005    0.731307274013E-004
    0.112520000000E+005    0.743270263906E-004
    0.113020000000E+005    0.755367763798E-004
    0.113520000000E+005    0.767600560652E-004
    0.114020000000E+005    0.779969440860E-004
    0.114520000000E+005    0.792475190171E-004
    0.115020000000E+005    0.805118593637E-004
    0.115520000000E+005    0.817900435599E-004
    0.116020000000E+005    0.830821499700E-004
    0.116520000000E+005    0.843882568928E-004
    0.117020000000E+005    0.857084425632E-004
    0.117520000000E+005    0.870427851521E-004
    0.118020000000E+005    0.883913627623E-004
    0.118520000000E+005    0.897542534219E-004
    0.119020000000E+005    0.911315350777E-004
    0.119520000000E+005    0.925232855916E-004
    0.120020000000E+005    0.939295827403E-004
    0.120520000000E+005    0.953505042180E-004
    0.121020000000E+005    0.967861276398E-004
    0.121520000000E+005    0.982365305430E-004
    0.122020000000E+005    0.997017903853E-004
    0.122520000000E+005    0.101181984540E-003
    0.123020000000E+005    0.102677190288E-003
    0.123520000000E+005    0.104187484815E-003
    0.124020000000E+005    0.105712945207E-003
    0.124520000000E+005    0.107253648451E-003
    0.125020000000E+005    0.108809671440E-003
    0.125520000000E+005    0.110381090977E-003
    0.126020000000E+005    0.111967983769E-003
    0.126520000000E+005    0.113570426432E-003
    0.127020000000E+005    0.115188495478E-003
    0.127520000000E+005    0.116822267317E-003
    0.128020000000E+005    0.118471818242E-003
    0.128520000000E+005    0.120137224437E-003
    0.129020000000E+005    0.121818561978E-003
    0.129520000000E+005    0.123515906832E-003
    0.130020000000E+005    0.125229334860E-003
    0.130520000000E+005    0.126958921822E-003
    0.131020000000E+005    0.128704743363E-003
    0.131520000000E+005    0.130466875016E-003
    0.132020000000E+005    0.132245392191E-003
    0.132520000000E+005    0.134040370175E-003
    0.133020000000E+005    0.135851884129E-003
    0.133520000000E+005    0.137680009095E-003
    0.134020000000E+005    0.139524819996E-003
    0.134520000000E+005    0.141386391640E-003
    0.135020000000E+005    0.143264798714E-003
    0.135520000000E+005    0.145160115779E-003
    0.136020000000E+005    0.147072417270E-003
    0.136520000000E+005    0.149001777484E-003
    0.137020000000E+005    0.150948270583E-003
    0.137520000000E+005    0.152911970596E-003
    0.138020000000E+005    0.154892951418E-003
    0.138520000000E+005    0.156891286816E-003
    0.139020000000E+005    0.158907050429E-003
    0.139520000000E+005    0.160940315761E-003
    0.140020000000E+005    0.162991156179E-003
    0.140520000000E+005    0.165059644907E-003
    0.141020000000E+005    0.167145855021E-003
    0.141520000000E+005    0.169249859452E-003
    0.142020000000E+005    0.171371730985E-003
    0.142520000000E+005    0.173511542264E-003
    0.143020000000E+005    0.175669365793E-003
    0.143520000000E+005    0.177845273934E-003
    0.144020000000E+005    0.180039338904E-003
    0.144520000000E+005    0.182251632769E-003
    0.145020000000E+005    0.184482227438E-003
    0.145520000000E+005    0.186731194664E-003
    0.146020000000E+005    0.188998606043E-003
    0.146520000000E+005    0.191284533016E-003
    0.147020000000E+005    0.193589046874E-003
    0.147520000000E+005    0.195912218756E-003
    0.148020000000E+005    0.198254119648E-003
    0.148520000000E+005    0.200614820379E-003
    0.149020000000E+005    0.202994391613E-003
    0.149520000000E+005    0.205392903849E-003
    0.150020000000E+005    0.207810427416E-003
    0.150520000000E+005    0.210247032480E-003
    0.151020000000E+005    0.212702789043E-003
    0.151520000000E+005    0.215177766946E-003
    0.152020000000E+005    0.217672035869E-003
    0.152520000000E+005    0.220185665327E-003
    0.153020000000E+005    0.222718724664E-003
    0.153520000000E+005    0.225271283052E-003
    0.154020000000E+005    0.227843409483E-003
    0.154520000000E+005    0.230435172775E-003
    0.155020000000E+005    0.233046641573E-003
    0.155520000000E+005    0.235677884348E-003
    0.156020000000E+005    0.238328969402E-003
    0.156520000000E+005    0.240999964864E-003
    0.157020000000E+005    0.243690938690E-003
    0.157520000000E+005    0.246401958652E-003
    0.158020000000E+005    0.249133092339E-003
    0.158520000000E+005    0.251884407153E-003
    0.159020000000E+005    0.254655970315E-003
    0.159520000000E+005    0.257447848860E-003
    0.160020000000E+005    0.260260109646E-003
    0.160520000000E+005    0.263092819352E-003
    0.161020000000E+005    0.265946044472E-003
    0.161520000000E+005    0.268819851317E-003
    0.162020000000E+005    0.271714306006E-003
    0.162520000000E+005    0.274629474463E-003
    0.163020000000E+005    0.277565422419E-003
    0.163520000000E+005    0.280522215416E-003
    0.164020000000E+005    0.283499918804E-003
    0.164520000000E+005    0.286498597747E-003
    0.165020000000E+005    0.289518317219E-003
    0.165520000000E+005    0.292559142004E-003
    0.166020000000E+005    0.295621136688E-003
    0.166520000000E+005    0.298704365659E-003
    0.167020000000E+005    0.301808893103E-003
    0.167520000000E+005    0.304934783004E-003
    0.168020000000E+005    0.308082099150E-003
    0.168520000000E+005    0.311250905131E-003
    0.169020000000E+005    0.314441264344E-003
    0.169520000000E+005    0.317653239985E-003
    0.170020000000E+005    0.320886895053E-003
    0.170520000000E+005    0.324142292340E-003
    0.171020000000E+005    0.327419494431E-003
    0.171520000000E+005    0.330718563700E-003
    0.172020000000E+005    0.334039562318E-003
    0.172520000000E+005    0.337382552250E-003
    0.173020000000E+005    0.340747595256E-003
    0.173520000000E+005    0.344134752897E-003
    0.174020000000E+005    0.347544086525E-003
    0.174520000000E+005    0.350975657286E-003
    0.175020000000E+005    0.354429526109E-003
    0.175520000000E+005    0.357905753712E-003
    0.176020000000E+005    0.361404400595E-003
    0.176520000000E+005    0.364925527048E-003
    0.177020000000E+005    0.368469193150E-003
    0.177520000000E+005    0.372035458770E-003
    0.178020000000E+005    0.375624383568E-003
    0.178520000000E+005    0.379236026991E-003
    0.179020000000E+005    0.382870448266E-003
    0.179520000000E+005    0.386527706404E-003
    0.180020000000E+005    0.390207860191E-003
    0.180520000000E+005    0.393910968196E-003
    0.181020000000E+005    0.397637088770E-003
    0.181520000000E+005    0.401386280046E-003
    0.182020000000E+005    0.405158599945E-003
    0.182520000000E+005    0.408954106168E-003
    0.183020000000E+005    0.412772856198E-003
    0.183520000000E+005    0.416614907291E-003
    0.184020000000E+005    0.420480316479E-003
    0.184520000000E+005    0.424369140567E-003
    0.185020000000E+005    0.428281436135E-003
    0.185520000000E+005    0.432217259542E-003
    0.186020000000E+005    0.436176666925E-003
    0.186520000000E+005    0.440159714200E-003
    0.187020000000E+005    0.444166457060E-003
    0.187520000000E+005    0.448196950971E-003
    0.188020000000E+005    0.452251251165E-003
    0.188520000000E+005    0.456329412649E-003
    0.189020000000E+005    0.460431490193E-003
    0.189520000000E+005    0.464557538344E-003
    0.190020000000E+005    0.468707611419E-003
    0.190520000000E+005    0.472881763509E-003
    0.191020000000E+005    0.477080048481E-003
    0.191520000000E+005    0.481302519970E-003
    0.192020000000E+005    0.485549231378E-003
    0.192520000000E+005    0.489820235871E-003
    0.193020000000E+005    0.494115586382E-003
    0.193520000000E+005    0.498435335606E-003
    0.194020000000E+005    0.502779536009E-003
    0.194520000000E+005    0.507148239826E-003
    0.195020000000E+005    0.511541499060E-003
    0.195520000000E+005    0.515959365483E-003
    0.196020000000E+005    0.520401890631E-003
    0.196520000000E+005    0.524869125803E-003
    0.197020000000E+005    0.529361122056E-003
    0.197520000000E+005    0.533877930210E-003
    0.198020000000E+005    0.538419600848E-003
    0.198520000000E+005    0.542986184316E-003
    0.199020000000E+005    0.547577730726E-003
    0.199520000000E+005    0.552194289956E-003
    0.200020000000E+005    0.556835911647E-003
    0.200520000000E+005    0.561502645198E-003
    0.201020000000E+005    0.566194539768E-003
    0.201520000000E+005    0.570911644272E-003
    0.202020000000E+005    0.575654007382E-003
    0.202520000000E+005    0.580421677532E-003
    0.203020000000E+005    0.585214702916E-003
    0.203520000000E+005    0.590033131492E-003
    0.204020000000E+005    0.594877010977E-003
    0.204520000000E+005    0.599746388849E-003
    0.205020000000E+005    0.604641312339E-003
    0.205520000000E+005    0.609561828435E-003
    0.206020000000E+005    0.614507983877E-003
    0.206520000000E+005    0.619479825162E-003
    0.207020000000E+005    0.624477398544E-003
    0.207520000000E+005    0.629500750038E-003
    0.208020000000E+005    0.634549925417E-003
    0.208520000000E+005    0.639624970211E-003
    0.209020000000E+005    0.644725929705E-003
    0.209520000000E+005    0.649852848935E-003
    0.210020000000E+005    0.655005772693E-003
    0.210520000000E+005    0.660184745518E-003
    0.211020000000E+005    0.665389811706E-003
    0.211520000000E+005    0.670621015310E-003
    0.212020000000E+005    0.675878400137E-003
    0.212520000000E+005    0.681162009753E-003
    0.213020000000E+005    0.686471887476E-003
    0.213520000000E+005    0.691808076376E-003
    0.214020000000E+005    0.697170619274E-003
    0.214520000000E+005    0.702559558739E-003
    0.215020000000E+005    0.707974937093E-003
    0.215520000000E+005    0.713416796409E-003
    0.216020000000E+005    0.718885178516E-003
    0.216520000000E+005    0.724380124997E-003
    0.217020000000E+005    0.729901677189E-003
    0.217520000000E+005    0.735449876179E-003
    0.218020000000E+005    0.741024762806E-003
    0.218520000000E+005    0.746626377653E-003
    0.219020000000E+005    0.752254761055E-003
    0.219520000000E+005    0.757909953096E-003
    0.220020000000E+005    0.763591993612E-003
    0.220520000000E+005    0.769300922192E-003
    0.221020000000E+005    0.775036778178E-003
    0.221520000000E+005    0.780799600664E-003
    0.222020000000E+005    0.786589428492E-003
    0.222520000000E+005    0.792406300252E-003
    0.223020000000E+005    0.798250254281E-003
    0.223520000000E+005    0.804121328664E-003
    0.224020000000E+005    0.810019561235E-003
    0.224520000000E+005    0.815944989582E-003
    0.225020000000E+005    0.821897651041E-003
    0.225520000000E+005    0.827877582703E-003
    0.226020000000E+005    0.833884821408E-003
    0.226520000000E+005    0.839919403740E-003
    0.227020000000E+005    0.845981366033E-003
    0.227520000000E+005    0.852070744368E-003
    0.228020000000E+005    0.858187574570E-003
    0.228520000000E+005    0.864331892218E-003
    0.229020000000E+005    0.870503732640E-003
    0.229520000000E+005    0.876703130915E-003
    0.230020000000E+005    0.882930121874E-003
    0.230520000000E+005    0.889184740093E-003
    0.231020000000E+005    0.895467019897E-003
    0.231520000000E+005    0.901776995357E-003
    0.232020000000E+005    0.908114700289E-003
    0.232520000000E+005    0.914480168259E-003
    0.233020000000E+005    0.920873432582E-003
    0.233520000000E+005    0.927294526325E-003
    0.234020000000E+005    0.933743482305E-003
    0.234520000000E+005    0.940220333087E-003
    0.235020000000E+005    0.946725110986E-003
    0.235520000000E+005    0.953257848061E-003
    0.236020000000E+005    0.959818576118E-003
    0.236520000000E+005    0.966407326710E-003
    0.237020000000E+005    0.973024131140E-003
    0.237520000000E+005    0.979669020461E-003
    0.238020000000E+005    0.986342025477E-003
    0.238520000000E+005    0.993043176742E-003
    0.239020000000E+005    0.999772504559E-003
    0.239520000000E+005    0.100653003898E-002
    0.240020000000E+005    0.101331580980E-002
    0.240520000000E+005    0.102012984656E-002
    0.241020000000E+005    0.102697217855E-002
    0.241520000000E+005    0.103384283482E-002
    0.242020000000E+005    0.104074184417E-002
    0.242520000000E+005    0.104766923512E-002
    0.243020000000E+005    0.105462503599E-002
    0.243520000000E+005    0.106160927481E-002
    0.244020000000E+005    0.106862197938E-002
    0.244520000000E+005    0.107566317722E-002
    0.245020000000E+005    0.108273289564E-002
    0.245520000000E+005    0.108983116167E-002
    0.246020000000E+005    0.109695800209E-002
    0.246520000000E+005    0.110411344345E-002
    0.247020000000E+005    0.111129751203E-002
    0.247520000000E+005    0.111851023389E-002
    0.248020000000E+005    0.112575163480E-002
    0.248520000000E+005    0.113302174032E-002
    0.249020000000E+005    0.114032057573E-002
    0.249520000000E+005    0.114764816607E-002
    0.250020000000E+005    0.115500453613E-002
    0.250520000000E+005    0.116238971046E-002
    0.251020000000E+005    0.116980371334E-002
    0.251520000000E+005    0.117724656884E-002
    0.252020000000E+005    0.118471830074E-002
    0.252520000000E+005    0.119221893261E-002
    0.253020000000E+005    0.119974848774E-002
    0.253520000000E+005    0.120730698918E-002
    0.254020000000E+005    0.121489445974E-002
    0.254520000000E+005    0.122251092197E-002
    0.255020000000E+005    0.123015639818E-002
    0.255520000000E+005    0.123783091045E-002
    0.256020000000E+005    0.124553448058E-002
    0.256520000000E+005    0.125326713015E-002
    0.257020000000E+005    0.126102888049E-002
    0.257520000000E+005    0.126881975267E-002
    0.258020000000E+005    0.127663976751E-002
    0.258520000000E+005    0.128448894560E-002
    0.259020000000E+005    0.129236730728E-002
    0.259520000000E+005    0.130027487265E-002
    0.260020000000E+005    0.130821166154E-002
    0.260520000000E+005    0.131617769357E-002
    0.261020000000E+005    0.132417298810E-002
    0.261520000000E+005    0.133219756424E-002
    0.262020000000E+005    0.134025144085E-002
    0.262520000000E+005    0.134833463657E-002
    0.263020000000E+005    0.135644716976E-002
    0.263520000000E+005    0.136458905856E-002
    0.264020000000E+005    0.137276032088E-002
    0.264520000000E+005    0.138096097437E-002
    0.265020000000E+005    0.138919103643E-002
    0.265520000000E+005    0.139745052423E-002
    0.266020000000E+005    0.140573945469E-002
    0.266520000000E+005    0.141405784449E-002
    0.267020000000E+005    0.142240571008E-002
    0.267520000000E+005    0.143078306764E-002
    0.268020000000E+005    0.143918993313E-002
    0.268520000000E+005    0.144762632227E-002
    0.269020000000E+005    0.145609225054E-002
    0.269520000000E+005    0.146458773318E-002
    0.270020000000E+005    0.147311278518E-002
    0.270520000000E+005    0.148166742128E-002
    0.271020000000E+005    0.149025165602E-002
    0.271520000000E+005    0.149886550365E-002
    0.272020000000E+005    0.150750897823E-002
    0.272520000000E+005    0.151618209354E-002
    0.273020000000E+005    0.152488486315E-002
    0.273520000000E+005    0.153361730039E-002
    0.274020000000E+005    0.154237941834E-002
    0.274520000000E+005    0.155117122986E-002
    0.275020000000E+005    0.155999274754E-002
    0.275520000000E+005    0.156884398376E-002
    0.276020000000E+005    0.157772495067E-002
    0.276520000000E+005    0.158663566015E-002
    0.277020000000E+005    0.159557612389E-002
    0.277520000000E+005    0.160454635331E-002
    0.278020000000E+005    0.161354635962E-002
    0.278520000000E+005    0.162257615377E-002
    0.279020000000E+005    0.163163574650E-002
    0.279520000000E+005    0.164072514830E-002
    0.280020000000E+005    0.164984436942E-002
    0.280520000000E+005    0.165899341989E-002
    0.281020000000E+005    0.166817230951E-002
    0.281520000000E+005    0.167738104784E-002
    0.282020000000E+005    0.168661964422E-002
    0.282520000000E+005    0.169588810775E-002
    0.283020000000E+005    0.170518644728E-002
    0.283520000000E+005    0.171451467147E-002
    0.284020000000E+005    0.172387278871E-002
    0.284520000000E+005    0.173326080718E-002
    0.285020000000E+005    0.174267873483E-002
    0.285520000000E+005    0.175212657936E-002
    0.286020000000E+005    0.176160434828E-002
    0.286520000000E+005    0.177111204885E-002
    0.287020000000E+005    0.178064968809E-002
    0.287520000000E+005    0.179021727281E-002
    0.288020000000E+005    0.179981480959E-002
    0.288520000000E+005    0.180944230476E-002
    0.289020000000E+005    0.181909976446E-002
    0.289520000000E+005    0.182878719458E-002
    0.290020000000E+005    0.183850460079E-002
    0.290520000000E+005    0.184825198854E-002
    0.291020000000E+005    0.185802936305E-002
    0.291520000000E+005    0.186783672931E-002
    0.292020000000E+005    0.187767409211E-002
    0.292520000000E+005    0.188754145597E-002
    0.293020000000E+005    0.189743882523E-002
    0.293520000000E+005    0.190736620399E-002
    0.294020000000E+005    0.191732359613E-002
    0.294520000000E+005    0.192731100530E-002
    0.295020000000E+005    0.193732843495E-002
    0.295520000000E+005    0.194737588829E-002
    0.296020000000E+005    0.195745336831E-002
    0.296520000000E+005    0.196756087778E-002
    0.297020000000E+005    0.197769841926E-002
    0.297520000000E+005    0.198786599508E-002
    0.298020000000E+005    0.199806360736E-002
    0.298520000000E+005    0.200829125799E-002
    0.299020000000E+005    0.201854894865E-002
    0.299520000000E+005    0.202883668081E-002
    0.300020000000E+005    0.203915445571E-002
    0.300520000000E+005    0.204950227438E-002
    0.301020000000E+005    0.205988013763E-002
    0.301520000000E+005    0.207028804604E-002
    0.302020000000E+005    0.208072600000E-002
    0.302520000000E+005    0.209119399968E-002
    0.303020000000E+005    0.210169204503E-002
    0.303520000000E+005    0.211222013578E-002
    0.304020000000E+005    0.212277827146E-002
    0.304520000000E+005    0.213336645138E-002
    0.305020000000E+005    0.214398467464E-002
    0.305520000000E+005    0.215463294011E-002
    0.306020000000E+005    0.216531124647E-002
    0.306520000000E+005    0.217601959219E-002
    0.307020000000E+005    0.218675797552E-002
    0.307520000000E+005    0.219752639449E-002
    0.308020000000E+005    0.220832484695E-002
    0.308520000000E+005    0.221915333052E-002
    0.309020000000E+005    0.223001184260E-002
    0.309520000000E+005    0.224090038041E-002
    0.310020000000E+005    0.225181894094E-002
    0.310520000000E+005    0.226276752097E-002
    0.311020000000E+005    0.227374611711E-002
    0.311520000000E+005    0.228475472571E-002
    0.312020000000E+005    0.229579334297E-002
    0.312520000000E+005    0.230686196483E-002
    0.313020000000E+005    0.231796058707E-002
    0.313520000000E+005    0.232908920524E-002
    0.314020000000E+005    0.234024781469E-002
    0.314520000000E+005    0.235143641058E-002
    0.315020000000E+005    0.236265498784E-002
    0.315520000000E+005    0.237390354122E-002
    0.316020000000E+005    0.238518206527E-002
    0.316520000000E+005    0.239649055433E-002
    0.317020000000E+005    0.240782900254E-002
    0.317520000000E+005    0.241919740385E-002
    0.318020000000E+005    0.243059575198E-002
    0.318520000000E+005    0.244202404048E-002
    0.319020000000E+005    0.245348226269E-002
    0.319520000000E+005    0.246497041175E-002
    0.320020000000E+005    0.247648848061E-002
    0.320520000000E+005    0.248803646203E-002
    0.321020000000E+005    0.249961434855E-002
    0.321520000000E+005    0.251122213253E-002
    0.322020000000E+005    0.252285980613E-002
    0.322520000000E+005    0.253452736131E-002
    0.323020000000E+005    0.254622478985E-002
    0.323520000000E+005    0.255795208331E-002
    0.324020000000E+005    0.256970923307E-002
    0.324520000000E+005    0.258149623034E-002
    0.325020000000E+005    0.259331306611E-002
    0.325520000000E+005    0.260515973117E-002
    0.326020000000E+005    0.261703621615E-002
    0.326520000000E+005    0.262894251147E-002
    0.327020000000E+005    0.264087860735E-002
    0.327520000000E+005    0.265284449383E-002
    0.328020000000E+005    0.266484016078E-002
    0.328520000000E+005    0.267686559784E-002
    0.329020000000E+005    0.268892079449E-002
    0.329520000000E+005    0.270100574003E-002
    0.330020000000E+005    0.271312042355E-002
    0.330520000000E+005    0.272526483396E-002
    0.331020000000E+005    0.273743895999E-002
    0.331520000000E+005    0.274964279018E-002
    0.332020000000E+005    0.276187631288E-002
    0.332520000000E+005    0.277413951626E-002
    0.333020000000E+005    0.278643238831E-002
    0.333520000000E+005    0.279875491683E-002
    0.334020000000E+005    0.281110708945E-002
    0.334520000000E+005    0.282348889359E-002
    0.335020000000E+005    0.283590031652E-002
    0.335520000000E+005    0.284834134531E-002
    0.336020000000E+005    0.286081196684E-002
    0.336520000000E+005    0.287331216784E-002
    0.337020000000E+005    0.288584193482E-002
    0.337520000000E+005    0.289840125416E-002
    0.338020000000E+005    0.291099011201E-002
    0.338520000000E+005    0.292360849439E-002
    0.339020000000E+005    0.293625638710E-002
    0.339520000000E+005    0.294893377579E-002
    0.340020000000E+005    0.296164064592E-002
    0.340520000000E+005    0.297437698278E-002
    0.341020000000E+005    0.298714277149E-002
    0.341520000000E+005    0.299993799697E-002
    0.342020000000E+005    0.301276264401E-002
    0.342520000000E+005    0.302561669718E-002
    0.343020000000E+005    0.303850014091E-002
    0.343520000000E+005    0.305141295944E-002
    0.344020000000E+005    0.306435513684E-002
    0.344520000000E+005    0.307732665701E-002
    0.345020000000E+005    0.309032750368E-002
    0.345520000000E+005    0.310335766041E-002
    0.346020000000E+005    0.311641711059E-002
    0.346520000000E+005    0.312950583743E-002
    0.347020000000E+005    0.314262382400E-002
    0.347520000000E+005    0.315577105317E-002
    0.348020000000E+005    0.316894750766E-002
    0.348520000000E+005    0.318215317001E-002
    0.349020000000E+005    0.319538802261E-002
    0.349520000000E+005    0.320865204766E-002
    0.350020000000E+005    0.322194522722E-002
    0.350520000000E+005    0.323526754317E-002
    0.351020000000E+005    0.324861897724E-002
    0.351520000000E+005    0.326199951098E-002
    0.352020000000E+005    0.327540912578E-002
    0.352520000000E+005    0.328884780287E-002
    0.353020000000E+005    0.330231552332E-002
    0.353520000000E+005    0.331581226803E-002
    0.354020000000E+005    0.332933801775E-002
    0.354520000000E+005    0.334289275307E-002
    0.355020000000E+005    0.335647645440E-002
    0.355520000000E+005    0.337008910202E-002
    0.356020000000E+005    0.338373067602E-002
    0.356520000000E+005    0.339740115637E-002
    0.357020000000E+005    0.341110052284E-002
    0.357520000000E+005    0.342482875507E-002
    0.358020000000E+005    0.343858583254E-002
    0.358520000000E+005    0.345237173456E-002
    0.359020000000E+005    0.346618644030E-002
    0.359520000000E+005    0.348002992878E-002
    0.360020000000E+005    0.349390217884E-002
    0.360520000000E+005    0.350780316919E-002
    0.361020000000E+005    0.352173287837E-002
    0.361520000000E+005    0.353569128479E-002
    0.362020000000E+005    0.354967836668E-002
    0.362520000000E+005    0.356369410213E-002
    0.363020000000E+005    0.357773846909E-002
    0.363520000000E+005    0.359181144535E-002
    0.364020000000E+005    0.360591300854E-002
    0.364520000000E+005    0.362004313616E-002
    0.365020000000E+005    0.363420180555E-002
    0.365520000000E+005    0.364838899391E-002
    0.366020000000E+005    0.366260467827E-002
    0.366520000000E+005    0.367684883554E-002
    0.367020000000E+005    0.369112144247E-002
    0.367520000000E+005    0.370542247567E-002
    0.368020000000E+005    0.371975191159E-002
    0.368520000000E+005    0.373410972656E-002
    0.369020000000E+005    0.374849589674E-002
    0.369520000000E+005    0.376291039817E-002
    0.370020000000E+005    0.377735320672E-002
    0.370520000000E+005    0.379182429814E-002
    0.371020000000E+005    0.380632364802E-002
    0.371520000000E+005    0.382085123183E-002
    0.372020000000E+005    0.383540702489E-002
    0.372520000000E+005    0.384999100236E-002
    0.373020000000E+005    0.386460313929E-002
    0.373520000000E+005    0.387924341058E-002
    0.374020000000E+005    0.389391179098E-002
    0.374520000000E+005    0.390860825511E-002
    0.375020000000E+005    0.392333277746E-002
    0.375520000000E+005    0.393808533236E-002
    0.376020000000E+005    0.395286589404E-002
    0.376520000000E+005    0.396767443656E-002
    0.377020000000E+005    0.398251093385E-002
    0.377520000000E+005    0.399737535974E-002
    0.378020000000E+005    0.401226768787E-002
    0.378520000000E+005    0.402718789179E-002
    0.379020000000E+005    0.404213594490E-002
    0.379520000000E+005    0.405711182046E-002
    0.380020000000E+005    0.407211549161E-002
    0.380520000000E+005    0.408714693135E-002
    0.381020000000E+005    0.410220611257E-002
    0.381520000000E+005    0.411729300800E-002
    0.382020000000E+005    0.413240759026E-002
    0.382520000000E+005    0.414754983183E-002
    0.383020000000E+005    0.416271970506E-002
    0.383520000000E+005    0.417791718218E-002
    0.384020000000E+005    0.419314223530E-002
    0.384520000000E+005    0.420839483638E-002
    0.385020000000E+005    0.422367495727E-002
    0.385520000000E+005    0.423898256968E-002
    0.386020000000E+005    0.425431764522E-002
    0.386520000000E+005    0.426968015535E-002
    0.387020000000E+005    0.428507007141E-002
    0.387520000000E+005    0.430048736463E-002
    0.388020000000E+005    0.431593200610E-002
    0.388520000000E+005    0.433140396679E-002
    0.389020000000E+005    0.434690321756E-002
    0.389520000000E+005    0.436242972914E-002
    0.390020000000E+005    0.437798347214E-002
    0.390520000000E+005    0.439356441704E-002
    0.391020000000E+005    0.440917253422E-002
    0.391520000000E+005    0.442480779391E-002
    0.392020000000E+005    0.444047016627E-002
    0.392520000000E+005    0.445615962128E-002
    0.393020000000E+005    0.447187612885E-002
    0.393520000000E+005    0.448761965875E-002
    0.394020000000E+005    0.450339018065E-002
    0.394520000000E+005    0.451918766409E-002
    0.395020000000E+005    0.453501207848E-002
    0.395520000000E+005    0.455086339315E-002
    0.396020000000E+005    0.456674157730E-002
    0.396520000000E+005    0.458264660000E-002
    0.397020000000E+005    0.459857843022E-002
    0.397520000000E+005    0.461453703682E-002
    0.398020000000E+005    0.463052238855E-002
    0.398520000000E+005    0.464653445404E-002
    0.399020000000E+005    0.466257320180E-002
    0.399520000000E+005    0.467863860026E-002
    0.400020000000E+005    0.469473061770E-002
    0.400520000000E+005    0.471084922232E-002
    0.401020000000E+005    0.472699438219E-002
    0.401520000000E+005    0.474316606529E-002
    0.402020000000E+005    0.475936423948E-002
    0.402520000000E+005    0.477558887252E-002
    0.403020000000E+005    0.479183993205E-002
    0.403520000000E+005    0.480811738562E-002
    0.404020000000E+005    0.482442120066E-002
    0.404520000000E+005    0.484075134450E-002
    0.405020000000E+005    0.485710778437E-002
    0.405520000000E+005    0.487349048738E-002
    0.406020000000E+005    0.488989942055E-002
    0.406520000000E+005    0.490633455080E-002
    0.407020000000E+005    0.492279584493E-002
    0.407520000000E+005    0.493928326966E-002
    0.408020000000E+005    0.495579679158E-002
    0.408520000000E+005    0.497233637719E-002
    0.409020000000E+005    0.498890199292E-002
    0.409520000000E+005    0.500549360504E-002
    0.410020000000E+005    0.502211117978E-002
    0.410520000000E+005    0.503875468322E-002
    0.411020000000E+005    0.505542408138E-002
    0.411520000000E+005    0.507211934016E-002
    0.412020000000E+005    0.508884042538E-002
    0.412520000000E+005    0.510558730273E-002
    0.413020000000E+005    0.512235993784E-002
    0.413520000000E+005    0.513915829622E-002
    0.414020000000E+005    0.515598234330E-002
    0.414520000000E+005    0.517283204441E-002
    0.415020000000E+005    0.518970736477E-002
    0.415520000000E+005    0.520660826952E-002
    0.416020000000E+005    0.522353472372E-002
    0.416520000000E+005    0.524048669230E-002
    0.417020000000E+005    0.525746414014E-002
    0.417520000000E+005    0.527446703199E-002
    0.418020000000E+005    0.529149533254E-002
    0.418520000000E+005    0.530854900636E-002
    0.419020000000E+005    0.532562801795E-002
    0.419520000000E+005    0.534273233171E-002
    0.420020000000E+005    0.535986191196E-002
    0.420520000000E+005    0.537701672292E-002
    0.421020000000E+005    0.539419672873E-002
    0.421520000000E+005    0.541140189344E-002
    0.422020000000E+005    0.542863218100E-002
    0.422520000000E+005    0.544588755528E-002
    0.423020000000E+005    0.546316798009E-002
    0.423520000000E+005    0.548047341911E-002
    0.424020000000E+005    0.549780383596E-002
    0.424520000000E+005    0.551515919417E-002
    0.425020000000E+005    0.553253945719E-002
    0.425520000000E+005    0.554994458838E-002
    0.426020000000E+005    0.556737455101E-002
    0.426520000000E+005    0.558482930828E-002
    0.427020000000E+005    0.560230882331E-002
    0.427520000000E+005    0.561981305911E-002
    0.428020000000E+005    0.563734197864E-002
    0.428520000000E+005    0.565489554477E-002
    0.429020000000E+005    0.567247372028E-002
    0.429520000000E+005    0.569007646788E-002
    0.430020000000E+005    0.570770375020E-002
    0.430520000000E+005    0.572535552977E-002
    0.431020000000E+005    0.574303176908E-002
    0.431520000000E+005    0.576073243051E-002
    0.432020000000E+005    0.577845747637E-002
    0.432520000000E+005    0.579620686890E-002
    0.433020000000E+005    0.581398057025E-002
    0.433520000000E+005    0.583177854252E-002
    0.434020000000E+005    0.584960074770E-002
    0.434520000000E+005    0.586744714773E-002
    0.435020000000E+005    0.588531770446E-002
    0.435520000000E+005    0.590321237967E-002
    0.436020000000E+005    0.592113113508E-002
    0.436520000000E+005    0.593907393231E-002
    0.437020000000E+005    0.595704073293E-002
    0.437520000000E+005    0.597503149843E-002
    0.438020000000E+005    0.599304619023E-002
    0.438520000000E+005    0.601108476966E-002
    0.439020000000E+005    0.602914719801E-002
    0.439520000000E+005    0.604723343647E-002
    0.440020000000E+005    0.606534344619E-002
    0.440520000000E+005    0.608347718822E-002
    0.441020000000E+005    0.610163462357E-002
    0.441520000000E+005    0.611981571315E-002
    0.442020000000E+005    0.613802041782E-002
    0.442520000000E+005    0.615624869838E-002
    0.443020000000E+005    0.617450051555E-002
    0.443520000000E+005    0.619277582998E-002
    0.444020000000E+005    0.621107460226E-002
    0.444520000000E+005    0.622939679292E-002
    0.445020000000E+005    0.624774236241E-002
    0.445520000000E+005    0.626611127114E-002
    0.446020000000E+005    0.628450347941E-002
    0.446520000000E+005    0.630291894751E-002
    0.447020000000E+005    0.632135763563E-002
    0.447520000000E+005    0.633981950391E-002
    0.448020000000E+005    0.635830451242E-002
    0.448520000000E+005    0.637681262117E-002
    0.449020000000E+005    0.639534379012E-002
    0.449520000000E+005    0.641389797916E-002
    0.450020000000E+005    0.643247514811E-002
    0.450520000000E+005    0.645107525674E-002
    0.451020000000E+005    0.646969826477E-002
    0.451520000000E+005    0.648834413182E-002
    0.452020000000E+005    0.650701281751E-002
    0.452520000000E+005    0.652570428135E-002
    0.453020000000E+005    0.654441848282E-002
    0.453520000000E+005    0.656315538133E-002
    0.454020000000E+005    0.658191493624E-002
    0.454520000000E+005    0.660069710685E-002
    0.455020000000E+005    0.661950185241E-002
    0.455520000000E+005    0.663832913209E-002
    0.456020000000E+005    0.665717890503E-002
    0.456520000000E+005    0.667605113032E-002
    0.457020000000E+005    0.669494576696E-002
    0.457520000000E+005    0.671386277392E-002
    0.458020000000E+005    0.673280211013E-002
    0.458520000000E+005    0.675176373444E-002
    0.459020000000E+005    0.677074760566E-002
    0.459520000000E+005    0.678975368253E-002
    0.460020000000E+005    0.680878192377E-002
    0.460520000000E+005    0.682783228803E-002
    0.461020000000E+005    0.684690473390E-002
    0.461520000000E+005    0.686599921993E-002
    0.462020000000E+005    0.688511570461E-002
    0.462520000000E+005    0.690425414641E-002
    0.463020000000E+005    0.692341450371E-002
    0.463520000000E+005    0.694259673487E-002
    0.464020000000E+005    0.696180079818E-002
    0.464520000000E+005    0.698102665190E-002
    0.465020000000E+005    0.700027425423E-002
    0.465520000000E+005    0.701954356332E-002
    0.466020000000E+005    0.703883453729E-002
    0.466520000000E+005    0.705814713420E-002
    0.467020000000E+005    0.707748131206E-002
    0.467520000000E+005    0.709683702885E-002
    0.468020000000E+005    0.711621424249E-002
    0.468520000000E+005    0.713561291087E-002
    0.469020000000E+005    0.715503299180E-002
    0.469520000000E+005    0.717447444310E-002
    0.470020000000E+005    0.719393722250E-002
    0.470520000000E+005    0.721342128770E-002
    0.471020000000E+005    0.723292659638E-002
    0.471520000000E+005    0.725245310615E-002
    0.472020000000E+005    0.727200077458E-002
    0.472520000000E+005    0.729156955921E-002
    0.473020000000E+005    0.731115941753E-002
    0.473520000000E+005    0.733077030699E-002
    0.474020000000E+005    0.735040218502E-002
    0.474520000000E+005    0.737005500896E-002
    0.475020000000E+005    0.738972873617E-002
    0.475520000000E+005    0.740942332393E-002
    0.476020000000E+005    0.742913872949E-002
    0.476520000000E+005    0.744887491007E-002
    0.477020000000E+005    0.746863182284E-002
    0.477520000000E+005    0.748840942495E-002
    0.478020000000E+005    0.750820767350E-002
    0.478520000000E+005    0.752802652554E-002
    0.479020000000E+005    0.754786593811E-002
    0.479520000000E+005    0.756772586820E-002
    0.480020000000E+005    0.758760627276E-002
    0.480520000000E+005    0.760750710872E-002
    0.481020000000E+005    0.762742833295E-002
    0.481520000000E+005    0.764736990231E-002
    0.482020000000E+005    0.766733177362E-002
    0.482520000000E+005    0.768731390365E-002
    0.483020000000E+005    0.770731624916E-002
    0.483520000000E+005    0.772733876686E-002
    0.484020000000E+005    0.774738141343E-002
    0.484520000000E+005    0.776744414552E-002
    0.485020000000E+005    0.778752691975E-002
    0.485520000000E+005    0.780762969271E-002
    0.486020000000E+005    0.782775242095E-002
    0.486520000000E+005    0.784789506099E-002
    0.487020000000E+005    0.786805756933E-002
    0.487520000000E+005    0.788823990244E-002
    0.488020000000E+005    0.790844201673E-002
    0.488520000000E+005    0.792866386863E-002
    0.489020000000E+005    0.794890541450E-002
    0.489520000000E+005    0.796916661070E-002
    0.490020000000E+005    0.798944741353E-002
    0.490520000000E+005    0.800974777928E-002
    0.491020000000E+005    0.803006766423E-002
    0.491520000000E+005    0.805040702460E-002
    0.492020000000E+005    0.807076581661E-002
    0.492520000000E+005    0.809114399643E-002
    0.493020000000E+005    0.811154152022E-002
    0.493520000000E+005    0.813195834410E-002
    0.494020000000E+005    0.815239442420E-002
    0.494520000000E+005    0.817284971657E-002
    0.495020000000E+005    0.819332417728E-002
    0.495520000000E+005    0.821381776236E-002
    0.496020000000E+005    0.823433042781E-002
    0.496520000000E+005    0.825486212961E-002
    0.497020000000E+005    0.827541282373E-002
    0.497520000000E+005    0.829598246609E-002
    0.498020000000E+005    0.831657101262E-002
    0.498520000000E+005    0.833717841919E-002
    0.499020000000E+005    0.835780464169E-002
    0.499520000000E+005    0.837844963596E-002
    0.500020000000E+005    0.839911335782E-002
    0.500520000000E+005    0.841979576308E-002
    0.501020000000E+005    0.844049680753E-002
    0.501520000000E+005    0.846121644692E-002
    0.502020000000E+005    0.848195463700E-002
    0.502520000000E+005    0.850271133351E-002
    0.503020000000E+005    0.852348649213E-002
    0.503520000000E+005    0.854428006856E-002
    0.504020000000E+005    0.856509201847E-002
    0.504520000000E+005    0.858592229751E-002
    0.505020000000E+005    0.860677086130E-002
    0.505520000000E+005    0.862763766547E-002
    0.506020000000E+005    0.864852266561E-002
    0.506520000000E+005    0.866942581730E-002
    0.507020000000E+005    0.869034707610E-002
    0.507520000000E+005    0.871128639757E-002
    0.508020000000E+005    0.873224373723E-002
    0.508520000000E+005    0.875321905060E-002
    0.509020000000E+005    0.877421229318E-002
    0.509520000000E+005    0.879522342045E-002
    0.510020000000E+005    0.881625238789E-002
    0.510520000000E+005    0.883729915096E-002
    0.511020000000E+005    0.885836366509E-002
    0.511520000000E+005    0.887944588572E-002
    0.512020000000E+005    0.890054576827E-002
    0.512520000000E+005    0.892166326812E-002
    0.513020000000E+005    0.894279834069E-002
    0.513520000000E+005    0.896395094133E-002
    0.514020000000E+005    0.898512102543E-002
    0.514520000000E+005    0.900630854833E-002
    0.515020000000E+005    0.902751346537E-002
    0.515520000000E+005    0.904873573189E-002
    0.516020000000E+005    0.906997530321E-002
    0.516520000000E+005    0.909123213464E-002
    0.517020000000E+005    0.911250618148E-002
    0.517520000000E+005    0.913379739901E-002
    0.518020000000E+005    0.915510574252E-002
    0.518520000000E+005    0.917643116729E-002
    0.519020000000E+005    0.919777362856E-002
    0.519520000000E+005    0.921913308160E-002
    0.520020000000E+005    0.924050948165E-002
    0.520520000000E+005    0.926190278395E-002
    0.521020000000E+005    0.928331294372E-002
    0.521520000000E+005    0.930473991619E-002
    0.522020000000E+005    0.932618365658E-002
    0.522520000000E+005    0.934764412009E-002
    0.523020000000E+005    0.936912126191E-002
    0.523520000000E+005    0.939061503726E-002
    0.524020000000E+005    0.941212540131E-002
    0.524520000000E+005    0.943365230925E-002
    0.525020000000E+005    0.945519571625E-002
    0.525520000000E+005    0.947675557750E-002
    0.526020000000E+005    0.949833184815E-002
    0.526520000000E+005    0.951992448337E-002
    0.527020000000E+005    0.954153343831E-002
    0.527520000000E+005    0.956315866815E-002
    0.528020000000E+005    0.958480012801E-002
    0.528520000000E+005    0.960645777306E-002
    0.529020000000E+005    0.962813155844E-002
    0.529520000000E+005    0.964982143928E-002
    0.530020000000E+005    0.967152737073E-002
    0.530520000000E+005    0.969324930793E-002
    0.531020000000E+005    0.971498720601E-002
    0.531520000000E+005    0.973674102010E-002
    0.532020000000E+005    0.975851070533E-002
    0.532520000000E+005    0.978029621684E-002
    0.533020000000E+005    0.980209750976E-002
    0.533520000000E+005    0.982391453921E-002
    0.534020000000E+005    0.984574726032E-002
    0.534520000000E+005    0.986759562823E-002
    0.535020000000E+005    0.988945959805E-002
    0.535520000000E+005    0.991133912493E-002
    0.536020000000E+005    0.993323416398E-002
    0.536520000000E+005    0.995514467035E-002
    0.537020000000E+005    0.997707059915E-002
    0.537520000000E+005    0.999901190554E-002
    0.538020000000E+005    0.100209685446E-001
    0.538520000000E+005    0.100429404716E-001
    0.539020000000E+005    0.100649276415E-001
    0.539520000000E+005    0.100869300096E-001
    0.540020000000E+005    0.101089475309E-001
    0.540520000000E+005    0.101309801607E-001
    0.541020000000E+005    0.101530278541E-001
    0.541520000000E+005    0.101750905661E-001
    0.542020000000E+005    0.101971682521E-001
    0.542520000000E+005    0.102192608671E-001
    0.543020000000E+005    0.102413683664E-001
    0.543520000000E+005    0.102634907050E-001
    0.544020000000E+005    0.102856278383E-001
    0.544520000000E+005    0.103077797212E-001
    0.545020000000E+005    0.103299463092E-001
    0.545520000000E+005    0.103521275572E-001
    0.546020000000E+005    0.103743234206E-001
    0.546520000000E+005    0.103965338546E-001
    0.547020000000E+005    0.104187588143E-001
    0.547520000000E+005    0.104409982549E-001
    0.548020000000E+005    0.104632521318E-001
    0.548520000000E+005    0.104855204001E-001
    0.549020000000E+005    0.105078030151E-001
    0.549520000000E+005    0.105300999319E-001
    0.550020000000E+005    0.105524111060E-001
    0.550520000000E+005    0.105747364925E-001
    0.551020000000E+005    0.105970760467E-001
    0.551520000000E+005    0.106194297239E-001
    0.552020000000E+005    0.106417974793E-001
    0.552520000000E+005    0.106641792684E-001
    0.553020000000E+005    0.106865750463E-001
    0.553520000000E+005    0.107089847684E-001
    0.554020000000E+005    0.107314083901E-001
    0.554520000000E+005    0.107538458666E-001
    0.555020000000E+005    0.107762971533E-001
    0.555520000000E+005    0.107987622056E-001
    0.556020000000E+005    0.108212409789E-001
    0.556520000000E+005    0.108437334284E-001
    0.557020000000E+005    0.108662395097E-001
    0.557520000000E+005    0.108887591780E-001
    0.558020000000E+005    0.109112923889E-001
    0.558520000000E+005    0.109338390977E-001
    0.559020000000E+005    0.109563992599E-001
    0.559520000000E+005    0.109789728309E-001
    0.560020000000E+005    0.110015597663E-001
    0.560520000000E+005    0.110241600213E-001
    0.561020000000E+005    0.110467735517E-001
    0.561520000000E+005    0.110694003128E-001
    0.562020000000E+005    0.110920402601E-001
    0.562520000000E+005    0.111146933492E-001
    0.563020000000E+005    0.111373595357E-001
    0.563520000000E+005    0.111600387751E-001
    0.564020000000E+005    0.111827310229E-001
    0.564520000000E+005    0.112054362348E-001
    0.565020000000E+005    0.112281543662E-001
    0.565520000000E+005    0.112508853730E-001
    0.566020000000E+005    0.112736292106E-001
    0.566520000000E+005    0.112963858348E-001
    0.567020000000E+005    0.113191552011E-001
    0.567520000000E+005    0.113419372653E-001
    0.568020000000E+005    0.113647319830E-001
    0.568520000000E+005    0.113875393100E-001
    0.569020000000E+005    0.114103592019E-001
    0.569520000000E+005    0.114331916146E-001
    0.570020000000E+005    0.114560365037E-001
    0.570520000000E+005    0.114788938251E-001
    0.571020000000E+005    0.115017635345E-001
    0.571520000000E+005    0.115246455878E-001
    0.572020000000E+005    0.115475399407E-001
    0.572520000000E+005    0.115704465491E-001
    0.573020000000E+005    0.115933653689E-001
    0.573520000000E+005    0.116162963559E-001
    0.574020000000E+005    0.116392394661E-001
    0.574520000000E+005    0.116621946553E-001
    0.575020000000E+005    0.116851618795E-001
    0.575520000000E+005    0.117081410947E-001
    0.576020000000E+005    0.117311322568E-001
    0.576520000000E+005    0.117541353218E-001
    0.577020000000E+005    0.117771502457E-001
    0.577520000000E+005    0.118001769845E-001
    0.578020000000E+005    0.118232154944E-001
    0.578520000000E+005    0.118462657313E-001
    0.579020000000E+005    0.118693276514E-001
    0.579520000000E+005    0.118924012107E-001
    0.580020000000E+005    0.119154863655E-001
    0.580520000000E+005    0.119385830718E-001
    0.581020000000E+005    0.119616912858E-001
    0.581520000000E+005    0.119848109638E-001
    0.582020000000E+005    0.120079420619E-001
    0.582520000000E+005    0.120310845363E-001
    0.583020000000E+005    0.120542383434E-001
    0.583520000000E+005    0.120774034394E-001
    0.584020000000E+005    0.121005797807E-001
    0.584520000000E+005    0.121237673235E-001
    0.585020000000E+005    0.121469660241E-001
    0.585520000000E+005    0.121701758390E-001
    0.586020000000E+005    0.121933967246E-001
    0.586520000000E+005    0.122166286373E-001
    0.587020000000E+005    0.122398715334E-001
    0.587520000000E+005    0.122631253695E-001
    0.588020000000E+005    0.122863901021E-001
    0.588520000000E+005    0.123096656876E-001
    0.589020000000E+005    0.123329520827E-001
    0.589520000000E+005    0.123562492437E-001
    0.590020000000E+005    0.123795571275E-001
    0.590520000000E+005    0.124028756904E-001
    0.591020000000E+005    0.124262048893E-001
    0.591520000000E+005    0.124495446806E-001
    0.592020000000E+005    0.124728950212E-001
    0.592520000000E+005    0.124962558676E-001
    0.593020000000E+005    0.125196271768E-001
    0.593520000000E+005    0.125430089052E-001
    0.594020000000E+005    0.125664010099E-001
    0.594520000000E+005    0.125898034476E-001
    0.595020000000E+005    0.126132161750E-001
    0.595520000000E+005    0.126366391492E-001
    0.596020000000E+005    0.126600723268E-001
    0.596520000000E+005    0.126835156650E-001
    0.597020000000E+005    0.127069691205E-001
    0.597520000000E+005    0.127304326504E-001
    0.598020000000E+005    0.127539062117E-001
    0.598520000000E+005    0.127773897613E-001
    0.599020000000E+005    0.128008832563E-001
    0.599520000000E+005    0.128243866538E-001
    0.600020000000E+005    0.128478999109E-001
    0.600520000000E+005    0.128714229846E-001
    0.601020000000E+005    0.128949558323E-001
    0.601520000000E+005    0.129184984110E-001
    0.602020000000E+005    0.129420506779E-001
    0.602520000000E+005    0.129656125903E-001
    0.603020000000E+005    0.129891841055E-001
    0.603520000000E+005    0.130127651807E-001
    0.604020000000E+005    0.130363557732E-001
    0.604520000000E+005    0.130599558405E-001
    0.605020000000E+005    0.130835653399E-001
    0.605520000000E+005    0.131071842288E-001
    0.606020000000E+005    0.131308124646E-001
    0.606520000000E+005    0.131544500048E-001
    0.607020000000E+005    0.131780968069E-001
    0.607520000000E+005    0.132017528285E-001
    0.608020000000E+005    0.132254180271E-001
    0.608520000000E+005    0.132490923602E-001
    0.609020000000E+005    0.132727757855E-001
    0.609520000000E+005    0.132964682606E-001
    0.610020000000E+005    0.133201697433E-001
    0.610520000000E+005    0.133438801912E-001
    0.611020000000E+005    0.133675995620E-001
    0.611520000000E+005    0.133913278135E-001
    0.612020000000E+005    0.134150649036E-001
    0.612520000000E+005    0.134388107900E-001
    0.613020000000E+005    0.134625654306E-001
    0.613520000000E+005    0.134863287833E-001
    0.614020000000E+005    0.135101008060E-001
    0.614520000000E+005    0.135338814567E-001
    0.615020000000E+005    0.135576706934E-001
    0.615520000000E+005    0.135814684740E-001
    0.616020000000E+005    0.136052747567E-001
    0.616520000000E+005    0.136290894994E-001
    0.617020000000E+005    0.136529126604E-001
    0.617520000000E+005    0.136767441978E-001
    0.618020000000E+005    0.137005840696E-001
    0.618520000000E+005    0.137244322343E-001
    0.619020000000E+005    0.137482886499E-001
    0.619520000000E+005    0.137721532748E-001
    0.620020000000E+005    0.137960260673E-001
    0.620520000000E+005    0.138199069857E-001
    0.621020000000E+005    0.138437959884E-001
    0.621520000000E+005    0.138676930338E-001
    0.622020000000E+005    0.138915980803E-001
    0.622520000000E+005    0.139155110865E-001
    0.623020000000E+005    0.139394320108E-001
    0.623520000000E+005    0.139633608117E-001
    0.624020000000E+005    0.139872974479E-001
    0.624520000000E+005    0.140112418779E-001
    0.625020000000E+005    0.140351940604E-001
    0.625520000000E+005    0.140591539541E-001
    0.626020000000E+005    0.140831215176E-001
    0.626520000000E+005    0.141070967098E-001
    0.627020000000E+005    0.141310794894E-001
    0.627520000000E+005    0.141550698152E-001
    0.628020000000E+005    0.141790676461E-001
    0.628520000000E+005    0.142030729409E-001
    0.629020000000E+005    0.142270856586E-001
    0.629520000000E+005    0.142511057582E-001
    0.630020000000E+005    0.142751331985E-001
    0.630520000000E+005    0.142991679387E-001
    0.631020000000E+005    0.143232099378E-001
    0.631520000000E+005    0.143472591549E-001
    0.632020000000E+005    0.143713155491E-001
    0.632520000000E+005    0.143953790796E-001
    0.633020000000E+005    0.144194497056E-001
    0.633520000000E+005    0.144435273863E-001
    0.634020000000E+005    0.144676120811E-001
    0.634520000000E+005    0.144917037491E-001
    0.635020000000E+005    0.145158023498E-001
    0.635520000000E+005    0.145399078426E-001
    0.636020000000E+005    0.145640201869E-001
    0.636520000000E+005    0.145881393420E-001
    0.637020000000E+005    0.146122652676E-001
    0.637520000000E+005    0.146363979231E-001
    0.638020000000E+005    0.146605372681E-001
    0.638520000000E+005    0.146846832623E-001
    0.639020000000E+005    0.147088358651E-001
    0.639520000000E+005    0.147329950365E-001
    0.640020000000E+005    0.147571607359E-001
    0.640520000000E+005    0.147813329233E-001
    0.641020000000E+005    0.148055115583E-001
    0.641520000000E+005    0.148296966008E-001
    0.642020000000E+005    0.148538880107E-001
    0.642520000000E+005    0.148780857479E-001
    0.643020000000E+005    0.149022897723E-001
    0.643520000000E+005    0.149265000438E-001
    0.644020000000E+005    0.149507165226E-001
    0.644520000000E+005    0.149749391686E-001
    0.645020000000E+005    0.149991679420E-001
    0.645520000000E+005    0.150234028028E-001
    0.646020000000E+005    0.150476437112E-001
    0.646520000000E+005    0.150718906276E-001
    0.647020000000E+005    0.150961435120E-001
    0.647520000000E+005    0.151204023247E-001
    0.648020000000E+005    0.151446670262E-001
    0.648520000000E+005    0.151689375767E-001
    0.649020000000E+005    0.151932139366E-001
    0.649520000000E+005    0.152174960665E-001
    0.650020000000E+005    0.152417839267E-001
    0.650520000000E+005    0.152660774778E-001
    0.651020000000E+005    0.152903766803E-001
    0.651520000000E+005    0.153146814948E-001
    0.652020000000E+005    0.153389918820E-001
    0.652520000000E+005    0.153633078025E-001
    0.653020000000E+005    0.153876292171E-001
    0.653520000000E+005    0.154119560865E-001
    0.654020000000E+005    0.154362883714E-001
    0.654520000000E+005    0.154606260328E-001
    0.655020000000E+005    0.154849690314E-001
    0.655520000000E+005    0.155093173282E-001
    0.656020000000E+005    0.155336708842E-001
    0.656520000000E+005    0.155580296603E-001
    0.657020000000E+005    0.155823936176E-001
    0.657520000000E+005    0.156067627171E-001
    0.658020000000E+005    0.156311369199E-001
    0.658520000000E+005    0.156555161873E-001
    0.659020000000E+005    0.156799004803E-001
    0.659520000000E+005    0.157042897602E-001
    0.660020000000E+005    0.157286839883E-001
    0.660520000000E+005    0.157530831260E-001
    0.661020000000E+005    0.157774871344E-001
    0.661520000000E+005    0.158018959752E-001
    0.662020000000E+005    0.158263096096E-001
    0.662520000000E+005    0.158507279991E-001
    0.663020000000E+005    0.158751511054E-001
    0.663520000000E+005    0.158995788898E-001
    0.664020000000E+005    0.159240113141E-001
    0.664520000000E+005    0.159484483398E-001
    0.665020000000E+005    0.159728899287E-001
    0.665520000000E+005    0.159973360425E-001
    0.666020000000E+005    0.160217866429E-001
    0.666520000000E+005    0.160462416917E-001
    0.667020000000E+005    0.160707011509E-001
    0.667520000000E+005    0.160951649821E-001
    0.668020000000E+005    0.161196331475E-001
    0.668520000000E+005    0.161441056090E-001
    0.669020000000E+005    0.161685823285E-001
    0.669520000000E+005    0.161930632681E-001
    0.670020000000E+005    0.162175483900E-001
    0.670520000000E+005    0.162420376563E-001
    0.671020000000E+005    0.162665310291E-001
    0.671520000000E+005    0.162910284707E-001
    0.672020000000E+005    0.163155299433E-001
    0.672520000000E+005    0.163400354092E-001
    0.673020000000E+005    0.163645448308E-001
    0.673520000000E+005    0.163890581705E-001
    0.674020000000E+005    0.164135753908E-001
    0.674520000000E+005    0.164380964540E-001
    0.675020000000E+005    0.164626213226E-001
    0.675520000000E+005    0.164871499594E-001
    0.676020000000E+005    0.165116823268E-001
    0.676520000000E+005    0.165362183875E-001
    0.677020000000E+005    0.165607581042E-001
    0.677520000000E+005    0.165853014397E-001
    0.678020000000E+005    0.166098483566E-001
    0.678520000000E+005    0.166343988178E-001
    0.679020000000E+005    0.166589527862E-001
    0.679520000000E+005    0.166835102247E-001
    0.680020000000E+005    0.167080710962E-001
    0.680520000000E+005    0.167326353636E-001
    0.681020000000E+005    0.167572029901E-001
    0.681520000000E+005    0.167817739388E-001
    0.682020000000E+005    0.168063481726E-001
    0.682520000000E+005    0.168309256548E-001
    0.683020000000E+005    0.168555063486E-001
    0.683520000000E+005    0.168800902172E-001
    0.684020000000E+005    0.169046772239E-001
    0.684520000000E+005    0.169292673321E-001
    0.685020000000E+005    0.169538605051E-001
    0.685520000000E+005    0.169784567063E-001
    0.686020000000E+005    0.170030558992E-001
    0.686520000000E+005    0.170276580474E-001
    0.687020000000E+005    0.170522631143E-001
    0.687520000000E+005    0.170768710635E-001
    0.688020000000E+005    0.171014818588E-001
    0.688520000000E+005    0.171260954637E-001
    0.689020000000E+005    0.171507118420E-001
    0.689520000000E+005    0.171753309575E-001
    0.690020000000E+005    0.171999527740E-001
    0.690520000000E+005    0.172245772552E-001
    0.691020000000E+005    0.172492043652E-001
    0.691520000000E+005    0.172738340679E-001
    0.692020000000E+005    0.172984663273E-001
    0.692520000000E+005    0.173231011073E-001
    0.693020000000E+005    0.173477383721E-001
    0.693520000000E+005    0.173723780858E-001
    0.694020000000E+005    0.173970202126E-001
    0.694520000000E+005    0.174216647166E-001
    0.695020000000E+005    0.174463115621E-001
    0.695520000000E+005    0.174709607135E-001
    0.696020000000E+005    0.174956121350E-001
    0.696520000000E+005    0.175202657910E-001
    0.697020000000E+005    0.175449216460E-001
    0.697520000000E+005    0.175695796644E-001
    0.698020000000E+005    0.175942398108E-001
    0.698520000000E+005    0.176189020497E-001
    0.699020000000E+005    0.176435663458E-001
    0.699520000000E+005    0.176682326636E-001
    0.700020000000E+005    0.176929009679E-001
    0.700520000000E+005    0.177175712234E-001
    0.701020000000E+005    0.177422433950E-001
    0.701520000000E+005    0.177669174473E-001
    0.702020000000E+005    0.177915933454E-001
    0.702520000000E+005    0.178162710541E-001
    0.703020000000E+005    0.178409505384E-001
    0.703520000000E+005    0.178656317633E-001
    0.704020000000E+005    0.178903146939E-001
    0.704520000000E+005    0.179149992952E-001
    0.705020000000E+005    0.179396855325E-001
    0.705520000000E+005    0.179643733708E-001
    0.706020000000E+005    0.179890627754E-001
    0.706520000000E+005    0.180137537116E-001
    0.707020000000E+005    0.180384461448E-001
    0.707520000000E+005    0.180631400403E-001
    0.708020000000E+005    0.180878353634E-001
    0.708520000000E+005    0.181125320797E-001
    0.709020000000E+005    0.181372301547E-001
    0.709520000000E+005    0.181619295540E-001
    0.710020000000E+005    0.181866302430E-001
    0.710520000000E+005    0.182113321874E-001
    0.711020000000E+005    0.182360353531E-001
    0.711520000000E+005    0.182607397055E-001
    0.712020000000E+005    0.182854452106E-001
    0.712520000000E+005    0.183101518342E-001
    0.713020000000E+005    0.183348595421E-001
    0.713520000000E+005    0.183595683002E-001
    0.714020000000E+005    0.183842780745E-001
    0.714520000000E+005    0.184089888310E-001
    0.715020000000E+005    0.184337005358E-001
    0.715520000000E+005    0.184584131548E-001
    0.716020000000E+005    0.184831266543E-001
    0.716520000000E+005    0.185078410005E-001
    0.717020000000E+005    0.185325561596E-001
    0.717520000000E+005    0.185572720978E-001
    0.718020000000E+005    0.185819887814E-001
    0.718520000000E+005    0.186067061769E-001
    0.719020000000E+005    0.186314242506E-001
    0.719520000000E+005    0.186561429690E-001
    0.720020000000E+005    0.186808622987E-001
    0.720520000000E+005    0.187055822060E-001
    0.721020000000E+005    0.187303026577E-001
    0.721520000000E+005    0.187550236204E-001
    0.722020000000E+005    0.187797450607E-001
    0.722520000000E+005    0.188044669454E-001
    0.723020000000E+005    0.188291892412E-001
    0.723520000000E+005    0.188539119150E-001
    0.724020000000E+005    0.188786349337E-001
    0.724520000000E+005    0.189033582641E-001
    0.725020000000E+005    0.189280818732E-001
    0.725520000000E+005    0.189528057280E-001
    0.726020000000E+005    0.189775297956E-001
    0.726520000000E+005    0.190022540431E-001
    0.727020000000E+005    0.190269784375E-001
    0.727520000000E+005    0.190517029461E-001
    0.728020000000E+005    0.190764275361E-001
    0.728520000000E+005    0.191011521748E-001
    0.729020000000E+005    0.191258768295E-001
    0.729520000000E+005    0.191506014676E-001
    0.730020000000E+005    0.191753260564E-001
    0.730520000000E+005    0.192000505635E-001
    0.731020000000E+005    0.192247749564E-001
    0.731520000000E+005    0.192494992026E-001
    0.732020000000E+005    0.192742232696E-001
    0.732520000000E+005    0.192989471253E-001
    0.733020000000E+005    0.193236707371E-001
    0.733520000000E+005    0.193483940729E-001
    0.734020000000E+005    0.193731171005E-001
    0.734520000000E+005    0.193978397876E-001
    0.735020000000E+005    0.194225621022E-001
    0.735520000000E+005    0.194472840121E-001
    0.736020000000E+005    0.194720054854E-001
    0.736520000000E+005    0.194967264900E-001
    0.737020000000E+005    0.195214469940E-001
    0.737520000000E+005    0.195461669655E-001
    0.738020000000E+005    0.195708863727E-001
    0.738520000000E+005    0.195956051837E-001
    0.739020000000E+005    0.196203233667E-001
    0.739520000000E+005    0.196450408901E-001
    0.740020000000E+005    0.196697577222E-001
    0.740520000000E+005    0.196944738314E-001
    0.741020000000E+005    0.197191891861E-001
    0.741520000000E+005    0.197439037547E-001
    0.742020000000E+005    0.197686175058E-001
    0.742520000000E+005    0.197933304079E-001
    0.743020000000E+005    0.198180424297E-001
    0.743520000000E+005    0.198427535398E-001
    0.744020000000E+005    0.198674637069E-001
    0.744520000000E+005    0.198921728997E-001
    0.745020000000E+005    0.199168810870E-001
    0.745520000000E+005    0.199415882377E-001
    0.746020000000E+005    0.199662943206E-001
    0.746520000000E+005    0.199909993047E-001
    0.747020000000E+005    0.200157031590E-001
    0.747520000000E+005    0.200404058524E-001
    0.748020000000E+005    0.200651073540E-001
    0.748520000000E+005    0.200898076330E-001
    0.749020000000E+005    0.201145066585E-001
    0.749520000000E+005    0.201392043997E-001
    0.750020000000E+005    0.201639008259E-001
    0.750520000000E+005    0.201885959063E-001
    0.751020000000E+005    0.202132896103E-001
    0.751520000000E+005    0.202379819073E-001
    0.752020000000E+005    0.202626727667E-001
    0.752520000000E+005    0.202873621579E-001
    0.753020000000E+005    0.203120500506E-001
    0.753520000000E+005    0.203367364143E-001
    0.754020000000E+005    0.203614212186E-001
    0.754520000000E+005    0.203861044331E-001
    0.755020000000E+005    0.204107860276E-001
    0.755520000000E+005    0.204354659719E-001
    0.756020000000E+005    0.204601442356E-001
    0.756520000000E+005    0.204848207888E-001
    0.757020000000E+005    0.205094956012E-001
    0.757520000000E+005    0.205341686428E-001
    0.758020000000E+005    0.205588398835E-001
    0.758520000000E+005    0.205835092935E-001
    0.759020000000E+005    0.206081768428E-001
    0.759520000000E+005    0.206328425015E-001
    0.760020000000E+005    0.206575062398E-001
    0.760520000000E+005    0.206821680278E-001
    0.761020000000E+005    0.207068278359E-001
    0.761520000000E+005    0.207314856344E-001
    0.762020000000E+005    0.207561413935E-001
    0.762520000000E+005    0.207807950838E-001
    0.763020000000E+005    0.208054466756E-001
    0.763520000000E+005    0.208300961394E-001
    0.764020000000E+005    0.208547434457E-001
    0.764520000000E+005    0.208793885652E-001
    0.765020000000E+005    0.209040314685E-001
    0.765520000000E+005    0.209286721262E-001
    0.766020000000E+005    0.209533105090E-001
    0.766520000000E+005    0.209779465878E-001
    0.767020000000E+005    0.210025803332E-001
    0.767520000000E+005    0.210272117162E-001
    0.768020000000E+005    0.210518407077E-001
    0.768520000000E+005    0.210764672786E-001
    0.769020000000E+005    0.211010913999E-001
    0.769520000000E+005    0.211257130426E-001
    0.770020000000E+005    0.211503321778E-001
    0.770520000000E+005    0.211749487767E-001
    0.771020000000E+005    0.211995628104E-001
    0.771520000000E+005    0.212241742501E-001
    0.772020000000E+005    0.212487830670E-001
    0.772520000000E+005    0.212733892326E-001
    0.773020000000E+005    0.212979927182E-001
    0.773520000000E+005    0.213225934951E-001
    0.774020000000E+005    0.213471915348E-001
    0.774520000000E+005    0.213717868087E-001
    0.775020000000E+005    0.213963792885E-001
    0.775520000000E+005    0.214209689458E-001
    0.776020000000E+005    0.214455557520E-001
    0.776520000000E+005    0.214701396789E-001
    0.777020000000E+005    0.214947206983E-001
    0.777520000000E+005    0.215192987818E-001
    0.778020000000E+005    0.215438739014E-001
    0.778520000000E+005    0.215684460288E-001
    0.779020000000E+005    0.215930151359E-001
    0.779520000000E+005    0.216175811947E-001
    0.780020000000E+005    0.216421441772E-001
    0.780520000000E+005    0.216667040554E-001
    0.781020000000E+005    0.216912608014E-001
    0.781520000000E+005    0.217158143874E-001
    0.782020000000E+005    0.217403647854E-001
    0.782520000000E+005    0.217649119677E-001
    0.783020000000E+005    0.217894559066E-001
    0.783520000000E+005    0.218139965743E-001
    0.784020000000E+005    0.218385339433E-001
    0.784520000000E+005    0.218630679859E-001
    0.785020000000E+005    0.218875986746E-001
    0.785520000000E+005    0.219121259818E-001
    0.786020000000E+005    0.219366498801E-001
    0.786520000000E+005    0.219611703420E-001
    0.787020000000E+005    0.219856873402E-001
    0.787520000000E+005    0.220102008474E-001
    0.788020000000E+005    0.220347108362E-001
    0.788520000000E+005    0.220592172795E-001
    0.789020000000E+005    0.220837201500E-001
    0.789520000000E+005    0.221082194205E-001
    0.790020000000E+005    0.221327150640E-001
    0.790520000000E+005    0.221572070533E-001
    0.791020000000E+005    0.221816953616E-001
    0.791520000000E+005    0.222061799617E-001
    0.792020000000E+005    0.222306608268E-001
    0.792520000000E+005    0.222551379300E-001
    0.793020000000E+005    0.222796112444E-001
    0.793520000000E+005    0.223040807433E-001
    0.794020000000E+005    0.223285463999E-001
    0.794520000000E+005    0.223530081875E-001
    0.795020000000E+005    0.223774660794E-001
    0.795520000000E+005    0.224019200491E-001
    0.796020000000E+005    0.224263700699E-001
    0.796520000000E+005    0.224508161153E-001
    0.797020000000E+005    0.224752581589E-001
    0.797520000000E+005    0.224996961741E-001
    0.798020000000E+005    0.225241301347E-001
    0.798520000000E+005    0.225485600143E-001
    0.799020000000E+005    0.225729857865E-001
    0.799520000000E+005    0.225974074251E-001
    0.800020000000E+005    0.226218249038E-001
    0.800520000000E+005    0.226462381966E-001
    0.801020000000E+005    0.226706472773E-001
    0.801520000000E+005    0.226950521198E-001
    0.802020000000E+005    0.227194526981E-001
    0.802520000000E+005    0.227438489862E-001
    0.803020000000E+005    0.227682409580E-001
    0.803520000000E+005    0.227926285878E-001
    0.804020000000E+005    0.228170118497E-001
    0.804520000000E+005    0.228413907178E-001
    0.805020000000E+005    0.228657651664E-001
    0.805520000000E+005    0.228901351698E-001
    0.806020000000E+005    0.229145007022E-001
    0.806520000000E+005    0.229388617380E-001
    0.807020000000E+005    0.229632182517E-001
    0.807520000000E+005    0.229875702177E-001
    0.808020000000E+005    0.230119176104E-001
    0.808520000000E+005    0.230362604045E-001
    0.809020000000E+005    0.230605985744E-001
    0.809520000000E+005    0.230849320949E-001
    0.810020000000E+005    0.231092609406E-001
    0.810520000000E+005    0.231335850861E-001
    0.811020000000E+005    0.231579045064E-001
    0.811520000000E+005    0.231822191760E-001
    0.812020000000E+005    0.232065290700E-001
    0.812520000000E+005    0.232308341632E-001
    0.813020000000E+005    0.232551344305E-001
    0.813520000000E+005    0.232794298469E-001
    0.814020000000E+005    0.233037203874E-001
    0.814520000000E+005    0.233280060272E-001
    0.815020000000E+005    0.233522867412E-001
    0.815520000000E+005    0.233765625046E-001
    0.816020000000E+005    0.234008332927E-001
    0.816520000000E+005    0.234250990806E-001
    0.817020000000E+005    0.234493598438E-001
    0.817520000000E+005    0.234736155573E-001
    0.818020000000E+005    0.234978661968E-001
    0.818520000000E+005    0.235221117375E-001
    0.819020000000E+005    0.235463521549E-001
    0.819520000000E+005    0.235705874245E-001
    0.820020000000E+005    0.235948175219E-001
    0.820520000000E+005    0.236190424226E-001
    0.821020000000E+005    0.236432621023E-001
    0.821520000000E+005    0.236674765367E-001
    0.822020000000E+005    0.236916857014E-001
    0.822520000000E+005    0.237158895722E-001
    0.823020000000E+005    0.237400881249E-001
    0.823520000000E+005    0.237642813354E-001
    0.824020000000E+005    0.237884691795E-001
    0.824520000000E+005    0.238126516332E-001
    0.825020000000E+005    0.238368286725E-001
    0.825520000000E+005    0.238610002733E-001
    0.826020000000E+005    0.238851664118E-001
    0.826520000000E+005    0.239093270640E-001
    0.827020000000E+005    0.239334822061E-001
    0.827520000000E+005    0.239576318142E-001
    0.828020000000E+005    0.239817758647E-001
    0.828520000000E+005    0.240059143337E-001
    0.829020000000E+005    0.240300471976E-001
    0.829520000000E+005    0.240541744328E-001
    0.830020000000E+005    0.240782960156E-001
    0.830520000000E+005    0.241024119225E-001
    0.831020000000E+005    0.241265221300E-001
    0.831520000000E+005    0.241506266146E-001
    0.832020000000E+005    0.241747253529E-001
    0.832520000000E+005    0.241988183215E-001
    0.833020000000E+005    0.242229054970E-001
    0.833520000000E+005    0.242469868563E-001
    0.834020000000E+005    0.242710623759E-001
    0.834520000000E+005    0.242951320327E-001
    0.835020000000E+005    0.243191958036E-001
    0.835520000000E+005    0.243432536653E-001
    0.836020000000E+005    0.243673055949E-001
    0.836520000000E+005    0.243913515692E-001
    0.837020000000E+005    0.244153915653E-001
    0.837520000000E+005    0.244394255601E-001
    0.838020000000E+005    0.244634535309E-001
    0.838520000000E+005    0.244874754546E-001
    0.839020000000E+005    0.245114913085E-001
    0.839520000000E+005    0.245355010698E-001
    0.840020000000E+005    0.245595047157E-001
    0.840520000000E+005    0.245835022235E-001
    0.841020000000E+005    0.246074935706E-001
    0.841520000000E+005    0.246314787343E-001
    0.842020000000E+005    0.246554576921E-001
    0.842520000000E+005    0.246794304213E-001
    0.843020000000E+005    0.247033968996E-001
    0.843520000000E+005    0.247273571044E-001
    0.844020000000E+005    0.247513110133E-001
    0.844520000000E+005    0.247752586041E-001
    0.845020000000E+005    0.247991998542E-001
    0.845520000000E+005    0.248231347415E-001
    0.846020000000E+005    0.248470632437E-001
    0.846520000000E+005    0.248709853386E-001
    0.847020000000E+005    0.248949010040E-001
    0.847520000000E+005    0.249188102177E-001
    0.848020000000E+005    0.249427129579E-001
    0.848520000000E+005    0.249666092023E-001
    0.849020000000E+005    0.249904989289E-001
    0.849520000000E+005    0.250143821159E-001
    0.850020000000E+005    0.250382587413E-001
    0.850520000000E+005    0.250621287832E-001
    0.851020000000E+005    0.250859922198E-001
    0.851520000000E+005    0.251098490294E-001
    0.852020000000E+005    0.251336991900E-001
    0.852520000000E+005    0.251575426802E-001
    0.853020000000E+005    0.251813794780E-001
    0.853520000000E+005    0.252052095621E-001
    0.854020000000E+005    0.252290329107E-001
    0.854520000000E+005    0.252528495023E-001
    0.855020000000E+005    0.252766593154E-001
    0.855520000000E+005    0.253004623285E-001
    0.856020000000E+005    0.253242585203E-001
    0.856520000000E+005    0.253480478693E-001
    0.857020000000E+005    0.253718303542E-001
    0.857520000000E+005    0.253956059537E-001
    0.858020000000E+005    0.254193746466E-001
    0.858520000000E+005    0.254431364115E-001
    0.859020000000E+005    0.254668912274E-001
    0.859520000000E+005    0.254906390731E-001
    0.860020000000E+005    0.255143799275E-001
    0.860520000000E+005    0.255381137695E-001
    0.861020000000E+005    0.255618405782E-001
    0.861520000000E+005    0.255855603325E-001
    0.862020000000E+005    0.256092730115E-001
    0.862520000000E+005    0.256329785944E-001
    0.863020000000E+005    0.256566770602E-001
    0.863520000000E+005    0.256803683882E-001
    0.864020000000E+005    0.257040525575E-001
    0.864520000000E+005    0.257277295475E-001
    0.865020000000E+005    0.257513993375E-001
    0.865520000000E+005    0.257750619067E-001
    0.866020000000E+005    0.257987172347E-001
    0.866520000000E+005    0.258223653007E-001
    0.867020000000E+005    0.258460060844E-001
    0.867520000000E+005    0.258696395651E-001
    0.868020000000E+005    0.258932657224E-001
    0.868520000000E+005    0.259168845360E-001
    0.869020000000E+005    0.259404959854E-001
    0.869520000000E+005    0.259641000503E-001
    0.870020000000E+005    0.259876967105E-001
    0.870520000000E+005    0.260112859456E-001
    0.871020000000E+005    0.260348677354E-001
    0.871520000000E+005    0.260584420599E-001
    0.872020000000E+005    0.260820088987E-001
    0.872520000000E+005    0.261055682319E-001
    0.873020000000E+005    0.261291200395E-001
    0.873520000000E+005    0.261526643012E-001
    0.874020000000E+005    0.261762009973E-001
    0.874520000000E+005    0.261997301077E-001
    0.875020000000E+005    0.262232516126E-001
    0.875520000000E+005    0.262467654921E-001
    0.876020000000E+005    0.262702717264E-001
    0.876520000000E+005    0.262937702957E-001
    0.877020000000E+005    0.263172611803E-001
    0.877520000000E+005    0.263407443604E-001
    0.878020000000E+005    0.263642198164E-001
    0.878520000000E+005    0.263876875287E-001
    0.879020000000E+005    0.264111474777E-001
    0.879520000000E+005    0.264345996438E-001
    0.880020000000E+005    0.264580440076E-001
    0.880520000000E+005    0.264814805495E-001
    0.881020000000E+005    0.265049092502E-001
    0.881520000000E+005    0.265283300903E-001
    0.882020000000E+005    0.265517430504E-001
    0.882520000000E+005    0.265751481111E-001
    0.883020000000E+005    0.265985452533E-001
    0.883520000000E+005    0.266219344577E-001
    0.884020000000E+005    0.266453157050E-001
    0.884520000000E+005    0.266686889763E-001
    0.885020000000E+005    0.266920542522E-001
    0.885520000000E+005    0.267154115137E-001
    0.886020000000E+005    0.267387607419E-001
    0.886520000000E+005    0.267621019177E-001
    0.887020000000E+005    0.267854350221E-001
    0.887520000000E+005    0.268087600362E-001
    0.888020000000E+005    0.268320769411E-001
    0.888520000000E+005    0.268553857180E-001
    0.889020000000E+005    0.268786863480E-001
    0.889520000000E+005    0.269019788125E-001
    0.890020000000E+005    0.269252630926E-001
    0.890520000000E+005    0.269485391696E-001
    0.891020000000E+005    0.269718070250E-001
    0.891520000000E+005    0.269950666400E-001
    0.892020000000E+005    0.270183179961E-001
    0.892520000000E+005    0.270415610748E-001
    0.893020000000E+005    0.270647958576E-001
    0.893520000000E+005    0.270880223259E-001
    0.894020000000E+005    0.271112404613E-001
    0.894520000000E+005    0.271344502455E-001
    0.895020000000E+005    0.271576516601E-001
    0.895520000000E+005    0.271808446869E-001
    0.896020000000E+005    0.272040293074E-001
    0.896520000000E+005    0.272272055034E-001
    0.897020000000E+005    0.272503732569E-001
    0.897520000000E+005    0.272735325495E-001
    0.898020000000E+005    0.272966833632E-001
    0.898520000000E+005    0.273198256799E-001
    0.899020000000E+005    0.273429594814E-001
    0.899520000000E+005    0.273660847499E-001
    0.900020000000E+005    0.273892014673E-001
    0.900520000000E+005    0.274123096157E-001
    0.901020000000E+005    0.274354091772E-001
    0.901520000000E+005    0.274585001339E-001
    0.902020000000E+005    0.274815824680E-001
    0.902520000000E+005    0.275046561616E-001
    0.903020000000E+005    0.275277211971E-001
    0.903520000000E+005    0.275507775567E-001
    0.904020000000E+005    0.275738252227E-001
    0.904520000000E+005    0.275968641775E-001
    0.905020000000E+005    0.276198944035E-001
    0.905520000000E+005    0.276429158831E-001
    0.906020000000E+005    0.276659285988E-001
    0.906520000000E+005    0.276889325330E-001
    0.907020000000E+005    0.277119276684E-001
    0.907520000000E+005    0.277349139874E-001
    0.908020000000E+005    0.277578914728E-001
    0.908520000000E+005    0.277808601071E-001
    0.909020000000E+005    0.278038198730E-001
    0.909520000000E+005    0.278267707534E-001
    0.910020000000E+005    0.278497127308E-001
    0.910520000000E+005    0.278726457881E-001
    0.911020000000E+005    0.278955699082E-001
    0.911520000000E+005    0.279184850739E-001
    0.912020000000E+005    0.279413912682E-001
    0.912520000000E+005    0.279642884739E-001
    0.913020000000E+005    0.279871766740E-001
    0.913520000000E+005    0.280100558516E-001
    0.914020000000E+005    0.280329259897E-001
    0.914520000000E+005    0.280557870714E-001
    0.915020000000E+005    0.280786390797E-001
    0.915520000000E+005    0.281014819980E-001
    0.916020000000E+005    0.281243158093E-001
    0.916520000000E+005    0.281471404969E-001
    0.917020000000E+005    0.281699560441E-001
    0.917520000000E+005    0.281927624342E-001
    0.918020000000E+005    0.282155596504E-001
    0.918520000000E+005    0.282383476762E-001
    0.919020000000E+005    0.282611264950E-001
    0.919520000000E+005    0.282838960902E-001
    0.920020000000E+005    0.283066564453E-001
    0.920520000000E+005    0.283294075438E-001
    0.921020000000E+005    0.283521493694E-001
    0.921520000000E+005    0.283748819054E-001
    0.922020000000E+005    0.283976051357E-001
    0.922520000000E+005    0.284203190438E-001
    0.923020000000E+005    0.284430236134E-001
    0.923520000000E+005    0.284657188283E-001
    0.924020000000E+005    0.284884046722E-001
    0.924520000000E+005    0.285110811290E-001
    0.925020000000E+005    0.285337481824E-001
    0.925520000000E+005    0.285564058163E-001
    0.926020000000E+005    0.285790540147E-001
    0.926520000000E+005    0.286016927614E-001
    0.927020000000E+005    0.286243220406E-001
    0.927520000000E+005    0.286469418360E-001
    0.928020000000E+005    0.286695521319E-001
    0.928520000000E+005    0.286921529123E-001
    0.929020000000E+005    0.287147441612E-001
    0.929520000000E+005    0.287373258630E-001
    0.930020000000E+005    0.287598980016E-001
    0.930520000000E+005    0.287824605614E-001
    0.931020000000E+005    0.288050135267E-001
    0.931520000000E+005    0.288275568816E-001
    0.932020000000E+005    0.288500906105E-001
    0.932520000000E+005    0.288726146979E-001
    0.933020000000E+005    0.288951291280E-001
    0.933520000000E+005    0.289176338853E-001
    0.934020000000E+005    0.289401289542E-001
    0.934520000000E+005    0.289626143194E-001
    0.935020000000E+005    0.289850899652E-001
    0.935520000000E+005    0.290075558762E-001
    0.936020000000E+005    0.290300120372E-001
    0.936520000000E+005    0.290524584326E-001
    0.937020000000E+005    0.290748950471E-001
    0.937520000000E+005    0.290973218655E-001
    0.938020000000E+005    0.291197388725E-001
    0.938520000000E+005    0.291421460529E-001
    0.939020000000E+005    0.291645433914E-001
    0.939520000000E+005    0.291869308730E-001
    0.940020000000E+005    0.292093084824E-001
    0.940520000000E+005    0.292316762046E-001
    0.941020000000E+005    0.292540340245E-001
    0.941520000000E+005    0.292763819271E-001
    0.942020000000E+005    0.292987198974E-001
    0.942520000000E+005    0.293210479204E-001
    0.943020000000E+005    0.293433659812E-001
    0.943520000000E+005    0.293656740650E-001
    0.944020000000E+005    0.293879721568E-001
    0.944520000000E+005    0.294102602419E-001
    0.945020000000E+005    0.294325383054E-001
    0.945520000000E+005    0.294548063327E-001
    0.946020000000E+005    0.294770643088E-001
    0.946520000000E+005    0.294993122193E-001
    0.947020000000E+005    0.295215500494E-001
    0.947520000000E+005    0.295437777845E-001
    0.948020000000E+005    0.295659954099E-001
    0.948520000000E+005    0.295882029113E-001
    0.949020000000E+005    0.296104002739E-001
    0.949520000000E+005    0.296325874834E-001
    0.950020000000E+005    0.296547645252E-001
    0.950520000000E+005    0.296769313850E-001
    0.951020000000E+005    0.296990880484E-001
    0.951520000000E+005    0.297212345009E-001
    0.952020000000E+005    0.297433707283E-001
    0.952520000000E+005    0.297654967163E-001
    0.953020000000E+005    0.297876124506E-001
    0.953520000000E+005    0.298097179170E-001
    0.954020000000E+005    0.298318131013E-001
    0.954520000000E+005    0.298538979893E-001
    0.955020000000E+005    0.298759725669E-001
    0.955520000000E+005    0.298980368200E-001
    0.956020000000E+005    0.299200907345E-001
    0.956520000000E+005    0.299421342965E-001
    0.957020000000E+005    0.299641674918E-001
    0.957520000000E+005    0.299861903066E-001
    0.958020000000E+005    0.300082027269E-001
    0.958520000000E+005    0.300302047388E-001
    0.959020000000E+005    0.300521963284E-001
    0.959520000000E+005    0.300741774820E-001
    0.960020000000E+005    0.300961481856E-001
    0.960520000000E+005    0.301181084255E-001
    0.961020000000E+005    0.301400581880E-001
    0.961520000000E+005    0.301619974594E-001
    0.962020000000E+005    0.301839262259E-001
    0.962520000000E+005    0.302058444740E-001
    0.963020000000E+005    0.302277521900E-001
    0.963520000000E+005    0.302496493604E-001
    0.964020000000E+005    0.302715359716E-001
    0.964520000000E+005    0.302934120101E-001
    0.965020000000E+005    0.303152774623E-001
    0.965520000000E+005    0.303371323149E-001
    0.966020000000E+005    0.303589765544E-001
    0.966520000000E+005    0.303808101675E-001
    0.967020000000E+005    0.304026331407E-001
    0.967520000000E+005    0.304244454608E-001
    0.968020000000E+005    0.304462471144E-001
    0.968520000000E+005    0.304680380883E-001
    0.969020000000E+005    0.304898183693E-001
    0.969520000000E+005    0.305115879441E-001
    0.970020000000E+005    0.305333467996E-001
    0.970520000000E+005    0.305550949226E-001
    0.971020000000E+005    0.305768323001E-001
    0.971520000000E+005    0.305985589190E-001
    0.972020000000E+005    0.306202747661E-001
    0.972520000000E+005    0.306419798286E-001
    0.973020000000E+005    0.306636740934E-001
    0.973520000000E+005    0.306853575475E-001
    0.974020000000E+005    0.307070301782E-001
    0.974520000000E+005    0.307286919723E-001
    0.975020000000E+005    0.307503429172E-001
    0.975520000000E+005    0.307719830000E-001
    0.976020000000E+005    0.307936122078E-001
    0.976520000000E+005    0.308152305279E-001
    0.977020000000E+005    0.308368379477E-001
    0.977520000000E+005    0.308584344543E-001
    0.978020000000E+005    0.308800200351E-001
    0.978520000000E+005    0.309015946774E-001
    0.979020000000E+005    0.309231583687E-001
    0.979520000000E+005    0.309447110964E-001
    0.980020000000E+005    0.309662528479E-001
    0.980520000000E+005    0.309877836107E-001
    0.981020000000E+005    0.310093033723E-001
    0.981520000000E+005    0.310308121203E-001
    0.982020000000E+005    0.310523098421E-001
    0.982520000000E+005    0.310737965255E-001
    0.983020000000E+005    0.310952721581E-001
    0.983520000000E+005    0.311167367274E-001
    0.984020000000E+005    0.311381902213E-001
    0.984520000000E+005    0.311596326274E-001
    0.985020000000E+005    0.311810639334E-001
    0.985520000000E+005    0.312024841273E-001
    0.986020000000E+005    0.312238931967E-001
    0.986520000000E+005    0.312452911295E-001
    0.987020000000E+005    0.312666779136E-001
    0.987520000000E+005    0.312880535369E-001
    0.988020000000E+005    0.313094179873E-001
    0.988520000000E+005    0.313307712529E-001
    0.989020000000E+005    0.313521133215E-001
    0.989520000000E+005    0.313734441812E-001
    0.990020000000E+005    0.313947638200E-001
    0.990520000000E+005    0.314160722261E-001
    0.991020000000E+005    0.314373693876E-001
    0.991520000000E+005    0.314586552925E-001
    0.992020000000E+005    0.314799299290E-001
    0.992520000000E+005    0.315011932855E-001
    0.993020000000E+005    0.315224453500E-001
    0.993520000000E+005    0.315436861109E-001
    0.994020000000E+005    0.315649155563E-001
    0.994520000000E+005    0.315861336748E-001
    0.995020000000E+005    0.316073404545E-001
    0.995520000000E+005    0.316285358839E-001
    0.996020000000E+005    0.316497199514E-001
    0.996520000000E+005    0.316708926453E-001
    0.997020000000E+005    0.316920539543E-001
    0.997520000000E+005    0.317132038667E-001
    0.998020000000E+005    0.317343423711E-001
    0.998520000000E+005    0.317554694560E-001
    0.999020000000E+005    0.317765851101E-001
    0.999520000000E+005    0.317976893219E-001
