0.6188155 
0.62261795
0.62619176
0.62951561
0.63256745
0.63532497
0.6377661 
0.6398697 
0.64161629
0.6429888 
0.64397346
0.64456048
0.64474476
0.64452595
0.64390834
0.64290515
0.64153295
0.63981287
0.63776986
0.63543183
0.63282872
0.62999156
0.62695569
0.62374886
0.62040016
0.61693715
0.6133854 
0.60976836
0.60610723
0.60242099
0.59872645
0.59503836
0.59136956
0.58773113
0.58413255
0.58058191
0.57708599
0.57365049
0.57028011
0.5669787 
0.56375063
0.56060453
0.55753513
0.55454374
0.55163126
0.54879827
0.54604503
0.54337156
0.54078769
0.53828312
0.53585661
0.5335074 
0.5312346 
0.52904278
0.52692951
0.52488853
0.52291854
0.52101815
0.5191937 
0.5174364 
0.51574311
0.51411214
0.51254622
0.51104174
0.50959299
0.50819797
0.50685814
0.50557008
0.50432818
0.50313007
0.50197686
0.5008633 
0.49978492
0.49873901
0.49772638
0.49673978
0.49577605
0.494833  
0.49390803
0.49299567
0.49209268
0.49119678
0.49030328
0.48940827
0.48850845
0.4876002 
0.48667935
0.48574251
0.48478573
0.48380506
0.4827974 
0.48175948
0.48068559
0.47957408
0.47842186
0.47722441
0.47597744
0.47467988
0.47332894
0.47191795
0.47044603
0.46891178
0.46731272
0.46563962
0.46389595
0.46207951
0.4601871 
0.45821002
0.45615277
0.45401341
0.45178933
0.44946971
0.44706119
0.44456198
0.4419703 
0.43927576
0.43648119
0.43358772
0.43059358
0.42749697
0.42428344
0.42096245
0.41753246
0.41399151
0.41033757
0.40656329
0.40266378
0.39864431
0.39450263
0.39023638
0.38584309
0.38132023
0.37666513
0.37186962
0.36693299
0.36185643
0.3566372 
0.35127251
0.34575959
0.34009571
0.3342782 
0.32830456
0.3221725 
0.31587999
0.30942543
0.30280771
0.29602636
0.28906643
0.28194103
0.27465372
0.26720869
0.25961196
0.25186761
0.2439642 
0.23594089
0.22781515
0.21959115
0.21129816
0.20298257
0.19466318
0.18639333
0.17822762
0.17020921
0.1624122 
0.15489659
0.14773267
0.14099043
0.13474173
0.1290455 
0.12397794
0.11957878
0.11589589
0.11296861
0.11080237
0.10940411
0.10876749
0.10885609
0.10963233
0.11105089
0.1130567 
0.11558918
0.11859042
0.12200388
0.12577596
0.12985641
0.1342004 
0.13876817
0.14352456
0.14843886
0.15348445
0.15863839
0.16388098
0.1691954 
0.17456729
0.17998443
0.18543644
0.19091446
0.19641095
0.20191973
0.20743538
0.21295324
0.21846931
0.22398014
0.2294827 
0.2349743 
0.24045248
0.24591492
0.25135935
0.25678342
0.2621846 
0.26755999
0.27291122
0.27823228
0.28351668
0.28875751
0.29395046
0.29909267
0.30415428
0.3091325 
0.31397459
0.31864342
0.32301107
0.32678728
0.3281624 
0.32106514
0.31648808
0.31244662
0.30858532
0.30479247
0.30105328
0.29725528
0.29337235
0.28943391
0.28543062
0.2812767 
0.27692897
0.27248698
0.26791703
0.26304767
0.25813608
0.25292044
0.24750009
0.2418514 
0.23588062
0.2296837 
0.2230963 
0.21619768
0.2088926 
0.20108214
0.19290417
0.18387963
0.17458127
0.16420166
0.15303117
0.14074826
0.12661626