0.03311059
0.04780926
0.06084214
0.07264411
0.08360391
0.09395358
0.10384228
0.11337029
0.12260661
0.131599  
0.14038009
0.14897137
0.15738602
0.16563165
0.17371215
0.18162302
0.18936156
0.19692415
0.20430706
0.211507  
0.21852157
0.2253495 
0.23198815
0.23844124
0.24471172
0.25080356
0.25672163
0.26247158
0.26805963
0.27349243
0.27877688
0.28392004
0.28892902
0.29381086
0.29857245
0.30322055
0.30776167
0.31220208
0.31654779
0.32080454
0.32497744
0.32907012
0.3330895 
0.33704026
0.34092684
0.34475344
0.34852402
0.35224233
0.35590982
0.35953205
0.36311234
0.36665374
0.3701591 
0.37363011
0.3770697 
0.3804813 
0.38386729
0.38722991
0.39056998
0.39389087
0.39719482
0.40048375
0.40375871
0.40702178
0.41027528
0.41352084
0.41675941
0.41999269
0.42322271
0.42645082
0.42967776
0.43290523
0.43613477
0.43936752
0.44260392
0.44584578
0.44909409
0.4523496 
0.45561305
0.45888565
0.46216809
0.46546084
0.46876472
0.47208035
0.47540815
0.47874852
0.48210192
0.48546858
0.48884877
0.49224271
0.49565037
0.49907173
0.50250719
0.50595628
0.50941877
0.51289469
0.516384  
0.51988593
0.52340005
0.5269267 
0.530465  
0.53401416
0.53757359
0.54114404
0.54472367
0.5483118 
0.55190791
0.55551253
0.55912361
0.56274038
0.56636217
0.56998972
0.57362064
0.57725408
0.58088916
0.58452637
0.58816399
0.5918006 
0.59543526
0.59906699
0.60269653
0.6063212 
0.60993988
0.61355147
0.61715487
0.62074951
0.62433443
0.62790748
0.63146734
0.63501264
0.63854196
0.64205381
0.64554661
0.64901912
0.65246934
0.65589512
0.65929449
0.66266536
0.66600553
0.66931265
0.67258423
0.67581761
0.67900997
0.68215834
0.68525954
0.68831023
0.69130688
0.69424565
0.69712255
0.69993351
0.70267437
0.70534087
0.70792854
0.71043184
0.71284765
0.71517209
0.71740028
0.71952906
0.72155723
0.72348143
0.72530195
0.72702007
0.72863609
0.73015499
0.73158058
0.73291878
0.73417623
0.73536072
0.73647823
0.73753985
0.73854983
0.73951621
0.74044827
0.74134823
0.74222288
0.74308049
0.74392086
0.74474781
0.74556676
0.74638125
0.74719067
0.74799703
0.74880206
0.74960714
0.75041586
0.75122659
0.75203968
0.75285567
0.75367492
0.75449768
0.75532408
0.75615416
0.75698787
0.75782508
0.75866562
0.75950924
0.76035568
0.76120466
0.76205561
0.76290815
0.76376186
0.76461631
0.76547101
0.76632547
0.7671792 
0.76803167
0.76888236
0.76973076
0.77057636
0.77141875
0.77225757
0.77308772
0.77391069
0.77472764
0.77553893
0.7763404 
0.77712286
0.7779011 
0.77865213
0.7793949 
0.7800975 
0.78076521
0.78134549
0.78176999
0.78542889
0.79046888
0.79566972
0.80094905
0.80627441
0.81161757
0.81699344
0.82239736
0.82781159
0.83323244
0.83867931
0.84415897
0.84963903
0.85512544
0.86065927
0.86616957
0.87171946
0.87727931
0.88285068
0.8884501 
0.89405076
0.89968246
0.90532165
0.91098038
0.91666811
0.92235023
0.92809686
0.93379995
0.93956962
0.94533859
0.95112482
0.95697596