0.26710521
0.26493929
0.26260545
0.26009691
0.25740785
0.25453369
0.25147146
0.24822014
0.24478105
0.24115816
0.23735836
0.23339166
0.22927127
0.22501278
0.22063349
0.21616055
0.21161851
0.20703353
0.20243273
0.19784363
0.19329361
0.18880937
0.18442119
0.18014936
0.17601569
0.17204028
0.16824123
0.16463462
0.16123449
0.15805279
0.15509948
0.15238249
0.14990781
0.14767951
0.14569979
0.1439691 
0.14248613
0.14124797
0.14025018
0.13948691
0.13895174
0.13863958
0.138537  
0.13863384
0.13891931
0.13938212
0.14001061
0.14079292
0.14172091
0.14277848
0.14395358
0.1452346 
0.14661019
0.14807104
0.1496059 
0.15120289
0.15285214
0.15454421
0.15627225
0.15802555
0.15979549
0.16157425
0.16335571
0.16513234
0.1668964 
0.16864151
0.17036277
0.1720542 
0.17370932
0.17532301
0.17689176
0.17841013
0.17987314
0.18127676
0.18261885
0.18389409
0.18509911
0.18623135
0.18728844
0.18826671
0.18916393
0.18997879
0.19070881
0.19135221
0.19190791
0.19237491
0.19275204
0.19303899
0.19323526
0.19334062
0.19335574
0.19328143
0.19311664
0.192864  
0.19252521
0.19210087
0.19159194
0.19100267
0.19033595
0.18959113
0.18877336
0.18788765
0.18693822
0.18592276
0.18485204
0.18373148
0.18256585
0.18135481
0.18011172
0.17884392
0.17755858
0.17625543
0.174952  
0.17365805
0.17238403
0.17113321
0.1699221 
0.1687662 
0.16767908
0.16667511
0.16575939
0.16495764
0.16428695
0.16376481
0.16340924
0.16323549
0.16326148
0.16351136
0.16400433
0.16475937
0.16579502
0.16712921
0.168779  
0.17075915
0.17308572
0.1757732 
0.17883344
0.18227669
0.18611159
0.19034516
0.19498285
0.20002863
0.20548509
0.21135348
0.2176339 
0.22432532
0.23142568
0.23893914
0.2468574 
0.25517514
0.26388625
0.27298333
0.28246016
0.29232159
0.30253943
0.31309875
0.32399522
0.33520729
0.3467003 
0.35846225
0.3704552 
0.38264126
0.39499483
0.40746591
0.42001969
0.43261504
0.44521378
0.45777768
0.47028295
0.48268544
0.49497773
0.5071369 
0.51913764
0.53098624
0.5426701 
0.55417235
0.56550904
0.57667994
0.58767906
0.59850723
0.609179  
0.61969877
0.63007148
0.64030249
0.65038997
0.66034774
0.67018264
0.67990043
0.68950682
0.69900745
0.70840781
0.71771325
0.72692898
0.73606001
0.74511119
0.75408719
0.76299247
0.77183123
0.78060815
0.78932717
0.79799213
0.8066067 
0.81517444
0.82369877
0.832183  
0.8406303 
0.84904371
0.85742615
0.86578037
0.87410891
0.88241406
0.89070781
0.89898836
0.90725475
0.91550775
0.92375722
0.9320227 
0.94027715
0.94856742
0.95686038
0.965222  
0.97365189
0.98227405
0.99136564
0.99505988
0.99594185
0.99646635
0.99681528
0.9970578 
0.99724883
0.99736711
0.99742254
0.99744736
0.99744951
0.9973953 
0.99727248
0.99713953
0.99698641
0.99673736
0.99652358
0.99622774
0.99590494
0.99555225
0.99513763
0.99471252
0.99421873
0.99370185
0.99313786
0.99250707
0.99187888
0.99110991
0.99042108
0.98958484
0.98873988
0.98784836
0.98680727