0.329415
0.335427
0.341379
0.347269
0.353093
0.358853
0.364543
0.370164
0.375715
0.381191
0.386592
0.391917
0.397163
0.402329
0.407414
0.412415
0.417331
0.42216
0.426902
0.431554
0.436115
0.440584
0.44496
0.449241
0.453427
0.457517
0.46151
0.465405
0.469201
0.472899
0.476498
0.479997
0.483397
0.486697
0.489898
0.493001
0.496005
0.498911
0.501721
0.504434
0.507052
0.509577
0.512008
0.514349
0.516599
0.518762
0.520837
0.522828
0.524736
0.526563
0.528312
0.529983
0.531579
0.533103
0.534556
0.535941
0.53726
0.538516
0.539709
0.540844
0.541921
0.542944
0.543914
0.544834
0.545706
0.546532
0.547314
0.548053
0.548752
0.549413
0.550038
0.550627
0.551184
0.55171
0.552206
0.552675
0.553117
0.553533
0.553925
0.554294
0.554642
0.554969
0.555276
0.555565
0.555836
0.556089
0.556326
0.556547
0.556753
0.556944
0.55712
0.557282
0.55743
0.557565
0.557685
0.557792
0.557885
0.557965
0.55803
0.558082
0.558119
0.558141
0.558148
0.55814
0.558115
0.558073
0.558013
0.557936
0.55784
0.557724
0.557587
0.55743
0.55725
0.557049
0.556823
0.556572
0.556295
0.555991
0.555659
0.555298
0.554906
0.554483
0.554029
0.553541
0.553018
0.552459
0.551864
0.551229
0.550556
0.549841
0.549086
0.548287
0.547445
0.546557
0.545623
0.544641
0.543611
0.54253
0.5414
0.540218
0.538982
0.537692
0.536347
0.534946
0.533488
0.531973
0.530398
0.528763
0.527068
0.525311
0.523491
0.521608
0.519661
0.517649
0.515571
0.513427
0.511215
0.508936
0.506589
0.504172
0.501686
0.499129
0.496502
0.493803
0.491033
0.488189
0.485273
0.482284
0.479221
0.476084
0.472873
0.469588
0.466226
0.462789
0.459277
0.455688
0.452024
0.448284
0.444467
0.440573
0.436601
0.432552
0.428426
0.424223
0.419943
0.415586
0.411152
0.40664
0.402049
0.397381
0.392636
0.387814
0.382914
0.377939
0.372886
0.367757
0.362552
0.357269
0.35191
0.346476
0.340967
0.335384
0.329727
0.323998
0.318195
0.312321
0.306377
0.300362
0.294279
0.288127
0.281908
0.275626
0.269281
0.262877
0.256415
0.249897
0.243329
0.236712
0.230052
0.223353
0.21662
0.209861
0.203082
0.196293
0.189503
0.182725
0.175971
0.169257
0.162603
0.156029
0.149561
0.143228
0.137064
0.131109
0.125405
0.120005
0.114965
0.110347
0.106217
0.102646
0.099702
0.097452
0.095953
0.09525
0.095374
0.096335
0.098125
0.100717
0.104071
0.108131
0.112838
0.118128
0.123941
0.130215
0.136897
0.143936