0.004874
0.009605
0.014625
0.019942
0.025563
0.031497
0.037752
0.044167
0.050344
0.056324
0.062145
0.067836
0.073417
0.078907
0.08432
0.089666
0.094955
0.100196
0.105393
0.110553
0.11568
0.120777
0.125848
0.130895
0.13592
0.140926
0.145912
0.150881
0.155834
0.160771
0.165693
0.170599
0.17549
0.180367
0.185228
0.190074
0.194905
0.199721
0.20452
0.209303
0.214069
0.218818
0.223549
0.228262
0.232956
0.237631
0.242286
0.246922
0.251537
0.25613
0.260703
0.265254
0.269783
0.27429
0.278775
0.283237
0.287675
0.292092
0.296485
0.300855
0.305202
0.309527
0.313828
0.318106
0.322361
0.326594
0.330805
0.334994
0.339161
0.343307
0.347432
0.351535
0.355619
0.359683
0.363727
0.367752
0.371758
0.375746
0.379716
0.38367
0.387607
0.391528
0.395433
0.399323
0.403199
0.407061
0.41091
0.414746
0.41857
0.422383
0.426184
0.429975
0.433756
0.437527
0.44129
0.445044
0.448791
0.45253
0.456262
0.459988
0.463708
0.467423
0.471133
0.474838
0.47854
0.482237
0.485932
0.489624
0.493313
0.497
0.500685
0.504369
0.508051
0.511733
0.515413
0.519093
0.522773
0.526453
0.530132
0.533812
0.537492
0.541173
0.544853
0.548535
0.552216
0.555899
0.559582
0.563265
0.566949
0.570633
0.574318
0.578002
0.581687
0.585371
0.589055
0.592739
0.596422
0.600104
0.603785
0.607464
0.611141
0.614817
0.61849
0.622161
0.625828
0.629492
0.633153
0.636809
0.640461
0.644107
0.647749
0.651384
0.655014
0.658636
0.662252
0.665859
0.669459
0.67305
0.676631
0.680203
0.683765
0.687316
0.690856
0.694384
0.6979
0.701402
0.704891
0.708366
0.711827
0.715272
0.718701
0.722114
0.725509
0.728888
0.732247
0.735588
0.73891
0.742211
0.745492
0.748751
0.751988
0.755203
0.758394
0.761561
0.764704
0.767822
0.770914
0.77398
0.777018
0.780029
0.783011
0.785964
0.788888
0.791781
0.794644
0.797475
0.800275
0.803041
0.805774
0.808473
0.811138
0.813768
0.816363
0.818921
0.821444
0.823929
0.826376
0.828786
0.831158
0.833491
0.835785
0.838039
0.840254
0.84243
0.844566
0.846661
0.848717
0.850733
0.852709
0.854645
0.856542
0.8584
0.860219
0.861999
0.863742
0.865448
0.867117
0.868751
0.87035
0.871916
0.873449
0.874951
0.876424
0.877868
0.879285
0.880678
0.882046
0.883393
0.88472
0.886029
0.887322
0.888601
0.889868
0.891125
0.892374
0.893616
0.894855
0.896091
0.89733
0.89857
0.899815
0.901065
0.902323
0.90359
0.904867
0.906157